VILLAGE CODE,VILLAGE NAME,DISTRICT NAME,VILLAGE LATITUDE,VILLAGE LONGITUDE,vlcode,CH4_Annual_Average,Predicted_CH4_ppb,NDVI_10m,LSWI_10m,EVI_10m,NDWI_10m,BSI_10m,annual_rainfall_mm,mean_temp_celsius,cropland_frac,"TOTAL CULTIVABLE AREA (IN HECTARES), IF IN ACRES DIVIDE BY 2.47",TOTAL NUMBER OF FARMERS,NUMBER OF HOUSEHOLDS ENGAGED MAJORLY IN FARM ACTIVITIES,NUMBER OF TOTAL HOUSEHOLD,SHP_total_geog,BLOCK_NAME_SHP
38234,Buh (188),Tarn Taran,31.35135,74.77329,38234,1934.3442294320184,1931.6881103515625,0.5816521412079881,0.2609720716050621,1.6184918007779103,-0.5522448031911115,-0.1698466465781978,750.9264740159409,23.070701693877595,1.0,1.0,1,1,575,1205.0,PATTI-14
38232,Kirtowal (189),Tarn Taran,31.2252254,74.8840256,38232,1930.5157506561968,1928.02490234375,0.5971455029279544,0.2701671374334435,1.6513224755549425,-0.5615249018816141,-0.1803349654123394,750.9264740159409,23.070701693877595,1.0,1.0,1,1,800,1042.0,PATTI-14
38241,Burj Deva Singh (185),Tarn Taran,31.2252254,74.8840256,38241,1932.0744141830096,1926.5750732421875,0.555351214917684,0.2308288987247266,1.5156942255906198,-0.5375169280972636,-0.1420253442219728,750.9264740159409,23.070701693877595,1.0,1.0,1,4,170,208.0,PATTI-14
34294,Ghuram (44),Tarn Taran,31.477478,74.89501,34294,1932.819465803688,1926.221923828125,0.5668173647491884,0.2228462662287688,1.594193121133612,-0.5344190991783799,-0.1389497849825,747.0327467758997,23.131538695009823,1.0,1.0,1,1,70,122.0,PATTI-14
38242,Harike (187),Tarn Taran,31.2072067,74.89082,38242,1931.2097535737323,1926.130615234375,0.5166728821691788,0.2039138361885966,1.430541957951129,-0.4994527137937227,-0.1146476647115469,756.8437912703733,23.051671954722323,0.8888577676642099,1.0,1,1,1750,943.0,PATTI-14
34295,Fatehgarh Sabrah (41),FIROZEPUR,31.0630627,74.8402,34295,1930.0434532665424,1925.76025390625,0.5494021635759913,0.2400880617222034,1.5723110119393269,-0.5212519855429598,-0.1541968805551114,736.2780837730563,23.299573435232663,1.0,781.1,680,400,485,959.0,MAKHU
38225,Sabhrai (190),Tarn Taran,31.2428455,74.8236,38225,1928.827866613825,1925.668701171875,0.5629592213247101,0.2364343487064928,1.5480583998490454,-0.5342014854006023,-0.1484749298311185,746.278456192442,23.138496681517218,0.9747593095118562,852.0,75,852,2583,4809.0,PATTI-14
38226,Tung (177),Tarn Taran,31.36937,74.7454147,38226,1925.0812079502632,1925.1326904296875,0.6002586434291975,0.2712549712219608,1.6601741332831992,-0.5661240836362165,-0.180320507874747,750.9264740159409,23.070701693877595,1.0,1.0,1,1,230,308.0,PATTI-14
38237,Burj Puhla (184),Tarn Taran,31.2252254,74.8840256,38237,1924.407968381239,1924.890625,0.6126810736948751,0.2749716257495291,1.5948817498363996,-0.5862102193449249,-0.1830401086694478,750.9264740159409,23.070701693877595,1.0,1.0,1,30,200,138.0,PATTI-14
38233,Kuttiwala (353),Tarn Taran,31.477478,74.89501,38233,1932.2703014343888,1923.74365234375,0.4818097242956486,0.1692882364293348,1.402995926127126,-0.4648019574471855,-0.093798095245673,749.8199019615417,23.087991175440905,1.0,1.0,1,1,100,221.0,PATTI-14
34298,Tanna Bagga (42-B),FIROZEPUR,31.0630627,74.81917,34298,1925.8259977192688,1923.528564453125,0.4979822987330899,0.1625574805959736,1.336982522095856,-0.4798021192724594,-0.0907012177769088,715.6956139018433,23.361904812953355,1.0,137.0,8,5,5,140.0,MAKHU
38201,Jaur Singhwala (159),Tarn Taran,31.2252254,74.820816,38201,1921.9328903995024,1923.30859375,0.56344032110513,0.221474804614383,1.485085123855103,-0.539149725118133,-0.1331341633319997,742.6827940156357,23.18908957684431,1.0,1.0,1,1,300,433.0,PATTI-14
34287,Gati Harike (54/55),FIROZEPUR,31.1171169,74.98802,34287,1930.47362973976,1923.1123046875,0.5765689474438498,0.2243872112957194,1.6111347522660766,-0.5445749357926879,-0.1438127303582542,744.0867961223922,23.177567292339475,0.9743462387084438,220.0,15,40,49,332.0,MAKHU
34296,Arazi Sabrah (43),FIROZEPUR,31.0630627,74.81917,34296,1930.157653460045,1923.0843505859375,0.6357646595420322,0.3159978216907369,1.870138621035601,-0.581435337596713,-0.2259567889153523,732.8586828547475,23.31565717749411,1.0,373.6,200,80,115,452.0,MAKHU
38238,Alipur (183),Tarn Taran,31.6216221,74.8415146,38238,1933.823744557969,1923.077392578125,0.5658585517638186,0.2485894188755561,1.584891056573383,-0.5389562066788589,-0.1582592630397721,750.9264740159409,23.070701693877595,1.0,100.0,40,70,216,244.0,PATTI-14
38193,Bhura Hithar (350),Tarn Taran,31.1351357,74.68651,38193,1926.705497069532,1922.82421875,0.5795262484960914,0.2479068311566256,1.4880386052013677,-0.5565281084980113,-0.1516582895230852,742.5077474352125,23.19021050596733,1.0,1.0,1,1,20,116.0,PATTI-14
38059,Mari Megha (100),Tarn Taran,31.36937,74.6399,38059,1923.2582144910305,1922.6480712890625,0.5655398793471091,0.2321341496843899,1.4228632337758549,-0.5492859648236267,-0.1402486832061878,783.9546077797694,23.136973799912614,0.9905507178802716,250.0,123,124,1100,1815.0,BHIKHI WIND-13
38055,Dal (66),Tarn Taran,31.2252254,74.63118,38055,1924.522091847832,1922.6279296875,0.5836513057729238,0.2384765580970194,1.5546108015590927,-0.5611600254782452,-0.1509721252170461,789.6240558468132,23.17184465509581,1.0,1971.65,287,450,778,1541.0,BHIKHI WIND-13
38235,Jindanwala (178),Tarn Taran,31.2252254,74.86296,38235,1931.4617988003563,1922.3592529296875,0.5780724977895823,0.2615495263936339,1.532732665346262,-0.5585639894974604,-0.1669272526841456,750.9264740159409,23.070701693877595,1.0,84.0,12,0,85,92.0,PATTI-14
37670,Naushehra (284),AMRITSAR,31.6396389,74.85601,37670,1923.3293447928504,1922.34423828125,0.5318769677513542,0.2161077461644279,1.4798650014090813,-0.5041109060879304,-0.1267228946203851,874.2297830989259,23.067222761886853,1.0,0.0114,50,50,180,422.0,VERKA
38240,Thathian Khurd (182),Tarn Taran,31.477478,74.91614,38240,1922.773431671632,1922.283935546875,0.6163289570259863,0.281487701754312,1.666726184908799,-0.5950294929525102,-0.1914406962217167,750.9264740159409,23.070701693877595,1.0,4.0,1,1,215,227.0,PATTI-14
34289,Watu Bhatti (52),FIROZEPUR,31.0630627,74.81917,34289,1923.3556753220391,1922.2818603515625,0.6287328188626458,0.3188770343081434,1.8835216981926035,-0.5818088946716877,-0.2293573760895929,735.7467654158967,23.3078749451999,1.0,926.25,76,70,75,201.0,MAKHU
34292,Baharwali (47),FIROZEPUR,31.0450459,74.82603,34292,1923.77837059644,1922.233642578125,0.6288057322412524,0.3188169791344424,1.8762197768551565,-0.5857716945984316,-0.2290398819659256,735.7467654158967,23.3078749451999,1.0,241.0,0,0,54,200.0,MAKHU
38199,Kot Nauabad (192),Tarn Taran,31.36937,74.7454147,38199,1919.784785159268,1922.045654296875,0.5799612819573587,0.2262205017409196,1.5156646614066305,-0.5560065455737161,-0.1391744403260368,742.6827940156357,23.18908957684431,1.0,1.0,1,1,50,213.0,PATTI-14
34309,Malhuwaliawala (15),FIROZEPUR,31.0450459,74.82603,34309,1920.827045606753,1922.0343017578125,0.6073801431643336,0.3051377207599959,1.7663966522394607,-0.5660277185080296,-0.2124619200079706,735.7467654158967,23.3078749451999,1.0,514.0,486,371,400,571.0,MAKHU
38195,Bhanike (346),Tarn Taran,31.1531525,74.7428055,38195,1924.068334340052,1921.8427734375,0.5967035564123743,0.2816102090508752,1.6774753733504435,-0.5650936048240561,-0.1886546334104626,742.6827940156357,23.18908957684431,1.0,1.0,1,1,4,41.0,PATTI-14
34316,Warpal (30),FIROZEPUR,31.0450459,74.82603,34316,1918.205170815644,1921.8306884765625,0.6625755509940129,0.3329458356552461,1.942447497339047,-0.6098123605121253,-0.2491696005194533,735.7467654158967,23.3078749451999,1.0,302.0,46,149,189,260.0,MAKHU
38231,Panghri (291),Tarn Taran,31.2072067,74.89082,38231,1921.122373815342,1921.732177734375,0.5683576428291311,0.2490086545850496,1.4588179597559745,-0.553974539357319,-0.1542076056603487,750.9264740159409,23.070701693877595,1.0,320.0,1,60,480,361.0,PATTI-14
38172,Saffa Singhwala (193),Tarn Taran,31.36937,74.7454147,38172,1917.5011636758943,1921.6556396484375,0.6021181891249648,0.2619730957908251,1.6153197018642045,-0.573630113542089,-0.1711699750358222,742.6827940156357,23.18908957684431,1.0,1.0,1,1,30,149.0,PATTI-14
38192,Ghulewala (352),Tarn Taran,31.2298679,74.87087,38192,1928.9058078735009,1921.6456298828125,0.5024372477970402,0.1820451340764869,1.370520933367129,-0.4828132477308897,-0.1042989416884225,722.7602575096764,23.31667612224128,1.0,52.0,60,22,58,347.0,PATTI-14
38164,Boparai (155),Tarn Taran,31.477478,74.89501,38164,1917.760715353544,1921.38330078125,0.5942635715421819,0.2485540996897891,1.5215153938017858,-0.5724557349757328,-0.1582108415393378,742.6827940156357,23.18908957684431,1.0,1.0,1,1,370,342.0,PATTI-14
38057,Mari Kamboke (68),Tarn Taran,31.3153152,74.61812,38057,1922.5925840507127,1921.3531494140625,0.5924621187595981,0.2589293824167382,1.501369976965628,-0.5714665023657669,-0.1648125833590768,765.8657076766389,23.258833272840377,1.0,1.0,0,0,10,1077.0,BHIKHI WIND-13
38056,Wan (65),Tarn Taran,31.35135,74.77329,38056,1924.8675808245032,1921.31884765625,0.599635518689009,0.2491541788856336,1.5530418400698132,-0.5748090488520616,-0.1615086992915095,764.3808451423522,23.276659896857712,0.9753917420487836,1260.0,15,0,685,1376.0,VALTOHA-15
38090,Basarke (69),Tarn Taran,31.3153152,74.61812,38090,1921.2072885932075,1921.205810546875,0.6135281115719149,0.2593976419116786,1.568769942167103,-0.5856028443960628,-0.1705010354562244,765.8657076766389,23.258833272840377,1.0,1.47,200,162,317,716.0,BHIKHI WIND-13
38051,Khalra (105),Tarn Taran,31.6756763,74.88505,38051,1924.6482739587384,1921.171142578125,0.5630957517571802,0.2215242317643073,1.4901883444027848,-0.5382599055317289,-0.1359681189235306,809.5495793034928,23.097725514853323,1.0,2.47,75,122,410,629.0,BHIKHI WIND-13
34307,Game Muradewala (37/38),FIROZEPUR,30.9729729,74.97962,34307,1922.6421908665209,1921.1683349609375,0.6351299304892123,0.3079596515060288,1.790473102922604,-0.5927098027469939,-0.218690066855953,735.7467654158967,23.3078749451999,1.0,40.0,20,15,40,68.0,MAKHU
38194,Gadhaike (349),Tarn Taran,31.1351357,74.68651,38194,1923.9960536971223,1921.12255859375,0.5875647598275174,0.2357946762457704,1.5658430146416529,-0.5590837302128947,-0.1489208443076377,726.770820807003,23.290983564857186,1.0,1.0,1,1,60,65.0,PATTI-14
38230,Theh Rajba (180),Tarn Taran,31.2252254,74.86296,38230,1923.3563891666124,1921.094970703125,0.5878227829644977,0.2684314766781367,1.3903009421952517,-0.5777055472450194,-0.1640937148066317,750.9264740159409,23.070701693877595,1.0,111.0,0,0,25,118.0,PATTI-14
34317,Walayat Shahwala (36),FIROZEPUR,30.9369373,74.57323,34317,1921.589593085166,1921.052490234375,0.5970929114082539,0.3143127266970757,1.723416522884451,-0.5555040380342796,-0.2156439852263976,735.7467654158967,23.3078749451999,1.0,35.0,25,20,55,149.0,MAKHU
38239,Ratta Gudda (181),Tarn Taran,31.2252254,74.8840256,38239,1927.384851568587,1921.0347900390625,0.5845126312781739,0.2565686038204899,1.4929805857489675,-0.5684913150119169,-0.1622647993078502,750.9264740159409,23.070701693877595,1.0,100.0,60,60,355,555.0,PATTI-14
38100,Thathi Jaimal Singh (63),Tarn Taran,31.2072067,74.6590958,38100,1918.738283872604,1921.0252685546875,0.6056067840789038,0.2619295488798573,1.7258211366766034,-0.5610259523745631,-0.1766732118498329,745.6502520960723,23.31895113707777,1.0,2.47,0,0,197,309.0,VALTOHA-15
38089,Bhaini Massa Singh (98),Tarn Taran,31.3153152,74.61812,38089,1922.9128598256568,1920.993408203125,0.5924341470411083,0.2476657281614583,1.469255717019809,-0.5729334282465853,-0.1544241243773899,765.8805644715135,23.25785143072072,1.0,1.46,100,200,305,437.0,BHIKHI WIND-13
34318,Jhamke (32),FIROZEPUR,30.9729729,74.97962,34318,1921.4070684473463,1920.9903564453125,0.583287031968587,0.32639459931805,1.6666474414178265,-0.5439351756227319,-0.2216391355512575,735.7467654158967,23.3078749451999,1.0,50.0,35,15,60,222.0,MAKHU
34303,Rode Jallewala (23),FIROZEPUR,31.0450459,74.805,34303,1923.5006411530417,1920.971435546875,0.6307495232660475,0.3143898589752109,1.8329481502627665,-0.5887755276448836,-0.2242814610526861,735.7467654158967,23.3078749451999,1.0,2766.0,100,110,180,804.0,MAKHU
38080,Mari Gaur Singh (119),Tarn Taran,31.333334,74.6324,38080,1922.3016484997368,1920.94921875,0.5886221560150492,0.2460785684106466,1.498810132149022,-0.5648660143644012,-0.1560388709366699,767.6952424456971,23.1379246708608,1.0,450.0,18,106,160,659.0,BHIKHI WIND-13
38077,Pahal Wanke (116),Tarn Taran,31.3153152,74.61812,38077,1923.768846726001,1920.911865234375,0.5659321422388478,0.2326912838947964,1.382489867121265,-0.5506820934474224,-0.138172212744547,767.6952424456971,23.1379246708608,1.0,150.0,95,22,177,167.0,BHIKHI WIND-13
38085,Bhagwanpura (120),Tarn Taran,31.6756763,74.88505,38085,1919.996761582673,1920.882568359375,0.6024083380441493,0.2686252660819739,1.4833333474399308,-0.5806353557631183,-0.170178998426253,767.6952424456971,23.1379246708608,1.0,2.47,85,22,122,631.0,BHIKHI WIND-13
37654,Attari (392),AMRITSAR,31.54955,74.67793,37654,1920.295856034472,1920.8709716796875,0.4978960045491602,0.1860194657001496,1.3774646444375542,-0.4860716556318348,-0.1002507257337633,940.9262183120148,23.05638968272212,1.0,113.0,88,86,148,1032.0,ATTARI
38054,Dalairi (67),Tarn Taran,31.35135,74.6888962,38054,1923.0807416798625,1920.853271484375,0.5882773808953546,0.2514893850462883,1.4793736080814124,-0.5691190595155698,-0.1572895755910688,783.7069361556429,23.19303415263938,1.0,364.37,138,135,240,496.0,BHIKHI WIND-13
38087,Algon (95),Tarn Taran,31.333334,74.6324,38087,1920.0999841003195,1920.852294921875,0.5925856122096086,0.2471186765414517,1.5468123327019838,-0.568245110029864,-0.1587951836735059,762.131230316698,23.200744720036,1.0,350.0,64,52,442,2445.0,BHIKHI WIND-13
34285,Talwandi Nepalan (50),FIROZEPUR,31.0630627,74.81917,34285,1922.4645980119496,1920.8079833984375,0.5238155140300891,0.2750812055134135,1.4116450260946272,-0.4908596316306099,-0.1734945846307604,737.2389744907678,23.243586409027788,0.8511652632209213,125.97,8,8,277,1280.0,MAKHU
34283,Buh Araian (57),FIROZEPUR,31.0450459,74.82603,34283,1919.9798428066008,1920.7635498046875,0.5270354974230451,0.3481137081062183,1.6582764032130244,-0.433932726125351,-0.2346694651752773,741.094894289959,23.182587347103404,0.2560919710001047,132.0,0,1,1,131.0,MAKHU
34319,Mithe (31),FIROZEPUR,30.9369373,74.57323,34319,1918.3746860916376,1920.7298583984375,0.6790559637910686,0.3437002832317359,1.9794039708217377,-0.6238538639136069,-0.2600810615197896,735.7467654158967,23.3078749451999,1.0,50.0,20,30,85,177.0,MAKHU
34327,Khadur (134),FIROZEPUR,31.0630627,74.81917,34327,1920.5098532598745,1920.7266845703125,0.6364539409443885,0.3077487178593435,1.8433605461127456,-0.5925764047620554,-0.2252007560389958,737.839201371898,23.19753053577984,1.0,317.07,12,0,255,353.0,MAKHU
38144,Dialpura (149),Tarn Taran,31.261261,74.76505,38144,1920.3926896055764,1920.711181640625,0.5925705875527422,0.2481558932132188,1.5394437170613615,-0.5711663662757179,-0.1592169834516431,765.5182098007002,23.08234014292801,1.0,850.0,180,110,355,490.0,BHIKHI WIND-13
34313,Hamadwala Hithar (16),FIROZEPUR,31.0810814,74.8543854,34313,1921.245682350449,1920.696533203125,0.6241375213904728,0.3017971257029732,1.753150588304283,-0.588630593868802,-0.2110106788132462,735.7467654158967,23.3078749451999,1.0,50.0,30,0,80,246.0,MAKHU
38142,Margindpura (129),Tarn Taran,31.2972965,74.79363,38142,1919.7535081023848,1920.6258544921875,0.600171585820929,0.2566545296163169,1.5509489302904902,-0.5741626034146228,-0.1662192948101106,767.5575051333988,23.13440792824312,1.0,576.0,157,350,780,1042.0,BHIKHI WIND-13
38097,Dodipura (75),Tarn Taran,31.3759441,74.66204,38097,1918.820439807264,1920.615966796875,0.5790562586672373,0.241582567109813,1.5650741009582432,-0.5512543816454837,-0.1535037161938856,745.2853049984466,23.292237952758047,1.0,2.47,0,1,11,122.0,VALTOHA-15
34304,Killi Gudha (40),FIROZEPUR,31.0450459,74.82603,34304,1922.043541615607,1920.599609375,0.6158860433489904,0.3064993891026989,1.8129234450965608,-0.5778500819146912,-0.2150934195116217,735.7467654158967,23.3078749451999,1.0,223.0,85,100,122,236.0,MAKHU
38185,Bhojoke (337),Tarn Taran,31.36937,74.7454147,38185,1919.97859532409,1920.5289306640625,0.4976915626619024,0.1702959071175553,1.3562052506704536,-0.4777655193407,-0.0934749432729767,715.6956139018433,23.361904812953355,1.0,1.0,1,1,25,128.0,PATTI-14
38197,Sito Mah Jhungian (347),Tarn Taran,31.27928,74.84258,38197,1923.2128539512253,1920.515380859375,0.5759981944686381,0.2524417206713826,1.5240603347900668,-0.5514968322322213,-0.1578232302340211,742.6827940156357,23.18908957684431,1.0,572.0,30,50,170,589.0,PATTI-14
38078,Chella (117),Tarn Taran,31.35135,74.6888962,38078,1923.4654268429647,1920.45166015625,0.5665593233260358,0.2262395073641612,1.3939921103543456,-0.5540716397208805,-0.1338978267486301,767.6952424456971,23.1379246708608,1.0,121.45,65,65,140,180.0,BHIKHI WIND-13
38094,Rajoke (64),Tarn Taran,31.3153152,74.74467,38094,1921.0100061208984,1920.393798828125,0.6043074963050917,0.2609049306049752,1.6260042170889273,-0.5739700268172288,-0.1732095428736608,763.7566977449526,23.284153143355887,1.0,800.0,0,0,148,2111.0,VALTOHA-15
34279,Changian (62),FIROZEPUR,30.9765434,74.97147,34279,1918.250093712623,1920.37646484375,0.5436756508543883,0.4239274713349442,1.6299595295439822,-0.4563656455895016,-0.2707264747461299,737.839201371898,23.19753053577984,0.401694087997934,27.0,0,0,26,65.0,MAKHU
38229,Kot Data (292),Tarn Taran,31.28014,75.02383,38229,1919.2907207263952,1920.3492431640625,0.5759706309693488,0.2405922828632578,1.518719970750725,-0.5601693920644055,-0.1523377080189683,750.9264740159409,23.070701693877595,1.0,100.0,58,60,225,227.0,PATTI-14
38236,Nabipur (179),Tarn Taran,31.5855846,74.8760147,38236,1926.770036361729,1920.3453369140625,0.5997406967220852,0.2689343558781465,1.6187131079105928,-0.5739764525706946,-0.178715799904162,750.9264740159409,23.070701693877595,1.0,202.0,80,83,200,227.0,PATTI-14
34291,Sirhali (35),FIROZEPUR,31.0810814,74.93854,34291,1921.7974581176368,1920.309326171875,0.6333893125367641,0.3241649402143677,1.8508258355748752,-0.5914214509535383,-0.2337659846084278,735.7467654158967,23.3078749451999,1.0,280.0,80,0,210,336.0,MAKHU
34305,Nihalke (39),FIROZEPUR,31.0630627,74.81917,34305,1924.8355180085607,1920.3092041015625,0.63593139476746,0.3295025350652519,1.904522271890996,-0.5942866690177173,-0.2376923580811321,735.7467654158967,23.3078749451999,1.0,302.0,355,80,88,326.0,MAKHU
38122,Beharwal (89),Tarn Taran,31.2072067,74.63803,38122,1919.6045562125944,1920.2877197265625,0.5995373993459105,0.2520438409153633,1.6288567717961262,-0.5682109671283523,-0.1635340095607215,765.8657076766389,23.258833272840377,1.0,2.47,0,0,180,199.0,VALTOHA-15
34288,Dineke (53),FIROZEPUR,31.0630627,74.81917,34288,1928.596011565813,1920.2823486328125,0.3594432339340854,0.1150438239623426,0.9542441047073552,-0.3621631994304276,-0.0415865787851815,735.7467654158967,23.3078749451999,0.7727426509907888,100.0,0,0,33,259.0,MAKHU
34293,Gatta Badshah (45),FIROZEPUR,31.0957146,74.9769745,34293,1928.9537265240813,1920.2720947265625,0.5636182756091886,0.2525685101718576,1.6492253318448138,-0.5315275199449404,-0.1677209472391073,739.263396268931,23.25292983425739,0.9787258772056447,459.0,0,0,180,552.0,MAKHU
34282,Churian (58),FIROZEPUR,31.0450459,74.82603,34282,1918.5703235800008,1920.230224609375,0.6342674865808882,0.3490932499520071,2.059903194749553,-0.562316980954967,-0.254141019374583,737.839201371898,23.19753053577984,0.5823376771842513,81.0,145,62,67,189.0,MAKHU
34284,Maujgarh (56),FIROZEPUR,30.9571857,74.6172943,34284,1923.256638502684,1920.192138671875,0.3913916453113475,0.2623388939737157,1.194281068796199,-0.3316919396042989,-0.1335174211654012,743.3727484026684,23.1727597655176,0.2750906769822859,238.0,15,0,86,331.0,MAKHU
38053,Kalsian Khurd (104),Tarn Taran,31.35135,74.6888962,38053,1923.145669805624,1920.166259765625,0.5916103429993138,0.2482811774949375,1.5656032783136384,-0.5661590655316576,-0.1599974781716107,809.5495793034928,23.097725514853323,1.0,401.0,40,55,310,336.0,BHIKHI WIND-13
38079,Darazke (118),Tarn Taran,31.2972965,74.73037,38079,1923.9530861924875,1920.1494140625,0.5446707305935737,0.2128591688037297,1.3758527097618536,-0.5311388537874077,-0.1240839111414213,767.6952424456971,23.1379246708608,1.0,303.0,45,171,265,157.0,BHIKHI WIND-13
34308,Butewala (24),FIROZEPUR,31.0450459,74.82603,34308,1919.689060237284,1920.137451171875,0.6507254937203798,0.3310438793836194,1.8552088907756608,-0.606951176971792,-0.2410885113962222,735.7467654158967,23.3078749451999,1.0,62.0,112,140,148,70.0,MAKHU
38123,Fatehpur (90),Tarn Taran,31.2072067,74.63803,38123,1921.1299752248665,1920.134521484375,0.5878599300862115,0.2317582921895329,1.5797741347732763,-0.560190184362234,-0.1479029117037436,765.8657076766389,23.258833272840377,1.0,800.0,100,0,220,100.0,VALTOHA-15
38083,Sandhra (135),Tarn Taran,31.2972965,74.73037,38083,1920.741931812456,1920.0906982421875,0.6143868498698738,0.2679000550358593,1.5722325118553042,-0.5896041482388031,-0.1762662009873094,767.6952424456971,23.1379246708608,1.0,700.0,85,60,266,409.0,BHIKHI WIND-13
38052,Dode (103),Tarn Taran,31.6756763,74.88505,38052,1922.1302490204616,1920.0509033203125,0.5934257469695946,0.2554720311671858,1.5576246557696962,-0.5660221193352976,-0.1638361555376562,809.5495793034928,23.097725514853323,1.0,485.82,150,135,240,297.0,BHIKHI WIND-13
34306,Aulakh (460,FIROZEPUR,30.9549541,74.6293,34306,1923.3191725543213,1920.0479736328125,0.6252877532235638,0.3209537771976901,1.8763341149712665,-0.5842633942250683,-0.2290785631826391,735.7467654158967,23.3078749451999,1.0,61.53,15,0,40,64.0,MAKHU
38058,Mari Udhoke (99),Tarn Taran,31.44144,74.73949,38058,1923.2158953363887,1920.0391845703125,0.6203784703180312,0.2787464009969853,1.6236308999671034,-0.5883230189710182,-0.1868792536733267,766.339773125556,23.227503673840253,1.0,607.28,230,60,390,664.0,BHIKHI WIND-13
34321,Chak Mahrana (129),FIROZEPUR,30.9189186,74.58018,34321,1922.5949172520488,1920.0330810546875,0.6718036104507716,0.3576953032412853,1.96130886109472,-0.6275030843990198,-0.2687893114454078,737.839201371898,23.19753053577984,1.0,50.0,25,14,180,142.0,MAKHU
38093,Madar Mathra Bhagi (72),Tarn Taran,31.27928,74.84258,38093,1918.914561608307,1920.0296630859375,0.5951276898312103,0.2428779374514324,1.5533761891595252,-0.5702287150243076,-0.1557994882625687,765.8657076766389,23.258833272840377,1.0,800.0,2,0,430,806.0,VALTOHA-15
38207,Bhagupura (172),Tarn Taran,31.2972965,74.85689,38207,1919.259241058032,1920.00634765625,0.5642316303492699,0.2256960309888854,1.444593502192648,-0.5472632271101379,-0.1368962234092884,746.9150838377267,23.139271258691057,1.0,556.0,50,50,478,621.0,PATTI-14
38084,Qazi Chak (132),Tarn Taran,31.333334,74.6324,38084,1920.7871585028088,1919.9471435546875,0.5563908384621641,0.2205856198664295,1.4129788804900687,-0.5446058660991435,-0.1289888895159077,767.6952424456971,23.1379246708608,1.0,350.0,48,21,80,381.0,BHIKHI WIND-13
38070,Balair (141),Tarn Taran,31.27928,74.737175,38070,1918.6594587790044,1919.942626953125,0.602011696758852,0.2613004077781404,1.523211171176143,-0.5815806078817994,-0.1680520893221267,769.2128455766842,23.110979062046468,1.0,404.0,100,120,225,789.0,BHIKHI WIND-13
37194,Kakar (3),AMRITSAR,31.7145386,74.6277847,37194,1918.2408803221088,1919.9342041015625,0.5842597431778868,0.2384325478093213,1.5840987425254565,-0.5459635227441326,-0.153905600262647,909.6031913484956,23.07647776860269,1.0,1455.0,225,380,633,1763.0,CHOGAWAN
38174,Talwandi Mohar Singh (339),Tarn Taran,31.1711712,74.77808,38174,1917.9509082056068,1919.91455078125,0.6021475854706213,0.2713986524429638,1.605192702371078,-0.5786092266568807,-0.1788301112268768,742.436867538563,23.19595597165984,1.0,471.0,50,25,265,509.0,PATTI-14
38086,Mari Nauabad (96),Tarn Taran,31.333334,74.6324,38086,1921.155386733301,1919.9132080078125,0.5795490347469383,0.2413708109252472,1.4488312012251534,-0.5587817430267813,-0.148095638427299,767.6952424456971,23.1379246708608,1.0,300.0,60,50,162,163.0,BHIKHI WIND-13
34299,Alewala (21),FIROZEPUR,30.9549541,74.6293,34299,1924.36053551011,1919.895751953125,0.635986448556344,0.3082403565283762,1.818335073376334,-0.5939887056374786,-0.2195040985829913,715.6956139018433,23.361904812953355,1.0,452.0,440,0,191,466.0,MAKHU
34278,Bir Sarkar (67),FIROZEPUR,30.9571552,74.61733,34278,1919.7369865347407,1919.8681640625,0.6191363137722349,0.2675326878542656,1.7661893976428666,-0.5788871358599393,-0.184945298396875,737.839201371898,23.19753053577984,1.0,54.0,7,0,11,60.0,MAKHU
38061,Amin Shah (102),Tarn Taran,31.35135,74.81548,38061,1920.64839570014,1919.8621826171875,0.5598725924147846,0.2301564166580546,1.4834079694307187,-0.5425784622856841,-0.1381474860619821,809.5495793034928,23.097725514853323,1.0,2.47,45,121,382,373.0,BHIKHI WIND-13
38227,Saidpur (175),Tarn Taran,31.27928,74.84258,38227,1921.228743602512,1919.8609619140625,0.5923435021135264,0.2644285181958646,1.5066623867941114,-0.5676411837688944,-0.1677822636330343,750.9264740159409,23.070701693877595,1.0,234.0,14,0,275,261.0,PATTI-14
38141,Thatha (128),Tarn Taran,31.2072067,74.63803,38141,1918.9679020249373,1919.848388671875,0.6242021151995188,0.26704028401349,1.646068629031602,-0.5918375929205899,-0.1823664166382644,750.6035476441347,23.18619827524264,1.0,400.0,0,0,342,401.0,VALTOHA-15
38124,Jagatpura (91),Tarn Taran,31.2072067,74.63803,38124,1920.589095278491,1919.8482666015625,0.5702981193416063,0.2448801100621745,1.5465055489149837,-0.5465290845192843,-0.1530045709657411,761.1435617447244,23.26649793207168,1.0,2.47,0,0,123,96.0,VALTOHA-15
38244,Bhikhiwind (CT),Tarn Taran,31.27928,74.779335,38244,1923.5731519903347,1919.8138427734375,0.504300461102755,0.1660217012025352,1.224668299183284,-0.5103746842037734,-0.0804067618059254,773.7538003734328,23.11594207288168,0.9929201723714896,283.4,106,103,217,0.0,BHIKHI WIND-13
29567,Khara (207),KAPURTHALA,31.2072067,75.18575,29567,1918.780396986828,1919.7447509765625,0.6008772292845853,0.2971527230116176,1.848718684319031,-0.5374434167809516,-0.2078957054906078,747.1351168966814,23.15486354503527,0.9976920645291568,1.0,0,1,1,114.0,SULTANPUR LODHI
34280,Sudhia (61),FIROZEPUR,30.9682827,74.82682,34280,1918.5360703514564,1919.7076416015625,0.62170396544965,0.4102864441912651,1.936309054350119,-0.5358432144074411,-0.2845877655697246,737.839201371898,23.19753053577984,0.3353933623354456,36.0,10,0,40,170.0,MAKHU
38092,Hardo Chak Bamba (71),Tarn Taran,31.333334,74.75897,38092,1919.694398488892,1919.6995849609375,0.5941766590068034,0.2450234522033308,1.5622849326263772,-0.567314863531823,-0.1600699289051819,765.8657076766389,23.258833272840377,1.0,500.0,100,0,151,505.0,VALTOHA-15
38071,Kalle (136),Tarn Taran,31.27928,74.737175,38071,1921.584234203196,1919.6915283203125,0.5807514045438373,0.2349295261895597,1.4814636953143754,-0.5632746727659994,-0.1451356278046137,767.6952424456971,23.1379246708608,1.0,263.0,110,110,275,239.0,BHIKHI WIND-13
38143,Makhi Kalan (131),Tarn Taran,31.2432442,74.72971,38143,1920.8176411063475,1919.6595458984375,0.5808339131036275,0.2444783955783646,1.4498139351178003,-0.5629845404053272,-0.1505748978925799,767.6952424456971,23.1379246708608,1.0,1410.0,250,180,540,611.0,BHIKHI WIND-13
38139,Kalsian Kalan (121),Tarn Taran,31.2972965,74.73037,38139,1918.14515670146,1919.652587890625,0.6053609196058004,0.2603927303278454,1.5208661863287718,-0.5836022767465362,-0.1678566545444738,762.1116995305302,23.16129221477997,1.0,1052.63,200,300,760,1826.0,BHIKHI WIND-13
38098,Lakhna (76),Tarn Taran,31.2972965,74.73037,38098,1918.2590520097483,1919.58642578125,0.5856631931922534,0.2370459193507088,1.601284518388369,-0.5515113780939368,-0.1538592132719166,740.0903182838009,23.300670094301204,1.0,450.0,265,165,560,742.0,BHIKHI WIND-13
38091,Hundal (70),Tarn Taran,31.3153152,74.61812,38091,1917.9013534945327,1919.55810546875,0.6277162483591308,0.2671277303093228,1.614707014530824,-0.5953112669239834,-0.1786029948585144,765.8657076766389,23.258833272840377,1.0,107.0,11,20,35,119.0,BHIKHI WIND-13
38066,Sur Singh (139),Tarn Taran,31.27928,74.737175,38066,1920.4526735164536,1919.540771484375,0.5702094979456169,0.2394902249710536,1.486259755929213,-0.5505164479094055,-0.1480516355730888,803.6911826620693,23.00652748828013,0.9624148290192164,2429.0,770,800,1530,3360.0,BHIKHI WIND-13
38081,Mari Samrai (133),Tarn Taran,31.333334,74.6324,38081,1921.875819763276,1919.5284423828125,0.6143655694403581,0.2664604211613887,1.536236236862845,-0.5865102988831202,-0.1734502058241879,767.6952424456971,23.1379246708608,1.0,255.0,6,21,126,139.0,BHIKHI WIND-13
38132,Jodh Singhwala (332),Tarn Taran,31.1171169,74.56709,38132,1917.021873854832,1919.52783203125,0.5878998302000591,0.2576350325505644,1.4972993949311628,-0.565875376243526,-0.1624895859227437,740.4281887223618,23.25203932621013,1.0,2.47,0,0,520,969.0,VALTOHA-15
38171,Kaleke Uttar (194),Tarn Taran,31.18919,74.79231,38171,1916.887129253273,1919.5216064453125,0.5954525715468887,0.2603860812081255,1.615003741847797,-0.5664812837530749,-0.1716614381476394,742.6827940156357,23.18908957684431,1.0,321.0,30,55,210,361.0,PATTI-14
34286,Nizam Dinwala (51),FIROZEPUR,30.9729729,75.00063,34286,1925.077759019798,1919.508056640625,0.5192462558210065,0.2410191843996718,1.4785154689772326,-0.494096743092791,-0.1518582865070478,735.809117358747,23.30690073591889,0.9382849027938795,200.0,15,80,260,547.0,MAKHU
38037,Buchar Kalan (193),Tarn Taran,31.5135136,74.71253,38037,1919.9917626151448,1919.49951171875,0.5735502466330451,0.2526341321145643,1.539715823893995,-0.5442132783171711,-0.1596589168480157,833.2331844776688,23.00788331504472,1.0,720.0,720,182,520,687.0,GANDIWIND-9
38165,Shahid (157),Tarn Taran,31.18919,74.79231,38165,1917.5182045976808,1919.4642333984375,0.6185708326456162,0.2912344988547867,1.7062265218999613,-0.5796303428892486,-0.199053409080787,742.6827940156357,23.18908957684431,1.0,360.0,80,55,280,386.0,PATTI-14
38224,Bathe Bhaini (176),Tarn Taran,31.2252254,74.8840256,38224,1919.361894265994,1919.432861328125,0.5877609284602284,0.2529726938479768,1.4866312171219174,-0.565553518396558,-0.1594610306078625,751.8290440706197,23.064105318485613,1.0,334.28,13,0,295,382.0,PATTI-14
34335,Behk Walayat Shah (142),FIROZEPUR,31.0990982,74.9948349,34335,1921.420459674244,1919.427490234375,0.6071096557874428,0.273963606360425,1.7119910464585175,-0.570821496765268,-0.1890355689244447,737.839201371898,23.19753053577984,1.0,2.47,0,0,56,168.0,MAKHU
34290,Padhri (48/49),FIROZEPUR,30.9571915,74.6173,34290,1920.0620438083893,1919.426025390625,0.5779004678546014,0.3123284886126906,1.670244590693831,-0.5442795766120945,-0.2089488805597114,735.7467654158967,23.3078749451999,1.0,1482.0,90,0,199,132.0,MAKHU
34275,Chakkian (68),FIROZEPUR,31.0630627,75.11365,34275,1917.1418244799845,1919.419189453125,0.6200373153218623,0.2984976369149686,1.7889870909979944,-0.582522013976098,-0.2100545726294224,737.839201371898,23.19753053577984,1.0,2.47,6,80,270,231.0,MAKHU
38133,Bahadhar Nagar (198),Tarn Taran,31.2072067,74.61696,38133,1917.927926027049,1919.383544921875,0.569867876676596,0.2336974990454797,1.4103189704994117,-0.554931527787872,-0.1391327027129049,740.3755445488764,23.25228566165011,1.0,2.47,0,0,250,680.0,VALTOHA-15
37667,Bhaini Rajputtan (425),AMRITSAR,31.6576576,74.87052,37667,1920.0390195936368,1919.3804931640625,0.5424230775248658,0.2137996073421586,1.4973103297049313,-0.5076867913954924,-0.1278071959253379,874.2297830989259,23.067222761886853,1.0,290.0,135,182,265,286.0,ATTARI
34315,Jattanwali (25),FIROZEPUR,31.0990982,74.97379,34315,1919.0033117055805,1919.36474609375,0.532008540722935,0.2902185005197549,1.5062528222419462,-0.5003624700531059,-0.1819982446323679,735.7467654158967,23.3078749451999,1.0,108.0,0,0,115,163.0,MAKHU
38186,Bahlarke (342),Tarn Taran,31.1711712,74.77808,38186,1921.2733493946905,1919.2708740234375,0.4225166023266439,0.104864919292351,1.129710233446753,-0.4198093809372678,-0.0395008502281011,715.6956139018433,23.361904812953355,1.0,1.0,1,1,10,129.0,PATTI-14
29566,Gata Poh Windian (209),KAPURTHALA,31.261261,75.12339,29566,1919.127497902338,1919.244384765625,0.5175927304928667,0.2231389407271084,1.3545089095108018,-0.4817819394335225,-0.1255004516776263,737.8401678254504,23.197526099888417,0.6114140935484075,1.0,0,0,1,57.0,SULTANPUR LODHI
34324,Variah (126),FIROZEPUR,31.0450459,74.82603,34324,1919.1566523422907,1919.233642578125,0.612982652038734,0.2962747458771584,1.7817315057934653,-0.5730222943862379,-0.2146920494487553,737.839201371898,23.19753053577984,1.0,864.5,36,76,232,85.0,MAKHU
34331,Lehra Bet (119),FIROZEPUR,30.9571857,74.6172943,34331,1919.0498114979453,1919.22607421875,0.6482622409923812,0.3285722117274462,1.880160625232749,-0.6007497684284132,-0.2408028932289463,737.839201371898,23.19753053577984,1.0,371.0,134,0,184,477.0,MAKHU
38082,Sandpura (134),Tarn Taran,31.2403927,74.74523,38082,1922.4313964603668,1919.2125244140625,0.5708353689012194,0.2293949350757327,1.4309759084969378,-0.5551474789349882,-0.1385884839201221,767.6952424456971,23.1379246708608,1.0,191.0,50,74,137,220.0,BHIKHI WIND-13
38198,Sito Nauabad (191),Tarn Taran,31.16374,74.77441,38198,1921.8834246279407,1919.1845703125,0.5952233716197369,0.238309681704791,1.646578749425771,-0.5574577586529308,-0.1548702147590154,742.6827940156357,23.18908957684431,1.0,85.0,35,32,92,310.0,PATTI-14
29569,Nihalpur (215),KAPURTHALA,31.2072067,75.18575,29569,1919.345232918336,1919.1795654296875,0.7039351256410447,0.2729194580213215,2.555845627431616,-0.5840597103069624,-0.2160822043452085,737.839201371898,23.19753053577984,0.4820471371686736,1.0,0,0,1,108.0,SULTANPUR LODHI
34252,Pir Mohamad (116),FIROZEPUR,30.9729729,75.00063,34252,1916.008835784916,1919.1734619140625,0.6442130996370888,0.322724005583325,1.906599397117301,-0.5970064556823138,-0.238514230066262,737.7208505557851,23.19576281522316,1.0,500.0,300,300,600,597.0,MAKHU
38088,Chung (97),Tarn Taran,31.3153152,74.63921,38088,1922.727711953676,1919.1669921875,0.5777173590872026,0.229516714706786,1.476016979362233,-0.5576729350256135,-0.14097007697962,767.6679046250568,23.139731347473827,1.0,148.0,150,300,500,537.0,BHIKHI WIND-13
34281,Bhedanwala (59/60),FIROZEPUR,31.0990982,74.9948349,34281,1918.9315851453823,1919.1461181640625,0.7070029713646042,0.3372404835220974,2.501879267671392,-0.5763674858829019,-0.2727908696024789,737.839201371898,23.19753053577984,0.0,58.0,0,0,1,58.0,MAKHU
34550,Bala Megha (323),FIROZEPUR,30.9369373,74.57323,34550,1920.5527737717928,1919.072021484375,0.504955867468422,0.1606164798711592,1.3370173606401412,-0.4873011217172682,-0.0880533326470777,697.455609123935,23.340251171445004,1.0,25.05,20,2,15,159.0,FIROZPUR
38138,Punian (122),Tarn Taran,31.36937,74.661,38138,1917.316640155684,1919.0224609375,0.6104676050993681,0.2650580241311718,1.653220482625395,-0.5777416147851379,-0.1795278164960197,740.4281887223618,23.25203932621013,0.7349610180528231,2.47,0,0,253,328.0,VALTOHA-15
38137,Warnala (123),Tarn Taran,31.36937,74.661,38137,1916.179252009348,1919.004638671875,0.5835327402754876,0.2446824826856689,1.5864218883685512,-0.5542634364178272,-0.1572676852023618,740.4281887223618,23.25203932621013,1.0,2.47,0,0,184,1030.0,VALTOHA-15
34273,Kot Qaim Khan (64),FIROZEPUR,30.9549541,74.6293,34273,1918.0029238208715,1918.989013671875,0.5739362883562303,0.2963782253427354,1.7198408040241968,-0.5293778125881783,-0.1969673593898863,738.7431663699551,23.193381459111563,1.0,691.0,40,0,45,424.0,MAKHU
34302,Ashieke (22),FIROZEPUR,30.9549541,74.6293,34302,1925.3005505979245,1918.988525390625,0.6298205523430929,0.308942867291638,1.799398609673307,-0.5872871347669592,-0.2181549890553149,732.3643901126944,23.316989099576663,1.0,387.1,0,0,180,424.0,MAKHU
38170,Talwandi Sobha Singh (195),Tarn Taran,31.36937,74.661,38170,1916.0749865278203,1918.9561767578125,0.6031729260651499,0.2714909007638713,1.6317074429859455,-0.5725217800724114,-0.17978976722934,741.3462176288007,23.22640748291501,1.0,2.47,0,0,112,1060.0,VALTOHA-15
34330,Tibbi Araian (120),FIROZEPUR,30.9571724,74.61743,34330,1920.9515952027875,1918.9364013671875,0.6732660637331084,0.3525008846545822,1.9249991736667127,-0.6231920914291783,-0.2653765993560749,737.839201371898,23.19753053577984,1.0,222.0,56,0,73,144.0,MAKHU
37207,Dala (184),AMRITSAR,31.7117119,74.6176147,37207,1919.4249002995384,1918.92724609375,0.5442168836196193,0.2157734671047782,1.4930948865473572,-0.5197705499728688,-0.1293483259821081,920.6691178491012,23.05038414068065,1.0,320.0,75,85,136,355.0,CHOGAWAN
38140,Theh Naushera (130),Tarn Taran,0.0,0.0,38140,1918.257003300247,1918.9124755859375,0.6101966427369862,0.2732584086824553,1.557767858889708,-0.5787843587901746,-0.1790140129988473,767.6952424456971,23.1379246708608,1.0,500.0,30,30,60,185.0,BHIKHI WIND-13
38130,Kotli Wasawa Singh (200),Tarn Taran,31.2072067,74.63803,38130,1917.364692563018,1918.91162109375,0.5804654146562478,0.2412871647843112,1.459155076857644,-0.5620406967285003,-0.1483857714646846,736.1120367082734,23.27223569623701,1.0,2.47,0,0,559,697.0,VALTOHA-15
38176,Jhugian Kalu (333),Tarn Taran,31.2072067,74.63803,38176,1915.8666496497665,1918.9014892578125,0.5697603368929093,0.247718759274713,1.5111149366209706,-0.5482509366523839,-0.1532453645436796,740.4281887223618,23.25203932621013,1.0,2.47,0,0,760,42.0,VALTOHA-15
38200,Dubli (158),Tarn Taran,31.27852,75.01968,38200,1919.2735568298065,1918.8828125,0.5728671639527468,0.2374968171452339,1.518117980918861,-0.546131516565502,-0.1484593118578062,742.6827940156357,23.18908957684431,1.0,2.46,58,0,702,1584.0,PATTI-14
38203,Umrabath (162),Tarn Taran,31.2072067,74.78549,38203,1916.390210138508,1918.8709716796875,0.5379904227913769,0.2242411071003436,1.3127138261641054,-0.5370484418787512,-0.1249930261402279,742.6827940156357,23.18908957684431,1.0,1.0,2,4,4,19.0,PATTI-14
34336,Killi Bodla (33),FIROZEPUR,31.095705,74.97697,34336,1922.0503939119685,1918.865966796875,0.6175939743319373,0.2970039104181945,1.7591780704313982,-0.5810263550826077,-0.2087870289392747,737.839201371898,23.19753053577984,1.0,310.0,90,0,160,333.0,MAKHU
37997,Kambo Dhaiwala (355),Tarn Taran,31.261261,74.99692,37997,1923.817829901272,1918.86279296875,0.5230947205789203,0.2412862345098987,1.5161917028902492,-0.4850019618015733,-0.1397640526339183,799.5172533204453,22.91443664744048,0.823082413902542,6680.0,151,151,221,746.0,CHOHLA SAHIB-8
38135,Maneke Jand (197),Tarn Taran,31.2072067,74.63803,38135,1916.4593828036768,1918.8211669921875,0.5800805947161117,0.2466821006814374,1.5176108410965423,-0.5549413103439106,-0.1541879656613834,740.4281887223618,23.25203932621013,1.0,2.47,0,0,434,1523.0,VALTOHA-15
34328,Jaggewala Alias Musewala (133),FIROZEPUR,31.0990982,74.9948349,34328,1920.969277759514,1918.802490234375,0.6724703514999263,0.3613779253116186,1.9559933909668883,-0.6218739809467004,-0.2718383983459259,737.839201371898,23.19753053577984,1.0,2.47,20,0,65,98.0,MAKHU
38173,Bangla Rai (340),Tarn Taran,31.1988144,74.78622,38173,1919.945206704334,1918.80126953125,0.5957326730742297,0.2734445291551627,1.602843477578971,-0.571663653263864,-0.1801507254547631,742.6827940156357,23.18908957684431,1.0,180.0,125,0,205,317.0,PATTI-14
38162,Paragpura (153),Tarn Taran,0.0,0.0,38162,1918.222655518572,1918.8001708984375,0.5739982137787136,0.227650069684056,1.460098456770866,-0.5528380142652233,-0.138446945963248,759.1244097567663,23.0510400975478,1.0,350.0,40,52,95,312.0,BHIKHI WIND-13
37852,Burj (169),Tarn Taran,31.7657661,74.8519,37852,1919.6793931164173,1918.79150390625,0.5636741885769057,0.2265974943236308,1.5411086037005532,-0.5280520574285749,-0.1393750265043603,865.0024716086552,23.035082428917462,1.0,650.0,650,60,220,319.0,GANDIWIND-9
34322,Chak Dhangarh (128),FIROZEPUR,31.0630627,74.8402,34322,1921.155102514722,1918.7908935546875,0.6634678932401835,0.3421340046569887,2.003688891939655,-0.6169103309186397,-0.260494859428762,737.839201371898,23.19753053577984,1.0,5.0,4,2,4,97.0,MAKHU
38004,Dhattal (297),Tarn Taran,0.0,0.0,38004,1918.524094391937,1918.783447265625,0.6385732870183017,0.2954968085200751,1.7993284604508806,-0.6056242766249005,-0.2090749008709287,754.0295086205274,23.060722519772305,1.0,10.0,30,50,150,403.0,CHOHLA SAHIB-8
38187,Bhaowal (338),Tarn Taran,31.18919,74.7712555,38187,1920.2496351615584,1918.760986328125,0.6189875166008177,0.2866629042739169,1.7214240896669055,-0.5876269153661114,-0.1979757089117658,728.6483588482755,23.27896055324453,1.0,1.0,50,50,105,242.0,PATTI-14
37652,Hardo Rattan (391),AMRITSAR,31.54955,74.67793,37652,1921.2333052571348,1918.739013671875,0.5252464972378907,0.220219177696502,1.4781680756243925,-0.5124139024409048,-0.1290451746536087,940.9262183120148,23.05638968272212,1.0,391.0,50,58,148,240.0,ATTARI
38040,Bhuchar Khurd (192),Tarn Taran,31.35135,74.8787842,38040,1921.292152367048,1918.718505859375,0.5811561980614358,0.2485483652299402,1.532606193425076,-0.5477165377635856,-0.1585841131506662,810.7362374458002,23.00733626659511,1.0,365.0,60,40,70,427.0,GANDIWIND-9
38134,Dassuwal (124),Tarn Taran,31.2072067,74.63803,38134,1916.140858097723,1918.7119140625,0.5662448000967547,0.2241470367474645,1.4391350244306111,-0.5493573376193024,-0.1340806737147481,740.4281887223618,23.25203932621013,1.0,2.47,0,0,185,593.0,VALTOHA-15
38119,Chima Khurd (87),Tarn Taran,31.2072067,74.63803,38119,1915.521576017339,1918.6961669921875,0.58805828184676,0.2517078073414607,1.5856474334484814,-0.5561562620512289,-0.1639940204000105,724.6950658967393,23.3256585984758,1.0,1.0,0,0,367,450.0,VALTOHA-15
38136,Ram Khara (125),Tarn Taran,31.2072067,74.63803,38136,1915.4061676973856,1918.6815185546875,0.5920456681766891,0.2551422157853064,1.5023345460685331,-0.5694184944405503,-0.1604583053691207,740.4281887223618,23.25203932621013,1.0,2.47,0,0,90,158.0,VALTOHA-15
38181,Rasulpur (330),Tarn Taran,31.1531525,74.78492,38181,1919.261502666184,1918.6650390625,0.5677107013728995,0.2363271543298423,1.4976027153582696,-0.5500394877266875,-0.1449710315769526,697.455609123935,23.340251171445004,1.0,1.0,18,1,32,649.0,PATTI-14
38038,Malian (191),Tarn Taran,31.7657661,74.8519,38038,1922.8174531176464,1918.6527099609375,0.6330871886219839,0.3017185447912622,1.6864248925356942,-0.5894254857323785,-0.2088121364172013,803.7332537581818,23.00716597809464,1.0,300.0,300,55,63,113.0,GANDIWIND-9
34314,Hashmatwala (26),FIROZEPUR,31.0450459,74.84706,34314,1915.78514204946,1918.615234375,0.6383662303830916,0.3262526650968513,1.84280472169205,-0.593682440612036,-0.2350679191007041,726.5247735841315,23.331499333343245,1.0,537.1,51,0,56,626.0,MAKHU
29570,Jagjitpur (214),KAPURTHALA,31.2432442,75.13013,29570,1919.7383621701624,1918.6131591796875,0.6927873911232962,0.2629538290227372,2.4322146294703764,-0.5901816977303916,-0.2057285062285249,737.839201371898,23.19753053577984,0.6528875580625532,1.0,0,0,1,166.0,SULTANPUR LODHI
29565,Dewa Singhwala (213),KAPURTHALA,31.261261,75.12339,29565,1919.0265372578413,1918.60498046875,0.6999833709643235,0.2610818638517473,2.1697138759706243,-0.5946179296583348,-0.1998156858801862,737.839201371898,23.19753053577984,0.2362118015689423,1.0,0,0,1,357.0,SULTANPUR LODHI
37303,Dalleke (347),AMRITSAR,31.6216221,74.67223,37303,1918.7443701201464,1918.59130859375,0.5511679081633641,0.2285452719596737,1.4558211911659118,-0.531519720047336,-0.1364677194851988,940.2790362330476,23.056197815224344,1.0,388.0,66,52,192,436.0,CHOGAWAN
38169,Talwandi Mutsadda Singh (196),Tarn Taran,31.333334,74.78007,38169,1916.6194555418028,1918.5732421875,0.5762116672804344,0.2370553237191481,1.5162821485644469,-0.5518587609507921,-0.1481628162970895,740.4650256661583,23.25101081963019,1.0,450.0,20,0,95,188.0,VALTOHA-15
38096,Bhadal (74),Tarn Taran,31.2252254,74.63118,38096,1918.6390382526256,1918.55810546875,0.6409287301068188,0.295001107194437,1.8393233779703075,-0.5932135838694031,-0.2106708409394061,765.8657076766389,23.258833272840377,1.0,2.47,0,0,204,303.0,VALTOHA-15
34320,Ghuduwala (34),FIROZEPUR,30.9549541,74.6293,34320,1922.6432465300195,1918.5152587890625,0.6593858413864652,0.3359843112981394,1.8982339622722475,-0.6112902725470789,-0.249050903579125,736.8557509398165,23.249392699978188,1.0,100.0,20,0,30,450.0,MAKHU
37198,Sarangra (174),AMRITSAR,31.7117119,74.6176147,37198,1918.0505263714888,1918.4993896484375,0.5570902490202934,0.2189902497975653,1.554709364622922,-0.5220499111742872,-0.1360741998871217,920.6691178491012,23.05038414068065,1.0,840.0,386,386,643,925.0,CHOGAWAN
38190,Gagarke (345),Tarn Taran,31.1351357,74.68651,38190,1923.5125528311044,1918.491455078125,0.5168450262983219,0.1666247373823308,1.2947336679167591,-0.5046019540084238,-0.0897355595102187,715.6956139018433,23.361904812953355,1.0,1.0,1,1,10,87.0,PATTI-14
38168,Maan (126),Tarn Taran,31.1171169,74.58814,38168,1916.342080262874,1918.437744140625,0.6152791708428775,0.2724936596955523,1.672436059465341,-0.5773029099390681,-0.1845563245488044,740.4281887223618,23.25203932621013,1.0,2.47,0,0,430,232.0,VALTOHA-15
34545,Kale Ke Hithar (343),FIROZEPUR,30.9369373,74.57323,34545,1921.832257026583,1918.427490234375,0.6071302926118575,0.2653567932769035,1.6129910029997248,-0.5798771761310347,-0.1776335738716833,715.6956139018433,23.361904812953355,1.0,80.0,30,60,125,332.0,FIROZPUR
34323,Sadarwala (127),FIROZEPUR,30.9549541,74.6293,34323,1919.801330649596,1918.4256591796875,0.6600543421341748,0.3456920777338327,1.913204993740074,-0.6101698409302998,-0.2572902290937093,737.839201371898,23.19753053577984,1.0,59.0,0,0,94,64.0,MAKHU
38167,Gharyala (127),Tarn Taran,31.18919,74.6448746,38167,1916.7317763674448,1918.415283203125,0.5984664291881093,0.257658418931806,1.6157947802571744,-0.5652218479518187,-0.1706430199253887,743.1059770812791,23.21311426469087,0.9858600814717164,2.47,0,0,130,597.0,VALTOHA-15
38202,Barwala (161),Tarn Taran,31.2072067,74.78549,38202,1917.634831164714,1918.382080078125,0.591339003454873,0.258260573645086,1.567427584027651,-0.5632392834308969,-0.1669876710355623,742.6827940156357,23.18908957684431,1.0,443.0,30,74,350,482.0,PATTI-14
34301,Mashieke (19),FIROZEPUR,30.9189186,74.58018,34301,1920.701632853539,1918.3594970703125,0.6505443710677008,0.3127301688911519,1.919548190708216,-0.5997564236164759,-0.2283871430058793,715.6956139018433,23.361904812953355,1.0,60.0,35,50,70,208.0,MAKHU
34558,Bagguwala (14),FIROZEPUR,0.0,0.0,34558,1920.2862560117408,1918.337646484375,0.6137846895207717,0.2855245781628241,1.6519659600761925,-0.5861435522565025,-0.1930978236823859,715.6956139018433,23.361904812953355,1.0,85.0,55,20,100,280.0,FIROZPUR
38102,Sankatra (60),Tarn Taran,31.36937,74.661,38102,1917.570906536688,1918.3304443359375,0.5910030391473275,0.2424025584427448,1.666886876570426,-0.5516566330678992,-0.1593247054700723,728.3785245190061,23.358861225515827,1.0,2.47,0,0,210,619.0,VALTOHA-15
34542,Ruknewala (3),FIROZEPUR,30.9189186,74.58018,34542,1921.495256560783,1918.319091796875,0.6331332190490563,0.3032937297842115,1.719823201929018,-0.6015353796808514,-0.211242551007214,715.6956139018433,23.361904812953355,1.0,40.0,160,50,560,449.0,FIROZPUR
34561,Faridewala (16),FIROZEPUR,30.9549541,74.6083,34561,1916.3651072649773,1918.2952880859375,0.6177926329996377,0.289711366293985,1.6875409009115778,-0.5878128925119278,-0.198094148814461,715.6956139018433,23.361904812953355,1.0,50.0,50,20,80,134.0,FIROZPUR
37650,Dhanoia Kalan (388),AMRITSAR,31.6036034,74.5943146,37650,1919.83622982347,1918.2928466796875,0.5118693507667748,0.1906613847962721,1.3893902606329391,-0.5010598935836208,-0.104054540998479,940.5495954055584,23.0562780268266,1.0,388.0,79,153,353,577.0,ATTARI
38060,Mughal Chak (101),Tarn Taran,31.3153152,74.63921,38060,1921.0131997352007,1918.270263671875,0.5911125999037264,0.2591365528555127,1.5228017414380566,-0.5657978749829872,-0.1640554923381513,808.2701033221086,23.07780421724509,1.0,173.68,89,42,174,204.0,BHIKHI WIND-13
34300,Fattewala (20),FIROZEPUR,31.0810814,74.98061,34300,1920.08658037258,1918.25634765625,0.5986617735090162,0.2815315732740699,1.6559935167457296,-0.5669005247617575,-0.1890148890400336,715.6956139018433,23.361904812953355,1.0,80.0,40,50,500,232.0,MAKHU
34543,Dula Singhwala (2),FIROZEPUR,30.9549541,74.6293,34543,1921.0028960841043,1918.225830078125,0.612122072032282,0.2915919127854056,1.667488392331438,-0.5842399846922587,-0.1969653551444071,715.6956139018433,23.361904812953355,1.0,2.0,80,0,130,442.0,FIROZPUR
38191,Mallahanwala (351),Tarn Taran,31.2298679,74.87087,38191,1925.051291880617,1918.224365234375,0.5783708380445185,0.2358999826761455,1.5481620616253489,-0.5507691955231159,-0.1455358399096226,720.5258548207884,23.33097385902083,1.0,22.0,8,8,15,67.0,PATTI-14
37656,Jhanjarpur (399),AMRITSAR,31.54955,74.67793,37656,1918.6025417961,1918.2091064453125,0.5494900502841154,0.2241256246556486,1.3905019159857026,-0.527755788498853,-0.1320291126556088,940.9262183120148,23.05638968272212,1.0,286.0,18,18,39,116.0,ATTARI
34329,Phemiwala (121/122),FIROZEPUR,31.0990982,74.97379,34329,1920.254170814859,1918.2052001953125,0.6563819464939998,0.3436817899536026,1.905150219033616,-0.6110965425626893,-0.2540285608480662,737.839201371898,23.19753053577984,1.0,162.0,0,27,173,166.0,MAKHU
38104,Mastgarh (58),Tarn Taran,31.18919,74.62382,38104,1917.4129344551868,1918.1953125,0.6136552825532573,0.2711668866436556,1.708130328526586,-0.5719410853254369,-0.1851981067875796,727.5724432484352,23.351595224038824,1.0,2.47,0,0,390,698.0,VALTOHA-15
37659,Bagrian (418),AMRITSAR,31.6576576,74.87052,37659,1920.109431598728,1918.1949462890625,0.5091088298330053,0.194677497777648,1.3561230446423855,-0.4984524483129754,-0.1052652220477704,940.9262183120148,23.05638968272212,1.0,204.0,29,21,46,202.0,ATTARI
34276,Sudan (66),FIROZEPUR,31.1171169,74.98802,34276,1918.756106238809,1918.1915283203125,0.6318927155070417,0.3086459976907487,1.838535709944992,-0.5912591300706322,-0.2221069577920736,737.839201371898,23.19753053577984,1.0,1360.0,86,82,456,395.0,MAKHU
37658,Neshta (397),AMRITSAR,31.6576576,74.87052,37658,1918.3180634132789,1918.1693115234375,0.5464153101871255,0.2379537866902931,1.4084621634200505,-0.528852745220348,-0.1410291994078398,940.9262183120148,23.05638968272212,1.0,600.0,110,100,273,636.0,ATTARI
37856,Gehri (175),Tarn Taran,31.35135,74.85768,37856,1921.1329620065728,1918.1539306640625,0.583485151075456,0.2627419304640169,1.553006892632632,-0.5427522056289114,-0.1694304186483079,857.3622050692933,23.008470049917378,1.0,2.47,160,160,270,418.0,GANDIWIND-9
38163,Dhariwal (154),Tarn Taran,31.2252254,74.6944,38163,1917.510297389668,1918.14453125,0.5643720575664954,0.2275857411719299,1.4140036473894295,-0.5508575991628435,-0.1370118483184423,752.390922068636,23.10757678371265,1.0,2.47,60,0,395,562.0,PATTI-14
38205,Saido (160),Tarn Taran,31.2252254,74.6944,38205,1920.5460392598725,1918.136474609375,0.593752611078372,0.2499480811067003,1.6501646193448796,-0.559772529771335,-0.1649986478393356,742.6827940156357,23.18908957684431,1.0,2.47,0,0,350,504.0,PATTI-14
29564,Pattiwaras (212),KAPURTHALA,31.2072067,75.18575,29564,1918.9379388387408,1918.1083984375,0.6417932492783684,0.242575798033951,1.851833186164066,-0.5664867514516888,-0.1704225346021814,738.8820816567898,23.192743856796884,0.4411723620958563,1.0,0,0,1,136.0,SULTANPUR LODHI
34253,Aminwala (118),FIROZEPUR,31.0990982,74.97379,34253,1915.8206470161963,1918.1053466796875,0.6096635083281261,0.3033258600423565,1.7168093784642495,-0.5762406619326055,-0.2085931161818539,736.8788309293411,23.18318617696734,1.0,4.04,0,0,140,208.0,MAKHU
37854,Bhusse (171),Tarn Taran,31.7657661,74.8519,37854,1915.6555271957125,1918.0465087890625,0.6050495672493745,0.2323820217072449,1.7010574370285243,-0.555625428766957,-0.1551254386163797,857.3665408748287,23.00846460266846,1.0,650.0,650,210,384,448.0,GANDIWIND-9
38075,Wiram (113),Tarn Taran,31.2972965,74.73037,38075,1922.50161619524,1918.0360107421875,0.6185787880134626,0.2709906999769392,1.5552728506855371,-0.5950509778282672,-0.1785111810760393,803.7263482424288,23.007191033756666,0.6225519969625068,303.0,50,145,275,164.0,BHIKHI WIND-13
34274,Bhutiwala (72),FIROZEPUR,31.1171169,74.98802,34274,1919.2005533419165,1918.0321044921875,0.6173986430690644,0.3115269577434371,1.7752218387529677,-0.5839802062090063,-0.2160512759626476,737.839201371898,23.19753053577984,1.0,96.0,0,0,245,197.0,MAKHU
37195,Bhadru (2),AMRITSAR,31.7159538,74.61439,37195,1916.5135297635168,1918.0242919921875,0.513174247213769,0.2106329006297051,1.4015260638435891,-0.4849168527414825,-0.1104740020073938,901.5982690265076,23.113985542743592,0.9626746444773336,100.0,25,25,40,217.0,CHOGAWAN
38206,Sungwan (173),Tarn Taran,31.28571,74.85204,38206,1920.5045183391856,1918.018798828125,0.5744891938919428,0.2252002758042707,1.4552616440714046,-0.5557605113489456,-0.1362684468123962,743.4721557904209,23.177753514624047,1.0,200.0,60,0,280,255.0,PATTI-14
34269,Ruknewala Kalan (73),FIROZEPUR,31.0990982,74.9948349,34269,1916.2003104788687,1918.006591796875,0.5298982839116582,0.2886673489975261,1.5514955901643412,-0.501386697426782,-0.1805477818349803,737.8139835018992,23.19694955980744,1.0,500.0,0,0,80,532.0,MAKHU
29563,Bishanpur (211),KAPURTHALA,31.2072067,75.18575,29563,1918.580791862192,1917.9954833984375,0.5440067211443868,0.2723434174858025,1.4280112970069625,-0.4921252493636566,-0.1643374994323052,760.2918716698506,23.09447582608213,0.5772919922380181,2.0,0,0,1,106.0,SULTANPUR LODHI
34562,Baggewala (17),FIROZEPUR,0.0,0.0,34562,1918.035828887547,1917.9837646484375,0.6021583040397875,0.2845790147481653,1.6277718923047568,-0.575534985930345,-0.1899154118706243,712.6993719959474,23.368547358616325,1.0,35.0,65,80,150,313.0,FIROZPUR
38036,Gagobua (194),Tarn Taran,31.7657661,74.8519,38036,1917.57435892876,1917.976318359375,0.5519809626209734,0.2246793461399778,1.4879709354082502,-0.5266656362898735,-0.1353640386102784,814.9840928979571,22.98868933590892,0.9452915264121016,688.25,1700,350,698,1174.0,GANDIWIND-9
38073,Singhpura (138),Tarn Taran,0.0,0.0,38073,1921.335543322796,1917.9718017578125,0.555911226079925,0.2050497722246569,1.389369667949171,-0.5478246355888982,-0.1171335124512308,799.5786223997585,23.02224045489244,1.0,323.88,125,120,260,503.0,BHIKHI WIND-13
38095,Keshupura (73),Tarn Taran,31.2252254,74.63118,38095,1919.0264134536856,1917.970703125,0.542819929987377,0.1999504566509541,1.452702959167456,-0.5268898339081534,-0.1167293683218874,765.8657076766389,23.258833272840377,1.0,2.47,0,0,65,66.0,VALTOHA-15
38049,Gilpan (107),Tarn Taran,31.2972965,74.79363,38049,1922.4843288515144,1917.957763671875,0.5727097882747748,0.233722534273963,1.4622118096546883,-0.5555806065436282,-0.1403050094802556,809.5495793034928,23.097725514853323,0.97455154397228,475.0,55,61,92,226.0,BHIKHI WIND-13
34312,Sadhara (14),FIROZEPUR,30.9189186,74.58018,34312,1916.2577991098303,1917.9449462890625,0.5947717031158264,0.3039759482326271,1.6863411961228767,-0.5601110152860382,-0.2080249351844481,720.1657751667924,23.34778946345335,1.0,60.0,35,15,230,428.0,MAKHU
34440,Gadriwala on Zira - Firozpur Road (OG),FIROZEPUR,30.96791,74.99895,34440,1918.5962553519548,1917.9368896484375,0.5101244281005637,0.1804768014684415,1.4094017298444308,-0.4945662051695326,-0.1130015476678046,701.5655281951325,23.33207324780648,0.5479019375073588,2.6,350,80,100,0.0,ZIRA
34544,Qutabdinwala (1),FIROZEPUR,30.9189186,74.6221848,34544,1921.6461733387823,1917.925048828125,0.6198506442517504,0.2849776265498586,1.6420779630822484,-0.5900211200272252,-0.1937243017151262,715.6956139018433,23.361904812953355,1.0,33.05,50,50,120,276.0,FIROZPUR
34325,Mohkamwala Alias Araianwala (130),FIROZEPUR,31.1171169,74.98802,34325,1919.6482028370128,1917.9244384765625,0.6116142956454429,0.3032012276890863,1.734751552300827,-0.5738985043710602,-0.2130564661402391,737.839201371898,23.19753053577984,1.0,9.0,0,0,85,119.0,MAKHU
37653,Roranwala (393),AMRITSAR,31.54955,74.67793,37653,1921.0126182015244,1917.912353515625,0.4860798892928191,0.1731943933119289,1.4198235959587064,-0.4724725827779523,-0.0936407712117025,940.9262183120148,23.05638968272212,1.0,336.0,80,75,150,399.0,ATTARI
38118,Kalanjar Uttar (77),Tarn Taran,31.2072067,74.63803,38118,1916.2891434267449,1917.89697265625,0.6266826280520432,0.2838952873794471,1.759409534232561,-0.5797011319588654,-0.1966962634670678,724.6950658967393,23.3256585984758,1.0,2.47,0,0,150,434.0,VALTOHA-15
37205,Mulakot (182),AMRITSAR,31.7117119,74.6176147,37205,1918.7703140107808,1917.8621826171875,0.558086252698286,0.2164657278014103,1.6076868599643994,-0.5253109053791629,-0.1342066291422184,911.777321551008,23.080110419339803,1.0,73.0,40,28,45,84.0,CHOGAWAN
34326,Qutabpura (131),FIROZEPUR,31.0990982,74.97379,34326,1920.558510794105,1917.8350830078125,0.5884010377080229,0.2823487705311633,1.7191988413977743,-0.5542911947924152,-0.1975089980601427,737.839201371898,23.19753053577984,1.0,163.0,0,0,100,181.0,MAKHU
38126,Daudpura (92),Tarn Taran,31.35135,74.77329,38126,1919.0938082474124,1917.8304443359375,0.5865243334199957,0.2569077283528285,1.6002004309313764,-0.5518490440144983,-0.165943197744521,724.6950658967393,23.3256585984758,1.0,2.5,100,0,60,212.0,VALTOHA-15
37206,Bachiwind (183),AMRITSAR,31.7117119,74.6176147,37206,1918.7752267848632,1917.8272705078125,0.5387649807114727,0.2027764427130195,1.5051998274859089,-0.5114406721920727,-0.1201511610193441,920.66971318004,23.050384317175133,1.0,672.0,355,359,732,957.0,CHOGAWAN
37859,Gandiwind (184),Tarn Taran,31.5135136,74.71253,37859,1917.2884112775312,1917.8079833984375,0.6168323959233025,0.2864469177660623,1.6243359092203304,-0.5779568145013851,-0.1932964689406055,857.3622050692933,23.008470049917378,1.0,1800.0,1800,405,880,1049.0,GANDIWIND-9
37668,Daoke (426),AMRITSAR,31.6036034,74.5943146,37668,1920.463287440016,1917.797119140625,0.5230894417481267,0.2007578802573158,1.5192785266144226,-0.4894739013346872,-0.116667058784914,874.2297830989259,23.067222761886853,1.0,453.0,110,250,340,453.0,ATTARI
37213,Lopoke (167),AMRITSAR,31.6928749,74.62734,37213,1912.2073449580607,1917.7802734375,0.5423997109011949,0.2114596460495535,1.427735667460716,-0.5182279533845022,-0.1270261393309392,920.4629717635188,23.048049038313906,1.0,1049.0,375,675,1187,1184.0,CHOGAWAN
38121,Mahmudpura (88),Tarn Taran,31.2432442,74.83509,38121,1918.9209751123813,1917.7635498046875,0.5792206850756773,0.2311886234190785,1.5450393382996834,-0.5488504405439928,-0.1461297632353366,731.8622377420431,23.314025343036704,1.0,700.0,10,0,495,709.0,VALTOHA-15
38228,Pan Gota (290),Tarn Taran,31.2252254,74.86296,38228,1920.3605024049227,1917.7423095703125,0.59026054776007,0.2623076471011385,1.4553239916955132,-0.574184164103876,-0.1661851261246844,753.4242768361223,23.05244666206937,1.0,326.0,13,0,425,388.0,PATTI-14
38131,Gajjal (199),Tarn Taran,31.2072067,74.63803,38131,1918.165531154645,1917.6856689453125,0.5832679083174109,0.2433435366330101,1.5090189710910296,-0.5625415784497038,-0.1519231767012211,716.9992526665001,23.300133010618115,1.0,2.47,0,0,90,1102.0,VALTOHA-15
38184,Jhugian Pir Bakhash (336),Tarn Taran,31.2072067,74.78549,38184,1918.7883622054387,1917.651123046875,0.5057962088146585,0.1810162177910773,1.3387087143941645,-0.4873616148298176,-0.1007422134276021,712.6539896095262,23.358293945366743,1.0,110.0,13,0,63,126.0,PATTI-14
38101,Kalia (61),Tarn Taran,31.1171169,74.58814,38101,1918.9295292637144,1917.6392822265625,0.5905301048045558,0.2403898060037699,1.655203673365462,-0.5522463370921175,-0.1572750874118749,727.2548010412902,23.34837483367721,1.0,2.47,0,0,180,396.0,VALTOHA-15
38099,Dholan (62),Tarn Taran,31.2072067,74.6590958,38099,1918.881174002464,1917.628173828125,0.6020370678910577,0.2629739738506025,1.6769005802690715,-0.5615945320238062,-0.1785819652249192,733.3779253879902,23.311565184143564,1.0,2.47,0,0,220,450.0,VALTOHA-15
36302,Banera Khurd (48),PATIALA,30.3603611,76.15539,36302,1918.6372202783075,1917.6275634765625,0.5681420187860016,0.2661894568232357,1.4490456278119384,-0.5504206211471493,-0.1651665511084558,773.5693099906342,23.055821810602424,1.0,312.0,270,60,248,349.0,NABHA
38117,Dhul Kohna (78),Tarn Taran,31.35135,74.77329,38117,1919.198056806184,1917.592041015625,0.6135067939583035,0.2754376931006444,1.7081413703875572,-0.5731036354575288,-0.18629705991767,724.6950658967393,23.3256585984758,1.0,400.0,0,0,250,347.0,VALTOHA-15
34270,Ruknewala Khurd (76),FIROZEPUR,31.0990982,75.01588,34270,1911.6953642312628,1917.5833740234375,0.6310662638610165,0.3163237470408122,1.689922505269488,-0.6053161080487409,-0.2183327832177295,735.8080977086781,23.16719340914833,1.0,128.0,0,0,1,138.0,MAKHU
29568,Sangheke Khurd (206),KAPURTHALA,31.2072067,75.18575,29568,1918.74146933582,1917.55615234375,0.6002752905164972,0.2247786848977266,1.750018904576634,-0.5575932119953871,-0.1508212230152497,737.839201371898,23.19753053577984,1.0,1.0,0,0,1,27.0,SULTANPUR LODHI
37999,Jauneke (300),Tarn Taran,31.4954948,74.84605,37999,1929.57751166506,1917.529052734375,0.5446383329892781,0.2141721433558728,1.4918197751108666,-0.5293304386263846,-0.1279502518973017,776.7606102510712,22.987620653477983,1.0,250.0,50,50,160,274.0,CHOHLA SAHIB-8
36572,Shahbazpur (63),PATIALA,30.1621628,76.33527,36572,1916.2963471012065,1917.5260009765625,0.5576053042473863,0.2349239803217071,1.4178684454422386,-0.5414906538274281,-0.1417204653409824,807.488927524318,23.062358028345614,1.0,277.0,25,25,96,325.0,PATIALA
34337,Behk Fattu (143),FIROZEPUR,30.9549541,74.6293,34337,1920.464169836328,1917.4951171875,0.644438714489554,0.3224894127734021,1.8824791671275376,-0.5994402797738692,-0.2348697324789692,731.8298089570818,23.282831740555885,1.0,445.16,40,0,280,469.0,MAKHU
37197,Rai (175),AMRITSAR,31.6936932,74.6243,37197,1919.025185935616,1917.49072265625,0.5782450035346833,0.2301089179937609,1.639786509783754,-0.5360985844588613,-0.1491812899357651,920.6691178491012,23.05038414068065,1.0,248.0,121,121,202,275.0,CHOGAWAN
38166,Dhagana (156),Tarn Taran,31.27928,74.92691,38166,1917.358843154035,1917.4893798828125,0.5629418737496078,0.2382599979755034,1.4817159369336947,-0.5404462080123957,-0.1477349720569722,742.6827940156357,23.18908957684431,1.0,154.46,82,92,294,173.0,PATTI-14
37651,Dhanoia Khurd (389),AMRITSAR,31.6036034,74.5943146,37651,1919.8926542324705,1917.466552734375,0.5262148435209354,0.1995885345190148,1.5651405077315317,-0.4992002151469861,-0.1179658441297617,939.1106838275078,23.05647624969632,1.0,389.0,58,98,202,292.0,ATTARI
37666,Rajatal (424),AMRITSAR,31.54955,74.67793,37666,1919.839840814133,1917.4515380859375,0.5860581716401665,0.2585057798156778,1.6861200125803124,-0.5338957802725688,-0.1719923598737982,873.8857712486052,23.06602450869765,1.0,424.0,30,105,387,618.0,ATTARI
36573,Bazidpur (94),PATIALA,30.18018,76.161644,36573,1917.011426440964,1917.445068359375,0.5444133702642147,0.2216840708198086,1.4321112955916222,-0.5312332852714199,-0.1298900442656657,807.488927524318,23.062358028345614,1.0,150.0,5,60,81,477.0,PATIALA
38064,Dhun (110),Tarn Taran,0.0,0.0,38064,1921.752532546945,1917.4439697265625,0.6104976511075493,0.2687565964074211,1.571067746630087,-0.5835825672967208,-0.1764788542721619,803.7332537581818,23.00716597809464,1.0,450.0,123,25,350,501.0,BHIKHI WIND-13
37851,Naushehra 177),Tarn Taran,31.4234238,74.8306961,37851,1920.1674035339825,1917.442138671875,0.5271331010274813,0.2025387307656809,1.4041457802060298,-0.506233063145266,-0.1130187682573161,872.2333168723148,23.06026872231084,1.0,728.0,0,236,465,1051.0,GANDIWIND-9
38161,Akbarpura (152),Tarn Taran,31.2972965,74.73037,38161,1919.1435655788043,1917.4261474609375,0.6251752796117368,0.2807743588208818,1.641349343202343,-0.5920603612852393,-0.190925428516618,763.1769924239181,23.022563610419105,1.0,445.0,40,155,325,307.0,BHIKHI WIND-13
37301,Kamaska (344),AMRITSAR,31.6576576,74.61651,37301,1915.674834443591,1917.38671875,0.5718062852833331,0.2357485710793421,1.5609204061781952,-0.5354169839597284,-0.1513437947366444,920.6691178491012,23.05038414068065,1.0,109.0,156,156,299,130.0,CHOGAWAN
37203,Dhariwal (180),AMRITSAR,31.6576576,74.828186,37203,1917.098852968948,1917.3812255859375,0.5477073577836794,0.2124602318808712,1.6127173352327882,-0.5158651268769577,-0.1305849888228718,912.4497288182844,23.07779585535186,1.0,99.0,283,285,466,175.0,AJNALA
38050,Theh Kalla (106),Tarn Taran,31.27928,74.80042,38050,1926.2440599229988,1917.3580322265625,0.5752608411219714,0.2488298872126547,1.5079940303729484,-0.5560399404342186,-0.1538397812677842,809.5495793034928,23.097725514853323,1.0,104.0,40,40,72,113.0,BHIKHI WIND-13
38196,Dhumniwala (348),Tarn Taran,31.1987476,74.78615,38196,1925.0555408719683,1917.356689453125,0.5771701938170886,0.2636381255399929,1.6186922086800146,-0.5499983712817232,-0.1712464834392308,742.6827940156357,23.18908957684431,1.0,123.0,68,52,92,82.0,PATTI-14
37884,Jhabal Kalan (44),Tarn Taran,31.477478,74.91614,37884,1916.9200277372609,1917.301025390625,0.5328079496840786,0.2014315577406299,1.4770600198948414,-0.5098933204669965,-0.1194418027970043,843.4986415316956,22.92203865045581,0.9404002339200656,630.0,150,32,635,1806.0,TARN TARAN-12
37204,Audar (181),AMRITSAR,31.7117119,74.6176147,37204,1916.9197126743904,1917.2625732421875,0.5642036354761651,0.2271463557359761,1.6514583666228562,-0.5283279481874107,-0.1439779301267252,906.8561149178172,23.09645059327125,1.0,145.0,10,25,25,162.0,CHOGAWAN
37300,Khizarpura (343),AMRITSAR,31.6936932,74.85723,37300,1915.068461843908,1917.2589111328125,0.5474842897233857,0.2148079786821731,1.4775345226506795,-0.5209684203262472,-0.1295816505342214,920.6691178491012,23.05038414068065,1.0,1.0,0,0,1,173.0,CHOGAWAN
38128,Valtoha (85),Tarn Taran,31.2072067,74.63803,38128,1915.6815050724244,1917.229248046875,0.5870260306726605,0.2587628722567677,1.5213113192944354,-0.5622863815204517,-0.1661159287376143,733.9393485838385,23.28240225505431,0.98597317332877,2.47,0,0,44,2208.0,VALTOHA-15
38105,Dhul Nau (57),Tarn Taran,31.2072067,74.6590958,38105,1916.717973589667,1917.2244873046875,0.5794711921109142,0.2286773878178591,1.5895310723847134,-0.5466311993041638,-0.1450530281298791,729.6982648780244,23.37075734039871,1.0,150.0,10,0,45,151.0,VALTOHA-15
37888,Dode (185),Tarn Taran,31.5135136,74.71253,37888,1916.7418982618176,1917.1995849609375,0.5526016638595592,0.2350038916499346,1.471059941496653,-0.5263924674039667,-0.1427102899487358,856.8293216746218,23.00514782634542,1.0,380.0,380,60,188,227.0,GANDIWIND-9
37193,Manj (4),AMRITSAR,31.6756763,74.6944962,37193,1918.405521664792,1917.1912841796875,0.5479057449188417,0.2056319104283945,1.4418318652560649,-0.5231593614914258,-0.1202854947787191,911.6697683945264,23.034074881945017,1.0,745.0,136,175,299,834.0,CHOGAWAN
38041,Bir Raja Teja Singh (188),Tarn Taran,31.477478,74.68375,38041,1921.4198636677108,1917.178466796875,0.6023271961365949,0.2800296520406176,1.6623404887234556,-0.5658208255475224,-0.1869299261707014,855.9268485764745,23.008435146977643,1.0,446.0,39,39,160,450.0,GANDIWIND-9
37209,Bhangwan (170),AMRITSAR,31.70784,74.65417,37209,1915.397122016812,1917.1690673828125,0.5780725129409614,0.2352075091064361,1.6546998148397098,-0.5353228718709951,-0.1544765842492283,920.6691178491012,23.05038414068065,1.0,202.0,45,46,285,229.0,CHOGAWAN
38106,Kals (56),Tarn Taran,31.2072067,74.63803,38106,1917.85419104559,1917.166748046875,0.5816226480218154,0.2475517828647295,1.5982899015935883,-0.5542637337922244,-0.1607661243159727,729.2765253641028,23.36695578831653,1.0,2.47,0,0,131,645.0,VALTOHA-15
34277,Rasulpur (65),FIROZEPUR,31.0630627,74.81917,34277,1918.7106344011504,1917.1495361328125,0.6271796833038907,0.3048812698130398,1.839498603155848,-0.5852035268624924,-0.2189672366259422,737.839201371898,23.19753053577984,1.0,202.5,24,16,422,196.0,MAKHU
38074,Puhla (114),Tarn Taran,31.2972965,74.73037,38074,1922.5878851497573,1917.105712890625,0.5420777278809729,0.1900670977845507,1.3984488271518976,-0.5297767985244665,-0.1070774505086915,803.7332537581818,23.00716597809464,0.8581686622712421,323.0,130,120,265,259.0,BHIKHI WIND-13
38125,Ballianwala (93),Tarn Taran,31.2252254,74.63118,38125,1919.8493308410173,1917.06591796875,0.5862526578819408,0.2484968008589268,1.5969539592006745,-0.5521877110468661,-0.1621601148488503,724.7036554535852,23.32564465650481,1.0,2.47,0,0,102,143.0,VALTOHA-15
37860,Kasel (29),Tarn Taran,31.45946,74.75386,37860,1914.483953091864,1917.061279296875,0.5530964074098998,0.2159360831954768,1.4548339555446712,-0.5236440994743805,-0.1283033776177646,868.6239380283961,22.97821901592281,1.0,195.0,195,45,45,1551.0,GANDIWIND-9
38116,Munawan (79),Tarn Taran,31.2252254,74.63118,38116,1916.449303831364,1917.0537109375,0.6020843396389405,0.2696634636527199,1.6378230040962003,-0.5687736714650053,-0.1793693387600421,724.6950658967393,23.3256585984758,1.0,2.47,0,0,170,443.0,VALTOHA-15
37857,Lahian (174),Tarn Taran,31.477478,74.66261,37857,1919.6001849981683,1917.046875,0.5588467931571122,0.2481801992917018,1.4885415963792406,-0.525605722344835,-0.1527545339353606,857.3622050692933,23.008470049917378,1.0,759.0,206,206,387,537.0,GANDIWIND-9
37998,Kiriyan (356),Tarn Taran,0.0,0.0,37998,1923.72331153966,1917.0382080078125,0.548646102943656,0.2572435589699601,1.5414541085041986,-0.5118457131407287,-0.1547106273689395,799.5172533204453,22.91443664744048,0.677612483627385,10.0,250,200,250,980.0,CHOHLA SAHIB-8
34310,Kamalwala (18),FIROZEPUR,30.9549541,74.6293,34310,1920.6277859735785,1917.031494140625,0.637890864154326,0.3093245165815602,1.8310706108772068,-0.5917530208973669,-0.2221665628033514,726.1455007985962,23.33374652954133,1.0,4446.0,210,0,420,686.0,MAKHU
38120,Amirke (86),Tarn Taran,31.18919,74.6448746,38120,1915.2398427930257,1917.0274658203125,0.5652891592893833,0.2279453215139154,1.519019572172535,-0.5388575554945697,-0.1418661339619307,724.6950658967393,23.3256585984758,0.7684754131198123,2.47,0,0,191,398.0,VALTOHA-15
38127,Dibipura (94),Tarn Taran,31.2072067,74.6590958,38127,1918.61080222709,1917.007568359375,0.6028507716456538,0.2642007976846178,1.6121128918382244,-0.5669927106579445,-0.1746392715546209,725.9189801593336,23.31993159320709,1.0,2.47,0,0,190,87.0,VALTOHA-15
37655,Rangarh (396),AMRITSAR,31.5315323,74.68466,37655,1920.3385773957336,1916.9805908203125,0.4849543831942502,0.1701744626654714,1.2725207988575449,-0.4779209455179207,-0.0868154048024804,940.9262183120148,23.05638968272212,1.0,23.0,80,80,220,33.0,ATTARI
38215,Uboke (256),Tarn Taran,31.477478,74.89501,38215,1914.3045890864453,1916.97412109375,0.6250538506856472,0.2813791147436312,1.645504929385485,-0.5922191655188669,-0.193546013919218,763.0134019067185,23.01838677747588,1.0,1.0,1,1,290,289.0,PATTI-14
34551,Jama Megha (322),FIROZEPUR,30.9189186,74.58018,34551,1922.428532490148,1916.955078125,0.3148309667178756,0.0251256529608779,0.6734003598282656,-0.3366317717114577,0.0353403529523654,697.455609123935,23.340251171445004,1.0,40.0,10,20,50,195.0,FIROZPUR
37199,Gagarmal (176),AMRITSAR,31.7117119,74.65997,37199,1918.768650341104,1916.9384765625,0.5820565874712261,0.23758137540417,1.608931100398608,-0.5434670977249594,-0.1535911207964526,920.6691178491012,23.05038414068065,1.0,195.0,53,58,92,210.0,CHOGAWAN
37889,Sohal Thathi (187),Tarn Taran,31.35135,74.8787842,37889,1917.031043653046,1916.8890380859375,0.5467852790362012,0.2225644794479041,1.4823230139322685,-0.5208251490230422,-0.1336577208436262,855.7990371194077,22.99872459066619,1.0,1631.0,1350,80,520,1861.0,GANDIWIND-9
34546,Bandala (328),FIROZEPUR,30.9189186,74.6221848,34546,1920.28525349682,1916.881103515625,0.5726912034902036,0.2451134001151647,1.5378054430709889,-0.5497564173300695,-0.1610537896944196,712.778059122816,23.35844123462429,1.0,505.0,275,102,128,1134.0,FIROZPUR
37302,Shahura (346),AMRITSAR,31.6756763,74.63098,37302,1917.926414914532,1916.879150390625,0.5371640216763883,0.2162470081092477,1.4331443554669847,-0.515749184789266,-0.1273135597307413,927.3542842357168,23.052366065381523,1.0,704.0,190,190,531,801.0,CHOGAWAN
34539,Jaimalwala (6),FIROZEPUR,30.9189186,74.6221848,34539,1917.528389019222,1916.8731689453125,0.6261109384821533,0.3134097869197144,1.762538575853781,-0.5875120111580215,-0.2201244667527762,714.2983590392979,23.366395238750084,1.0,90.0,50,100,205,279.0,FIROZPUR
38063,Narla (112),Tarn Taran,0.0,0.0,38063,1921.607205052502,1916.864013671875,0.5759038785889457,0.2381563264678124,1.496447451993612,-0.5521884974092931,-0.149035388007344,803.9526287340552,23.010581621877872,0.97174611669427,372.0,105,40,275,418.0,BHIKHI WIND-13
34333,Shianpari (135),FIROZEPUR,31.0956535,74.97691,34333,1918.1580588106087,1916.860595703125,0.6496839995673758,0.3219269966984402,1.890926156082836,-0.5986660839189913,-0.2375455131837993,732.4763938312024,23.21742172978856,1.0,797.0,50,0,451,875.0,MAKHU
38048,Narli (108),Tarn Taran,31.2432442,74.72971,38048,1920.6295276443093,1916.84716796875,0.5694130221273613,0.2442188974958765,1.4616337092508285,-0.5520490359468656,-0.1491740614244937,805.5749064873535,23.03584030464666,0.9924676885033582,1336.03,320,470,1200,1305.0,BHIKHI WIND-13
37858,Sarai Amanat Khan (173),Tarn Taran,31.7657661,74.8519,37858,1917.0705540332435,1916.8424072265625,0.5497585108175425,0.2439073231334445,1.4099812984738762,-0.5317512631270764,-0.1456385835393274,857.3622050692933,23.008470049917378,1.0,300.0,150,80,205,884.0,GANDIWIND-9
38160,Manakpura (151),Tarn Taran,31.35135,74.6888962,38160,1917.4186136578733,1916.8375244140625,0.5914250244059398,0.2515756772918495,1.5482581294152435,-0.5643560320921586,-0.1621811845706053,763.0134019067185,23.01838677747588,1.0,283.0,50,120,325,317.0,BHIKHI WIND-13
38145,Bur Chand (148),Tarn Taran,31.27928,74.737175,38145,1919.4980628016128,1916.822509765625,0.5242588205448776,0.1800963348397014,1.3260581287770916,-0.5192221111326691,-0.0982006072441784,767.2775794592472,23.12726079772595,1.0,161.0,110,111,190,187.0,BHIKHI WIND-13
38178,Jhugian Nur Mohammad (320),Tarn Taran,31.1711712,74.79914,38178,1918.299232480984,1916.76025390625,0.5543936916425932,0.251397719579984,1.4312652994104949,-0.5433737326200158,-0.1497672765553482,697.455609123935,23.340251171445004,1.0,10.0,1,10,30,143.0,PATTI-14
38076,Pahu Wind (115),Tarn Taran,31.2252254,74.63118,38076,1923.782871529166,1916.7386474609375,0.4550009617012912,0.1319003493733062,1.12974220838123,-0.4633516165554275,-0.0565356118857801,772.1125107433535,23.121897254054804,0.7831199171864701,566.8,210,280,687,635.0,BHIKHI WIND-13
36589,Sadarpur (68),PATIALA,30.1621628,76.14772,36589,1914.3256274717523,1916.7337646484375,0.5520718974022221,0.2407614092881025,1.4707089218209248,-0.5373023953657008,-0.1469126264587241,773.5693099906342,23.055821810602424,1.0,186.0,5,60,107,204.0,PATIALA
36592,Kheri Malan (75),PATIALA,30.18018,76.161644,36592,1918.653744153993,1916.7237548828125,0.5618448617918291,0.2450324780554905,1.4356649660500425,-0.5432926351899379,-0.149100993455774,772.256898802185,23.06129517698762,1.0,356.0,8,80,255,384.0,PATIALA
38204,Chima Kalan(near Patti) (163),Tarn Taran,31.16792,74.9441757,38204,1917.524482750997,1916.6900634765625,0.592060887061913,0.2577228642134047,1.5037854618547155,-0.5707307998170833,-0.1645990311641403,742.6827940156357,23.18908957684431,1.0,2.4,80,80,320,436.0,PATTI-14
39688,Nurpura (26),SANGRUR,30.2882881,76.09938,39688,1912.7156203141392,1916.6842041015625,0.5452359924632594,0.2487043514285737,1.3812063388524276,-0.5358895640338172,-0.146677106033211,773.5693099906342,23.055821810602424,1.0,455.0,70,80,180,352.0,BHAWANI GARH
38157,Kacha Pakka (166),Tarn Taran,31.27928,74.779335,38157,1917.8854559687925,1916.66259765625,0.6212230562041681,0.2806393342533864,1.588644763503319,-0.5877656855701284,-0.1876273070506711,763.0134019067185,23.01838677747588,1.0,200.15,178,70,250,448.0,BHIKHI WIND-13
34579,Maste Ke (36),FIROZEPUR,30.9642658,74.61212,34579,1918.4313671946063,1916.658935546875,0.5749483644190864,0.2457215977247059,1.4229907582260448,-0.5671194924440837,-0.1497070123118423,682.1031965300119,23.434285147629407,1.0,50.0,40,40,60,1759.0,FIROZPUR
38159,Manhala Jai Singh (165),Tarn Taran,31.2855835,74.7349854,38159,1916.847516223052,1916.656005859375,0.582592255051105,0.2380845868340009,1.4969442092092164,-0.5610785392124812,-0.1495694089862375,763.0134019067185,23.01838677747588,1.0,1500.0,86,85,620,671.0,BHIKHI WIND-13
38103,Nurwala (59),Tarn Taran,31.477478,74.91614,38103,1916.4901751639093,1916.64501953125,0.6101816715938985,0.2588323071483551,1.741687382037709,-0.569846909455776,-0.1747798241396326,728.9868851212332,23.36434497659144,1.0,400.0,0,0,27,168.0,VALTOHA-15
38042,Sukkar Chak (183),Tarn Taran,31.35135,74.8787842,38042,1920.7718421636807,1916.5885009765625,0.6183139335919854,0.2708881945209781,1.7307976080018976,-0.5708096538099132,-0.1864991569900508,857.3622050692933,23.008470049917378,1.0,145.0,8,112,385,359.0,GANDIWIND-9
37649,Mode (390),AMRITSAR,31.54955,74.67793,37649,1919.3089746083217,1916.5877685546875,0.5198846316725331,0.2042510709964749,1.3038952800689905,-0.5126125764044138,-0.1106365573309621,940.9262183120148,23.05638968272212,1.0,390.0,108,109,443,666.0,ATTARI
38035,Chichrewal (208),Tarn Taran,31.35135,74.8787842,38035,1916.8758293495123,1916.571044921875,0.5584233441289977,0.2254480297503417,1.4609965908089015,-0.5352469660986647,-0.135366622688978,802.7179411963431,22.991757139516444,0.884639682848148,1510.0,125,125,245,570.0,GANDIWIND-9
36593,Bir Sarkar (76),PATIALA,30.18018,76.161644,36593,1917.589786473342,1916.5260009765625,0.4973743204897229,0.2214251619170303,1.202367918746978,-0.5107889421579757,-0.1112477522679098,769.2620948614705,23.07378490533273,1.0,1.0,0,0,14,63.0,PATIALA
38113,Asal Uttar (83),Tarn Taran,31.2072067,74.63803,38113,1915.5369300939144,1916.5164794921875,0.5879647127303401,0.2625974855117146,1.5370576692936826,-0.5629757963690671,-0.1682604935467374,724.6950658967393,23.3256585984758,0.9971416529578984,3.0,0,0,900,1132.0,VALTOHA-15
39692,Fatehnagar Alias Munshiwala (29),SANGRUR,30.27027,76.0436859,39692,1912.3608275619,1916.51123046875,0.5648906649468207,0.2537894532667745,1.4439393301994947,-0.5473075737603117,-0.1559560563482488,745.921512345697,23.12504710319816,1.0,502.0,58,180,250,519.0,BHAWANI GARH
38129,Sarai Valtoha (84),Tarn Taran,31.207283,74.64284,38129,1914.9576316308533,1916.489501953125,0.5984689424496915,0.2778512611197574,1.5300290498451257,-0.5756144918804567,-0.1801038920933455,724.6950658967393,23.3256585984758,1.0,2.47,0,0,50,80.0,VALTOHA-15
39694,Kheri Gillan (27),SANGRUR,30.2882881,76.09938,39694,1910.5670122382687,1916.4677734375,0.5740080251837392,0.2544456364235603,1.463953521798803,-0.5524445177911775,-0.1588418096389782,746.1032169348706,23.09786558272408,1.0,526.0,70,152,250,388.0,BHAWANI GARH
38175,Tut (334),Tarn Taran,31.2252254,74.6944,38175,1917.8378496451385,1916.44482421875,0.592210207956867,0.27240296009044,1.6203537695360783,-0.5639853517376707,-0.1793302069638838,721.5957481765147,23.287848761803826,1.0,2.47,0,0,350,1157.0,PATTI-14
38189,Jalloke (344),Tarn Taran,31.2972965,74.7725449,38189,1923.031901665405,1916.4403076171875,0.4833302197024803,0.1351295364142317,1.2925170389962934,-0.4690678658256492,-0.0631493911256516,715.7889319236675,23.36130724122117,1.0,2.47,0,0,80,400.0,PATTI-14
36584,Sehnserwal (53),PATIALA,30.3603611,76.30156,36584,1919.202570844261,1916.42333984375,0.5341015130175576,0.2159016015651392,1.3894103536713964,-0.5175944819277345,-0.1254887156507449,773.5693099906342,23.055821810602424,1.0,180.0,10,25,161,199.0,PATIALA
38148,Ghurk Wind (145),Tarn Taran,0.0,0.0,38148,1915.9314090519729,1916.4210205078125,0.602170709874384,0.26580215231108,1.502725937506214,-0.5778067907045903,-0.1701331291393371,763.0134019067185,23.01838677747588,1.0,506.0,65,130,485,344.0,BHIKHI WIND-13
38114,Bhura Kohna (81),Tarn Taran,31.2252254,74.63118,38114,1917.081682341079,1916.4200439453125,0.5873853500522742,0.2587929856143572,1.6016444792111184,-0.5556151164912909,-0.1699734160594267,724.6950658967393,23.3256585984758,1.0,2.47,0,0,636,1131.0,VALTOHA-15
37184,Lodhi Gujjar (5),AMRITSAR,31.71591,74.61438,37184,1915.8137456941104,1916.3985595703125,0.5954048959597742,0.2587616895916738,1.529637329966909,-0.560390654301677,-0.1681392402759137,902.5193059256834,23.01749176549852,1.0,460.0,55,38,85,525.0,CHOGAWAN
36567,Bibipur (177),PATIALA,30.1621628,76.5228348,36567,1913.5984049349825,1916.3985595703125,0.5472143226355267,0.2287259057315248,1.3686195325272814,-0.5385848149266611,-0.1311008950486199,807.4751314401067,23.061661829938952,1.0,112.0,40,23,48,256.0,BHUNER HERI
38177,Bhangala (331),Tarn Taran,31.2972965,74.7725449,38177,1917.809946606024,1916.38525390625,0.5940138265120786,0.2781689115763533,1.6143338938967,-0.5656239298764774,-0.1829871073108116,720.6530299269015,23.292632729340056,1.0,2.47,0,0,200,1129.0,PATTI-14
36324,Sauja (46),PATIALA,30.27027,76.2314453,36324,1915.5827531845923,1916.3626708984375,0.5605568694643438,0.2591914658630407,1.4199133714414012,-0.5430609848269451,-0.1570675668674837,778.8506250495398,23.05643721002172,1.0,577.0,205,60,289,620.0,NABHA
37298,Cheleke (341),AMRITSAR,31.6881466,74.62864,37298,1913.6816115078068,1916.3623046875,0.5799026769141914,0.2444582631548886,1.5073063508427642,-0.5474925590600498,-0.1560860445336762,920.6691178491012,23.05038414068065,1.0,102.0,52,35,75,106.0,CHOGAWAN
36588,Chahchuna (72),PATIALA,30.18018,76.161644,36588,1916.4001130141653,1916.3553466796875,0.5043604193525871,0.2111220060035218,1.3035630927821868,-0.5045717779318406,-0.1120310025642,773.5693099906342,23.055821810602424,1.0,1.0,0,0,1,14.0,PATIALA
38045,Dhala (181),Tarn Taran,31.477478,74.64149,38045,1921.3011101023385,1916.3489990234375,0.5644502992543348,0.2468327336552696,1.5061944570801318,-0.5431963164396079,-0.1516761153717286,862.0766353890992,23.024891231794594,1.0,404.8,0,79,115,603.0,GANDIWIND-9
36305,Suraajpur (182),PATIALA,30.2882881,76.22458,36305,1917.6439310617072,1916.3389892578125,0.5472701174204063,0.2659037538225517,1.38379322958987,-0.5386815082307274,-0.1580791448253928,773.5693099906342,23.055821810602424,1.0,253.0,58,78,155,291.0,NABHA
37660,Mahawa (419),AMRITSAR,31.6576576,74.87052,37660,1919.1176763509925,1916.3377685546875,0.5051684913012536,0.1811666417085347,1.341513249502504,-0.4930158373024839,-0.0956711577746868,938.1316629418905,23.04008922065412,1.0,1000.0,200,300,600,1123.0,ATTARI
34297,Bodal Bagga (42--A ),FIROZEPUR,31.0630627,74.81917,34297,1924.699009830729,1916.30419921875,0.373061928779137,0.07556840685612,0.9424163617374413,-0.384992343894482,-0.0101088985309257,715.6956139018433,23.361904812953355,1.0,42.0,1,1,1,44.0,MAKHU
37201,Pandori (178),AMRITSAR,31.7117119,74.6176147,37201,1917.5653997703312,1916.301513671875,0.5741225587297135,0.217281624313212,1.5892198097296684,-0.530793897563505,-0.1363337056466194,920.6691178491012,23.05038414068065,1.0,156.0,75,93,155,176.0,CHOGAWAN
34547,Tali Gulam (327),FIROZEPUR,30.9549541,74.6083,34547,1920.5327111559127,1916.30029296875,0.6203248042506805,0.2882640784457811,1.6640010605019455,-0.5921251096734783,-0.1962097377614736,713.1012924877163,23.358824961465107,1.0,5.0,34,100,127,189.0,FIROZPUR
29562,Sitapur (210),KAPURTHALA,31.2072067,75.18575,29562,1917.972229006889,1916.299560546875,0.4190189173508931,0.2625528191000063,1.189806529770033,-0.3695234545144452,-0.1320088375311023,799.283962677298,22.91550741983372,0.0036271827012745,1.0,0,1,1,143.0,SULTANPUR LODHI
37191,Lelian (172),AMRITSAR,31.6216221,74.65108,37191,1914.141396410327,1916.28759765625,0.5931844083073676,0.249784783976315,1.621685441226263,-0.5501467137185686,-0.1662337184299958,920.6691178491012,23.05038414068065,1.0,179.0,78,78,98,197.0,CHOGAWAN
38212,Kulla (169),Tarn Taran,31.44144,74.73949,38212,1916.9946325234423,1916.2738037109375,0.5833867385469834,0.2168718094736096,1.554815949237797,-0.5602453524965305,-0.1346151337021481,763.0134019067185,23.01838677747588,0.9981498984053168,384.61,150,150,397,419.0,BHIKHI WIND-13
37308,Vanieyke (345),AMRITSAR,31.6576576,74.57417,37308,1915.183799121376,1916.24609375,0.5172436713129548,0.1968199948108731,1.3470229150206474,-0.5069510909944137,-0.1094954863005897,920.6691178491012,23.05038414068065,1.0,598.0,254,302,456,665.0,CHOGAWAN
34559,Hamidwala (14/1),FIROZEPUR,30.9369373,74.6152344,34559,1918.824547280893,1916.2247314453125,0.597006502661156,0.2630428039451044,1.5812711676550468,-0.5762786135677773,-0.1720022204743684,715.6956139018433,23.361904812953355,1.0,47.36,101,101,162,132.0,FIROZPUR
38213,Bahmniwala (258),Tarn Taran,31.477478,74.91614,38213,1915.0636949161567,1916.224365234375,0.5866510226625951,0.2392592791402331,1.5549523700139016,-0.5665964109234976,-0.1531718946553678,763.0134019067185,23.01838677747588,1.0,247.0,60,0,496,391.0,PATTI-14
38046,Chhina Bidhi Chand (189),Tarn Taran,31.44144,74.65501,38046,1922.1741975450384,1916.2176513671875,0.5695880133297366,0.2468074325841049,1.5230464457609627,-0.5413506359544451,-0.153990850942239,808.5568395078527,23.019873981790884,1.0,890.7,0,339,486,815.0,GANDIWIND-9
38115,Bhura Karimpura (80),Tarn Taran,31.2252254,74.63118,38115,1918.4035763683128,1916.1776123046875,0.6110114071260887,0.2804029467946226,1.6740345415390698,-0.5743204173600934,-0.1906782665300855,724.6950658967393,23.3256585984758,1.0,2.47,0,0,250,571.0,VALTOHA-15
34334,Behk Pasarian (141),FIROZEPUR,31.0990982,74.9948349,34334,1918.6700653429264,1916.14990234375,0.6152433166605621,0.2792016540670869,1.7452737253900392,-0.5731219563096874,-0.1953967508427631,717.5621000116504,23.27274034967864,1.0,2.47,0,0,220,266.0,MAKHU
38112,Rattoke (201),Tarn Taran,31.18919,74.6448746,38112,1917.414419082183,1916.1422119140625,0.5861718512217102,0.2452502856311392,1.542702003744392,-0.5621016362373336,-0.1562307190640819,703.7510312025249,23.352887296914083,1.0,2.47,0,0,98,1817.0,VALTOHA-15
34540,Fatta Bora (5),FIROZEPUR,30.9369373,74.6152344,34540,1919.9068169778293,1916.1173095703125,0.6345974867378806,0.3191507186010207,1.735386593691967,-0.5982365841771642,-0.2244429878852974,715.6956139018433,23.361904812953355,1.0,215.0,45,45,70,224.0,FIROZPUR
36585,Taraurakalan (55),PATIALA,30.3603611,76.30156,36585,1919.6289492199207,1916.099609375,0.5665559912330724,0.2306455563249489,1.457410323869549,-0.5428852659935974,-0.1404465388387899,773.5693099906342,23.055821810602424,1.0,335.0,10,35,156,362.0,PATIALA
38072,Farandipur (140),Tarn Taran,31.36937,74.82983,38072,1921.138050609232,1916.0721435546875,0.5371168198825464,0.1917965115886113,1.3094211797956663,-0.5363695620690259,-0.1037730124972284,791.9390366434299,23.04995958284624,1.0,40.48,111,50,152,130.0,BHIKHI WIND-13
29745,Kohar Khurd (258),JALANDHAR,31.0990982,75.33151,29745,1917.0652838630829,1916.0655517578125,0.6012143445875657,0.2706467955043385,1.8960969953963056,-0.5593128738791274,-0.1914853272888834,766.9331672599213,22.841892629407766,1.0,2.47,20,0,61,128.0,SHAHKOT
29740,Killi (265),JALANDHAR,31.0630627,75.28192,29740,1917.177606087316,1916.015380859375,0.5962945869111667,0.2581732455595981,1.875014699160748,-0.552527301152569,-0.1809123684020459,766.9331672599213,22.841892629407766,1.0,2.47,70,0,145,149.0,SHAHKOT
38109,Mehdipur (203),Tarn Taran,31.1171169,74.58814,38109,1919.742648249549,1916.004150390625,0.585060478418073,0.2574612162812769,1.5349155587473915,-0.564928250447454,-0.164371666248055,680.2441420962708,23.402035037681514,1.0,2.47,0,0,230,1814.0,VALTOHA-15
36582,Sultanpur (51),PATIALA,30.1621628,76.14772,36582,1919.2055223042623,1915.996337890625,0.5256274667400539,0.2088095322307545,1.3574059469154514,-0.5159242307234092,-0.117883037063398,781.9212791829437,23.05743121227521,1.0,277.0,10,60,108,308.0,PATIALA
34385,Nawa Zira (147),FIROZEPUR,31.022543,75.00163,34385,1917.5918881864245,1915.990478515625,0.6543886308820381,0.3314604191862749,1.940136973675096,-0.6017469496679911,-0.2469418062226014,701.5655281951325,23.33207324780648,0.978491208164002,76.0,500,80,100,207.0,ZIRA
29812,Kotli Gazran (85),JALANDHAR,31.0270271,75.29548,29812,1916.3483922619143,1915.9871826171875,0.5961634648721659,0.2656752239251032,1.85036327851487,-0.5547407924109016,-0.1887069026990489,766.9331672599213,22.841892629407766,1.0,2.47,20,0,100,406.0,SHAHKOT
36577,Kheri Musalmani (181),PATIALA,30.3659153,76.3770752,36577,1916.6404471753976,1915.9691162109375,0.539801612166901,0.2238897008042697,1.398438641755792,-0.5266578268459499,-0.1292816066153471,806.6539920894846,23.06219713856435,1.0,287.0,25,25,177,310.0,PATIALA
29415,Warian (35),KAPURTHALA,31.1711712,75.22031,29415,1916.25746914338,1915.962646484375,0.6088182904034956,0.28604602548697,1.801709552318304,-0.5781765725287177,-0.2006188341651732,898.8669755866425,22.699202355922864,1.0,2.47,0,5,29,75.0,SULTANPUR LODHI
33614,Bahadarke (86),LUDHIANA,30.9007053,75.80896,33614,1918.3693249415755,1915.952392578125,0.3737436707931051,0.0659109843089689,1.2069370121314469,-0.3793842352603185,-0.0125730828720245,863.6429383977089,22.75096225082773,0.6069409540768022,225.0,42,165,455,684.0,LUDHIANA-1
29406,Amanipur (41),KAPURTHALA,31.2972965,75.2153549,29406,1918.5672154638485,1915.9342041015625,0.6362614515428429,0.3037331052949767,1.9232115074523992,-0.5879464838949633,-0.221764602571289,898.8669755866425,22.699202355922864,1.0,2.45,25,55,92,220.0,SULTANPUR LODHI
33485,Meharban (71),LUDHIANA,30.9189186,75.84033,33485,1916.404623004968,1915.9337158203125,0.3447752161065688,0.0556232581829484,1.1480653783081232,-0.3548209000060474,-0.0015595141179517,838.0591617039912,22.83252121175485,0.3498400142123405,24.0,10,10,320,296.0,LUDHIANA-2
29419,Pamaan (39),KAPURTHALA,31.2252254,75.20008,29419,1916.034902494224,1915.8985595703125,0.629138862170724,0.2836783777448406,1.84921426218551,-0.5793964152174547,-0.2017942036642897,898.8669755866425,22.699202355922864,1.0,2.47,15,15,73,142.0,SULTANPUR LODHI
34560,Kamala Middu (15),FIROZEPUR,30.9189186,74.6221848,34560,1918.296239388628,1915.8607177734375,0.6216289451992414,0.2957389602686316,1.6779602226789212,-0.5906496803677476,-0.2031918977288394,715.6956139018433,23.361904812953355,1.0,70.29,42,43,73,188.0,FIROZPUR
37208,Thikriwala (185),AMRITSAR,31.6576576,74.6800156,37208,1915.016658584045,1915.8590087890625,0.5502333369573136,0.2172379174200592,1.5980744579788408,-0.5182718885926156,-0.1355827310593788,920.6691178491012,23.05038414068065,1.0,144.0,15,24,24,150.0,CHOGAWAN
34338,Lohke Kalan (29),FIROZEPUR,30.9683037,74.99846,34338,1918.2149586254072,1915.8446044921875,0.6513687839908296,0.325712197906774,1.895950547238995,-0.6015017793883152,-0.2398708155902929,708.5658977795049,23.37750538717188,1.0,430.0,200,50,50,737.0,ZIRA
29446,Mand Gujarpur (97),KAPURTHALA,31.2252254,75.20008,29446,1915.7807633905304,1915.8170166015625,0.5088458379744683,0.2947230813927705,1.5116025485546434,-0.4630103587076279,-0.1736797555684438,868.9469787289994,22.74958406038064,1.0,2.47,0,0,2,32.0,SULTANPUR LODHI
34548,Nihala Lawera (325),FIROZEPUR,30.9369373,74.57323,34548,1919.7668455605376,1915.8125,0.6363913756822427,0.3021599188580308,1.711367007176534,-0.5984907369653195,-0.2110368314787592,697.506004222256,23.340310998041826,1.0,50.0,60,50,160,329.0,FIROZPUR
38108,Mianwala (204),Tarn Taran,31.3758526,74.6619949,38108,1919.029721211452,1915.798583984375,0.5661979691890193,0.2480844190515588,1.45310773523616,-0.5553813163010478,-0.1495473350994749,680.2601051376548,23.40245996358516,0.9731643841006392,2.47,0,0,48,875.0,VALTOHA-15
34418,Awan (156),FIROZEPUR,30.9873,74.99639,34418,1915.700921998492,1915.7974853515625,0.6718768735977398,0.3445941498367415,2.0070387298363626,-0.607462339176357,-0.2623389725758659,701.46178759199,23.33031700203564,1.0,50.0,50,10,112,198.0,ZIRA
29848,Jaffarpur (174),JALANDHAR,31.1531525,75.22706,29848,1913.936286524203,1915.782958984375,0.6654236064703023,0.288328661362168,2.030520889270078,-0.6077529193321715,-0.2181232362371571,852.7206721713441,22.680534510857456,1.0,125.0,19,20,90,139.0,LOHIAN
37669,Bharopal (427),AMRITSAR,31.5315323,74.68466,37669,1925.724580198892,1915.77978515625,0.5370593314177557,0.2207174801647036,1.584541020450157,-0.5044658264100098,-0.1344898342343246,874.2297830989259,23.067222761886853,1.0,325.0,18,48,133,324.0,ATTARI
29196,Charagpur (72),KAPURTHALA,31.4954948,75.31093,29196,1913.859731241335,1915.7711181640625,0.3733919131629729,0.2491076159911218,1.1033614454644327,-0.3424574229100658,-0.1156537065149968,931.265303771724,22.505780148381405,0.9060911578007596,4.0,1,0,3,189.0,DHILWAN
29835,Mulewal Brahmana (95),JALANDHAR,31.0270271,75.29548,29835,1916.42711154654,1915.7525634765625,0.6323395103730245,0.3080944048888345,2.01063140225749,-0.5799955460947556,-0.2244135424778367,766.9331672599213,22.841892629407766,1.0,2.47,30,125,160,162.0,SHAHKOT
34341,Manochahal (13),FIROZEPUR,30.9729729,75.00063,34341,1913.859744934328,1915.7520751953125,0.6295442970418766,0.323501681965806,1.8098719690812584,-0.5849974889444636,-0.230003243723144,695.172021072139,23.411817079033767,1.0,6.0,69,0,170,754.0,ZIRA
33820,Bhundri (16),LUDHIANA,30.9369373,75.3714752,33820,1917.3400220155204,1915.749267578125,0.6840668052176075,0.3458418132265599,1.9979592792526608,-0.6250568049659505,-0.2655524523440773,803.6360029549095,22.712871188063524,1.0,140.0,130,130,185,1499.0,SIDHWAN BET
37299,Joeke (186),AMRITSAR,31.6216221,74.6934,37299,1913.907219246368,1915.71875,0.537958519640266,0.2081044994531129,1.498487865624422,-0.510816757915566,-0.1263619717246854,920.6691178491012,23.05038414068065,1.0,204.0,105,40,65,114.0,CHOGAWAN
29417,Masit (42),KAPURTHALA,31.2072067,75.20682,29417,1917.3828644005084,1915.7161865234375,0.5896396496838017,0.2670898339536943,1.6878105883187595,-0.564447599339262,-0.1794776706252647,898.970893868718,22.698582643064224,1.0,2.47,42,35,42,449.0,SULTANPUR LODHI
36586,Taraura khurd (54),PATIALA,30.3603611,76.30156,36586,1919.245463127539,1915.71044921875,0.5310835612025342,0.2188722286360065,1.3858488300620166,-0.5206425391682726,-0.1262640736338673,773.5693099906342,23.055821810602424,1.0,224.0,15,25,94,239.0,PATIALA
37196,Ranian (1),AMRITSAR,31.7159538,74.61439,37196,1912.215372968822,1915.6876220703125,0.5557390116818709,0.211741696123976,1.5132860496670368,-0.5207171565075562,-0.1250352162360858,901.5982690265076,23.113985542743592,0.9557065384877396,414.0,223,134,223,1031.0,CHOGAWAN
36303,Dewangarh (192),PATIALA,30.3603611,76.15539,36303,1917.1537382819083,1915.6845703125,0.5169122720824263,0.2229491113258384,1.3623443749021702,-0.5103708690875685,-0.1249328722169465,773.5693099906342,23.055821810602424,1.0,158.0,49,50,114,187.0,NABHA
36597,Dilawarpur (61),PATIALA,30.3603611,76.3642044,36597,1919.2615400722043,1915.682861328125,0.5876776583250981,0.2523878708380131,1.5798062700974194,-0.5589792277344843,-0.1622028516508356,807.488927524318,23.062358028345614,1.0,102.0,2,20,74,113.0,PATIALA
29556,Gudda (201),KAPURTHALA,31.2698555,75.25883,29556,1914.4017007214463,1915.679443359375,0.5446747380841628,0.2871439707332829,1.723119262553156,-0.4979795622310798,-0.1830458623768159,799.5172533204453,22.91443664744048,0.8546151752605222,2.47,0,1,1,486.0,SULTANPUR LODHI
34552,Kamalwala (324),FIROZEPUR,30.9189186,74.58018,34552,1919.254166310508,1915.6783447265625,0.6417198377657329,0.2949906964641454,1.7122700835413447,-0.6062503894098304,-0.2073203649335414,697.455609123935,23.340251171445004,1.0,10.0,50,50,200,263.0,FIROZPUR
34554,Usmanwala (18),FIROZEPUR,30.9369373,74.57323,34554,1918.9361918218824,1915.677490234375,0.6013359298724316,0.2837080598607328,1.5486962117311849,-0.5809579700413543,-0.1863138030500082,697.455609123935,23.340251171445004,1.0,57.6,50,25,64,61.0,FIROZPUR
38110,Mahamdiwala (299),Tarn Taran,31.37592,74.6619339,38110,1920.9406559996248,1915.6727294921875,0.5300976447389754,0.1935942260011892,1.2337287759112527,-0.5328915196786633,-0.0982124927335175,680.2441420962708,23.402035037681514,1.0,2.47,0,0,10,117.0,VALTOHA-15
38002,Ruriwala (302),Tarn Taran,31.35135,74.94208,38002,1920.5439415001515,1915.6717529296875,0.5865440144972057,0.2455761110851086,1.5729843494640106,-0.5705273519218299,-0.1586487388129405,799.5172533204453,22.91443664744048,1.0,400.0,0,100,705,607.0,CHOHLA SAHIB-8
34332,Chamb (136),FIROZEPUR,31.0956268,74.9769,34332,1915.836699032286,1915.6661376953125,0.6203973222554198,0.2902328870326049,1.8495546763572843,-0.5758149411503759,-0.2089609045308928,732.6544200429288,23.21676141261533,1.0,271.0,20,0,169,292.0,MAKHU
36596,Dhakarba (93),PATIALA,30.3603611,76.30156,36596,1918.386593556344,1915.6632080078125,0.5402441205489513,0.2343786215192173,1.5219150642263106,-0.5234141474433941,-0.1426405460483493,807.488927524318,23.062358028345614,1.0,44.2,75,35,212,493.0,PATIALA
38001,Gandiwind (298),Tarn Taran,31.4954948,74.84605,38001,1921.4416414189564,1915.6219482421875,0.5799587508630852,0.2486182518175168,1.535718119873613,-0.5652738875121455,-0.1595290910945851,799.5172533204453,22.91443664744048,1.0,161.0,141,141,240,583.0,CHOHLA SAHIB-8
29795,Mala (183),JALANDHAR,31.1531525,75.22706,29795,1916.9517374625968,1915.6112060546875,0.6526320946151145,0.2871936646547005,2.0462882341247552,-0.5979373812095891,-0.2157065032373322,852.7206721713441,22.680534510857456,1.0,105.0,14,13,25,322.0,LOHIAN
38000,Marhana (301),Tarn Taran,31.4954948,74.84605,38000,1926.5125147257,1915.6044921875,0.5551035691953297,0.2333195382326784,1.4226185596936074,-0.5498231717674185,-0.1411507442792263,791.6123198188266,22.939858441829983,1.0,206.0,135,135,230,725.0,CHOHLA SAHIB-8
37202,Chak Allah Bakash (179),AMRITSAR,31.6936932,74.64547,37202,1915.195462457085,1915.5860595703125,0.5795204771254467,0.23211468127988,1.627276356646948,-0.540897397702275,-0.1491186615780705,905.278657996564,23.10171142213193,1.0,150.0,116,40,64,180.0,CHOGAWAN
37853,Kalas (170),Tarn Taran,31.4954948,74.71926,37853,1918.3279573974096,1915.5804443359375,0.6128799109116299,0.2573736288290535,1.6746249863680227,-0.5644151490054481,-0.1731746453207856,857.3622050692933,23.008470049917378,1.0,60.0,80,80,145,125.0,GANDIWIND-9
33486,Jagirpur (70),LUDHIANA,30.9189186,75.84033,33486,1916.179945304008,1915.56298828125,0.2974792904120287,0.0226864140471076,1.0062931586349302,-0.3109356902780069,0.0244172287395303,836.7217871358292,22.840341159891125,0.1685446800467876,20.0,20,0,2396,127.0,LUDHIANA-2
36602,Main (34),PATIALA,30.27027,76.35662,36602,1912.2784719083045,1915.553955078125,0.5398979912924959,0.2242377525702059,1.3986734886716017,-0.5299780272451385,-0.1302485539497803,813.1013655820985,23.05081900256349,1.0,404.0,200,305,486,434.0,PATIALA
29559,Mand Kamboa (202),KAPURTHALA,31.2072067,75.18575,29559,1916.4120563052768,1915.5457763671875,0.6257983543416965,0.2815145510494324,1.8984197950362736,-0.5621140402251347,-0.1996664230819168,799.5172533204453,22.91443664744048,0.8797000965522387,4.0,0,1,1,96.0,SULTANPUR LODHI
29743,Pato Khurd (259),JALANDHAR,31.0990982,75.33151,29743,1916.8495190016577,1915.5443115234375,0.6127425525158288,0.2947643049718172,1.917304522914853,-0.56743357720451,-0.2099404393734307,766.9331672599213,22.841892629407766,1.0,90.0,60,20,55,91.0,SHAHKOT
34345,Lohke Khurd (11),FIROZEPUR,30.9189186,74.7271957,34345,1914.388744655384,1915.5341796875,0.6625603460310644,0.3242573092167884,1.8979136255627265,-0.6116933757181764,-0.2418445126786196,695.172021072139,23.411817079033767,1.0,2.47,20,15,20,490.0,ZIRA
37296,Thatta (188),AMRITSAR,31.7158051,74.61436,37296,1912.3443844310711,1915.53076171875,0.5524409885476483,0.2111661141267938,1.4536855220328613,-0.5236964027607841,-0.128227705946938,920.6691178491012,23.05038414068065,1.0,137.0,143,80,228,195.0,CHOGAWAN
36583,Bhedpura (52),PATIALA,30.3423424,76.3710251,36583,1919.1619563010856,1915.5301513671875,0.5563152117870337,0.2375967567109119,1.4514547047383632,-0.5368456101478251,-0.1442412359192655,773.863654661759,23.05587853001671,1.0,447.0,25,25,218,480.0,PATIALA
29846,Malupur (171),JALANDHAR,31.0810814,75.3382645,29846,1914.7261960018573,1915.529541015625,0.6499583664191265,0.2968233399338974,1.9210746302722768,-0.5988797103259962,-0.217143357479475,852.7206721713441,22.680534510857456,1.0,190.0,79,79,120,210.0,LOHIAN
38062,Sidhwan (111),Tarn Taran,31.6756763,74.88505,38062,1920.736195870234,1915.5238037109375,0.5662061098398767,0.2383277170441028,1.447874009024687,-0.5490626009953615,-0.1447459827768676,806.2198722889968,23.04588234988097,1.0,170.04,75,85,300,215.0,BHIKHI WIND-13
37648,Dande (394),AMRITSAR,31.54955,74.67793,37648,1917.0850673666027,1915.51953125,0.5150730476090273,0.2019452366304444,1.3405281371805344,-0.5059956013548582,-0.1117551857146396,940.35225403066,23.053041785916573,1.0,394.0,159,178,220,223.0,ATTARI
36591,Kooka (74),PATIALA,30.1621628,76.14772,36591,1914.1925828018263,1915.5164794921875,0.539023287289842,0.2288557661171384,1.3636776089089442,-0.527243513292158,-0.1330906120905161,762.7183652081135,23.10107530809482,1.0,27.0,73,0,180,302.0,PATIALA
29807,Shekhewal (88),JALANDHAR,31.0270271,75.29548,29807,1917.995643550748,1915.51416015625,0.5666350046461401,0.232947014667244,1.7534714032687415,-0.5341204583474323,-0.1583918364206834,766.9331672599213,22.841892629407766,0.7469437967300832,2.47,15,0,350,107.0,SHAHKOT
36566,Bishanpura Chhana (40),PATIALA,30.3423424,76.3710251,36566,1914.1088491058977,1915.4791259765625,0.5363307990643347,0.2416099187879034,1.3777471630716251,-0.5312554581452974,-0.1393311349540338,807.488927524318,23.062358028345614,1.0,208.0,25,25,84,238.0,PATIALA
29405,Bidhipur (40),KAPURTHALA,31.2072067,75.18575,29405,1916.126525015138,1915.476806640625,0.6070136934703659,0.2689069028904967,1.7732529530696446,-0.5652387095751447,-0.1871247315576344,898.8669755866425,22.699202355922864,1.0,2.48,3,20,50,183.0,SULTANPUR LODHI
29744,Talwandi Butian (260),JALANDHAR,31.0270271,75.29548,29744,1915.939044882754,1915.4697265625,0.6304910743714136,0.2956713945078585,1.922510068971548,-0.5798264936966048,-0.2164418409481671,766.9331672599213,22.841892629407766,1.0,2.47,50,0,213,874.0,SHAHKOT
38188,Kot Budha (341),Tarn Taran,31.2252254,74.6944,38188,1921.1702407683329,1915.466064453125,0.5320597655307997,0.1953026993133622,1.4128250451676558,-0.5152778450135025,-0.1143355634818128,726.9150687125073,23.290059858277044,1.0,2.47,0,0,410,695.0,PATTI-14
38214,Jamalpur (257),Tarn Taran,31.44144,74.73949,38214,1914.852050326777,1915.46533203125,0.6134172942292303,0.2564553110609331,1.655191662347189,-0.5774223311258262,-0.1727050296117103,763.0134019067185,23.01838677747588,1.0,323.88,50,90,198,191.0,BHIKHI WIND-13
38111,Machhike (82),Tarn Taran,31.2072067,74.63803,38111,1917.6057973193745,1915.457275390625,0.5873492831540993,0.2617679157682183,1.54585261279094,-0.563348912061728,-0.1675592450473091,699.9136197661346,23.368238559745915,0.8283737872974083,2.47,0,0,187,413.0,VALTOHA-15
29498,Sherpur Dona (13),KAPURTHALA,31.269886,75.25873,29498,1919.7475700165733,1915.4549560546875,0.6806462947386339,0.3205459516785168,2.072880656368269,-0.6173713961499809,-0.2452762049662223,852.7206721713441,22.680534510857456,1.0,140.83,50,50,132,153.0,SULTANPUR LODHI
33719,Akalgarh (374),LUDHIANA,30.7027035,75.6907959,33719,1911.282922298168,1915.4359130859375,0.6627785549805072,0.3048162472952597,1.7099033309596652,-0.6313078379214655,-0.2218283135451405,736.1937885011604,23.090892885446863,1.0,1.0,0,0,100,164.0,PAKHOWAL
34541,Gurditiwala (4),FIROZEPUR,30.9369373,74.6152344,34541,1920.977322352678,1915.4249267578125,0.5875093283526326,0.2660399496980304,1.5991097838933677,-0.568367742436057,-0.1753958205690015,715.6956139018433,23.361904812953355,1.0,75.0,45,40,75,84.0,FIROZPUR
29504,Rawal (18),KAPURTHALA,31.0090084,75.6386261,29504,1917.6172273417667,1915.4056396484375,0.668606163026801,0.3044521359204956,2.032002882671599,-0.6086771271006393,-0.2295149075826592,850.7536489344669,22.684234294048984,1.0,109.26,15,15,30,113.0,SULTANPUR LODHI
29497,Ahmedpur (10),KAPURTHALA,30.9369373,74.6992645,29497,1919.074848101407,1915.3994140625,0.6760670545778705,0.3140875942404927,2.0147291261247826,-0.6183694389425753,-0.2389789527881877,852.7206721713441,22.680534510857456,1.0,271.13,50,50,124,290.0,SULTANPUR LODHI
34417,Sher Singhwala (155),FIROZEPUR,30.9369373,75.1404,34417,1915.493658324482,1915.39794921875,0.6802346804316522,0.3495685746991506,2.10142829727796,-0.6169830357833731,-0.2708627309333528,701.5655281951325,23.33207324780648,1.0,50.0,10,25,26,129.0,ZIRA
36569,Ashabpur (41),PATIALA,30.1621628,76.14772,36569,1914.0239139457424,1915.3953857421875,0.5427719100988712,0.2206804934541054,1.3504272546226208,-0.5378848809627718,-0.1243758135577217,807.488927524318,23.062358028345614,1.0,84.0,25,25,87,87.0,PATIALA
38039,Mahna (190),Tarn Taran,31.477478,74.66261,38039,1922.8048525374809,1915.3924560546875,0.6094803358401316,0.2749315079434736,1.6148485212816208,-0.5680431745796245,-0.1843276549010879,803.7332537581818,23.00716597809464,1.0,40.0,0,14,36,52.0,GANDIWIND-9
29558,Naki (204),KAPURTHALA,31.2698421,75.25873,29558,1915.3269179585327,1915.3753662109375,0.6407769068394613,0.2774044431474107,2.0584922474972225,-0.5678404529266324,-0.2048004654634093,799.5130173624416,22.914456089912825,0.9037637971144172,2.47,1,1,1,23.0,SULTANPUR LODHI
38183,Rahdalke (335),Tarn Taran,30.9549541,75.13356,38183,1917.7275363110664,1915.3607177734375,0.5982828163199625,0.2754823901218199,1.6085565853109056,-0.5706566334657196,-0.1815800431491495,697.5060221295321,23.340311019300767,1.0,2.47,0,0,60,235.0,PATTI-14
29386,Mand Munda (96),KAPURTHALA,31.18919,75.23463,29386,1914.530139368842,1915.3316650390625,0.4218912255345203,0.2646237075666681,1.240615176883454,-0.396977860345871,-0.1304884186722463,868.9469787289994,22.74958406038064,1.0,2.47,0,0,40,94.0,SULTANPUR LODHI
29268,Dulo Araiyan (156),KAPURTHALA,31.4234238,75.35857,29268,1916.0264652159929,1915.3179931640625,0.6245999505398339,0.272630964082065,1.92553928872256,-0.5834521160191681,-0.1967386808448512,942.3733892848388,22.416556765311952,1.0,2.5,20,10,40,91.0,KAPURTHALA
37212,Thatti (168),AMRITSAR,31.6216221,74.6934,37212,1912.7925103065536,1915.3021240234375,0.5716264844095142,0.2358439731647065,1.5359766073839023,-0.534424697860058,-0.1500215958658841,920.6691178491012,23.05038414068065,1.0,252.0,40,40,249,282.0,CHOGAWAN
29805,Jafarwal (266),JALANDHAR,31.0810814,75.35931,29805,1917.4748327929144,1915.278564453125,0.5907442387394081,0.2560954056127868,1.9842219019244685,-0.5492359309564214,-0.1785870108155636,766.9331672599213,22.841892629407766,1.0,2.47,0,0,300,108.0,SHAHKOT
33822,Lihan (14),LUDHIANA,30.9369373,75.3714752,33822,1917.9561030467348,1915.273193359375,0.6762149852954066,0.3383932412730402,1.982498790284973,-0.6184289001163589,-0.2587106143943501,793.1981625964539,22.71537406249968,1.0,60.0,90,90,123,190.0,SIDHWAN BET
29489,Nasirewal (11),KAPURTHALA,31.2432442,75.1512,29489,1919.6635131973137,1915.2724609375,0.6718760572596083,0.3088276231585361,2.004317042199215,-0.6126773667393767,-0.2346287763426388,852.7206721713441,22.680534510857456,1.0,325.12,50,50,112,347.0,SULTANPUR LODHI
37211,Sidhawan (169),AMRITSAR,31.6216221,74.6934,37211,1913.1032997753523,1915.2672119140625,0.5470915081966197,0.2178989202425829,1.5546155240985364,-0.5116377600278182,-0.1339488571019387,920.6691178491012,23.05038414068065,1.0,46.0,46,36,36,52.0,CHOGAWAN
38211,Patti (Rural) (170),Tarn Taran,31.2072067,74.78549,38211,1916.3602323667888,1915.2469482421875,0.5073150006619869,0.1422150425126074,1.2950692196504725,-0.507968791778454,-0.0635263550515107,763.0134019067185,23.01838677747588,0.90463683103764,474.0,30,50,210,1919.0,PATTI-14
33725,Kishangarh (197),LUDHIANA,30.3783779,75.7726,33725,1914.099104821188,1915.24609375,0.671502863644387,0.3160088305613017,1.7414248873661762,-0.6254104124017905,-0.2313469409362647,742.8930456172112,23.051918254065733,1.0,135.0,37,40,80,155.0,RAIKOT
33491,Bhamian Khurd (180),LUDHIANA,30.9189186,75.84033,33491,1913.9427967326656,1915.243408203125,0.2404375136239957,-0.0054762783766504,1.0267150859157594,-0.2542908209171969,0.0400973389264018,836.7217871358292,22.840341159891125,0.0,24.0,54,0,622,216.0,LUDHIANA-2
33842,Gorsian Qadar Baksh (20),LUDHIANA,30.9369373,75.3714752,33842,1915.857174581724,1915.242919921875,0.6819106459854056,0.338001939687492,1.9951515504641648,-0.6264996170913311,-0.2609984225241979,776.7625376277484,22.75233127223553,1.0,121.0,150,95,153,382.0,SIDHWAN BET
29784,Sajanwal (250),JALANDHAR,31.405405,75.3863144,29784,1915.5447138193124,1915.2427978515625,0.6375559316277304,0.3150881658890548,1.9159598267161104,-0.5900453240538639,-0.2265766293451323,766.9331672599213,22.841892629407766,1.0,96.0,56,56,56,98.0,LOHIAN
29401,Salehpur (125),KAPURTHALA,31.3153152,75.229744,29401,1914.417489240069,1915.2384033203125,0.6380625238034401,0.3151543009298698,1.8305792110188723,-0.5848481449794901,-0.2283971523915288,898.8669755866425,22.699202355922864,1.0,2.47,35,54,250,148.0,SULTANPUR LODHI
33827,Raowal (66),LUDHIANA,30.9369373,75.3714752,33827,1915.2639468108928,1915.2322998046875,0.683371703243958,0.3460097853287149,2.05243558218843,-0.6251298771893197,-0.269012928267721,769.3749574174595,22.78281416971868,1.0,282.0,290,290,364,725.0,SIDHWAN BET
33819,Aliwal (11),LUDHIANA,30.9369373,75.3714752,33819,1917.2935219884755,1915.2308349609375,0.6605820794356222,0.3389215939419582,1.8669940983152924,-0.6090579548685284,-0.25073228514545,815.7546517417621,22.709965275040368,1.0,160.0,150,150,207,440.0,SIDHWAN BET
37891,Panjwar (196),Tarn Taran,31.477478,74.91614,37891,1916.180724035675,1915.2293701171875,0.5515159549889685,0.2211011875453861,1.471250497305359,-0.5288640979254858,-0.1322027006296419,830.3917111663277,22.92621533797205,1.0,195.0,28,36,194,1913.0,TARN TARAN-12
34742,Doni Khundar (360),FIROZEPUR,30.8828831,74.40514,34742,1918.076339200573,1915.2275390625,0.6070727441124675,0.240103663008421,1.476241831263675,-0.5805331363540516,-0.1533934412398489,653.7121203830945,23.835634173307845,1.0,12.0,32,46,86,11.0,MAMDOT
36576,Kishangarh (180),PATIALA,30.3423424,76.3710251,36576,1916.4446370853843,1915.2197265625,0.5287570905343206,0.2250894998877084,1.337137695153556,-0.5233631678527191,-0.1242423861525361,807.488927524318,23.062358028345614,1.0,143.0,0,0,10,148.0,PATIALA
34376,Machhiwara (154),FIROZEPUR,30.9729729,75.00063,34376,1914.2582041459025,1915.218017578125,0.641954195056761,0.3087566675978441,1.904052877759148,-0.5945093939072811,-0.2272916746498754,701.5655281951325,23.33207324780648,1.0,262.15,100,95,105,286.0,ZIRA
36224,Badshahpur (Kaleki) (77),PATIALA,30.0180187,76.18246,36224,1914.5927474553207,1915.21240234375,0.5472295179152846,0.2339577656036353,1.4579095751326194,-0.5272259219429698,-0.1406276839965738,763.7876207630715,23.096616014038187,1.0,373.0,35,35,43,396.0,SAMANA
34563,Kamala Bodla (13),FIROZEPUR,30.9549541,74.6083,34563,1916.2955430478128,1915.2098388671875,0.6258666379946648,0.305125329497069,1.733488529140468,-0.5917854100617166,-0.2127517345215616,710.0739983839023,23.37997127170547,1.0,80.0,50,50,130,358.0,FIROZPUR
37192,Panju Rai (173),AMRITSAR,31.6576576,74.6800156,37192,1915.8321434927304,1915.204833984375,0.5477989202839596,0.2094681737260728,1.5261397990011487,-0.5140558533629734,-0.1279888702892527,920.6691178491012,23.05038414068065,1.0,156.0,81,71,126,174.0,CHOGAWAN
38006,Sarhali Kalan (303),Tarn Taran,31.44144,74.92956,38006,1916.0556005830813,1915.1917724609375,0.5976901384855022,0.2647006130075895,1.5865557554514902,-0.572913658535919,-0.175261011952083,780.9898698725391,22.90238113747924,1.0,550.0,90,80,389,3023.0,CHOHLA SAHIB-8
36307,Ageta (181),PATIALA,30.3603611,76.15539,36307,1913.9608536992764,1915.1898193359375,0.522100653273516,0.2306034491618725,1.3745376452947786,-0.5128816780199908,-0.1310748691171016,773.5693099906342,23.055821810602424,1.0,259.0,195,62,140,262.0,NABHA
37188,Bhilowal Kakezai (165),AMRITSAR,31.7117119,74.68115,37188,1913.0941160112343,1915.186279296875,0.5675524493509639,0.2286930962752459,1.4832581879616502,-0.5367187966838692,-0.1430335681760197,920.4573384962268,23.05000033913098,1.0,355.0,155,133,221,394.0,CHOGAWAN
34386,Gadriwala (343) (Part),FIROZEPUR,31.0224476,75.00164,34386,1918.1193981232573,1915.1571044921875,0.6205549388292199,0.284444059170536,1.7979011670005696,-0.576018044341042,-0.2050769451310401,701.3177012482853,23.331781910435872,0.8903790547077322,100.0,50,50,59,727.0,ZIRA
29797,Sichewali (116),JALANDHAR,31.1531525,75.31128,29797,1917.1788455433225,1915.1544189453125,0.6453318164273475,0.2845837361741886,2.0198122476250595,-0.5904581059086536,-0.212524778639053,851.3110676116581,22.68318584265647,1.0,600.0,35,31,260,257.0,LOHIAN
29742,Pato Kalan (263),JALANDHAR,31.0828915,75.34603,29742,1916.125434707988,1915.1485595703125,0.616735536428192,0.2911721409561632,1.888998327390444,-0.5714485459733573,-0.2077268563970997,766.9331672599213,22.841892629407766,1.0,2.47,0,0,65,137.0,SHAHKOT
29424,Ucha (122),KAPURTHALA,31.1531525,75.206,29424,1915.742094219196,1915.1197509765625,0.6513521937952642,0.3245360802873115,1.851837488470669,-0.59776536950203,-0.2375963388305343,898.8669755866425,22.699202355922864,1.0,2.47,0,0,125,54.0,SULTANPUR LODHI
33833,Sidhwan Bet (28),LUDHIANA,30.9369373,75.3714752,33833,1912.0894408468805,1915.1014404296875,0.6563355573923465,0.3196187951926649,1.9660378061801824,-0.60923475415065,-0.2428687953506289,768.8502514112788,22.79204998805321,1.0,288.0,300,300,770,1073.0,SIDHWAN BET
29425,Haidrabad Bet (123),KAPURTHALA,31.2072067,75.20682,29425,1916.5024532166024,1915.0999755859375,0.6387716223128406,0.3028849540888155,1.834099249451462,-0.5872205879890682,-0.2205451543510916,862.8422876166222,22.74990962225745,1.0,2.47,0,35,73,108.0,SULTANPUR LODHI
29511,Karamjitpur (26),KAPURTHALA,31.18919,75.23463,29511,1918.6690326570408,1915.091796875,0.6348074963115012,0.308079818360526,1.854810889461248,-0.589759415742441,-0.2232037614754406,817.6976385524171,22.81345387128846,1.0,2.47,0,15,50,154.0,SULTANPUR LODHI
29792,Chak Chela (186),JALANDHAR,31.157711,75.2127,29792,1917.618254938382,1915.05517578125,0.6700612759863201,0.2944534739370134,2.0119761618930494,-0.6104422120887001,-0.2220959943153056,852.7206721713441,22.680534510857456,1.0,362.0,22,23,218,395.0,LOHIAN
29369,Kutbewal (56),KAPURTHALA,31.2252254,75.26329,29369,1914.878932972528,1915.05419921875,0.6106428861317346,0.2842923615499715,1.7804624477599846,-0.5736969982408503,-0.1993531715643903,931.265303771724,22.505780148381405,1.0,160.12,60,0,106,176.0,SULTANPUR LODHI
34381,Chohlah (150),FIROZEPUR,30.9909916,74.99378,34381,1913.011781997608,1915.047119140625,0.6392507969692857,0.3175077196336909,1.9437568892029264,-0.5885958490988618,-0.234647099391145,701.5655281951325,23.33207324780648,1.0,181.13,155,91,200,201.0,ZIRA
36304,Narmana (191),PATIALA,30.3603611,76.15539,36304,1916.7384613096965,1915.043212890625,0.5175498531449063,0.2237489606267668,1.3907407084675385,-0.5073906871305909,-0.1261813750483573,773.5693099906342,23.055821810602424,1.0,435.0,65,62,330,470.0,NABHA
29738,Bajwa Kalan (268),JALANDHAR,31.0270271,75.3795853,29738,1915.7996933029167,1915.0390625,0.5919274028639503,0.2590560746768122,1.827164456400217,-0.5483445927290931,-0.1829232899792657,766.9331672599213,22.841892629407766,1.0,2.47,50,1,400,497.0,SHAHKOT
29387,Alam Khanwala (94),KAPURTHALA,31.2972965,75.2153549,29387,1914.5173446091896,1915.033447265625,0.4933569590855572,0.2723222405626616,1.492186597541336,-0.4558725638434558,-0.1580336613505011,868.9469787289994,22.74958406038064,1.0,2.47,0,0,35,148.0,SULTANPUR LODHI
38153,Bua (235),Tarn Taran,31.2972965,74.73037,38153,1909.5163352214809,1915.0325927734375,0.5926481902036954,0.257482858656274,1.6076428917308614,-0.5670855483694428,-0.1661881064617543,763.0134019067185,23.01838677747588,1.0,250.0,120,70,135,105.0,BHIKHI WIND-13
39687,Dehlewal (23),SANGRUR,30.2882881,76.09938,39687,1910.7299509018017,1915.0321044921875,0.5736100338305192,0.2618495888489403,1.505780232836201,-0.5509988223386071,-0.1655435841569626,771.9203798506262,23.05834591342602,1.0,245.0,50,85,125,147.0,BHAWANI GARH
29852,Sohal Khalsa (182),JALANDHAR,31.1531525,75.22706,29852,1915.2438801046976,1915.0308837890625,0.6700544099567864,0.297030827874583,2.0796589671476413,-0.6095225466257377,-0.2255393616174511,852.7206721713441,22.680534510857456,1.0,327.0,36,36,125,133.0,LOHIAN
38005,Dedehar Sahib (293),Tarn Taran,31.4438629,74.9944,38005,1918.848645593896,1915.02587890625,0.5712878559657495,0.2466339949397782,1.462444089841911,-0.5565213748083783,-0.1523535905300991,758.6699827982069,23.014108756281303,1.0,242.0,150,150,223,503.0,CHOHLA SAHIB-8
38107,Chak Ladheke (208),Tarn Taran,31.3759441,74.66199,38107,1918.2305056352373,1915.0130615234375,0.5333771319651989,0.2102352984067672,1.468507638658219,-0.5176175690820829,-0.126094965900691,680.3085883662078,23.40375055597711,0.9350799393033477,2.47,0,0,30,61.0,VALTOHA-15
36301,Banera kalan (49),PATIALA,30.3603611,76.15539,36301,1918.7622833209928,1915.010498046875,0.567319048997298,0.2575778629151168,1.4201956907271265,-0.5496738644672319,-0.1592105109700815,773.5693099906342,23.055821810602424,1.0,539.0,300,55,301,557.0,NABHA
34384,Malsian Shahzada Sant Singhwala (146),FIROZEPUR,31.0224476,75.00164,34384,1915.8377614288,1915.0074462890625,0.6628915735790043,0.349823663452021,1.9754523029701867,-0.6084721937746836,-0.2638903330680895,701.5655281951325,23.33207324780648,1.0,200.0,200,95,207,635.0,ZIRA
38179,Jhugian Natha Singh (319),Tarn Taran,31.16374,74.77441,38179,1917.286795220002,1915.0040283203125,0.5808138861777535,0.2643266347710771,1.534673757777679,-0.5609018503066793,-0.1674290163578123,697.455609123935,23.340251171445004,1.0,35.0,12,25,120,147.0,PATTI-14
34430,Sukhewala (326),FIROZEPUR,30.9369373,75.1404,34430,1915.1452506039648,1914.9923095703125,0.6807413388376943,0.3376274387201338,2.0241354223374723,-0.6158360429431868,-0.257826480953534,699.6849480357887,23.329862498386813,1.0,607.28,200,170,300,485.0,ZIRA
38155,Ahmedpur (167),Tarn Taran,0.0,0.0,38155,1916.489321023576,1914.983642578125,0.6175007599391544,0.2564166206595006,1.5896975544256609,-0.5832248737051396,-0.1701315433338133,763.0134019067185,23.01838677747588,1.0,182.18,50,40,195,219.0,BHIKHI WIND-13
29278,Majahadpur (92),KAPURTHALA,31.36937,75.4207,29278,1912.4016559930144,1914.9814453125,0.622016126172344,0.3405083551626316,1.9422168016953936,-0.5730486267864565,-0.2448168458100062,897.5934627463715,22.45076415034606,1.0,2.5,20,30,90,220.0,KAPURTHALA
29741,Sangatpur (264),JALANDHAR,31.0828724,75.34057,29741,1917.0959361242124,1914.98095703125,0.6223209420883203,0.2852952039960656,1.865566638031389,-0.58171011723041,-0.2039517276597257,766.9331672599213,22.841892629407766,1.0,2.47,0,1,280,120.0,SHAHKOT
37984,Rania (294),Tarn Taran,31.45946,74.94397,37984,1918.0305468503705,1914.976318359375,0.637677177652374,0.2958074451966415,1.768269593329303,-0.6025046434261783,-0.2089943645101612,764.7951960360614,23.02610071152018,1.0,25.0,0,0,12,129.0,CHOHLA SAHIB-8
29834,Mulewal Khaira (94),JALANDHAR,31.0270271,75.29548,29834,1916.69069542088,1914.974853515625,0.5739542805222596,0.2531973439848744,1.816675268421981,-0.5393633977762802,-0.1728747696737067,766.9331672599213,22.841892629407766,1.0,2.47,50,100,150,193.0,SHAHKOT
38043,Chima Kalan (182),Tarn Taran,31.477478,74.68375,38043,1920.992975866038,1914.9610595703125,0.5025357162869895,0.1865651915471217,1.34526366104395,-0.4831213719630206,-0.0998897988259672,857.3622050692933,23.008470049917378,1.0,112.5,35,206,365,343.0,GANDIWIND-9
34363,Chabba (28),FIROZEPUR,30.5045052,74.0931244,34363,1915.1381067761647,1914.9532470703125,0.6951006286755183,0.3743727463251157,2.0447520804216057,-0.6316737275679426,-0.2888732474343598,695.172021072139,23.411817079033767,1.0,3.2,200,200,295,342.0,ZIRA
29800,Badshahpur (97),JALANDHAR,31.2252254,75.1158,29800,1916.4395752448,1914.9429931640625,0.6645476589075018,0.3152870270518861,2.037773278427483,-0.6117826204069705,-0.235441433983196,766.9331672599213,22.841892629407766,1.0,247.0,15,16,107,270.0,LOHIAN
29393,Mand Dhunda (76),KAPURTHALA,31.1711712,75.22031,29393,1914.31611250241,1914.9388427734375,0.615371061377671,0.285495777222687,1.7476229677290804,-0.5788401587358357,-0.1990139730110822,868.9469787289994,22.74958406038064,1.0,2.47,0,0,10,71.0,SULTANPUR LODHI
29844,Dhadha Daulatpur (119),JALANDHAR,31.1531525,75.206,29844,1914.9302327286025,1914.9375,0.6440476770417095,0.2805417047669558,1.931468345753996,-0.5945949997053109,-0.20649377121334,852.7206721713441,22.680534510857456,1.0,208.0,18,18,157,230.0,LOHIAN
34361,Naurang Singhwala (352),FIROZEPUR,30.98739,74.996376,34361,1914.49262971964,1914.9075927734375,0.6970268943905307,0.3606206800012142,2.028076722831799,-0.6343887717996843,-0.2798466835754325,695.172021072139,23.411817079033767,1.0,270.03,150,150,200,300.0,ZIRA
37864,Aima Kalan (39),Tarn Taran,31.7657661,74.8519,37864,1917.0393064917207,1914.9034423828125,0.5408092586383547,0.217003058416451,1.427032420664204,-0.5185215189000804,-0.1264276837858361,843.4986415316956,22.92203865045581,1.0,450.0,450,55,265,256.0,GANDIWIND-9
37855,Rakh Sarai Amanat Khan (172),Tarn Taran,31.35135,74.8787842,37855,1916.5439046849908,1914.8936767578125,0.5631322474161938,0.2363060794244096,1.5296746757126514,-0.530433570028962,-0.1462122416870439,857.3622050692933,23.008470049917378,0.9571690921430877,20.0,0,0,15,722.0,GANDIWIND-9
33840,Madarpura (56),LUDHIANA,30.9369373,75.3714752,33840,1916.1734422491925,1914.8927001953125,0.7025349156300247,0.3652923193569488,2.061607848725799,-0.6436274180616801,-0.2857358372208418,769.0787109544175,22.78365280134045,1.0,80.0,75,75,135,221.0,SIDHWAN BET
38243,Marrar (186),Tarn Taran,31.2252254,74.86296,38243,1922.8630412336936,1914.8819580078125,0.5700212946465775,0.230644316451703,1.4655314982597905,-0.5347056017440531,-0.1362546748885214,799.5172533204453,22.91443664744048,0.592810166388205,29.0,10,0,50,312.0,PATTI-14
36590,Laluchhi (67),PATIALA,30.18018,76.161644,36590,1915.605953610708,1914.8785400390625,0.5516232336038296,0.2369264361692765,1.4292675929995171,-0.5336603474623256,-0.1418774068666764,767.0225062916282,23.08312503356703,1.0,655.0,10,60,201,719.0,PATIALA
33677,Bhattian (CT),LUDHIANA,30.7152538,76.20202,33677,1916.346149489912,1914.873046875,0.377103524430528,0.0626859707853789,1.1898852216361204,-0.3791777748180291,-0.0128372340770745,862.1074335944666,22.76828688051292,0.1123426022832679,155.0,37,38,158,0.0,LUDHIANA-1
29713,Chak Bahmanian (277),JALANDHAR,31.0270271,75.35856,29713,1916.133311698709,1914.8675537109375,0.4657080784806738,0.2214458902386471,1.3727284685445156,-0.4476957203928391,-0.1250893609008732,731.4165028741257,22.937485862209485,1.0,2.47,50,1,176,365.0,SHAHKOT
29423,Sarai Jattan (124),KAPURTHALA,31.3153152,75.229744,29423,1915.69434561538,1914.86181640625,0.6116134449382596,0.273506054454864,1.7556932648631625,-0.5677915861872177,-0.1920420118037645,898.8669755866425,22.699202355922864,1.0,2.47,25,55,150,224.0,SULTANPUR LODHI
29502,Tashpur (16),KAPURTHALA,31.2432442,75.1512,29502,1918.299994611083,1914.855224609375,0.6409336918987127,0.2761841954045554,1.9874361581987607,-0.5876468090020983,-0.2028890673590168,852.7206721713441,22.680534510857456,1.0,242.41,90,90,180,267.0,SULTANPUR LODHI
38067,Tatle (210),Tarn Taran,31.27928,74.737175,38067,1917.944806892238,1914.828857421875,0.5651891851443689,0.2342225883635461,1.4522567960427433,-0.5512163351997358,-0.14081891433775,799.3034607787762,22.939937454072247,1.0,305.0,150,120,240,250.0,BHIKHI WIND-13
34377,Shahwala (161),FIROZEPUR,31.27928,74.54743,34377,1914.8956946174976,1914.81005859375,0.6219032464599304,0.3069021206568918,1.814088946460117,-0.5838328422899229,-0.2185935585872482,701.3506213357914,23.32843504587411,1.0,200.0,100,12,270,481.0,ZIRA
29465,Patti Bhalu Bahadur (155),KAPURTHALA,31.2072067,75.2489548,29465,1914.519686348644,1914.8048095703125,0.631623681740998,0.306509750927429,1.7696196573322491,-0.5897852310792147,-0.2166171556409311,816.9662448575394,22.834234023093245,1.0,2.47,20,31,51,82.0,SULTANPUR LODHI
34380,Nurpur (153),FIROZEPUR,30.9729729,75.00063,34380,1914.2800941645417,1914.789306640625,0.654840235101916,0.3393010154937634,1.9782593134175857,-0.6028657535718651,-0.2539904927464917,701.5655281951325,23.33207324780648,1.0,293.4,250,85,205,312.0,ZIRA
34339,Thatha (27),FIROZEPUR,30.9009018,74.71313,34339,1915.258587572764,1914.7774658203125,0.6425124911106582,0.308912153772119,1.7855211561086812,-0.6022477199334788,-0.225090099416819,695.172021072139,23.411817079033767,1.0,80.97,20,30,35,686.0,ZIRA
29842,Khurampur (114),JALANDHAR,31.0810814,75.35931,29842,1914.854107783628,1914.7744140625,0.6417512944692004,0.3049340997202818,1.8902123240780588,-0.5926095113963055,-0.220693458068052,766.9331672599213,22.841892629407766,0.9725710986871328,2.47,15,0,300,319.0,SHAHKOT
37868,Jhabal Mannan (43),Tarn Taran,31.477478,74.91614,37868,1915.86215760466,1914.773681640625,0.5443297365244897,0.2247400889340715,1.4487296305565198,-0.5215483227796737,-0.1335207199926003,843.4986415316956,22.92203865045581,1.0,325.0,68,34,235,661.0,TARN TARAN-12
37200,Makanpura (177),AMRITSAR,31.6936932,74.6243,37200,1917.672883169608,1914.7666015625,0.5475204858604724,0.2024112963087918,1.4964700054551423,-0.5189765895463508,-0.1189569138265582,920.6691178491012,23.05038414068065,1.0,31.0,15,18,18,35.0,CHOGAWAN
34416,Ratoul Bet (327),FIROZEPUR,30.9369373,75.1404,34416,1915.4076220210943,1914.75537109375,0.6518752489632328,0.3092616281269237,1.8972665608985404,-0.5963268671054888,-0.2297470887276024,699.9994609232998,23.330232229599524,1.0,200.0,150,0,292,381.0,ZIRA
29500,Maniala (14),KAPURTHALA,30.9369373,74.6992645,29500,1919.774458603238,1914.7552490234375,0.6586653778934993,0.2978006202256655,1.921959524490144,-0.6034426400539064,-0.2210632111779135,852.705531584534,22.680591972388903,1.0,205.58,25,25,80,219.0,SULTANPUR LODHI
37190,Kawe (171),AMRITSAR,31.6216221,74.6934,37190,1913.0106543360296,1914.754150390625,0.5726005083374205,0.2415271692206102,1.5283090861413997,-0.5381921180419873,-0.1537852621846187,920.6691178491012,23.05038414068065,1.0,342.0,155,225,322,375.0,CHOGAWAN
29483,Wadhel Mauja (130),KAPURTHALA,31.1711712,75.24136,29483,1917.514296820451,1914.7481689453125,0.6321781379656266,0.2841149836579852,1.9099783058489543,-0.578939697069439,-0.2054437991806647,817.6976385524171,22.81345387128846,1.0,2.47,0,0,50,44.0,SULTANPUR LODHI
34367,Machhian (139),FIROZEPUR,31.0990982,74.9948349,34367,1914.7582093261503,1914.741943359375,0.6587812354981084,0.3189505841588049,2.000709690639925,-0.6049319647843843,-0.2383969027986411,701.5655281951325,23.33207324780648,1.0,181.0,50,0,60,193.0,MAKHU
38065,Kotli Sur Singh (109),Tarn Taran,31.2432442,74.72971,38065,1921.195639121156,1914.7218017578125,0.622165075423606,0.2901561394065162,1.688195582602168,-0.5847844010508144,-0.1984779452399863,803.7332537581818,23.00716597809464,1.0,121.45,65,60,75,112.0,BHIKHI WIND-13
33480,Kakowal (80),LUDHIANA,30.9189186,75.84033,33480,1918.399835235737,1914.7171630859375,0.2449112306581882,0.0016360076675044,0.8633700654960766,-0.2673224880642537,0.0370024673365986,841.6579436734946,22.811478275074773,0.0,24.0,0,0,50,250.0,LUDHIANA-2
29832,Malsian (109),JALANDHAR,31.0270271,75.35856,29832,1915.2937334107312,1914.703857421875,0.6070858966616929,0.2604302970677063,1.9119153564554048,-0.5624525390110567,-0.1859195456305633,781.3024609591155,22.79290520307728,0.9330081727577366,2.47,10,1,150,666.0,SHAHKOT
29343,Karahal Kalan (119),KAPURTHALA,31.333334,75.24414,29343,1914.1046920600832,1914.7037353515625,0.6371459828000677,0.2817864231503212,1.959070712602772,-0.5867913174011635,-0.2075304437806247,923.7338992764847,22.55090936966161,1.0,2.48,78,0,155,251.0,KAPURTHALA
36228,Chohat (57),PATIALA,30.3603611,76.5939,36228,1917.438275205792,1914.70361328125,0.526067189128427,0.21127943732102,1.414888281865747,-0.5113503411707632,-0.1232226728046697,806.7470198897015,23.067116790947995,1.0,700.0,288,288,389,714.0,SAMANA
30005,Raipur Araian (340),JALANDHAR,31.0990982,75.28943,30005,1916.506450363278,1914.698486328125,0.5976830118809308,0.267378757283133,1.661031213623595,-0.5735401615212022,-0.1800219305683216,805.9951904227631,22.629141831819368,1.0,2.47,38,0,102,427.0,MEHATPUR
29416,Shikarpur (34),KAPURTHALA,31.1531525,75.2481155,29416,1916.765693461475,1914.6983642578125,0.5853861710608844,0.2611246810898514,1.617791162492788,-0.5683331158332268,-0.1709246427674772,898.8669755866425,22.699202355922864,1.0,2.47,0,0,50,89.0,SULTANPUR LODHI
29796,Talwara (172),JALANDHAR,31.1711712,75.19925,29796,1915.4207494265847,1914.6966552734375,0.6867846200854846,0.322632267555079,2.0604360679021934,-0.625791981585504,-0.246289117134826,852.7206721713441,22.680534510857456,1.0,251.0,3,2,23,273.0,LOHIAN
33703,Rattowal (93),LUDHIANA,30.7747746,75.6425858,33703,1914.74767756454,1914.6927490234375,0.6409888288334276,0.2871730478768753,1.796650482578588,-0.5981665571134218,-0.212310223326335,759.1466553388005,22.99427073153845,0.9457818761362934,450.0,500,200,430,352.0,SUDHAR
29270,Madho Jhanda (154),KAPURTHALA,31.405405,75.3652039,29270,1915.7052285911088,1914.689208984375,0.6082715442169343,0.2619873328024855,1.845204898220277,-0.5702825735247892,-0.1860378807371894,942.3733892848388,22.416556765311952,1.0,217.08,20,0,137,243.0,KAPURTHALA
36208,Kulburchha (61),PATIALA,30.216217,76.18953,36208,1912.7795682264384,1914.6866455078125,0.5910046794281116,0.2772285995844262,1.5449998420809408,-0.5611712058108074,-0.1816543757790993,738.3584318580273,23.15860697560818,1.0,230.0,160,300,605,712.0,SAMANA
38069,Benka (142),Tarn Taran,31.35135,74.6888962,38069,1916.315300680312,1914.685546875,0.574523061206997,0.2379903927428085,1.4647170721239464,-0.559754273490647,-0.1459547757764841,781.1962418153507,22.989458053647333,1.0,560.0,250,310,560,825.0,BHIKHI WIND-13
38219,Sarhali Mandan (260),Tarn Taran,31.27928,74.948,38219,1913.553680068828,1914.681640625,0.6072807314093122,0.2592388272809935,1.7211717664543715,-0.5719909721132267,-0.1764999004574858,770.94524530672,22.924395787052504,1.0,700.0,212,190,675,836.0,PATTI-14
29736,Bajwa Khurd (274),JALANDHAR,31.0810814,75.3382645,29736,1916.9534011507649,1914.6788330078125,0.6044464667687056,0.2778818973788791,1.8759705277142256,-0.5557799362220952,-0.1975334292583128,737.2968774854529,22.921658812319176,1.0,2.47,70,0,119,167.0,SHAHKOT
38028,Theh Brahmana (225),Tarn Taran,31.44144,74.92956,38028,1914.5425539743824,1914.6756591796875,0.6186279363781392,0.270674505539615,1.6955934337087777,-0.5825773714581683,-0.1853450842087574,799.0572246720689,22.93620046453458,1.0,178.0,32,9,68,112.0,TARN TARAN-12
29392,Mainwal (77),KAPURTHALA,31.1711712,75.22031,29392,1914.7785513841868,1914.674072265625,0.6463962752140194,0.3085819152962589,1.8619598167501863,-0.5996589900212307,-0.2234882766876456,868.9469787289994,22.74958406038064,1.0,2.47,0,0,21,146.0,SULTANPUR LODHI
29198,Mand Sabak Dessal (77),KAPURTHALA,31.4234238,75.25299,29198,1913.9774337134104,1914.6727294921875,0.5132368351686757,0.2475734738990729,1.4372086833453035,-0.4845961487369751,-0.142930665330029,931.265303771724,22.505780148381405,0.932201643434911,10.0,2,2,4,189.0,DHILWAN
34705,Dona Rahmatwala (363),FIROZEPUR,30.7027035,74.3287,34705,1917.6728794710627,1914.6700439453125,0.606454163799675,0.2033586524439285,1.458961374838974,-0.5892639030046274,-0.1232630096602669,652.1934512069123,23.726463778742986,1.0,150.0,100,10,490,127.0,MAMDOT
29715,Rampur (281),JALANDHAR,31.0450459,75.2466354,29715,1914.1817791440908,1914.6650390625,0.450141851069604,0.2260853860174652,1.3539432278676178,-0.4280080467372223,-0.125493008160182,731.4165028741257,22.937485862209485,1.0,2.47,20,0,105,337.0,SHAHKOT
33814,Walipur Kalan (1),LUDHIANA,30.9369373,75.3714752,33814,1917.0379253093367,1914.6629638671875,0.6044114562822499,0.3148156144768256,1.5682974265485832,-0.5786445165188272,-0.2109215981566675,835.5302216398347,22.762860211998586,1.0,247.0,150,150,175,671.0,SIDHWAN BET
29793,Motipur (185),JALANDHAR,31.0810814,75.3382645,29793,1918.3219207474056,1914.661865234375,0.6509688744354015,0.2764357184475712,2.022549719099027,-0.5921762184331724,-0.2070720406390702,852.7206721713441,22.680534510857456,1.0,101.0,20,20,81,109.0,LOHIAN
37996,Chamba Kalan (354),Tarn Taran,31.261261,74.99692,37996,1920.9416460058403,1914.6558837890625,0.5637004321834591,0.2386800581998147,1.6319463484434933,-0.5294882683016544,-0.1508006190458401,799.5172533204453,22.91443664744048,0.946451585259184,535.0,115,116,425,1201.0,CHOHLA SAHIB-8
37867,Thatha (38),Tarn Taran,31.7657661,74.8519,37867,1917.5683735879893,1914.652587890625,0.5215042444598607,0.1919864193838372,1.3982379858351996,-0.5027622355533812,-0.1092290561679227,843.4986415316956,22.92203865045581,1.0,810.0,810,55,365,425.0,GANDIWIND-9
33843,Kot Mana (18),LUDHIANA,30.9369373,75.3714752,33843,1916.1283746462857,1914.65185546875,0.6904611463816333,0.3504697101925199,2.023893538455944,-0.6322981197597257,-0.2703701459066955,790.3670202213756,22.723841141379594,1.0,161.0,190,120,218,423.0,SIDHWAN BET
29836,Mirpur Saidan (93),JALANDHAR,31.1578846,75.21242,29836,1916.3588466167016,1914.65087890625,0.6114631182898426,0.2966658724604432,1.8852074822803355,-0.5697941157360651,-0.2084044288830724,766.9331672599213,22.841892629407766,1.0,98.0,2,2,22,106.0,LOHIAN
34553,Sultanwala (24),FIROZEPUR,30.9189186,74.6221848,34553,1920.024632289176,1914.64990234375,0.5924961917751094,0.2578117092935345,1.5575744975468695,-0.5733119389760689,-0.1680177150783794,697.455609123935,23.340251171445004,1.0,43.0,100,100,169,47.0,FIROZPUR
37305,Beharwal (336),AMRITSAR,31.6936932,74.6243,37305,1913.450344343932,1914.645751953125,0.5126788675341695,0.1910860343114813,1.3417152447125618,-0.5006552210443341,-0.1040980194604662,931.9198638729148,23.05364986516016,1.0,143.0,95,110,207,190.0,CHOGAWAN
37210,Odhar (187),AMRITSAR,31.6576576,74.6800156,37210,1913.2774164486416,1914.6451416015625,0.6098781190284914,0.2741969179675026,1.6588491291482637,-0.5635810641874559,-0.1861044969676275,920.6691178491012,23.05038414068065,1.0,252.0,65,65,306,225.0,CHOGAWAN
37887,Chhappa (186),Tarn Taran,31.477478,74.89501,37887,1916.531270512633,1914.6363525390625,0.5615733105236744,0.2305764626582083,1.5344066995768952,-0.5291648873465439,-0.1427981208588144,855.7687203559491,22.998535582964266,1.0,235.0,235,45,190,213.0,GANDIWIND-9
34397,Malhuwala (371),FIROZEPUR,30.9189186,74.7271957,34397,1914.274486989963,1914.6358642578125,0.6374914361686168,0.2931306284745125,1.815744053924736,-0.5943849652228669,-0.2078611780347004,680.2076044490235,23.4222539006542,1.0,200.0,50,25,32,198.0,ZIRA
36587,Gajju Majra (73),PATIALA,30.3603611,76.30156,36587,1918.0873897915155,1914.635498046875,0.5335818326341051,0.2299902090363131,1.355595053000978,-0.5258181630321415,-0.1306048875074273,773.5436535412484,23.05592880995459,1.0,491.0,8,60,355,553.0,PATIALA
34347,Jhite (9),FIROZEPUR,30.9369373,75.1404,34347,1913.4117667537544,1914.6341552734375,0.6451100974026162,0.3065561678554215,1.884678946861229,-0.5975538511286714,-0.2211903610054889,695.172021072139,23.411817079033767,1.0,1.5,42,0,55,207.0,ZIRA
29554,Jamewal (196),KAPURTHALA,31.2698421,75.25873,29554,1911.9424552054584,1914.62841796875,0.5159857031268357,0.2673731135970316,1.5019937836464272,-0.4846287148801225,-0.1575171740061527,803.8799572555243,22.89438389515952,0.998592262106846,2.47,1,1,1,262.0,SULTANPUR LODHI
33664,Changan (137),LUDHIANA,30.8828831,75.93776,33664,1913.585928772155,1914.625732421875,0.6583061512375897,0.2899864891449725,1.967620645672589,-0.605530331659071,-0.2207538045222872,819.4311651399033,22.722257702118725,1.0,115.0,230,98,158,261.0,SIDHWAN BET
34803,Chak Chhanga Rai (308),FIROZEPUR,30.5045052,74.13495,34803,1917.321629364248,1914.62548828125,0.6033608818773402,0.2714944659117909,1.5472658560763688,-0.5683448575939417,-0.1808851204416229,654.3776336123841,23.88725093582366,1.0,370.1,145,40,80,409.0,GURU HAR SAHAI
34239,Chak Tibbi Tayab (220),FIROZEPUR,31.0630627,74.81917,34239,1913.903091069085,1914.6102294921875,0.5606369026486628,0.2311362344537852,1.492378930740728,-0.5465689466912111,-0.1479687109567329,729.2441966941254,23.069153166359456,1.0,94.0,0,22,50,102.0,MAKHU
29389,Doda Sudagar (91),KAPURTHALA,31.18919,75.1925,29389,1912.3362395270035,1914.6015625,0.6329375340839017,0.3117199676051863,1.7298779752027107,-0.5977240755355201,-0.2193690167519567,868.9469787289994,22.74958406038064,1.0,2.47,0,0,45,160.0,SULTANPUR LODHI
29735,Sahlapur (271),JALANDHAR,31.0270271,75.35856,29735,1916.3739374744164,1914.5989990234375,0.6100345144847196,0.2878941894496793,1.9192964854449424,-0.562365780388988,-0.2067933594939399,731.4721136498633,22.937336185601733,1.0,2.47,15,1,120,114.0,SHAHKOT
39689,Bhuraj (71),SANGRUR,30.2522526,76.05059,39689,1915.50231487037,1914.596923828125,0.4970396930547788,0.1838991210502889,1.225435565144968,-0.494548090132735,-0.092993199342751,773.5693099906342,23.055821810602424,1.0,485.0,75,90,200,287.0,BHAWANI GARH
33821,Gorahur (15),LUDHIANA,30.9369373,75.3714752,33821,1918.764571498236,1914.5904541015625,0.7015042040325937,0.3641717206123394,2.03998648095861,-0.632637029165925,-0.2839390372372531,793.1981625964539,22.71537406249968,1.0,64.0,85,85,117,170.0,SIDHWAN BET
34390,Markhai (355),FIROZEPUR,30.9369373,75.1404,34390,1914.58491964004,1914.5889892578125,0.6601712752500004,0.3219491221379472,1.900183776910172,-0.6116452283998497,-0.2386226218078231,695.172021072139,23.411817079033767,1.0,200.0,150,150,333,605.0,ZIRA
38068,Sugga (143),Tarn Taran,31.6756763,74.88505,38068,1916.447296689242,1914.5858154296875,0.5918774836147538,0.2560435899772504,1.5580312646355483,-0.5709265733173872,-0.1638891476664863,797.9382006225457,22.938752037972552,1.0,2.47,122,133,325,521.0,BHIKHI WIND-13
29711,Taharpur (262),JALANDHAR,31.0828915,75.34603,29711,1914.9653346677424,1914.5850830078125,0.622976482269626,0.2997557705434628,1.8971739390728213,-0.5787350509699116,-0.2134868874828599,766.9331672599213,22.841892629407766,1.0,2.47,0,0,70,133.0,SHAHKOT
29714,Thamunwal (278),JALANDHAR,31.0828724,75.34057,29714,1915.517676720856,1914.5699462890625,0.4915888921252802,0.2447002988975172,1.4472040903004229,-0.4646898428427167,-0.1452113107971767,731.4165028741257,22.937485862209485,1.0,10.0,60,10,127,408.0,SHAHKOT
37176,Kuttiwala (17),AMRITSAR,31.7145386,74.6277847,37176,1914.14992881956,1914.56982421875,0.5721219878586501,0.1945983906450906,1.4624857324660423,-0.5461575672020739,-0.1158330394860914,879.0007027795212,22.974869686455293,1.0,132.0,80,82,122,141.0,CHOGAWAN
29783,Meda (248),JALANDHAR,31.0990982,75.33151,29783,1916.2994062122232,1914.5662841796875,0.6012954493004005,0.2694626909425635,1.8781027224368048,-0.560487456384819,-0.1885295008827817,766.9331672599213,22.841892629407766,1.0,800.0,50,40,150,184.0,SHAHKOT
33665,Chak Kalan (138),LUDHIANA,30.9189186,75.46229,33665,1914.337080918856,1914.5621337890625,0.6642033423351758,0.3088264978883418,1.949387822994444,-0.6106366689475304,-0.2342038233179478,805.515307933939,22.718606128271336,1.0,595.0,232,232,428,783.0,SIDHWAN BET
36218,Bahadurgarh (80),PATIALA,30.3603611,76.5939,36218,1909.888162955501,1914.559326171875,0.6036457393177955,0.2768156257372682,1.594029758223237,-0.5651657009533523,-0.1842467307297582,762.7116831948655,23.10110317520452,1.0,245.0,18,18,18,108.0,SAMANA
34564,Ilmewala (12),FIROZEPUR,30.9539471,74.61631,34564,1913.562011549341,1914.551513671875,0.5845641466004836,0.269737294858122,1.593281578689121,-0.5623826501735636,-0.1755263338712863,684.4847592522996,23.46220865201116,1.0,5.0,50,0,170,308.0,FIROZPUR
34379,Maloke (151),FIROZEPUR,30.9729729,75.00063,34379,1914.4519196575104,1914.5494384765625,0.6442591435881349,0.3370489644873579,1.9395225053074483,-0.594175426645184,-0.248679840865863,701.5655281951325,23.33207324780648,1.0,269.0,200,91,205,270.0,ZIRA
29789,Mahmonwal (98),JALANDHAR,31.261261,75.14447,29789,1916.9555723744124,1914.547607421875,0.6396685393328987,0.2903834679322587,2.018325656662684,-0.5893639452915739,-0.2140502294561346,766.9331672599213,22.841892629407766,1.0,166.0,56,56,150,185.0,LOHIAN
29351,Sandhar Jagir (110),KAPURTHALA,31.333334,75.22305,29351,1911.953934246242,1914.5462646484375,0.62737511083624,0.3001789196344446,1.9174880591140533,-0.5827338762898755,-0.2151159652231136,923.7338992764847,22.55090936966161,1.0,2.47,38,0,95,232.0,KAPURTHALA
33826,Gorsian Makhan (68),LUDHIANA,30.9189186,75.46229,33826,1914.171063535686,1914.5435791015625,0.6956291330054226,0.3498509587342526,2.1230773582964333,-0.6331791889829624,-0.2738938142900264,791.3642241051514,22.720565681659902,1.0,121.0,120,140,165,326.0,SIDHWAN BET
38022,Dyal Rajputan (232),Tarn Taran,31.477478,74.91614,38022,1912.6076469200943,1914.5404052734375,0.6050139002403441,0.2557914116475667,1.624423883415419,-0.5726368008023318,-0.1697903556098234,763.0134019067185,23.01838677747588,1.0,45.0,0,45,45,433.0,TARN TARAN-12
34382,Bahawalpur (149),FIROZEPUR,30.9909916,74.99378,34382,1913.22891746837,1914.531005859375,0.6613119801211776,0.3335416427199574,2.071775522321349,-0.6020969439656766,-0.2521098351898855,701.5655281951325,23.33207324780648,1.0,129.0,150,45,50,138.0,ZIRA
39547,Upal Kheri (121),SANGRUR,30.5045052,75.9334259,39547,1912.95995802312,1914.5201416015625,0.5750089144997157,0.2384264883779181,1.418561243460246,-0.5543297102458316,-0.1477900341973498,725.414940994014,23.062530097044885,1.0,4.0,50,50,300,430.0,MALERKOTLA
33817,Walipur Khurd (9),LUDHIANA,30.9369373,75.3714752,33817,1917.2818294698016,1914.5181884765625,0.6012188132386894,0.3163044302714499,1.6486046473417295,-0.5576170162605997,-0.2231229248807676,816.3285326634046,22.709827664975524,0.9927913883800246,121.0,100,100,135,356.0,SIDHWAN BET
29444,Mohamadabad (95),KAPURTHALA,31.2432442,75.25658,29444,1915.8561577610192,1914.515625,0.4517375362622206,0.2490118793643883,1.2511382352661156,-0.4300125035873005,-0.1262387092894598,868.9469787289994,22.74958406038064,1.0,23.0,100,0,22,232.0,SULTANPUR LODHI
33835,Bhamal (25),LUDHIANA,30.9369373,75.4765,33835,1914.4187384647032,1914.510498046875,0.6974993221425244,0.3595193791830726,2.0503037559255066,-0.6396831179351785,-0.2808910239857629,769.0787109544175,22.78365280134045,1.0,202.0,110,100,211,592.0,SIDHWAN BET
29179,Khukhrain (28),KAPURTHALA,31.4954948,75.35319,29179,1916.6300572844664,1914.5057373046875,0.5810356606306043,0.2690899014398478,1.742615777730784,-0.5420205508265112,-0.1817342865040262,897.5934627463715,22.45076415034606,1.0,0.4,34,0,450,219.0,DHILWAN
38150,Lakhna (229),Tarn Taran,31.2072067,74.63803,38150,1914.4618522166088,1914.5052490234375,0.5742220078298993,0.2379693210318759,1.4943926696561782,-0.5531100445963749,-0.1473650475772878,765.3820841605872,23.012985761544765,1.0,2.47,0,0,260,177.0,VALTOHA-15
30011,Hardo Sangha (84),JALANDHAR,31.0270271,75.58985,30011,1915.81801605652,1914.5050048828125,0.625269914718752,0.3268016469443369,1.6873269532664268,-0.593297725069583,-0.2257104545858898,828.8223537614243,22.70683178993221,1.0,222.0,50,50,94,234.0,NURMAHAL
29230,Phulewal (140),KAPURTHALA,31.27928,75.49614,29230,1914.0089576769303,1914.5025634765625,0.6243437587479551,0.2585112518815861,1.9615869951629337,-0.5697660290757308,-0.1843623654385519,913.34825186037,22.398483972158942,1.0,92.0,20,0,79,97.0,KAPURTHALA
29794,Chachowal (184),JALANDHAR,31.1711712,75.17819,29794,1918.1915611850336,1914.50244140625,0.6716029692662668,0.2950342218990516,2.119956216311361,-0.6059083200360452,-0.223344721349629,852.7206721713441,22.680534510857456,1.0,80.0,9,9,39,86.0,LOHIAN
38158,Theh Chahal (150),Tarn Taran,31.27928,74.779335,38158,1917.6343134428507,1914.4969482421875,0.6052215265923355,0.261199999313733,1.6002896173087655,-0.5740120263831064,-0.1715530309410821,763.0134019067185,23.01838677747588,1.0,30.0,50,25,51,159.0,BHIKHI WIND-13
29407,Tibba (44),KAPURTHALA,31.2072067,75.2489548,29407,1916.1106855096457,1914.49365234375,0.6268721821547878,0.287274813942142,1.8685350354862444,-0.5806218885339404,-0.2071727243192396,898.8669755866425,22.699202355922864,1.0,2.47,0,0,290,954.0,SULTANPUR LODHI
29365,Saidpur (61),KAPURTHALA,31.1711712,75.13607,29365,1914.0052507094608,1914.4898681640625,0.6417743492610094,0.3226561734667355,1.829878593625544,-0.5943971333401001,-0.231689520430023,898.8669755866425,22.699202355922864,1.0,2.47,0,82,294,358.0,SULTANPUR LODHI
30025,Fatehgarh Nihal (108),JALANDHAR,31.0810814,75.61176,30025,1913.0980642769807,1914.4815673828125,0.6306406059928931,0.3079455599105888,1.7931772386559055,-0.5861132832855465,-0.2177341430889703,846.9622078349488,22.80621523879904,1.0,42.0,20,20,26,44.0,NURMAHAL
34362,Santuwala (351),FIROZEPUR,30.9369373,75.1404,34362,1915.8524506714589,1914.4749755859375,0.6896771824199276,0.3573278455148535,1.978940303868929,-0.6281122811778604,-0.2749676666986765,697.322662887351,23.38499292530332,1.0,80.0,80,80,340,636.0,ZIRA
29804,Kohar Kalan (257),JALANDHAR,31.0828915,75.34603,29804,1917.6296776956403,1914.4688720703125,0.6285375876369828,0.303202122239993,2.048308042021289,-0.5736994941757422,-0.2227763880934282,766.9331672599213,22.841892629407766,1.0,2.47,50,0,300,230.0,SHAHKOT
38154,Bargari (231),Tarn Taran,0.0,0.0,38154,1915.134563887296,1914.4580078125,0.6316982927147421,0.2859159547642673,1.588152122628447,-0.5979306786715813,-0.1929821134245819,763.0134019067185,23.01838677747588,1.0,182.0,50,50,105,183.0,BHIKHI WIND-13
34370,Beri Qadarabad (163),FIROZEPUR,30.9369373,74.72027,34370,1914.496274419381,1914.450439453125,0.6833209226307013,0.3592062026248689,1.979125892792737,-0.627831199153074,-0.2733884543676818,699.4325197715592,23.295963114365783,1.0,200.0,15,80,165,339.0,ZIRA
29839,Kasupur (108),JALANDHAR,31.1579552,75.2122955,29839,1916.435430923841,1914.4447021484375,0.6751052540077399,0.3283483381704188,1.9392998029737103,-0.6271587424847334,-0.2441337855619035,766.9331672599213,22.841892629407766,1.0,158.0,47,55,106,172.0,LOHIAN
29849,Raiwal Dona (173),JALANDHAR,31.0884247,75.30751,29849,1914.2885211531964,1914.442626953125,0.6698633689935861,0.2960891716346837,2.008620044455124,-0.6102545005543186,-0.2231117792779361,852.7206721713441,22.680534510857456,1.0,105.0,53,53,137,118.0,LOHIAN
34340,Jaura (12,FIROZEPUR,30.9369373,74.72027,34340,1915.008126216967,1914.439208984375,0.6189929027500022,0.2808522600212142,1.729054764352036,-0.5810998090421526,-0.1956404971600908,695.172021072139,23.411817079033767,1.0,2.0,120,0,190,418.0,ZIRA
33467,Boont (63),LUDHIANA,30.9189186,75.84033,33467,1913.23911059565,1914.43896484375,0.4642690513371634,0.2267599481788465,1.3828254974688683,-0.4483151820738738,-0.1262196425054275,861.4481481721299,22.69576022833502,0.8525311654154232,20.0,0,0,8,313.0,LUDHIANA-2
29381,Patti Safdarpur (66),KAPURTHALA,31.2252254,75.26329,29381,1913.2643088903149,1914.43603515625,0.6235351183496011,0.2880513096257841,1.7079764008953826,-0.5824886034110051,-0.1993380224493846,898.8669755866425,22.699202355922864,1.0,84.84,0,0,18,96.0,SULTANPUR LODHI
34434,Wara Chain Singhwala Alias Ramgarh (320),FIROZEPUR,31.27928,74.54743,34434,1912.3161292404543,1914.43359375,0.6237695686468548,0.2886233099536767,1.830023485880798,-0.5739583949365862,-0.2074187033172979,698.2351931741135,23.3281582133003,1.0,400.0,150,150,266,364.0,ZIRA
29491,Saich (8),KAPURTHALA,31.2432442,75.17228,29491,1916.777935815844,1914.4298095703125,0.6575015167528087,0.2908600261658379,2.0200993864551737,-0.6005052875118299,-0.2175598868734902,852.7206721713441,22.680534510857456,1.0,172.6,80,80,221,183.0,SULTANPUR LODHI
29788,Pandori Rajputan (102),JALANDHAR,31.2252254,75.13687,29788,1916.7144917860107,1914.422607421875,0.6211092255472429,0.2888712758771501,1.9476740645179988,-0.5723307511455198,-0.2069748082337514,766.9331672599213,22.841892629407766,1.0,48.0,0,0,2,104.0,LOHIAN
29303,Kadrabad (212),KAPURTHALA,31.405405,75.3652039,29303,1916.948247878695,1914.4183349609375,0.5733769428888765,0.2195686364598054,1.7519656857172847,-0.5430584066918343,-0.1465327415358467,942.3733892848388,22.416556765311952,1.0,384.0,75,75,97,279.0,KAPURTHALA
34388,Pheroke (345),FIROZEPUR,30.9189186,74.7271957,34388,1917.5172925271745,1914.416259765625,0.6672791257348063,0.3328766005651595,1.930094578996058,-0.6129193670053675,-0.2500568660719964,697.3202451291071,23.37628016220417,1.0,660.0,250,95,397,683.0,ZIRA
34411,Bundala Purana (330),FIROZEPUR,30.9683743,74.9994659,34411,1916.588401179736,1914.4151611328125,0.6667360411498313,0.31752635554939,1.9556768746743487,-0.6064564164395875,-0.2379048770604257,698.2351931741135,23.3281582133003,1.0,385.0,50,100,150,236.0,ZIRA
33809,Porain (12),LUDHIANA,30.9189186,75.483284,33809,1916.990404144496,1914.4136962890625,0.6744693477356764,0.329696944603829,1.9664860085501936,-0.6210361632351051,-0.2512006447503327,793.2093584413133,22.715377000330644,1.0,323.0,370,370,494,896.0,SIDHWAN BET
38149,Fatehpur Sugga (144),Tarn Taran,31.2972965,74.73037,38149,1913.694925176876,1914.405517578125,0.5399034172714939,0.2212825364058848,1.3098278463319817,-0.5420430111311397,-0.1258049650942713,763.0134019067185,23.01838677747588,1.0,141.0,40,40,175,185.0,BHIKHI WIND-13
29560,Mand Kirrian (203),KAPURTHALA,31.2072067,75.18575,29560,1916.6670838043487,1914.39013671875,0.7172727282943685,0.3093981238697663,2.4634488868810984,-0.6138597782457191,-0.2517017294532154,796.9680869185644,22.926136975286816,0.6135273218332249,1.0,0,1,1,184.0,SULTANPUR LODHI
29292,Pakhowal (160),KAPURTHALA,0.0,0.0,29292,1914.6622809855187,1914.3887939453125,0.636613301312922,0.2859399836306305,1.9208157668382293,-0.5926015510877766,-0.208133839787538,942.2646993857708,22.417340197208063,1.0,2.5,23,0,70,271.0,KAPURTHALA
36575,Chuharpur Kalalan (45),PATIALA,30.3423424,76.3710251,36575,1917.1396311494127,1914.3846435546875,0.4731424824772161,0.1510486344959662,1.2586060238560774,-0.4764386725759376,-0.0699922884941547,807.488927524318,23.062358028345614,1.0,222.0,25,35,179,251.0,PATIALA
34392,Marur(364),FIROZEPUR,30.94124,74.97571,34392,1913.5457821651928,1914.3668212890625,0.6459862913896087,0.3159741632614407,1.8979171965423367,-0.6044642564961185,-0.22856983833682,693.7335096471105,23.412820358179776,1.0,3.0,40,150,170,258.0,ZIRA
29276,Bhagwanpur (94),KAPURTHALA,31.36937,75.4207,29276,1913.0288964831896,1914.3662109375,0.5957693172874194,0.2847214848141025,1.8146638703742304,-0.5540285481621213,-0.1960347438985554,897.6235176731344,22.45066441705729,1.0,2.5,0,20,150,230.0,KAPURTHALA
38003,Nathupur (299),Tarn Taran,31.35135,74.79439,38003,1920.847281376518,1914.3621826171875,0.5382234722306152,0.2047607484475846,1.4534135899038425,-0.5321995744192308,-0.1213622276942489,777.2419127814678,22.98607281326318,1.0,20.0,250,200,250,153.0,CHOHLA SAHIB-8
29260,Nangal Naraingarh (188),KAPURTHALA,0.0,0.0,29260,1914.3474888888115,1914.3587646484375,0.5725220092037833,0.2147880928639872,1.801717210882208,-0.5372942021504965,-0.1446067619535853,942.6785454241302,22.416093145246904,0.944492612363721,2.47,0,5,30,344.0,KAPURTHALA
29359,Boolpur (47),KAPURTHALA,31.2252254,75.26329,29359,1913.1667570097943,1914.357666015625,0.639013914857836,0.3109331288531308,1.9594055543907551,-0.5899406480848902,-0.2292075881692621,911.467920837232,22.624057081652605,1.0,233.0,60,0,209,251.0,SULTANPUR LODHI
33804,Swaddi Kalan (71),LUDHIANA,30.8828831,75.93776,33804,1914.1433449552803,1914.35693359375,0.6764163788264312,0.3227954606160057,1.9753612936123544,-0.6216343442958395,-0.2481032166136386,789.9020592176475,22.733120438635865,1.0,689.0,550,550,954,1737.0,SIDHWAN BET
37168,Bhindi Nain (20),AMRITSAR,31.7117119,74.6176147,37168,1917.8357814449432,1914.3551025390625,0.5763782249946153,0.2040917659189348,1.4298489904874492,-0.5579908824818451,-0.1203132693965805,879.0257942250929,22.97440932633823,0.9975667023346092,363.0,113,113,144,442.0,CHOGAWAN
29806,Mianwal Araian (89),JALANDHAR,31.0828915,75.34603,29806,1917.7381744617128,1914.3480224609375,0.6192455627475398,0.2800802885018214,1.9887443011146249,-0.5672170685930955,-0.2050525876625405,766.9331672599213,22.841892629407766,1.0,245.0,0,0,269,255.0,SHAHKOT
34240,Tibbi Badra (219),FIROZEPUR,31.0630627,75.11365,34240,1914.831045544423,1914.34326171875,0.5733747567104357,0.2678539148474815,1.5542854590952515,-0.554128066966115,-0.175206772969585,729.2441966941254,23.069153166359456,1.0,2.47,200,50,55,44.0,MAKHU
36227,Kheri Fattan (58),PATIALA,30.3603611,76.5939,36227,1914.633674517592,1914.331787109375,0.5509129600882395,0.2362868536051275,1.5426114601480216,-0.5319017919683293,-0.1453971306859933,807.036930601825,23.076397794994136,1.0,550.0,152,151,199,346.0,SAMANA
29366,Sujo Kalia (60),KAPURTHALA,31.2252254,75.26329,29366,1914.2140092099548,1914.3316650390625,0.5910876830597644,0.2705886494444731,1.7047312093765223,-0.5551427967538383,-0.1820613032587354,898.8669755866425,22.699202355922864,1.0,220.0,60,0,135,234.0,SULTANPUR LODHI
38146,Bhaini Gurmukh Singh (147),Tarn Taran,31.2432442,74.72971,38146,1916.74107594738,1914.3297119140625,0.5834803391754614,0.2393492536988229,1.505864553787454,-0.5600808809824981,-0.1498515241224176,763.5126784567718,23.03113442800122,1.0,364.37,200,200,400,379.0,BHIKHI WIND-13
29833,Khanpur Rajputan (90),JALANDHAR,31.1580238,75.21238,29833,1917.090533166652,1914.3267822265625,0.6162491461704435,0.2856701224432922,1.8864554526632733,-0.5716452382584574,-0.2018799349677172,766.9331672599213,22.841892629407766,1.0,167.0,29,29,100,184.0,LOHIAN
29479,Wadel Kadim (129),KAPURTHALA,31.2072067,75.20682,29479,1916.0819410810084,1914.3265380859375,0.6363960552641397,0.2871332268039861,1.8388680302628464,-0.5875639980474179,-0.2072973762280994,826.7829043940445,22.800665724584487,1.0,2.47,0,0,60,66.0,SULTANPUR LODHI
34245,Mundi Chhurimaran (87),FIROZEPUR,31.27928,74.54743,34245,1914.207370575536,1914.32470703125,0.5787093964797658,0.2663503948118351,1.6270862621294309,-0.5483606154718642,-0.1759326009443622,729.2441966941254,23.069153166359456,1.0,1.0,0,0,7,353.0,MAKHU
29438,Middwal (101),KAPURTHALA,31.2252254,75.20008,29438,1915.312458334304,1914.3197021484375,0.5819836864663016,0.2274178448145281,1.7758758664137186,-0.5346385551782985,-0.1522658626201472,868.9469787289994,22.74958406038064,1.0,2.47,0,0,3,83.0,SULTANPUR LODHI
34365,Behk Gujran (144),FIROZEPUR,31.0224628,75.0016861,34365,1916.701619702628,1914.3184814453125,0.6220093979110072,0.2997683091085208,1.8499212785183283,-0.5794306765298397,-0.2153177243153073,701.8110290282631,23.33356909047717,1.0,344.0,300,10,80,1097.0,ZIRA
29335,Sayal (166),KAPURTHALA,31.333334,75.24414,29335,1913.9463247102,1914.31689453125,0.6568092179536728,0.3024426009407393,1.9504012159272377,-0.6087215367587914,-0.2258646692175837,923.7338992764847,22.55090936966161,1.0,2.47,15,0,51,182.0,KAPURTHALA
29273,Bahui (132),KAPURTHALA,31.36937,75.4207,29273,1915.11078277198,1914.314208984375,0.6009176256291245,0.271158759145125,1.906002914778686,-0.5541104222572604,-0.1952055787535232,934.6244971952964,22.413376245570444,1.0,2.6,25,30,260,230.0,KAPURTHALA
29712,Bahmanian (276),JALANDHAR,31.0270271,75.35856,29712,1915.9626272798805,1914.3123779296875,0.6033301433134242,0.281792467003508,1.81278742813422,-0.5638869262541353,-0.1978372452016804,740.0878127131776,22.91414699989044,1.0,2.47,150,1,325,501.0,SHAHKOT
33847,Ghunewal (187),LUDHIANA,30.9369373,75.4765,33847,1915.6720875921508,1914.3111572265625,0.6581526507697552,0.3282120171715327,1.8487456176063628,-0.6131900713045452,-0.2424010475651225,805.9951904227631,22.629141831819368,1.0,38.0,30,30,81,121.0,SIDHWAN BET
37709,Wazir Bhullar (10),AMRITSAR,31.6036034,75.2078247,37709,1914.8620699418084,1914.307861328125,0.3832948258525224,0.1306557526350399,1.103844363233412,-0.3818905583845657,-0.0428475647308607,904.3606760909456,22.40775749432817,0.7399126328840009,357.0,195,195,790,656.0,RAYYA
29263,Nathu Chahal (187),KAPURTHALA,0.0,0.0,29263,1916.0324466321383,1914.3057861328125,0.5780959142433056,0.2269967980622154,1.8055198774306112,-0.5433217823992992,-0.1533491678111802,942.3733892848388,22.416556765311952,1.0,74.08,50,50,305,212.0,KAPURTHALA
33803,Virk (63),LUDHIANA,30.9189186,75.46229,33803,1912.7555394793944,1914.3052978515625,0.6896122015522105,0.3411045396247797,2.048752476748476,-0.6308592748225809,-0.2646737044489562,783.808954387169,22.761715264135955,1.0,220.0,250,250,324,604.0,SIDHWAN BET
38147,Sur Wind (146),Tarn Taran,31.2432442,74.72971,38147,1917.0221099035552,1914.2979736328125,0.5919550109972617,0.2617865665077775,1.4979874256480612,-0.5690173539643575,-0.1684311399429061,763.0134019067185,23.01838677747588,1.0,263.15,150,110,260,303.0,BHIKHI WIND-13
39706,Panjbiri (39),SANGRUR,30.2882881,76.09938,39706,1910.247972068952,1914.2972412109375,0.5852358577172082,0.2521159963131562,1.4569838989626012,-0.5638590592972764,-0.159436398575439,733.8665219952958,23.116596925856413,1.0,1.0,0,0,1,55.0,BHAWANI GARH
33810,Kotli (10),LUDHIANA,30.9369373,75.3714752,33810,1917.4436114908708,1914.28564453125,0.6834492575046437,0.351711908252582,2.0051192900429533,-0.629825160724385,-0.2682981494750199,793.1981625964539,22.71537406249968,1.0,89.0,50,50,64,233.0,SIDHWAN BET
33808,Bassian (74),LUDHIANA,30.9369373,75.3714752,33808,1915.2999756254696,1914.283447265625,0.6479049296771167,0.2979593156829247,1.8660799480459904,-0.6039927529127042,-0.2219716301250241,793.1981625964539,22.71537406249968,1.0,270.0,270,270,322,497.0,SIDHWAN BET
29390,Muhamadali Khanwala (80),KAPURTHALA,31.2072067,75.20682,29390,1912.9376230677635,1914.26806640625,0.6415242671503847,0.3285548623210762,1.729600833515213,-0.605034092637134,-0.231546931076663,868.9469787289994,22.74958406038064,1.0,2.47,0,20,36,102.0,SULTANPUR LODHI
34826,Dona Gudar Panjgrain (318),FIROZEPUR,30.2342339,74.13886,34826,1919.010876950844,1914.267578125,0.598482465213948,0.2742987294854045,1.4674508355406084,-0.5817447591396798,-0.1732707745669699,619.9077907016175,24.001903930906963,1.0,67.94,20,20,40,71.0,GURU HAR SAHAI
29823,Sadiqpur (75),JALANDHAR,31.0810814,75.3382645,29823,1912.946234981714,1914.2593994140625,0.6250283575489555,0.2835165509682786,1.9593085733298168,-0.5764906865971892,-0.2057027818872023,814.5788702180283,22.679460124891307,1.0,2.47,50,0,275,285.0,SHAHKOT
29811,Indowal (87),JALANDHAR,31.0810814,75.3382645,29811,1917.1899505809845,1914.2513427734375,0.5756463607928572,0.2362301409013915,1.702158529575755,-0.5421130206650385,-0.1599670467480292,766.9331672599213,22.841892629407766,0.9992374871204446,4.0,30,30,212,146.0,SHAHKOT
29272,Ladhewal (131),KAPURTHALA,31.3153152,75.3352,29272,1915.0526786288408,1914.2508544921875,0.6733503977790739,0.3310039447095494,2.14405918040372,-0.6184231318008824,-0.2541351909110523,942.3733892848388,22.416556765311952,1.0,58.0,25,5,5,151.0,KAPURTHALA
34359,Kachar Bhan (350),FIROZEPUR,31.0224476,75.00164,34359,1915.0414043796088,1914.23681640625,0.6926045354306207,0.3476900173875035,2.0163976410910496,-0.6290715863400611,-0.2691580376553958,695.172021072139,23.411817079033767,1.0,200.0,150,95,200,286.0,ZIRA
33754,Halwara (CT),LUDHIANA,30.63063,75.52966,33754,1915.067852543243,1914.22998046875,0.6183731765336673,0.2497910914441071,1.6574349890393911,-0.5845038593471301,-0.176313182008306,739.7461682830613,23.05449516365474,0.995476343985752,1735.0,485,485,2138,0.0,SUDHAR
36565,Ranbirpura (39),PATIALA,30.3603611,76.30156,36565,1912.7081728993328,1914.2218017578125,0.5253807337021824,0.2162006153807461,1.369302162690732,-0.5223320424772345,-0.1203968386624258,807.4364082320717,23.059707722149223,0.9414842471303086,726.0,33,35,495,788.0,PATIALA
29371,Hussainpur Dulowal (64),KAPURTHALA,31.2072067,75.20682,29371,1914.477974276852,1914.215576171875,0.5829280792979231,0.26300178480107,1.6234944407668006,-0.5485059869948179,-0.1747125895587875,898.8669755866425,22.699202355922864,1.0,156.0,60,0,240,167.0,SULTANPUR LODHI
29397,Dodawazir (90),KAPURTHALA,31.2072067,75.20682,29397,1914.0270178690764,1914.21533203125,0.6161626232247724,0.276243058740452,1.7604252697647342,-0.5802485917779159,-0.1926588190540573,868.9469787289994,22.74958406038064,1.0,2.47,15,0,120,117.0,SULTANPUR LODHI
36574,Rajgarh (43),PATIALA,30.18018,76.161644,36574,1917.241094143558,1914.21337890625,0.5278525627515942,0.1943351768065185,1.3696419100046329,-0.516704926434929,-0.1074892502113575,807.488927524318,23.062358028345614,1.0,387.0,446,97,109,241.0,PATIALA
37994,Ratoke (305),Tarn Taran,31.25709,74.98892,37994,1915.820844077288,1914.210205078125,0.613911723663206,0.2679032552720428,1.6685102153525746,-0.5898587213780404,-0.1821252903879126,799.5172533204453,22.91443664744048,1.0,401.0,12,120,369,445.0,CHOHLA SAHIB-8
34383,Tindwan (148),FIROZEPUR,30.96791,74.99895,34383,1914.7457404781512,1914.2069091796875,0.6524121426014781,0.3413507620244049,2.030408758005465,-0.5988572542558399,-0.2549240528850062,701.5655281951325,23.33207324780648,1.0,101.0,200,80,110,232.0,ZIRA
37893,Kot Dharam Chand Kalan (198),Tarn Taran,31.4759026,74.9105,37893,1912.6122774233104,1914.204833984375,0.5406567108674762,0.2099507228753719,1.517826492909727,-0.514196627647535,-0.1256607073669142,839.4583999667159,22.922361955250143,1.0,80.0,0,80,200,720.0,TARN TARAN-12
34259,Mahmudwala (82),FIROZEPUR,31.0630627,74.81917,34259,1914.3441130222968,1914.203857421875,0.5984849459231659,0.2841068720738393,1.6974802616083702,-0.5649046863069757,-0.1935989218729109,729.2441966941254,23.069153166359456,1.0,93.27,32,0,144,102.0,MAKHU
29746,Manakpur (255),JALANDHAR,31.0828724,75.34057,29746,1916.802964473953,1914.1990966796875,0.6146261300780816,0.2819477014043346,1.8219954340138969,-0.5706265974937628,-0.1983085687918976,766.9331672599213,22.841892629407766,1.0,192.71,100,150,200,211.0,SHAHKOT
36571,Pasiana (38),PATIALA,30.1621628,76.33527,36571,1913.86300541762,1914.1920166015625,0.4985058405943313,0.1432813440825993,1.3017926939799245,-0.4942373179181519,-0.068768321765444,807.6114347040779,23.062106156788506,0.7491676624498437,70.0,30,30,107,750.0,PATIALA
29474,Machhi Jowa (141),KAPURTHALA,31.1711712,75.13607,29474,1917.2683955328405,1914.186767578125,0.6087973340703083,0.2682574611008662,1.778025292641093,-0.5726822666140993,-0.1854169377757387,817.6976385524171,22.81345387128846,0.9556055500582314,2.47,18,12,52,182.0,SULTANPUR LODHI
29808,Hazipur (81),JALANDHAR,31.0990982,75.33151,29808,1916.659033463704,1914.186279296875,0.4376612238196623,0.1139481084720313,1.3426950847440091,-0.4306933896978309,-0.0558900817446986,766.9331672599213,22.841892629407766,0.4383432867131191,2.47,20,0,103,49.0,SHAHKOT
33844,Kot Umra (17),LUDHIANA,30.9369373,75.3714752,33844,1916.167673242508,1914.185302734375,0.6127658908540378,0.3050393905326924,1.6648446335604443,-0.5774108753427176,-0.2176754143326572,827.7170393882755,22.707096831646584,1.0,123.0,50,50,84,396.0,SIDHWAN BET
29403,Patti Bakarpur (127),KAPURTHALA,31.3153152,75.229744,29403,1914.9143499339248,1914.1832275390625,0.5981234141791353,0.2643551342869321,1.670182319900873,-0.5633000645403765,-0.1787725257771002,898.8669755866425,22.699202355922864,1.0,2.47,15,0,17,49.0,SULTANPUR LODHI
34704,Gatti Basti Masta -1 (368),FIROZEPUR,30.9369373,74.46819,34704,1915.4474611041064,1914.1822509765625,0.6138725854349133,0.2776065933420046,1.5185266583808388,-0.588186646223681,-0.1841353081244724,652.1934512069123,23.726463778742986,1.0,44.0,66,66,68,34.0,MAMDOT
29391,Mand Partappur (79),KAPURTHALA,31.1711712,75.22031,29391,1914.020721747549,1914.181396484375,0.5751580302246042,0.2651721269866239,1.634298829692853,-0.5369904075191108,-0.1763770917696184,868.9469787289994,22.74958406038064,1.0,2.47,0,0,22,149.0,SULTANPUR LODHI
34343,Bhagoke (5),FIROZEPUR,31.0224724,75.00169,34343,1913.0599811581087,1914.1806640625,0.66083699155313,0.3194782386315741,1.904081488513328,-0.6109200597384884,-0.237566982432068,695.172021072139,23.411817079033767,1.0,2.5,150,0,180,336.0,ZIRA
29487,Chakkotla (6),KAPURTHALA,30.9369373,74.6992645,29487,1918.228804370361,1914.179443359375,0.6272572552846329,0.2836347791021112,1.8901261985336988,-0.5840215136367026,-0.2028262872626719,843.5576522186517,22.715309989333083,1.0,101.98,40,40,52,117.0,SULTANPUR LODHI
29341,Talwandi Pain (114),KAPURTHALA,31.333334,75.22305,29341,1913.5410986592776,1914.1746826171875,0.6557902652392223,0.3217494189665777,1.9482591758867247,-0.6048852229030234,-0.2412575890090999,923.7338992764847,22.55090936966161,1.0,2.5,25,0,130,268.0,KAPURTHALA
29353,Shahpur Dogra(107),KAPURTHALA,31.333334,75.24414,29353,1913.049694124049,1914.1600341796875,0.5947263455445995,0.2932527572120451,1.8043657778116784,-0.5579215397869562,-0.2014727309148332,923.7338992764847,22.55090936966161,1.0,2.47,30,0,30,231.0,KAPURTHALA
34743,Chak Rao ke Hithar (335),FIROZEPUR,30.8648643,74.41215,34743,1916.9955741346728,1914.1588134765625,0.633221255491888,0.277870626196732,1.5786587358937385,-0.5942274046556253,-0.1899767681282161,649.3750271654442,23.886474758497847,1.0,175.0,70,70,85,178.0,MAMDOT
33830,Jandi (55),LUDHIANA,30.9369373,75.4765,33830,1914.0628797749976,1914.1531982421875,0.7082912379721737,0.3656971009768416,2.092590034589407,-0.6502127262974933,-0.2870954905836276,769.0787109544175,22.78365280134045,1.0,240.0,270,250,308,616.0,SIDHWAN BET
34787,Satyewala (CT),FIROZEPUR,30.9369373,74.6362457,34787,1913.4726947722684,1914.14208984375,0.5199413593878159,0.1883231271189508,1.283284163222625,-0.5131647680770391,-0.1028378389446544,642.0981030249194,23.689690183039268,0.960985326937785,1.2,10,0,230,0.0,GHALL KHURD
33615,Qutabewal Araian (92),LUDHIANA,30.9006348,75.8090744,33615,1916.3677812287133,1914.1414794921875,0.4192238435796346,0.1590876304412233,2.1172178380437217,-0.3968859168891665,-0.0894274410121556,864.273304026355,22.76681682189809,0.8634463625382798,119.0,17,17,66,222.0,LUDHIANA-1
34256,Manjwala (69),FIROZEPUR,31.0630627,75.02951,34256,1916.235828317832,1914.1341552734375,0.643815660130886,0.321484798008652,1.789756807582491,-0.6069315375971938,-0.2320143181487201,732.7440063141398,23.12142729177672,1.0,10.0,0,0,200,100.0,MAKHU
34378,Bundala Nau (152),FIROZEPUR,30.9729729,75.00063,34378,1914.8003941109905,1914.1322021484375,0.645159184700986,0.3367071437246294,1.9411283736109524,-0.5939612701900505,-0.2476381177252154,701.5655281951325,23.33207324780648,1.0,600.0,130,100,150,334.0,ZIRA
29791,Bara Jagir (187),JALANDHAR,31.1531525,75.22706,29791,1917.814220444752,1914.1304931640625,0.6577140793512247,0.2910157918644858,2.007210758250872,-0.6044354364722361,-0.2199339771346587,849.0179317254996,22.68749901265182,1.0,77.0,12,26,95,85.0,LOHIAN
37309,Kotli Aulakh (342),AMRITSAR,31.6216221,74.6934,37309,1914.4439683701787,1914.1280517578125,0.572892644662128,0.2324578506624008,1.4526295029476295,-0.5441430081316404,-0.1432562814023965,920.6691178491012,23.05038414068065,1.0,62.0,0,14,23,61.0,CHOGAWAN
34406,Mahianwala Khurd (346),FIROZEPUR,30.9549541,74.71335,34406,1916.5372564181407,1914.1268310546875,0.6674972026580898,0.3257418505440742,1.9282610619664544,-0.6096147748137131,-0.2431471521026096,692.874758148272,23.41341928805702,1.0,161.94,40,80,105,167.0,ZIRA
38027,Koharhka (238),Tarn Taran,31.35135,74.81548,38027,1910.2069569324503,1914.125244140625,0.6079360424427037,0.2581046212013432,1.6706911489230705,-0.5734544190406948,-0.1755711117437877,799.0572246720689,22.93620046453458,1.0,10.0,50,250,430,337.0,NAUSHEHRA PANNUAN-11
29445,Rampur Gaura (98),KAPURTHALA,31.2072067,75.18575,29445,1914.33427163916,1914.121337890625,0.4998166756263405,0.2618884461776587,1.3399465089972205,-0.4775300589483471,-0.1436461322253724,868.9469787289994,22.74958406038064,1.0,2.48,0,0,26,108.0,SULTANPUR LODHI
29837,Namazipur (92),JALANDHAR,31.45946,75.45092,29837,1915.2983346101068,1914.120361328125,0.6010477131607842,0.2641731932764046,1.7868317650762036,-0.5656379332368868,-0.1812000792793908,766.9331672599213,22.841892629407766,1.0,112.0,27,26,76,120.0,LOHIAN
34258,Bhupewala (71),FIROZEPUR,31.0810814,74.98061,34258,1914.907725031067,1914.1171875,0.5268171890829687,0.2552695374604223,1.525597841064284,-0.4931059527304549,-0.1632641616938497,732.2377475993862,23.113865671454345,1.0,101.0,0,0,145,110.0,MAKHU
29499,Toti (12),KAPURTHALA,31.2252254,75.22115,29499,1920.2341770274456,1914.11474609375,0.6496887485029849,0.2891099627788102,1.954273045735971,-0.5970886717942764,-0.2149449555023526,852.7206721713441,22.680534510857456,1.0,218.94,35,35,209,234.0,SULTANPUR LODHI
33475,Chuharwala (74),LUDHIANA,30.9189186,75.84033,33475,1914.018117574729,1914.11083984375,0.4686943951109014,0.2205739547332172,1.3710355819236688,-0.4580494673206942,-0.1192222357029631,861.4481481721299,22.69576022833502,0.7700329005142854,23.0,80,0,279,221.0,LUDHIANA-2
29400,Talwandi Chowdhrian (73),KAPURTHALA,31.18919,75.21356,29400,1913.717591634943,1914.1048583984375,0.6043222223451695,0.2729368507449809,1.7270388646658132,-0.5638236801503571,-0.1889580958878817,898.8669755866425,22.699202355922864,1.0,2.47,0,0,400,2230.0,SULTANPUR LODHI
29325,Moklanwala (176),KAPURTHALA,31.3873882,75.41406,29325,1914.6310065461569,1914.103271484375,0.6647732377519923,0.3215860218486217,1.9428150989342428,-0.6179616363408164,-0.2409386462586983,942.3733892848388,22.416556765311952,1.0,2.47,0,0,2,54.0,KAPURTHALA
29396,Doda Kaman (89),KAPURTHALA,31.2252254,75.20008,29396,1912.452737604847,1914.10302734375,0.6072643344740942,0.2490196656606025,1.760304767194194,-0.5719851119891161,-0.1716784953637041,868.9469787289994,22.74958406038064,1.0,2.47,40,0,52,72.0,SULTANPUR LODHI
29822,Talwandi Sanghra (58),JALANDHAR,31.0810814,75.3382645,29822,1912.2094410552045,1914.0919189453125,0.6134338547043207,0.2712064710217094,1.8826985553705369,-0.5740786087594953,-0.1925111407586829,814.5788702180283,22.679460124891307,1.0,2.47,70,0,291,535.0,SHAHKOT
29747,Nawanpind Akaliwala (254),JALANDHAR,31.0828915,75.34603,29747,1915.784186428655,1914.0897216796875,0.6088424926469516,0.2820938716407723,1.7955243221838788,-0.5685338490620605,-0.1979582104574953,766.9331672599213,22.841892629407766,1.0,2.47,0,0,107,155.0,SHAHKOT
39980,Rasulpur (53),BARNALA,30.3688774,75.54319,39980,1914.20640881966,1914.083251953125,0.489042726694168,0.17204002527282,1.2678713748060064,-0.4803572389789876,-0.0992073104725255,666.6751000096696,23.665823616486648,1.0,10.0,0,5,18,62.0,BARNALA
29377,Amritpur (68),KAPURTHALA,31.2252254,75.2422256,29377,1916.31045144012,1914.0819091796875,0.5854958273925853,0.2640156301294608,1.629746612650547,-0.5546376252957957,-0.1735743754487352,931.265303771724,22.505780148381405,1.0,200.0,15,0,25,457.0,SULTANPUR LODHI
37661,Kalewala (407),AMRITSAR,31.54955,74.67793,37661,1919.4095221212672,1914.0794677734375,0.5363919372636158,0.2110014330040473,1.3994003176073833,-0.5130675317522899,-0.1216570080326416,923.8246442644768,23.03022888329781,1.0,297.0,10,98,208,324.0,ATTARI
33812,Bhatha Dhua (3),LUDHIANA,30.9369373,75.3714752,33812,1917.2627340743625,1914.077880859375,0.6148210554593718,0.279178773826093,1.703786610479484,-0.5795008030922435,-0.1978781935136505,810.172164230386,22.719828105071706,1.0,206.0,260,210,272,553.0,SIDHWAN BET
29840,Darapur (107),JALANDHAR,31.45946,75.45092,29840,1916.33211161537,1914.0762939453125,0.7047145408950408,0.3399031211247575,2.133792559091143,-0.6401848712107171,-0.264596278685188,766.9331672599213,22.841892629407766,1.0,100.0,0,0,2,108.0,LOHIAN
39695,Shahpur (25),SANGRUR,30.2882881,76.09938,39695,1911.3302050824727,1914.0755615234375,0.5591757733695759,0.2516606019219685,1.4526615352692438,-0.5395406787132219,-0.1554123214346704,764.4640823975141,23.06975965437409,1.0,140.0,4,98,145,142.0,BHAWANI GARH
37180,Dug (12),AMRITSAR,31.6216221,74.8838348,37180,1917.2048953701403,1914.0660400390625,0.5473019209048876,0.1929325892529301,1.3753578146731391,-0.5302264150027926,-0.1069713084654591,879.0007027795212,22.974869686455293,1.0,25.0,80,80,130,400.0,CHOGAWAN
29859,Fatehpur (163),JALANDHAR,31.0990982,75.33151,29859,1911.2642645356536,1914.06591796875,0.6388650837121826,0.2813167131463765,1.9473479481957043,-0.5898294469643356,-0.2056226627775231,883.6240711619752,22.543239515608548,1.0,2.47,60,50,302,183.0,SHAHKOT
29825,Kakar Kalan (76),JALANDHAR,31.0450459,75.2466354,29825,1914.5128718623928,1914.0654296875,0.618926216518804,0.2794517092034773,1.907321054751991,-0.5722205514073956,-0.1992954643662824,814.5788702180283,22.679460124891307,1.0,2.47,100,0,304,256.0,SHAHKOT
38277,Bharowal (327),Tarn Taran,0.0,0.0,38277,1911.286280045324,1914.063720703125,0.492879787449253,0.1387520337121174,1.4035021050316645,-0.4712460243757708,-0.0680013626126412,904.0238502433198,22.61020811230276,1.0,2.1,150,200,700,892.0,KHADUR-SAHIB-10
29457,Bhim Qadim (161),KAPURTHALA,31.2252254,75.20008,29457,1915.2878089351564,1914.0589599609375,0.6699743104863323,0.3236325044715941,1.9383026704239128,-0.6242393313604826,-0.2415150115920982,816.9662448575394,22.834234023093245,1.0,2.47,0,29,37,159.0,SULTANPUR LODHI
34556,Baghewala (23),FIROZEPUR,0.0,0.0,34556,1916.2740739052808,1914.056396484375,0.5835885562885258,0.2665007644635943,1.5334906510232778,-0.5595075055168728,-0.1697462506338281,672.1203709335749,23.49543024639584,1.0,50.0,51,52,70,170.0,FIROZPUR
34371,Killi Nauabad (165),FIROZEPUR,30.9369373,75.1404,34371,1914.26278859869,1914.0562744140625,0.6429034054002276,0.3262552551093896,1.994448094391435,-0.5891951059231487,-0.242326944845335,693.6538162639039,23.19813426734248,1.0,200.0,180,85,110,112.0,ZIRA
29802,Mulewal Araian (96),JALANDHAR,31.0828915,75.34603,29802,1915.80003340711,1914.05615234375,0.5969905728039899,0.2780663341218206,1.8233322804687369,-0.5606496209897093,-0.190701168850983,766.9331672599213,22.841892629407766,1.0,210.0,0,0,250,225.0,SHAHKOT
29305,Sunranwala (214),KAPURTHALA,31.3873882,75.41406,29305,1916.0139495228564,1914.0501708984375,0.5970292547103258,0.2327671844485062,1.7667614306115662,-0.5634691753097737,-0.1578366466376221,942.3733892848388,22.416556765311952,1.0,2.5,52,0,155,308.0,KAPURTHALA
29358,Patti Sardar Nabi Baksh(46),KAPURTHALA,31.18919,75.17143,29358,1913.435566425478,1914.049560546875,0.613274970940813,0.3061792028201367,1.7847819546325645,-0.5821191567961491,-0.2121704845915466,923.7338992764847,22.55090936966161,1.0,2.47,19,26,56,90.0,SULTANPUR LODHI
29441,Bhaini Bahadur (93),KAPURTHALA,31.1711712,75.22031,29441,1914.3002654334648,1914.0482177734375,0.3467549113839944,0.2475153010623109,1.0312480975142804,-0.3238272863277795,-0.100488682503153,868.9469787289994,22.74958406038064,1.0,2.47,0,10,40,43.0,SULTANPUR LODHI
33806,Talwandi Khurd (76),LUDHIANA,30.9369373,75.3714752,33806,1914.0550023906349,1914.0477294921875,0.6934912608460129,0.3330843972244546,2.058497317145369,-0.6385889203375287,-0.2625143260992676,780.887298173609,22.781656337511453,1.0,225.0,250,250,445,627.0,SIDHWAN BET
35051,Muhar Sona Urf Nakike (277),FAZILKA,30.4144154,74.02464,35051,1917.117345815524,1914.0399169921875,0.5678122491782971,0.2506702497786914,1.372264072726829,-0.5389668000187127,-0.1511147719058567,470.7722703218131,24.475597584252128,1.0,178.0,400,100,138,185.0,FAZILKA
33834,Salempura (26),LUDHIANA,30.9369373,75.3714752,33834,1913.4440836771853,1914.0399169921875,0.6828102912448005,0.3403520255257878,2.021576108081269,-0.6258636733142775,-0.2623081189257708,770.2095645504997,22.77891970414416,1.0,65.0,40,40,53,963.0,SIDHWAN BET
34375,Boola (162),FIROZEPUR,30.9189186,74.7271957,34375,1914.2818197574725,1914.039794921875,0.6785267869227772,0.3465713914519823,2.032618532551964,-0.6162978957758131,-0.2645095690138648,694.0272724156433,23.20445658249136,1.0,200.0,150,95,135,314.0,ZIRA
36598,Kakrala (62),PATIALA,30.1621628,76.14772,36598,1917.2091064693736,1914.0391845703125,0.5400385584596498,0.2197509991796494,1.4235248316847051,-0.5225013444263137,-0.13078293441256,807.488927524318,23.062358028345614,1.0,279.0,15,40,162,326.0,PATIALA
29399,Faridpur (83),KAPURTHALA,31.1711712,75.19925,29399,1913.532774585001,1914.0380859375,0.6162323209102915,0.2786617745857477,1.80844367359004,-0.5717048931862773,-0.1960239604121013,894.8164196636324,22.70602300875858,1.0,2.47,0,0,37,176.0,SULTANPUR LODHI
29996,Samailpur (351),JALANDHAR,31.0528469,75.47511,29996,1915.6709956009936,1914.0374755859375,0.6373162389728474,0.331536464633158,1.853065551311445,-0.591607954334388,-0.2413824882167166,805.9951904227631,22.629141831819368,1.0,5.4,130,120,405,222.0,NAKODAR
34581,Kamalwala (38),FIROZEPUR,30.9189186,74.58018,34581,1915.7015085261808,1914.0347900390625,0.5970368086937469,0.2669812580796336,1.4524902820220726,-0.5924744451389384,-0.168351802630249,668.6168583645093,23.516889363356167,1.0,36.05,70,50,273,33.0,FIROZPUR
29536,Sarupwal (181),KAPURTHALA,31.2072067,75.20682,29536,1911.0730628810843,1914.0306396484375,0.639669007722996,0.3122577521827265,1.9055796506211573,-0.595286530318256,-0.2277681882852012,816.9662448575394,22.834234023093245,1.0,2.47,95,95,130,312.0,SULTANPUR LODHI
29418,Lau (37),KAPURTHALA,31.3153152,75.229744,29418,1916.002234777524,1914.0301513671875,0.6042376075325298,0.26590654477644,1.714357935711392,-0.5688429350808316,-0.1817252501138657,898.8669755866425,22.699202355922864,1.0,2.47,11,0,12,51.0,SULTANPUR LODHI
33836,Kiri (24),LUDHIANA,30.9189186,75.46229,33836,1915.035552111776,1914.0277099609375,0.7030305318904392,0.3698055963863397,2.049247959802266,-0.6441913046273997,-0.2886044491291508,769.0787109544175,22.78365280134045,1.0,52.0,30,30,62,195.0,SIDHWAN BET
37179,Vehra (14),AMRITSAR,31.7159538,74.61439,37179,1916.422863955692,1914.02587890625,0.5546173452317494,0.2062904800203061,1.3587706650288016,-0.5376943958393909,-0.1161998685994572,879.0007027795212,22.974869686455293,1.0,180.0,67,66,108,300.0,CHOGAWAN
29455,Shahdulapur (112),KAPURTHALA,31.2072067,75.18575,29455,1915.8087524402447,1914.0240478515625,0.654987474819562,0.3349959530141854,1.9286474918254808,-0.6074796165374801,-0.2457075522678321,816.9662448575394,22.834234023093245,1.0,2.47,52,52,92,81.0,SULTANPUR LODHI
34357,Chuchak Wind (356),FIROZEPUR,30.9683037,74.99846,34357,1913.6364822112707,1914.01904296875,0.6265974540281443,0.2911287496624158,1.7956948193896658,-0.5894616573515682,-0.2049612388233683,695.172021072139,23.411817079033767,1.0,60.0,143,250,285,777.0,ZIRA
39720,Ramnagar Alias Ghumand Singhwala (46),SANGRUR,30.18018,76.03658,39720,1911.845837119502,1914.018798828125,0.6191962302062579,0.3028404616840256,1.4839600524773442,-0.5921861555057568,-0.1992205809209664,697.4079254081147,23.226396516607792,1.0,1.0,0,0,1,359.0,BHAWANI GARH
33825,Dhothar (67),LUDHIANA,30.9369373,75.4765,33825,1913.805412491144,1914.015625,0.6896339807506553,0.341392905230697,2.0293338576650632,-0.628318219388299,-0.2647225013540344,793.1981625964539,22.71537406249968,1.0,90.0,85,85,120,265.0,SIDHWAN BET
29312,Muradpur Dona (222),KAPURTHALA,0.0,0.0,29312,1913.497569164567,1914.01318359375,0.6277308391483197,0.2698711930069809,1.8559386507044724,-0.5849599965419475,-0.1938285613377671,953.3614341556836,22.40299014909801,1.0,56.0,5,0,5,64.0,KAPURTHALA
29431,Pitho Rahal (115),KAPURTHALA,31.2252254,75.20008,29431,1916.4353910191307,1914.0123291015625,0.6261215377728959,0.3017049104642703,1.8262681899369504,-0.5839634231601426,-0.2162038973892362,828.5564416843597,22.815359535256245,1.0,3.4,55,55,105,121.0,SULTANPUR LODHI
29427,Paramjitpur (85),KAPURTHALA,31.2072067,75.18575,29427,1915.946219592453,1914.0108642578125,0.6038197960103795,0.2458327864570011,1.7465583016985002,-0.5594523276155874,-0.1688391558609278,898.8669755866425,22.699202355922864,1.0,2.47,0,20,166,313.0,SULTANPUR LODHI
38314,Jallala Bad (154),Tarn Taran,31.54955,75.01623,38314,1912.8342519389348,1914.0072021484375,0.5125826737374383,0.2012539553413225,1.4737060776046715,-0.4941755518536324,-0.1145777725314824,941.8430140182908,22.457677172705026,0.9841351109860192,2.3,100,100,300,1543.0,KHADUR-SAHIB-10
34407,Warnala (347),FIROZEPUR,30.9369373,75.1404,34407,1915.9568033638789,1914.0054931640625,0.619184675860321,0.2722465966674635,1.7136103942989267,-0.57674295670164,-0.1901635122897596,683.0004389581076,23.4203060588958,1.0,470.0,25,0,172,184.0,ZIRA
29421,Wadel Khuda Buxwala(132),KAPURTHALA,31.2072067,75.20682,29421,1915.9746804357808,1913.998779296875,0.6370607960029046,0.3067724620636936,1.8684715524590536,-0.5944275816402057,-0.2210967480187926,883.7919661316478,22.720421485428943,1.0,2.47,0,0,40,34.0,SULTANPUR LODHI
33658,Isewal (135),LUDHIANA,30.8828831,75.91676,33658,1911.0780712226824,1913.9940185546875,0.6685401318814739,0.3223953560538289,2.005025956261109,-0.6151661356385438,-0.2466770591769368,819.4311651399033,22.722257702118725,1.0,225.0,235,255,399,469.0,SIDHWAN BET
39572,Kuram (81),SANGRUR,0.0,0.0,39572,1912.0824290726243,1913.9814453125,0.6601423968370349,0.3180919332210647,1.7379011359347716,-0.6109027602082261,-0.2346473390093968,696.7181455015038,23.3216900989418,1.0,50.0,22,10,15,63.0,MALERKOTLA
29349,Mithra (111),KAPURTHALA,31.333334,75.24414,29349,1912.6918500449776,1913.979736328125,0.6007068738671361,0.2748030846159314,1.783812626400253,-0.5651420930264993,-0.18820325229418,923.7338992764847,22.55090936966161,1.0,2.48,48,0,87,251.0,KAPURTHALA
29224,Kokalpur (45),KAPURTHALA,31.3873882,75.39295,29224,1914.523658189319,1913.9791259765625,0.5392369898023248,0.2447527335747162,1.6235388828426218,-0.5169235849579906,-0.1552685386242708,913.34825186037,22.398483972158942,1.0,87.0,150,160,260,238.0,KAPURTHALA
33841,Khudai Chak (67),LUDHIANA,30.9369373,75.3714752,33841,1916.5850601888449,1913.9677734375,0.6916202777350063,0.3406329468070727,2.0872621007300847,-0.629352574907623,-0.2674517748113781,777.9813249150726,22.758450766790663,1.0,82.0,100,100,116,296.0,SIDHWAN BET
34702,Gatti Chak Jadid (367),FIROZEPUR,30.9189186,74.47517,34702,1916.3329330355427,1913.9676513671875,0.5869919804180458,0.2350335988537542,1.4326079859830905,-0.5657952674819777,-0.1466331396866537,649.0073175344929,23.73045802074005,0.9668812987488024,150.0,0,0,1,377.0,MAMDOT
29248,Aujla Jogi (189),KAPURTHALA,31.27928,75.49614,29248,1914.5542022931663,1913.95849609375,0.602021022881548,0.2439211582081832,1.9630418676877035,-0.5552519958925967,-0.1713597568259253,942.3733892848388,22.416556765311952,1.0,67.0,75,0,227,151.0,KAPURTHALA
34349,Burewala (4),FIROZEPUR,30.9909916,74.97276,34349,1912.6082640854595,1913.957763671875,0.569737280862082,0.28757270237849,1.6542552057804008,-0.5359689731677538,-0.1912267103712265,685.943598164072,23.455330071816284,1.0,75.39,155,55,95,86.0,ZIRA
29360,Todarwal (50),KAPURTHALA,31.1711712,75.24136,29360,1911.8345142302865,1913.947998046875,0.6350323537497466,0.2968154365018303,1.951587495231408,-0.5842504061843729,-0.2159544790778352,901.6205930753922,22.682781259147344,1.0,21.32,60,0,79,34.0,SULTANPUR LODHI
37987,Chohla Sahib (304),Tarn Taran,31.261261,74.97584,37987,1914.727294531968,1913.9471435546875,0.5970666425667613,0.2538080961253005,1.6265993144484625,-0.5741463603254673,-0.1701530133535312,813.6128725313093,22.843163865191773,1.0,800.0,70,723,1415,1782.0,CHOHLA SAHIB-8
29512,Gill (25),KAPURTHALA,31.2072067,75.18575,29512,1918.991394514251,1913.93994140625,0.6250355348082451,0.2885770647164783,1.879790558808154,-0.5795702564419645,-0.2047528569909016,817.6976385524171,22.81345387128846,1.0,2.47,198,69,98,478.0,SULTANPUR LODHI
39701,Nadampur (35),SANGRUR,30.2882881,76.09938,39701,1911.6859561026508,1913.9388427734375,0.5677566829745058,0.243262595672938,1.451443407802275,-0.5485192524342641,-0.151135688254705,725.4533794727695,23.173058260565828,1.0,707.0,100,300,580,707.0,BHAWANI GARH
29845,Mehmuwal Yusafpur (117),JALANDHAR,31.1711712,75.22031,29845,1915.056255388317,1913.9359130859375,0.6356747429522434,0.2764764412841071,1.911621086841773,-0.5876725121874609,-0.2011146987197798,851.9229440543328,22.682034961398408,1.0,368.0,19,19,162,416.0,LOHIAN
37182,Tut (13),AMRITSAR,31.6396389,74.58089,37182,1917.7616975640883,1913.9329833984375,0.5820075656121803,0.2247657081024467,1.4842255186242883,-0.557671078697275,-0.1381824287168161,879.0007027795212,22.974869686455293,1.0,401.0,55,65,137,401.0,CHOGAWAN
33546,Bhamian Kalan (CT),LUDHIANA,30.9189186,75.84033,33546,1913.558181764992,1913.9324951171875,0.2871692257971404,0.025646311365755,0.9905471610388472,-0.302506154188196,0.0230094093550873,836.7217871358292,22.840341159891125,0.2626593876696376,24.0,89,0,150,0.0,LUDHIANA-2
34584,Lakha Bubna (41),FIROZEPUR,30.9450226,74.63461,34584,1913.676731170643,1913.926513671875,0.6115854200525038,0.2772484900960109,1.5804016991288428,-0.5819655878451894,-0.1847926328062434,665.9990045239823,23.53292379469844,1.0,36.05,10,10,20,46.0,FIROZPUR
34369,Mastewala (137),FIROZEPUR,31.0630627,74.81917,34369,1914.756163090508,1913.924072265625,0.6659051542825429,0.3392816729144852,1.897805759961522,-0.610822131929706,-0.2518872640225449,701.5655281951325,23.33207324780648,1.0,277.0265,24,122,135,308.0,MAKHU
29453,Khangah Shah Rehmatulah quadri (111),KAPURTHALA,31.2252254,75.20008,29453,1915.2408777033693,1913.923828125,0.6577006981764961,0.3213669871726747,1.8686658158505125,-0.6169335821192732,-0.2348225400287181,816.9662448575394,22.834234023093245,1.0,2.47,0,0,1,13.0,SULTANPUR LODHI
29271,Saidowal (155),KAPURTHALA,0.0,0.0,29271,1915.559605300842,1913.9215087890625,0.5741678530361579,0.2189339016519576,1.731916168189666,-0.5397564233530082,-0.148071527094613,942.3733892848388,22.416556765311952,1.0,92.24,50,50,369,301.0,KAPURTHALA
34763,Lodharan (246),FIROZEPUR,30.8648643,74.41215,34763,1909.867021537338,1913.9200439453125,0.5894988937146971,0.2511425526452835,1.4904120707949235,-0.5610114975759519,-0.16110496256849,634.6124204804795,23.884184272387643,1.0,130.0,82,92,102,124.0,MAMDOT
29209,Mundi (82),KAPURTHALA,31.4954948,75.35319,29209,1915.6756451932551,1913.9190673828125,0.5611991156892228,0.2402086479188275,1.663074782778758,-0.5344079536459014,-0.1569628371139997,931.265303771724,22.505780148381405,1.0,99.0,98,27,276,119.0,DHILWAN
34614,Weer (65/1),FIROZEPUR,30.9549541,74.6083,34614,1913.3593795909155,1913.9166259765625,0.4902784715656292,0.210956686808129,1.4485917257699648,-0.4009279295752738,-0.1436158481418826,650.1476663971836,23.609601321290945,0.6907247311832267,18.0,0,150,200,1399.0,FIROZPUR
35101,Bakhu Shah (282),FAZILKA,30.3963966,74.03187,35101,1916.0083583174903,1913.91357421875,0.648931553735679,0.3411160791134883,1.7905607152136576,-0.5747934944566447,-0.244402775671804,480.2901688029664,24.46139456905496,1.0,111.0,522,35,125,129.0,FAZILKA
34389,Mehar Singhwala (349),FIROZEPUR,30.9729729,75.00063,34389,1915.507510485216,1913.913330078125,0.6714524663472129,0.3255525185248709,1.8917916685054983,-0.6190633652588865,-0.2462527694045646,695.172021072139,23.411817079033767,1.0,524.17,200,0,350,572.0,ZIRA
37993,Gharka (352),Tarn Taran,31.25709,74.988945,37993,1916.105421166711,1913.9132080078125,0.5085864751066858,0.2638376763270116,1.4384075017175684,-0.4842344818699469,-0.1512546265517607,818.8943642057139,22.851174316627304,0.9853628095870786,702.0,26,140,596,1656.0,CHOHLA SAHIB-8
37215,Veroke(166),AMRITSAR,31.7159538,74.61439,37215,1912.8256049787883,1913.90966796875,0.5395324438643364,0.1948211856111986,1.3752543959103505,-0.5170775388851562,-0.109369054785576,918.5816194742746,23.04660102821457,1.0,269.0,80,65,165,290.0,CHOGAWAN
29555,Mand Singhpur (200),KAPURTHALA,31.2072067,75.18575,29555,1914.3944917602576,1913.908447265625,0.556364992994956,0.2649056741024859,1.7027850822986466,-0.496549170887183,-0.1700576536022366,799.5172533204453,22.91443664744048,0.7207016007077562,1.0,0,0,1,59.0,SULTANPUR LODHI
29739,Sarangwal (267),JALANDHAR,31.0826054,75.34618,29739,1916.88820281161,1913.9039306640625,0.6099367021813825,0.2674855484818427,1.874505719380455,-0.5616213575216956,-0.1908106767592609,766.9331672599213,22.841892629407766,1.0,1200.0,50,0,272,140.0,SHAHKOT
34358,Mihan Singhwala (354),FIROZEPUR,31.0224476,75.00164,34358,1912.9036105738337,1913.9010009765625,0.6542687519510592,0.314500325234057,1.8900579584667496,-0.6069362197855522,-0.2289442337982689,695.172021072139,23.411817079033767,1.0,200.0,45,85,300,407.0,ZIRA
33736,Dadahur (83),LUDHIANA,30.3423424,75.76557,33736,1909.582179326512,1913.899169921875,0.6367440304448843,0.2802580420647592,1.6740857270374605,-0.5944949577018614,-0.200592453190714,710.9343799760239,23.213375035280365,1.0,2.47,330,0,440,563.0,RAIKOT
34413,Mansurwal (331),FIROZEPUR,30.967453,74.99885,34413,1912.567963740413,1913.89404296875,0.6401421152128798,0.3035686097127667,1.7992374867368588,-0.5932971993577781,-0.2173124951040848,698.2351931741135,23.3281582133003,1.0,592.0,120,300,355,639.0,ZIRA
30060,Dalla (62),JALANDHAR,31.1171169,75.32476,30060,1911.5179287794963,1913.893310546875,0.6450741882982753,0.3121745032449857,1.9300920402092328,-0.5935871036298354,-0.2320602203017669,821.2975802829163,22.77606139731529,1.0,188.0,150,150,254,211.0,NURMAHAL
29824,Tut Shersingh (289),JALANDHAR,31.0810814,75.3382645,29824,1913.2454701852428,1913.8914794921875,0.607213619367214,0.2696885084123752,1.8294380414076687,-0.5641862240297427,-0.1895746326719465,814.5788702180283,22.679460124891307,1.0,2.47,50,0,118,189.0,SHAHKOT
29264,Kasso Chahal (186),KAPURTHALA,0.0,0.0,29264,1915.363761023155,1913.890380859375,0.6251828834336488,0.2687265464093739,1.9378661056143585,-0.5779700643065498,-0.1922716489281639,942.3733892848388,22.416556765311952,1.0,49.0,48,50,70,137.0,KAPURTHALA
33630,Bholewal Qadim (118),LUDHIANA,30.900692,75.80897,33630,1913.7003455485053,1913.8853759765625,0.592454209385232,0.2650949020783907,1.7967507379735868,-0.5592371214097075,-0.1809418322514779,864.273304026355,22.76681682189809,1.0,160.0,52,27,188,185.0,LUDHIANA-1
39548,Manak Majra (122),SANGRUR,30.4324322,75.89815,39548,1913.220549651105,1913.8785400390625,0.5692141928974375,0.2515677920292844,1.3504712929598608,-0.5553733554363991,-0.1498010730603699,725.414940994014,23.062530097044885,1.0,4.0,22,22,42,498.0,MALERKOTLA
29818,Kotla Surajmal (77),JALANDHAR,31.0990982,75.33151,29818,1915.2850586239592,1913.875732421875,0.629495038791164,0.2941523101258227,1.9501664489376327,-0.5779978789289266,-0.2127349389804416,814.5788702180283,22.679460124891307,1.0,2.47,100,0,242,182.0,SHAHKOT
29732,Sandhanwal (270),JALANDHAR,31.0270271,75.35856,29732,1915.1269276079136,1913.8751220703125,0.6072618633936779,0.2730864111863982,1.8241234627923777,-0.5674848637178975,-0.1920935574040446,733.5041381099824,22.93186698429521,1.0,2.47,30,1,192,265.0,SHAHKOT
38034,Paddri (209),Tarn Taran,31.477478,74.91614,38034,1917.2742288119343,1913.8736572265625,0.5443949411300419,0.2214752291903686,1.421301368638363,-0.5319202183425843,-0.1284162722791728,799.6252173049774,22.94482057534928,1.0,200.0,60,60,68,1050.0,TARN TARAN-12
34668,Gatti Teluwala Mal (364/365),FIROZEPUR,0.0,0.0,34668,1915.068345684066,1913.8707275390625,0.3904031158763137,0.0033632138476146,0.8374982245965568,-0.4190565109335705,0.0621250030654063,650.7621946742432,23.616077457409176,0.963536059954642,31.98,40,40,50,255.0,MAMDOT
38209,Thakarpura (171),Tarn Taran,31.2432442,74.81401,38209,1917.7388231249408,1913.8704833984375,0.5657790460952595,0.2167803056563701,1.4270706053538071,-0.5507775863295388,-0.1296661718607418,761.0989188957233,23.03446143747012,1.0,275.0,4,0,485,337.0,PATTI-14
33846,Akuwal (186),LUDHIANA,30.9189186,75.483284,33846,1915.7048860825143,1913.86962890625,0.4220752437874779,0.2289124992449668,1.2295691557761932,-0.410293774711423,-0.1347224708921024,805.9951904227631,22.629141831819368,1.0,68.0,50,40,75,191.0,SIDHWAN BET
34806,Megha Rai (326),FIROZEPUR,30.72072,74.42642,34806,1915.9683553185928,1913.860595703125,0.6146129940850276,0.268612489765994,1.5410218456354976,-0.5783694638186089,-0.1799898672507777,651.2123958032357,23.88675983466526,1.0,394.99,605,221,242,439.0,GURU HAR SAHAI
29450,Mubarakpur (108),KAPURTHALA,31.2252254,75.20008,29450,1914.7251114685564,1913.8577880859375,0.628324923489262,0.2914812680665381,1.828710192850092,-0.5842798079698618,-0.2064212461349059,828.8400871151483,22.81489762228649,1.0,2.47,0,0,4,34.0,SULTANPUR LODHI
37657,Kaunke (398),AMRITSAR,31.54955,74.67793,37657,1915.363027486168,1913.8575439453125,0.5482953405460024,0.2375602799745557,1.4032915641601829,-0.5326292924002813,-0.142569399057284,932.248256124627,23.00577168639421,1.0,320.0,248,248,600,344.0,ATTARI
32224,Phambra (288),Shahid Bhagat Singh Nagar,31.0450459,75.9406357,32224,1912.8635209354668,1913.85693359375,0.6510862340743668,0.3355752649465552,1.759609249924841,-0.6082734641686612,-0.2416067741560506,848.1584730555909,22.68394309940942,1.0,401.0,55,0,144,433.0,AUR
29853,Talwandi Madho (181),JALANDHAR,31.1531525,75.206,29853,1914.988451921932,1913.855712890625,0.6301133601622882,0.2639487319607743,1.886717442374196,-0.5812796874216964,-0.1908081268780374,852.7206721713441,22.680534510857456,1.0,440.0,99,97,360,479.0,LOHIAN
33823,Bharowal Khurd (13),LUDHIANA,30.9189186,75.46229,33823,1916.1529207360704,1913.851806640625,0.6924078214563019,0.3389007848378508,2.022216002838538,-0.6332062149097196,-0.2640042611534089,793.1981625964539,22.71537406249968,1.0,83.0,45,45,67,287.0,SIDHWAN BET
29447,Akalpur (166),KAPURTHALA,31.2252254,75.20008,29447,1914.4511596557936,1913.8504638671875,0.5268403191855573,0.2708346230792697,1.4346245193328997,-0.4978557443990111,-0.157942837860723,868.9469787289994,22.74958406038064,1.0,2.47,0,0,1,73.0,SULTANPUR LODHI
33790,Gure (111),LUDHIANA,30.9189186,75.483284,33790,1913.328167467456,1913.8468017578125,0.6274288906018973,0.2830798224023393,1.8190011710035536,-0.5853386139910521,-0.2076707490910909,755.1301958968537,22.92033379166793,1.0,650.0,425,425,668,749.0,SIDHWAN BET
29486,Randhirpur (28),KAPURTHALA,31.2252254,75.26329,29486,1918.7205855133484,1913.846435546875,0.6369419190731377,0.2934768442809448,1.9315677232903257,-0.5862843681406528,-0.2128516395925879,817.6976385524171,22.81345387128846,1.0,579.0,60,0,130,766.0,SULTANPUR LODHI
30531,Brahampur (387),JALANDHAR,31.405405,75.4285355,30531,1914.909922450617,1913.8428955078125,0.6160409572492311,0.2453472349902742,1.9701488494020127,-0.5614516801360702,-0.1754469275097065,914.5712190360872,22.402268227271843,1.0,80.0,0,0,145,91.0,JALANDHAR - WEST
34391,Kasoana (365),FIROZEPUR,30.9369373,75.1404,34391,1915.3528105232208,1913.8427734375,0.6339309517328418,0.2911836840351613,1.766749287265932,-0.5916973866886542,-0.2056947020690848,684.7272145465612,23.41910173204178,1.0,607.287,250,250,355,730.0,ZIRA
34355,Gogoani (363),FIROZEPUR,30.9369373,74.72027,34355,1912.563673818621,1913.839111328125,0.6184649302395441,0.2843311194676455,1.728346609272152,-0.5845153456242489,-0.1968522418666415,686.56287759639,23.43501703003553,1.0,3.0,152,0,225,358.0,ZIRA
34241,Tibbi Badra (93),FIROZEPUR,31.0630627,74.81917,34241,1915.1639725691632,1913.83251953125,0.6159238311157677,0.3115665660045758,1.7095465652319293,-0.5849869966807031,-0.214572226505044,729.2441966941254,23.069153166359456,1.0,25.1,0,0,9,26.0,MAKHU
33657,Bhattian (136),LUDHIANA,30.9007053,75.80895,33657,1914.1710049714952,1913.8262939453125,0.6596027835918065,0.3096694058359723,1.963713040943827,-0.6103466307018722,-0.2347771489620463,819.4311651399033,22.722257702118725,1.0,226.0,56,157,485,315.0,LUDHIANA-1
37985,Chak Sarhali (296),Tarn Taran,31.45946,74.94397,37985,1918.9642711772003,1913.8203125,0.5777994583436422,0.2499467190531532,1.5085505465394466,-0.5624890844667697,-0.1578451823411226,799.3839664383415,22.91486529009899,1.0,25.0,0,0,190,97.0,CHOHLA SAHIB-8
29280,Ratta Nauabad (99),KAPURTHALA,31.2972965,75.2153549,29280,1913.403336060164,1913.8187255859375,0.6299950935635318,0.3359433553829137,1.9251903152907912,-0.5856307811071878,-0.2442295881273731,923.7338992764847,22.55090936966161,1.0,58.09,30,30,50,157.0,KAPURTHALA
39817,Bagrol (127),SANGRUR,30.072073,75.9742,39817,1914.1306893176195,1913.8179931640625,0.6289057967873326,0.2866875444874079,1.7043644456306737,-0.5797564326220555,-0.2023145214706334,678.6249819209473,23.415548694258007,1.0,1258.0,40,69,540,504.0,DIRBA
29344,Qaulo Talwandi (120),KAPURTHALA,31.333334,75.24414,29344,1914.017029166526,1913.813232421875,0.6444705411566858,0.2814918708183973,1.938947092770697,-0.5973737350290453,-0.2070881384667681,923.7338992764847,22.55090936966161,1.0,2.47,10,6,25,186.0,KAPURTHALA
29279,Hussainabad (97),KAPURTHALA,31.3153152,75.20866,29279,1914.500271692027,1913.8111572265625,0.6260869302050498,0.3176545204446618,1.94362031924525,-0.5795716005733274,-0.2297404464403419,914.9133907202756,22.51711759411698,1.0,121.0,25,50,150,158.0,KAPURTHALA
34804,Chhanga Rai Hithar (309),FIROZEPUR,30.7027035,74.39156,34804,1915.4703327949528,1913.8089599609375,0.6241775428903985,0.2689157502562357,1.6073342151875118,-0.5839059100752713,-0.181355162380224,652.6607958152937,23.892961451999007,1.0,1.0,120,12,94,53.0,GURU HAR SAHAI
33831,Bangsipura (50),LUDHIANA,30.9369373,75.3714752,33831,1913.2230139698067,1913.8082275390625,0.66921048818733,0.3206041283830294,1.9924857856011828,-0.6178692660048738,-0.2456819817743409,769.0787109544175,22.78365280134045,1.0,99.0,100,100,168,305.0,SIDHWAN BET
29310,Jai Rampur (219),KAPURTHALA,0.0,0.0,29310,1914.462198767853,1913.8079833984375,0.6585805803522876,0.278852100416683,1.8712663956265545,-0.6166377306680986,-0.2073987577823396,956.6197663342516,22.39594953998853,1.0,119.07,10,0,35,132.0,KAPURTHALA
33839,Talwara (21),LUDHIANA,30.9369373,75.3714752,33839,1916.19717072812,1913.8077392578125,0.6516925242794434,0.3197761051308632,1.8776176544150605,-0.6065843667724643,-0.2377317996668907,782.6621972409743,22.72680020689431,1.0,125.0,160,160,265,389.0,SIDHWAN BET
34429,Pandori Jattan (157),FIROZEPUR,30.9369373,75.1404,34429,1915.7670408218728,1913.805908203125,0.6892647945006877,0.3659151223980105,2.041451752172198,-0.6196409152494303,-0.2817928134647259,695.2664099965442,23.225434194629745,1.0,202.429,50,50,84,178.0,ZIRA
37189,Hetampura (7),AMRITSAR,31.6396389,74.6867,37189,1913.7889398915568,1913.8056640625,0.5770645188209153,0.2398701637638499,1.5168570782682669,-0.5430188340659686,-0.1524672063853908,917.7477563753122,23.04508984242304,1.0,362.0,149,149,298,391.0,CHOGAWAN
29218,Nurpur Kiranwali (88),KAPURTHALA,31.2972965,75.2153549,29218,1910.979762981804,1913.8017578125,0.5818058384613906,0.2795840461393507,1.6796228779936426,-0.5529049773821967,-0.1845891149973549,897.5934627463715,22.45076415034606,1.0,196.0,30,30,70,511.0,KAPURTHALA
29900,Dhadda Haripur (120),JALANDHAR,31.18919,75.40312,29900,1914.159782112858,1913.8011474609375,0.6597641750249545,0.301990752355022,1.9055702662792628,-0.6056620938133854,-0.2218431418780496,872.8889563253749,22.57792600653161,1.0,2.47,10,0,45,144.0,NAKODAR
29496,Latianwala (9),KAPURTHALA,30.9369373,74.6992645,29496,1916.6964326569268,1913.7999267578125,0.670136895433303,0.3016093755225964,1.9700904036948728,-0.61688513745196,-0.228762630715205,852.7206721713441,22.680534510857456,1.0,220.24,50,50,331,247.0,SULTANPUR LODHI
34395,Wara Waryamsingh (361),FIROZEPUR,30.9369373,75.1404,34395,1912.953064827061,1913.7991943359375,0.6334870890239136,0.2915435555018651,1.7880711054215823,-0.5927398318895464,-0.2065659830190724,679.3736340539142,23.42750235915896,1.0,2.0,140,0,190,265.0,ZIRA
36656,Karhali (196),PATIALA,30.2342339,76.34947,36656,1911.2315627565329,1913.7982177734375,0.5562980892157163,0.2491489631654698,1.4020006111928245,-0.5405748457326913,-0.1496532188706417,781.927175225028,23.149804338556017,1.0,805.0,350,350,600,861.0,PATIALA
29298,Rasulpur Kulian (185),KAPURTHALA,0.0,0.0,29298,1916.965657106748,1913.7930908203125,0.5545658083358531,0.1960094051828666,1.8145654171153185,-0.5172967014198476,-0.1299342655414583,942.3733892848388,22.416556765311952,1.0,81.0,0,0,2,91.0,KAPURTHALA
34557,Arif Ke (22),FIROZEPUR,30.9549541,74.6083,34557,1914.7366237743831,1913.78857421875,0.572353004423701,0.2515040938525698,1.509557753690293,-0.5526628334314877,-0.1582787303593763,679.1457732913792,23.46702117181233,1.0,50.0,82,90,115,848.0,FIROZPUR
29997,Mehsampur (352),JALANDHAR,31.0450459,75.4779739,29997,1915.277567427033,1913.787109375,0.6029129006306078,0.2912886553638916,1.6975689332248578,-0.5705823369908427,-0.1986524057222345,805.9951904227631,22.629141831819368,1.0,1.0,0,0,252,367.0,MEHATPUR
39669,Bir Mehsampur (227),SANGRUR,30.2882881,76.09938,39669,1910.2588730351376,1913.7857666015625,0.5744582151358737,0.2405687665649672,1.437458889098425,-0.5526142106823979,-0.1515113498309652,707.5139917048807,23.16524417701081,1.0,1.0,0,1,1,51.0,BHAWANI GARH
37892,Mirpur (197),Tarn Taran,31.477478,74.91614,37892,1913.6759627371027,1913.785400390625,0.5535885590252468,0.217943049444859,1.5687652959374534,-0.5270738781901579,-0.1346949524646798,843.4986415316956,22.92203865045581,1.0,405.0,78,25,153,185.0,TARN TARAN-12
34571,Talli Saida Sahu (28),FIROZEPUR,30.9646015,74.6052,34571,1911.386239345169,1913.78369140625,0.5497584721933976,0.240937654253477,1.398819731674063,-0.5372568402155443,-0.1417693748606564,665.9990045239823,23.53292379469844,1.0,45.0,40,40,51,283.0,FIROZPUR
39553,Ratolan (92),SANGRUR,30.522522,75.88475,39553,1914.9625497588968,1913.7760009765625,0.4461895111317657,0.1167149183433543,1.2668087291694785,-0.4467006962241323,-0.0457666457348476,725.414940994014,23.062530097044885,0.819025394337669,327.0,50,50,258,381.0,MALERKOTLA
29851,Billi Chao (175),JALANDHAR,31.0810814,75.3382645,29851,1914.1257974288303,1913.774658203125,0.658158576429927,0.2784372924433848,1.982192380643172,-0.5995721142913709,-0.207592171551731,858.179140877878,22.65628408988192,1.0,2.47,60,15,300,266.0,SHAHKOT
34799,Dona Rajadinanath (329),FIROZEPUR,30.8648643,74.39116,34799,1918.6369764342387,1913.773681640625,0.6297135734225753,0.2757996928179297,1.5596028757178129,-0.5949246652128477,-0.185246955398909,654.3776336123841,23.88725093582366,0.9949105570116934,200.0,0,1,1,225.0,MAMDOT
39693,Kalajhar (28),SANGRUR,30.2882881,76.09938,39693,1910.813288434454,1913.764892578125,0.5020627191701329,0.1964330202024458,1.3189829729510618,-0.4948866682985256,-0.1075427288614006,752.091586331354,23.088698875330365,1.0,385.0,75,150,350,385.0,BHAWANI GARH
29801,Muridwal (106),JALANDHAR,31.45946,75.45092,29801,1915.5856364029632,1913.7642822265625,0.6196641966923173,0.2820307248817075,1.858451238313128,-0.5799629171308116,-0.2002980086531295,766.9331672599213,22.841892629407766,1.0,253.0,29,29,176,307.0,LOHIAN
29454,Mand Mubarakpur (109),KAPURTHALA,31.2252254,75.20008,29454,1915.0344429468885,1913.76416015625,0.5990611320027638,0.2742292431780631,1.7576338925313115,-0.5690244265468338,-0.1933894059056377,816.9662448575394,22.834234023093245,1.0,2.47,0,0,10,123.0,SULTANPUR LODHI
29847,Billi Baraich (170),JALANDHAR,31.0810814,75.35931,29847,1914.3118504409376,1913.761962890625,0.657430239899121,0.2857258877954762,1.979195332997469,-0.602496890856063,-0.2142106529528288,856.9930029269894,22.66155376278677,1.0,2.47,40,0,100,189.0,SHAHKOT
29414,Habitpur (30),KAPURTHALA,31.1711712,75.22031,29414,1916.5780772147325,1913.76171875,0.6008904978903542,0.2743167158288252,1.774414745556825,-0.5657964544082196,-0.1897518017573319,875.80825869068,22.73165911168885,1.0,2.47,0,0,124,214.0,SULTANPUR LODHI
29128,Dham (7),KAPURTHALA,31.36937,75.3784943,29128,1914.7834043715072,1913.7606201171875,0.5785056224560838,0.2804347895110595,1.6987694282181476,-0.5405066798683842,-0.1887024849433513,913.34825186037,22.398483972158942,1.0,20.2,110,70,160,177.0,KAPURTHALA
29509,Amarjitpur (22),KAPURTHALA,31.1711712,75.22031,29509,1918.855054855984,1913.7603759765625,0.65416040948682,0.3180102121902517,1.9109029079209137,-0.6064595138196426,-0.2326614497320186,823.3377925802341,22.792048367863902,1.0,2.47,0,0,100,384.0,SULTANPUR LODHI
34611,Kaluwara (61),FIROZEPUR,30.9189186,74.58018,34611,1915.5022978573256,1913.7574462890625,0.5406911701158729,0.2442736093473359,1.4231284139192153,-0.5168684738859012,-0.1496329168296895,654.7749358823112,23.57670243777398,1.0,20.0,20,20,65,165.0,FIROZPUR
29862,Balnau (167),JALANDHAR,31.0450459,75.2466354,29862,1911.57269440226,1913.752685546875,0.6396666548306369,0.2793116110000748,1.929743017915288,-0.5888176154222624,-0.2047629725890023,883.6240711619752,22.543239515608548,1.0,2.47,50,0,200,143.0,SHAHKOT
33837,Bhaini Araian (23),LUDHIANA,30.9189186,75.46229,33837,1914.80780046254,1913.7412109375,0.6636567196021983,0.3375483155628472,1.8374924499175345,-0.6163327713968964,-0.2505102801614619,774.1794618371285,22.762304016854944,1.0,123.0,130,130,171,354.0,SIDHWAN BET
29411,Dadwindi (32),KAPURTHALA,31.1711712,75.24136,29411,1916.0659632839308,1913.7398681640625,0.645590049241386,0.3133940963800586,1.8825783459807364,-0.5963094942003112,-0.2281013798313379,888.1816094482901,22.63000950847575,1.0,580.83,60,40,437,657.0,SULTANPUR LODHI
33848,Gag Kalan (185),LUDHIANA,30.9369373,75.3714752,33848,1915.1803338699813,1913.738525390625,0.6275107619057949,0.2950621303903133,1.7094863588906326,-0.5947405235009358,-0.2082165744605199,805.9951904227631,22.629141831819368,1.0,42.0,45,60,96,168.0,SIDHWAN BET
29490,Bhaur (5),KAPURTHALA,31.2072067,75.18575,29490,1915.5523680828264,1913.735595703125,0.6367426731035809,0.281352896742404,1.9336728312074,-0.5852914873083145,-0.2072527308518365,873.3387407803253,22.64289898627216,1.0,2.47,0,0,140,194.0,SULTANPUR LODHI
29480,Gazipur (133),KAPURTHALA,31.1531525,75.2481155,29480,1916.804638360009,1913.7335205078125,0.5667164906603618,0.2231402116817993,1.7001110525390957,-0.5322288558883761,-0.1493960290454417,817.6976385524171,22.81345387128846,0.9930706180855078,2.47,0,0,90,225.0,SULTANPUR LODHI
29180,Gauswal (29),KAPURTHALA,31.4954948,75.35319,29180,1915.60660817418,1913.73193359375,0.5626200761973088,0.2607498118094339,1.5776091880054828,-0.5348092133937683,-0.1669903005871119,897.5934627463715,22.45076415034606,1.0,150.0,9,9,9,119.0,DHILWAN
30439,Siawal (411),JALANDHAR,31.44144,75.49976,30439,1914.6094811611304,1913.7308349609375,0.5513392812598075,0.1836467758864663,1.7378684736873944,-0.5197251619795968,-0.1176726621026406,958.2364502360718,22.3924562069638,1.0,2.47,0,0,10,224.0,JALANDHAR - WEST
39561,Naudharani (89),SANGRUR,30.3783779,75.85614,39561,1913.570732141316,1913.730712890625,0.5749161882422609,0.2171428110283065,1.4038284891404056,-0.5601172268067578,-0.1326690101005903,725.3726280975769,23.06285124811648,0.9679563078980816,360.0,30,0,378,407.0,AHMEDGARH
29348,Kahna (112),KAPURTHALA,31.3153152,75.20866,29348,1914.6305425863648,1913.725341796875,0.6168401232700836,0.2913507103656793,1.8069217577678955,-0.5805788497331713,-0.20435619902219,923.7338992764847,22.55090936966161,1.0,197.0,60,60,140,514.0,KAPURTHALA
34605,Bhamba Singhwala (54),FIROZEPUR,30.9369373,74.6152344,34605,1913.8339253377487,1913.7239990234375,0.5880053329008299,0.2729925323745759,1.4510026601023367,-0.5762696880350208,-0.1715444598618269,657.4755062538588,23.573603019306,1.0,2.0,0,0,45,101.0,FIROZPUR
39988,Barnala(Rural) (55),BARNALA,30.3783779,75.54286,39988,1914.107819785,1913.722900390625,0.6496528650598822,0.2775055793196628,1.668551592159898,-0.6077704011538789,-0.2026556870948981,659.597286861171,23.619301732261363,0.9710922161401948,2.4,80,5,90,3508.0,BARNALA
29420,Khokhar Jadid Kadim (36),KAPURTHALA,31.2252254,75.20008,29420,1915.6195211675008,1913.7176513671875,0.5574454952333078,0.2188430996953755,1.651505572783426,-0.5311191845666866,-0.1411832480758417,898.8669755866425,22.699202355922864,1.0,2.47,0,0,60,111.0,SULTANPUR LODHI
29482,Derasaida (134),KAPURTHALA,31.2072067,75.18575,29482,1919.6687897948525,1913.7174072265625,0.6309811013129224,0.2886913543122841,1.922421126270356,-0.584113204907019,-0.2084082221318898,817.6976385524171,22.81345387128846,1.0,2047.0,70,70,169,233.0,SULTANPUR LODHI
34356,Khosa Dalsingh (357),FIROZEPUR,30.9189186,74.7271957,34356,1913.003126061648,1913.7169189453125,0.60776186966478,0.2720504975637237,1.7161551273090965,-0.5734900831962613,-0.1851657111006198,692.8098189467149,23.422955112590994,1.0,242.91,200,150,234,230.0,ZIRA
34613,Machhiwara (62),FIROZEPUR,30.9549541,74.6083,34613,1913.482355467777,1913.708251953125,0.6056888819635065,0.2573335214444771,1.636908796927074,-0.562909652428042,-0.1743769255517277,650.3218540025326,23.611436977491667,0.971993685105734,10.0,20,50,156,157.0,FIROZPUR
30052,Uppal Bhupa (99),JALANDHAR,31.1171169,75.32476,30052,1914.345767853457,1913.70703125,0.6130110330967756,0.2860502050841657,1.7537092407664383,-0.5753980988808871,-0.1999564075408894,828.4195887641421,22.71053731844028,1.0,234.0,150,150,250,258.0,NURMAHAL
33638,Burj Lambra (129),LUDHIANA,30.7127838,76.204216,33638,1913.089594065742,1913.7003173828125,0.608818276093518,0.2809119119090386,1.7071741785899557,-0.5844100533016684,-0.1891871955713222,846.9622078349488,22.80621523879904,1.0,119.0,12,14,35,145.0,LUDHIANA-1
33474,Sattowal (73),LUDHIANA,30.9189186,75.84033,33474,1916.8875654966728,1913.69921875,0.5867316082171422,0.2593944204783101,1.640534267066082,-0.5680217196599829,-0.1699573949285588,861.4481481721299,22.69576022833502,1.0,20.0,0,0,125,223.0,LUDHIANA-2
33655,Gaunspur (131),LUDHIANA,30.9007072,75.80895,33655,1913.5751972282933,1913.69482421875,0.6124538224075236,0.2824571667680599,1.7985544053717226,-0.5769182286808577,-0.2012699936798218,819.9757546114271,22.72391845979568,1.0,182.0,14,35,82,310.0,LUDHIANA-1
29127,Chuharwal (137),KAPURTHALA,31.3873882,75.41406,29127,1914.667846902608,1913.693115234375,0.5810910471806937,0.2454537251088266,1.6494680833729516,-0.5504025472221852,-0.1618649057859549,913.34825186037,22.398483972158942,1.0,2.6,22,0,160,191.0,KAPURTHALA
32259,Jullah Majra (286),Shahid Bhagat Singh Nagar,31.0261,76.0150452,32259,1914.219938149913,1913.692626953125,0.6368071916411799,0.290927035665513,1.7577258073361148,-0.598885124200779,-0.2053322778719999,848.1584730555909,22.68394309940942,1.0,55.0,75,75,167,342.0,AUR
29354,Khalu (106),KAPURTHALA,31.333334,75.24414,29354,1913.0600768409809,1913.691650390625,0.5855164854949072,0.2800388265780425,1.8541534339027528,-0.5511488845272013,-0.1939835361016814,920.561809734906,22.53875694816353,1.0,3.75,55,0,245,300.0,KAPURTHALA
33613,Rajpura Urf Hussainpura (99),LUDHIANA,30.90071,75.80895,33613,1915.0529831850183,1913.6905517578125,0.3541046563320773,0.0295497214367918,1.0914434178976706,-0.3677842132085981,0.0189070536205095,863.2430703036362,22.76751608069786,0.2450250015823785,121.0,23,13,52,168.0,LUDHIANA-1
36201,Kahangarh Bhutna (89),PATIALA,30.216217,76.18953,36201,1911.3777583438589,1913.689208984375,0.5859014180106494,0.2591480449722409,1.5175294238272177,-0.5552355434493048,-0.1659392591774278,756.1447925395242,23.11660916100848,1.0,741.0,165,200,366,814.0,SAMANA
29234,Nurpur Dona (144),KAPURTHALA,31.37895,75.38369,29234,1914.005522625236,1913.6881103515625,0.5924916056963472,0.2281700347311543,1.930046715265032,-0.5447606562261457,-0.1599268814442276,913.34825186037,22.398483972158942,0.9976230857974536,80.0,76,30,250,206.0,KAPURTHALA
34432,Talwandi Jalle Khan (323),FIROZEPUR,30.9369373,75.1404,34432,1915.710001334652,1913.686279296875,0.6868740960467067,0.3560806084473387,2.0646925786239514,-0.6192425785905583,-0.2746897094736522,702.1564515827414,23.17728286019636,1.0,200.0,15,80,590,797.0,ZIRA
29226,Bija (8),KAPURTHALA,0.0,0.0,29226,1914.013203553843,1913.686279296875,0.6127759766164438,0.2731297845186049,1.7795416795956116,-0.576231181427477,-0.1899031394339555,913.34825186037,22.398483972158942,1.0,5.0,0,5,5,98.0,KAPURTHALA
34393,Mankianwali (362),FIROZEPUR,30.9549541,74.71335,34393,1914.4944328863724,1913.6851806640625,0.6072783101826331,0.2719251894428706,1.6610751579719818,-0.5764405823526793,-0.1838352867907824,680.2076044490235,23.4222539006542,1.0,263.15,126,70,127,282.0,ZIRA
37928,Muse (207),Tarn Taran,31.4855423,74.9733353,37928,1916.8261401178893,1913.6851806640625,0.5757771607710223,0.2375395571786815,1.5409554869840094,-0.543056532515644,-0.1493488438078546,799.0572246720689,22.93620046453458,1.0,250.0,180,180,281,500.0,TARN TARAN-12
36644,Bibipur (183),PATIALA,30.1621628,76.33527,36644,1911.1269536670093,1913.67724609375,0.5023957984811632,0.203232542928743,1.307248573690667,-0.496324839809489,-0.1094897465863175,755.7026240041154,23.223474533372325,1.0,2.47,60,60,307,254.0,PATIALA
29469,Bussowal (143),KAPURTHALA,31.2698116,75.25867,29469,1915.6146613102835,1913.6756591796875,0.6406411354839546,0.3105593051331832,1.8663436347774145,-0.591732809711231,-0.2262433178947303,817.0568631997168,22.83165940026134,1.0,549.18,132,0,239,606.0,SULTANPUR LODHI
29782,Lasuri (249),JALANDHAR,31.0270271,75.35856,29782,1916.5909542696045,1913.6746826171875,0.5824504232269291,0.2560232593418454,1.774176957533365,-0.5465278273495311,-0.1742305498948466,766.9331672599213,22.841892629407766,1.0,217.0,180,150,250,248.0,SHAHKOT
29816,Nangal Ambian (286),JALANDHAR,31.0828724,75.34057,29816,1914.8026725307209,1913.673828125,0.6029049932716547,0.2883553819438372,1.7950593038029237,-0.5619843879044674,-0.2017174319668874,793.2918213821636,22.743778625853704,1.0,2.47,50,0,71,519.0,SHAHKOT
36509,Rongla (23),PATIALA,30.365818,76.37688,36509,1906.7548341309137,1913.6724853515625,0.5610289869036998,0.2231154400973815,1.5559751594764704,-0.5328673111702407,-0.1396885333079346,837.9780713219576,22.922756908875183,1.0,5.9,57,0,224,327.0,PATIALA RURAL
34254,Nangal (117),FIROZEPUR,31.1171169,74.98802,34254,1915.213533898675,1913.6666259765625,0.6329957965470498,0.3151494306358436,1.8389674774193328,-0.5914730804257058,-0.2253333265188587,730.9134748876935,23.0940859676034,1.0,202.0,19,0,100,155.0,MAKHU
29161,Mand Sangojla (54),KAPURTHALA,31.4954948,75.35319,29161,1913.357895413936,1913.6641845703125,0.603280861509987,0.2747355436183257,1.7186288668128022,-0.563923732818845,-0.1846828731709789,897.6035569521923,22.45070000015361,1.0,2.47,10,0,82,168.0,DHILWAN
29342,Karahal Khurd (118),KAPURTHALA,31.333334,75.24414,29342,1913.9973035804787,1913.6578369140625,0.6919197024583913,0.3273685047690513,2.177717525618643,-0.6287705096283334,-0.2565024255499624,923.7338992764847,22.55090936966161,1.0,2.47,45,0,56,106.0,KAPURTHALA
37866,Mianpur (35),Tarn Taran,31.5135136,74.71253,37866,1916.3644989408467,1913.6531982421875,0.5517895156192533,0.2070204626331883,1.4599804100686289,-0.5233389785225716,-0.1240375047462538,843.4986415316956,22.92203865045581,1.0,625.0,625,75,358,360.0,GANDIWIND-9
34706,Dona Jaimalwala (343),FIROZEPUR,30.7027035,74.3287,34706,1916.2868077167568,1913.6531982421875,0.6106267015918729,0.1561611037467359,1.5656096870184206,-0.5773221785526533,-0.0928849450371183,652.1934512069123,23.726463778742986,0.9707660153277838,120.0,10,65,65,502.0,MAMDOT
29175,Nurpur Rajputan (44),KAPURTHALA,31.405405,75.34409,29175,1914.00059846699,1913.6505126953125,0.5515524316074474,0.2505732998692347,1.6487989941375487,-0.5290408141606459,-0.1584766579077237,912.6528207002176,22.40079166823157,1.0,0.4,25,0,80,270.0,DHILWAN
34346,Valtoha (10),FIROZEPUR,30.9873829,74.9964752,34346,1913.185431275605,1913.650390625,0.6801434258625644,0.3379540038762984,1.990657337485008,-0.6280557823779799,-0.2566564061846721,695.172021072139,23.411817079033767,1.0,227.92,200,0,190,254.0,ZIRA
34670,Rohela Hazi Hithar (353),FIROZEPUR,0.0,0.0,34670,1912.6103416325727,1913.646484375,0.5412380884334936,0.1869307144363552,1.3004163366365131,-0.5322143227197669,-0.1008340509435193,633.4915700366395,23.7499090722734,1.0,14.17,40,40,60,25.0,MAMDOT
30065,Rajowal (83),JALANDHAR,31.0810814,75.59072,30065,1915.7436357940264,1913.6441650390625,0.655310347905897,0.3580010663917148,1.8399610479279347,-0.6048590012057136,-0.2613409109508894,828.6990924202298,22.706412282336267,1.0,252.0,64,64,224,271.0,NURMAHAL
34360,Alipur (353),FIROZEPUR,30.9870243,74.99634,34360,1913.2186268287328,1913.6400146484375,0.6515971509332642,0.3134909367926161,1.8335154108324945,-0.6040671351363134,-0.2313187598677158,695.172021072139,23.411817079033767,1.0,180.0,20,0,290,536.0,ZIRA
38210,Chuslewar (164),Tarn Taran,31.4756145,74.91042,38210,1917.6317284364368,1913.637939453125,0.5570575604492874,0.2026354421962579,1.4324063056837038,-0.537632343378107,-0.1220306522326509,759.9697307532228,23.04394249076538,1.0,250.0,0,0,803,931.0,PATTI-14
29293,Bhalaipur (164),KAPURTHALA,0.0,0.0,29293,1913.712772756515,1913.63720703125,0.6408016695509928,0.2971475893816759,2.0031647327140587,-0.5913311082470188,-0.2187822640813367,937.691041340378,22.450306918375148,1.0,2.5,0,0,40,197.0,KAPURTHALA
34549,Dhira Ghara (326),FIROZEPUR,30.9592838,74.60875,34549,1919.107243764296,1913.635498046875,0.5796958813782336,0.2164696691420569,1.5326807194730407,-0.5485184686439456,-0.1395664824873984,697.455609123935,23.340251171445004,1.0,36.0,52,50,150,329.0,FIROZPUR
29466,Lodhiwal (156),KAPURTHALA,31.2072067,75.18575,29466,1914.5379776710247,1913.6337890625,0.6004024838848208,0.2939314847389969,1.6659568588916205,-0.5651277473467945,-0.2012209969793363,816.9662448575394,22.834234023093245,1.0,2.47,99,40,50,104.0,SULTANPUR LODHI
29892,Jahangir (154),JALANDHAR,31.2972965,75.5316544,29892,1912.700055889279,1913.631591796875,0.6274386872074981,0.2684162847480127,1.8897288302381483,-0.5819405010304278,-0.1922015173466925,883.6240711619752,22.543239515608548,1.0,2.47,50,50,130,221.0,NAKODAR
29907,Alewali (74),JALANDHAR,31.1711712,75.4098358,29907,1912.4910640797884,1913.6314697265625,0.6695811754718095,0.3216002712364967,2.031758001860282,-0.6127087860152213,-0.2452722537162403,814.5788702180283,22.679460124891307,1.0,331.0,50,50,180,216.0,NAKODAR
29229,Bishanpur (136),KAPURTHALA,0.0,0.0,29229,1915.228380559034,1913.6312255859375,0.5664290488825887,0.2231380616533342,1.796281818763335,-0.5290849687715207,-0.1481237488112888,913.34825186037,22.398483972158942,0.9959983055456526,740.0,20,20,112,300.0,KAPURTHALA
37865,Aima Khurd (40),Tarn Taran,31.7657661,74.8519,37865,1917.488335225507,1913.631103515625,0.5732171830267286,0.2358611854621961,1.6055069542792306,-0.535884055925219,-0.1511510866212772,843.4986415316956,22.92203865045581,1.0,310.0,310,16,80,96.0,GANDIWIND-9
30530,Pattar Khurd (388),JALANDHAR,31.3989639,75.4462,30530,1914.0724689409053,1913.630859375,0.6231495797901884,0.250781762152524,2.0704235617648123,-0.5647287307704221,-0.1835171978767228,914.7103714390016,22.402698809712994,1.0,208.0,0,0,262,231.0,JALANDHAR - WEST
29182,Narkat (39),KAPURTHALA,31.3873882,75.0552444,29182,1914.6146240701005,1913.630126953125,0.5568396439773377,0.2736853415329385,1.605055289426624,-0.5339915774848019,-0.1732041877020721,897.5934627463715,22.45076415034606,1.0,2.47,20,0,72,260.0,DHILWAN
35048,Rohela Teje Ka (322),FAZILKA,30.4144154,74.02464,35048,1915.434334670011,1913.6258544921875,0.6031483413756534,0.2968814030826384,1.6562212423595262,-0.5552872875701451,-0.2019731907214501,505.5246594359773,24.3435519553604,1.0,307.0,800,79,226,313.0,FAZILKA
29281,Jhall Bibri (98),KAPURTHALA,31.3153152,75.20866,29281,1913.3668579800249,1913.621826171875,0.6504537824259171,0.3134105698926741,1.953078293474299,-0.6033123850690434,-0.2317770915026134,923.7338992764847,22.55090936966161,1.0,39.67,50,50,75,112.0,KAPURTHALA
29434,Nabipur (104),KAPURTHALA,31.2072067,75.18575,29434,1915.296819179496,1913.6195068359375,0.5921217654161764,0.2745782767375268,1.6671644412050646,-0.5599108263967432,-0.1870949236401616,835.3585149777085,22.80428244557756,1.0,2.47,14,0,55,143.0,SULTANPUR LODHI
29422,Mira (128),KAPURTHALA,31.2072067,75.20682,29422,1916.399130615462,1913.6192626953125,0.6181865602718807,0.2783881504886002,1.740685996530438,-0.5752392474176813,-0.1969629898370284,891.3041045985129,22.709847625460714,1.0,2.47,0,0,80,257.0,SULTANPUR LODHI
36568,Dhablan (178),PATIALA,30.3659477,76.37714,36568,1914.84749507977,1913.6123046875,0.50690104779904,0.1958801605984573,1.2923457958360178,-0.5054964360166357,-0.1034618214930544,807.3142250328024,23.053541932858657,1.0,743.0,30,25,417,848.0,PATIALA
33849,Bhaini Gujjran (27),LUDHIANA,30.9369373,75.3714752,33849,1914.208486054783,1913.6112060546875,0.6677168868536988,0.3431095284372044,1.8251995205558125,-0.6196178378240175,-0.2519832778211591,787.8980423562444,22.70488599631188,1.0,41.0,90,89,156,121.0,SIDHWAN BET
29384,Khijarpur (74),KAPURTHALA,31.2252254,75.20008,29384,1914.1939654207315,1913.6080322265625,0.6198710213343948,0.2972312701106596,1.712837462319836,-0.5828503237356698,-0.2066565055854659,888.6100581050063,22.716473781039767,1.0,2.47,0,4,20,292.0,SULTANPUR LODHI
33483,Bajra (76),LUDHIANA,30.9189186,75.84033,33483,1917.7736358065,1913.60791015625,0.3396953210117893,0.0293277693757953,1.0890462309586402,-0.3575148665287855,0.0196428604494116,856.815617143604,22.722847742369623,0.2202427046736362,20.0,10,9,1312,360.0,LUDHIANA-2
29251,Dhaipai (192),KAPURTHALA,31.36937,75.3784943,29251,1913.6202596950925,1913.599365234375,0.5876062309782346,0.2176763445921209,1.873801575558801,-0.5416665947536945,-0.1493280549826414,940.7005524507556,22.406992347955416,1.0,23.0,75,0,283,221.0,KAPURTHALA
37665,Galluwal (423),AMRITSAR,31.5675678,74.69236,37665,1918.955558786593,1913.59814453125,0.5286711168215509,0.1912813942026917,1.5294502059767965,-0.4919532079554738,-0.1117554574446893,857.3632114809034,23.00847355542304,1.0,135.0,82,70,92,133.0,ATTARI
29364,Thatta (48),KAPURTHALA,31.2252254,75.26329,29364,1913.1009692329385,1913.5947265625,0.5639710148827006,0.2328212918952201,1.6878739534863865,-0.5331703482958203,-0.1560912020663706,898.8669755866425,22.699202355922864,1.0,2.47,8,5,512,446.0,SULTANPUR LODHI
34431,Talwandi Mange Khan (324),FIROZEPUR,30.9369373,75.1404,34431,1916.1989763033407,1913.5936279296875,0.6586195899105486,0.3367667542845152,1.9427301364392675,-0.59911806395472,-0.2537616520581121,697.649662309455,23.231757019143664,1.0,200.0,150,85,305,550.0,ZIRA
29537,Sheikh Manga (182),KAPURTHALA,31.2072067,75.18575,29537,1910.68879154544,1913.5916748046875,0.60035263665723,0.291544648975551,1.6844321805391622,-0.5743849653717712,-0.1979825662613033,816.9662448575394,22.834234023093245,1.0,2.47,99,99,147,495.0,SULTANPUR LODHI
36215,Danipur (10),PATIALA,30.2342339,76.12006,36215,1909.304273342594,1913.591552734375,0.5632970454529941,0.2650252978033866,1.438646950707444,-0.5419829073421432,-0.163506352427894,762.7116831948655,23.10110317520452,0.9915657318608808,475.0,84,65,130,500.0,SAMANA
37885,Gidri Bhagiari (37),Tarn Taran,31.477478,74.66261,37885,1918.0144451401163,1913.591064453125,0.5581372334511341,0.2351156799476192,1.4661787101210888,-0.5319709479039787,-0.1425021263245988,843.8037855806747,22.923941049295426,1.0,1500.0,263,0,436,448.0,GANDIWIND-9
34387,Botianwala (344),FIROZEPUR,31.0225163,75.0017853,34387,1917.558595263797,1913.5902099609375,0.6741016691307574,0.3429809418781452,1.9320257405853605,-0.6162518460933655,-0.2594014305600468,698.9469140666711,23.364734245767867,1.0,505.0,200,95,320,558.0,ZIRA
29235,Mainwan (145),KAPURTHALA,31.3873882,75.3296356,29235,1913.572133523376,1913.5831298828125,0.6489493500448361,0.2738233858227899,2.0936792174957444,-0.5805129728074407,-0.2040161204345247,918.9200746935644,22.415724990122825,1.0,101.0,75,0,218,241.0,KAPURTHALA
34577,Jiwan Bhedi (35),FIROZEPUR,30.9729729,74.68542,34577,1912.3572172962872,1913.5789794921875,0.6020074940880122,0.2795929309039551,1.5903350715378213,-0.5762932266340722,-0.1865058037520331,665.9990045239823,23.53292379469844,1.0,29.0,16,10,38,133.0,FIROZPUR
30410,Nijjran (423),JALANDHAR,31.405405,75.449646,30410,1914.35698053786,1913.5784912109375,0.5485314687358471,0.184752904517653,1.6150042033718002,-0.5256735960292451,-0.1148675186597401,958.2364502360718,22.3924562069638,1.0,2.47,0,0,368,305.0,JALANDHAR - WEST
29485,Wadhel Harnampur (131),KAPURTHALA,31.2072067,75.20682,29485,1916.592203034512,1913.5753173828125,0.6073522264278338,0.2973611505496404,1.6541578483161186,-0.5750879318929984,-0.2042000310674471,817.6976385524171,22.81345387128846,1.0,2.47,0,0,82,84.0,SULTANPUR LODHI
38287,Kiri Shahi (330),Tarn Taran,31.44144,75.0985,38287,1913.689288414356,1913.5732421875,0.5523410118679736,0.2161581820795951,1.6186030118693435,-0.5215877383833719,-0.1372146432564765,931.265303771724,22.505780148381405,1.0,1.47,70,0,257,234.0,KHADUR-SAHIB-10
29294,Biharipur (165),KAPURTHALA,31.35135,75.25855,29294,1913.778752017404,1913.5728759765625,0.6488203710195793,0.2969033401409165,1.932238344756306,-0.6007701985254698,-0.2212776840093994,928.1372675139404,22.51917008975863,1.0,2.47,175,0,222,289.0,KAPURTHALA
39554,Adampal (88),SANGRUR,30.3603611,75.8630447,39554,1913.517122047516,1913.572021484375,0.5528031831686273,0.251741252712273,1.4203549395286554,-0.5418094071794278,-0.1519204163600583,725.414940994014,23.062530097044885,1.0,271.0,200,350,350,300.0,AHMEDGARH
34250,Mubarewala (114),FIROZEPUR,31.105793,74.98361,34250,1913.4348069699515,1913.5718994140625,0.6720631890315437,0.3510929039208955,1.9663988340500207,-0.6200694662740546,-0.2639820247175468,729.9483392543148,23.079670434582965,1.0,33.0,0,0,21,36.0,MAKHU
34261,Tibbi Ranga (218),FIROZEPUR,31.27928,74.54743,34261,1913.1411647411635,1913.56982421875,0.4604476276467245,0.2327595499067786,1.230972572905348,-0.4500547688759121,-0.1207408057157164,729.2441966941254,23.069153166359456,1.0,50.0,35,0,85,55.0,MAKHU
34311,Asafwala (17),FIROZEPUR,31.0990982,74.97379,34311,1914.8717593953013,1913.5694580078125,0.6108208228121544,0.3068872713739001,1.7555347058215662,-0.5694494189579241,-0.2130633095116571,711.6415117029517,23.372537023565872,1.0,121.45,0,0,180,437.0,MAKHU
36579,Chuharpur Marasian (44),PATIALA,30.1621628,76.14772,36579,1917.530764732779,1913.5653076171875,0.4779562952656145,0.1500117917163089,1.2326872820157142,-0.4779377000622545,-0.0674819948328801,807.488927524318,23.062358028345614,1.0,88.0,25,25,74,138.0,PATIALA
34368,Malhewala (138),FIROZEPUR,30.95718,74.61731,34368,1914.6510266017856,1913.5621337890625,0.6377909317800105,0.3134480199501075,1.8804033181411897,-0.5902137685567699,-0.227847078010729,702.9826529364815,23.32681698922331,1.0,2.0,40,0,123,238.0,MAKHU
38029,Miani (224),Tarn Taran,31.477478,74.91614,38029,1912.6640249733364,1913.5587158203125,0.598781774443031,0.2613226590223891,1.5931710894961368,-0.5745141879982345,-0.1712934703744723,799.0572246720689,22.93620046453458,1.0,25.0,45,25,100,177.0,TARN TARAN-12
29337,Toganwala (168),KAPURTHALA,31.333334,75.24414,29337,1913.0047453951656,1913.5579833984375,0.6187102720072757,0.2643362724754742,1.9000135538398213,-0.5761637544299136,-0.1903011106582667,923.7338992764847,22.55090936966161,1.0,2.47,35,0,132,510.0,KAPURTHALA
38030,Nurpur (223),Tarn Taran,31.45946,74.94397,38030,1911.8849331124395,1913.556884765625,0.5727665516966711,0.2429273677510533,1.5447675423583274,-0.5480034419193758,-0.1532649998400948,799.0572246720689,22.93620046453458,1.0,30.0,30,45,60,381.0,TARN TARAN-12
34415,Mansurpur Deva (328),FIROZEPUR,30.9369373,75.1404,34415,1915.9203042773488,1913.5548095703125,0.654673452708945,0.315977233130686,1.8709312491378007,-0.6016845319220243,-0.2351348789781741,700.0352934835981,23.330274353202743,1.0,616.0,1200,10,400,706.0,ZIRA
29247,Kutabpur (151),KAPURTHALA,31.27928,75.49614,29247,1916.0886208914296,1913.5545654296875,0.5696095351570394,0.2080321939767756,1.7769736811215116,-0.5326387017950266,-0.1384437121024283,942.3077053585554,22.41651586655521,1.0,11.0,0,0,17,143.0,KAPURTHALA
37373,Chhiddan (333),AMRITSAR,31.6216221,74.6934,37373,1911.930940163022,1913.5472412109375,0.5549169907398576,0.2350740261181422,1.4724964762805626,-0.5300166884930058,-0.1448777790931041,919.3578007628817,22.93058248781449,1.0,500.0,170,170,435,558.0,CHOGAWAN
29216,Gopipur (101),KAPURTHALA,31.3153152,75.20866,29216,1911.0100087100384,1913.546630859375,0.5772172385723541,0.2638671531681414,1.8223080719347804,-0.5410078314652057,-0.1800306658620303,897.5934627463715,22.45076415034606,1.0,87.23,50,55,200,227.0,KAPURTHALA
34366,Roshan Shahwala (140),FIROZEPUR,30.9571819,74.6173,34366,1915.0200877876505,1913.5457763671875,0.6412505931759268,0.2985578988457869,1.955385998527852,-0.5917062585162575,-0.2192377119763395,701.5655281951325,23.33207324780648,1.0,240.0,5,0,109,261.0,MAKHU
33690,Heran (98),LUDHIANA,30.63063,75.52966,33690,1912.2640883883373,1913.54296875,0.7015262055076923,0.336142202514495,1.8832256345724705,-0.6475621998201794,-0.2569600884886266,730.3330413496567,23.083086993470072,1.0,450.0,280,501,710,735.0,SUDHAR
39967,Dhanaula (59),BARNALA,30.3603611,75.52894,39967,1910.7050008498024,1913.5418701171875,0.6588880326409564,0.3043322643913886,1.8219716970482969,-0.608194315195618,-0.2242274153610392,664.4529050927484,23.698074572433,0.9483818206512562,25.0,195,211,950,5310.0,BARNALA
29717,Sand (282),JALANDHAR,31.0990982,75.33151,29717,1913.44226097478,1913.540771484375,0.6238084989526345,0.289007920690829,1.8266865456280548,-0.582307150331455,-0.2041868721725241,777.8802067938145,22.752485554083,1.0,2.47,50,0,160,156.0,SHAHKOT
39780,Qila Bharian (5),SANGRUR,30.3423424,76.3919,39780,1914.108978085668,1913.5364990234375,0.7083332439261236,0.3547919286708794,1.929532342339738,-0.6419843027394112,-0.2759776617375504,664.6101119925873,23.678360328354927,1.0,70.0,50,25,115,639.0,SANGRUR
29895,Fazalpur (127),JALANDHAR,31.18919,75.40312,29895,1912.8653375340607,1913.53564453125,0.6104836079853978,0.2525158375588792,1.897322192293717,-0.5652242821169058,-0.1785007137182573,882.0660459054851,22.54631337370253,1.0,161.0,10,10,145,192.0,NAKODAR
29488,Mahablipur (7),KAPURTHALA,31.2432442,75.17228,29488,1918.8998420034552,1913.5352783203125,0.6580558780638397,0.3084882919650577,2.037204541729748,-0.6031011841732838,-0.2327940591082688,844.3817456709978,22.71218239119825,1.0,479.37,150,150,304,543.0,SULTANPUR LODHI
33900,Machhike (171),MOGA,30.5765762,75.38289,33900,1911.233938464376,1913.5333251953125,0.6462838850987023,0.2881123492454011,1.8272222777382536,-0.5991201248080278,-0.2109718767267614,681.0848404641755,23.372077551358988,1.0,2.47,247,150,350,1327.0,NIHAL SINGH WALA
29275,Kapurthala (Sharki) (134),KAPURTHALA,31.3834743,75.3275,29275,1916.610523826372,1913.531982421875,0.462283292942409,0.1082371606824382,1.4542703605163734,-0.4524714992789871,-0.0534694298619312,913.34825186037,22.398483972158942,0.6466054721877526,10.0,2,0,2,2413.0,KAPURTHALA
36578,Barsat (47),PATIALA,30.3423424,76.3710251,36578,1917.1383485408817,1913.52685546875,0.4683954433520556,0.1355478692572042,1.1561649192413002,-0.4802732181131917,-0.056377092113722,796.0518068646636,23.060154126401507,1.0,607.29,100,50,345,712.0,PATIALA
34263,Jamaliwala (216),FIROZEPUR,31.27928,74.54743,34263,1912.669703290204,1913.5264892578125,0.6139311039313637,0.3132046547732819,1.6279124001935,-0.5842383715572388,-0.21231926130067,739.3731439726607,23.04202790347938,1.0,121.41,25,35,45,124.0,MAKHU
29267,Gosal (158),KAPURTHALA,31.3788071,75.38348,29267,1916.0317870643016,1913.5264892578125,0.6129836056005468,0.2399988728288101,1.850692012786168,-0.5758522538046309,-0.1684369113531927,942.3733892848388,22.416556765311952,1.0,34.95,70,30,110,99.0,KAPURTHALA
29362,Dandupur (54),KAPURTHALA,31.2252254,75.2422256,29362,1913.0531448266308,1913.5238037109375,0.6405665623108053,0.3259545820923444,1.8824759139873624,-0.5976265822523906,-0.2355623490446207,930.0574571574936,22.512991148811345,1.0,1113.11,60,0,200,129.0,SULTANPUR LODHI
36635,Daraula (22),PATIALA,30.216217,76.35633,36635,1913.0225887301297,1913.51708984375,0.5458603138440448,0.2243177632362185,1.480089336813581,-0.53069054907543,-0.1345524626601125,807.036930601825,23.076397794994136,1.0,159.0,80,80,184,181.0,PATIALA
29901,Dhadda Dilkhapur (122),JALANDHAR,31.1351357,75.3811646,29901,1914.8442548710248,1913.515380859375,0.6375995394977532,0.2741769479277996,1.8036650747438967,-0.5959017912868408,-0.1955564426950983,841.3130715472836,22.69808823669108,1.0,35.0,10,15,85,115.0,NAKODAR
29188,Khiranwali (87),KAPURTHALA,31.2972965,75.1942749,29188,1912.135016835616,1913.50390625,0.5689513807471285,0.2729283127327003,1.6343853727488584,-0.5404587624791465,-0.1764708720355382,897.5934627463715,22.45076415034606,1.0,202.0,60,130,210,513.0,KAPURTHALA
30437,Kohala (418),JALANDHAR,31.3873882,75.4562759,30437,1914.876690679573,1913.503173828125,0.5536577711994085,0.1891594010180108,1.7537875785626638,-0.5233254913283142,-0.1212994009146955,958.2364502360718,22.3924562069638,1.0,2.47,0,0,310,430.0,JALANDHAR - WEST
29356,Sabuwal (51),KAPURTHALA,31.2252254,75.26329,29356,1909.6553171442145,1913.49951171875,0.6112975572996817,0.2908264345316682,1.9269547073786444,-0.5716385258135532,-0.2044751460745038,923.7338992764847,22.55090936966161,1.0,628.0,60,0,168,650.0,SULTANPUR LODHI
30053,Umarpur (98),JALANDHAR,31.0990982,75.33151,30053,1913.6543395334888,1913.4954833984375,0.6367190306147991,0.2956436675049992,1.9489427167838729,-0.5880459281314414,-0.2162450890549148,827.6735413801204,22.71740112206586,1.0,295.0,70,70,245,333.0,NURMAHAL
34237,Akbarwala (94),FIROZEPUR,31.0630627,75.11365,34237,1913.290683628273,1913.4931640625,0.6327746563889166,0.3235719176565237,1.761695326176527,-0.5935971502038219,-0.2293887711845385,729.2441966941254,23.069153166359456,1.0,2.47,255,125,130,89.0,MAKHU
29382,Miani Malahan (72),KAPURTHALA,31.1711712,75.22031,29382,1911.8551127633264,1913.492431640625,0.5243706520027411,0.2258371331918033,1.4486515531707738,-0.4978551611239766,-0.1307358019535204,895.401441466212,22.705037901851576,0.9430381217293948,2.47,0,0,2,132.0,SULTANPUR LODHI
29213,Dhabulian (105),KAPURTHALA,31.36937,75.3996,29213,1910.544740208284,1913.4912109375,0.5915025141634999,0.274292195933257,1.900407768345776,-0.551963856216153,-0.1912998064371497,897.5934627463715,22.45076415034606,1.0,184.0,20,50,153,482.0,NADALA
37216,Mudh Bhillowal (164),AMRITSAR,31.7117119,74.65997,37216,1912.885697376408,1913.48779296875,0.5920923087859256,0.2436837739727727,1.528705540504281,-0.5570457281904179,-0.1565003509061718,886.7913088700994,22.988988374819865,1.0,481.0,51,51,422,535.0,CHOGAWAN
34490,Bazewala (211),FIROZEPUR,30.9549541,74.6293,34490,1912.1650454397104,1913.4857177734375,0.6124497306752213,0.2676765172798942,1.6040334727989998,-0.5741057882108218,-0.1794875810402907,647.9622664859193,23.662412032628083,1.0,36.0,20,30,48,231.0,FIROZPUR
36217,Miyal (83),PATIALA,30.3603611,76.57302,36217,1909.752822148004,1913.4857177734375,0.567646549917947,0.2607698855814381,1.4794747392187697,-0.5458385071453514,-0.162867619064337,762.7116831948655,23.10110317520452,0.9234285578242092,320.0,55,70,103,643.0,SAMANA
29530,Mand Karmowal (177),KAPURTHALA,31.27039,75.25922,29530,1915.6501653232,1913.485107421875,0.5072893049469741,0.2284670288121857,1.4979526833018917,-0.4712677305661423,-0.1319112927193685,816.9662448575394,22.834234023093245,1.0,3.23,1,0,1,9.0,SULTANPUR LODHI
34410,Lehra Rohi (342),FIROZEPUR,30.96771,74.99883,34410,1916.391766894944,1913.48486328125,0.6424259157544275,0.2968106494598067,1.7740275328828403,-0.5914452231481897,-0.2144837225156606,698.2423424826643,23.328166617797105,1.0,1200.0,50,50,210,376.0,ZIRA
29152,Mand Bhandal Bet (36),KAPURTHALA,31.3873882,75.2241,29152,1913.4329466707336,1913.4832763671875,0.5673183057773202,0.2313605587198651,1.7064798507151524,-0.5341331456010228,-0.1489684839341194,904.3606760909456,22.40775749432817,1.0,275.0,18,18,20,245.0,DHILWAN
32257,Kharkuwal (287),Shahid Bhagat Singh Nagar,31.0261,76.0150452,32257,1913.5504309092569,1913.4810791015625,0.6588905552217895,0.3442875214885724,1.7163906305897116,-0.6257588053680984,-0.246272264050573,848.1584730555909,22.68394309940942,1.0,6.0,50,50,140,240.0,AUR
29217,Chak Gopipur (102),KAPURTHALA,31.2972965,75.1942749,29217,1909.9817230583392,1913.4791259765625,0.5961127204660572,0.2859966880182733,1.7228258180224942,-0.5684730194457523,-0.192098442837779,897.5934627463715,22.45076415034606,1.0,700.0,8,8,8,1884.0,KAPURTHALA
39598,Ghanauri Khurd (41),SANGRUR,30.4579773,75.97782,39598,1911.855537473364,1913.47802734375,0.6842849478767231,0.3381810256060871,1.8704983721366328,-0.629637737526001,-0.2514050518651663,690.1949417623412,23.39523795514109,1.0,796.0,280,280,340,318.0,SHERPUR
29241,Dhawankha Nishan (146),KAPURTHALA,31.405405,75.3652039,29241,1913.4450977478448,1913.4776611328125,0.5722458996742605,0.2203113707879229,1.8614578555535293,-0.5223659388005355,-0.1535312348629341,913.34825186037,22.398483972158942,1.0,2.5,10,5,75,80.0,KAPURTHALA
33832,Sadarpura (49),LUDHIANA,30.9369373,75.3714752,33832,1911.935191694283,1913.4747314453125,0.6820402447936897,0.3356043726671592,2.0757738481731,-0.6243443900747048,-0.2590197044782478,768.3427950886542,22.801050025306065,1.0,121.0,110,110,265,371.0,SIDHWAN BET
29467,Bhagobudha (153),KAPURTHALA,31.2699127,75.25861,29467,1914.107316102076,1913.470458984375,0.6376151069948112,0.3053248544170595,1.858534018835816,-0.5922184013294617,-0.222608348922339,816.9662448575394,22.834234023093245,1.0,2.47,30,30,105,181.0,SULTANPUR LODHI
37187,Chana (41),AMRITSAR,31.8378372,74.76184,37187,1912.595067231966,1913.4703369140625,0.5409033551080749,0.2016593707690833,1.3976608716709102,-0.5245273103525302,-0.1150695383829936,887.0258538155495,22.989413433788872,1.0,121.0,50,105,160,144.0,AJNALA
33815,Ghumnewal (6),LUDHIANA,30.9369373,75.4765,33815,1917.2731164637253,1913.4661865234375,0.6308454295225999,0.3356681515578564,1.6153607481808652,-0.6008641518631163,-0.2325379673288113,828.8223537614243,22.70683178993221,1.0,40.0,100,101,139,117.0,SIDHWAN BET
29374,Jagnaika (65),KAPURTHALA,31.2252254,75.26329,29374,1913.5326756874376,1913.461669921875,0.5983037217654803,0.278937648104933,1.6024155331621446,-0.5682793959895345,-0.185049678950338,898.8669755866425,22.699202355922864,1.0,27.51,0,0,1,29.0,SULTANPUR LODHI
29375,Safardarpur (67),KAPURTHALA,31.2252254,75.26329,29375,1913.035793709626,1913.45849609375,0.4671511893054764,0.2352551242343259,1.2901870650561515,-0.445645665855355,-0.123334114787393,899.0100046740374,22.69834845378114,0.9489116367477956,317.48,0,0,1,577.0,SULTANPUR LODHI
29463,Silla pur(169),KAPURTHALA,0.0,0.0,29463,1914.5752872568803,1913.4581298828125,0.6364663805486249,0.2891165530766093,1.7854155051460947,-0.5951096941277914,-0.2080895912411471,816.9662448575394,22.834234023093245,1.0,2.47,0,2,4,122.0,SULTANPUR LODHI
33824,Bharowal Kalan (70),LUDHIANA,30.9189186,75.46229,33824,1915.8313046749872,1913.45703125,0.6890524367429847,0.3447387662242198,2.078843502972303,-0.6233899811110301,-0.2691827865227618,793.1981625964539,22.71537406249968,1.0,234.0,235,235,325,645.0,SIDHWAN BET
29408,Nasirpur (45),KAPURTHALA,31.2252254,75.20008,29408,1914.7044233962065,1913.4534912109375,0.627343820388442,0.2903312027562871,1.8836071852206115,-0.5850993151661762,-0.2083900386016185,910.1819136373392,22.631726138364154,1.0,2.47,20,45,124,127.0,SULTANPUR LODHI
29894,Sehowal (126),JALANDHAR,31.18919,75.40312,29894,1912.0434385492283,1913.4525146484375,0.6407641530085066,0.2847058211547566,2.0374475341220486,-0.585282338517629,-0.2101582606390348,883.6240711619752,22.543239515608548,1.0,91.0,40,80,102,105.0,NAKODAR
29557,Pipal (205),KAPURTHALA,31.2072067,75.18575,29557,1913.644873839372,1913.45166015625,0.6786979602166596,0.3152997758156089,2.256637771815902,-0.6028746845289794,-0.2426950589776758,799.5172533204453,22.91443664744048,1.0,1.01,0,0,1,53.0,SULTANPUR LODHI
30024,Ladhar Kalan (107),JALANDHAR,31.0270271,75.16932,30024,1914.751195621007,1913.4482421875,0.6319909796563915,0.3057614190500944,1.7169033140215118,-0.5983157262583096,-0.214994505372527,846.9622078349488,22.80621523879904,1.0,312.0,70,70,102,339.0,NURMAHAL
39568,Burj (78),SANGRUR,30.3783779,75.85614,39568,1911.9578733004057,1913.4410400390625,0.6170859246079584,0.2735128734799793,1.463467306134825,-0.5948552236544769,-0.1796032467644808,713.5790399077778,23.152363520160726,1.0,50.0,100,40,249,311.0,AHMEDGARH
39450,Kelon (66),SANGRUR,30.3603611,75.8630447,39450,1912.2898871558227,1913.4371337890625,0.5915949680176245,0.2435049952997879,1.481886409478001,-0.5645455422355972,-0.1569715631826484,714.0707819927867,23.14863124202931,0.796633172696789,128.0,150,80,154,138.0,AHMEDGARH
33811,Ranke (4),LUDHIANA,30.8828831,75.93776,33811,1916.993424817992,1913.436767578125,0.6533782181809075,0.3219356121818365,1.856625763845069,-0.6075636134662868,-0.2384061894373027,793.6817383297184,22.71550095461016,1.0,121.0,50,50,95,332.0,SIDHWAN BET
33696,Barmi (191),LUDHIANA,30.6496983,75.5893,33696,1914.4365967801311,1913.434326171875,0.6222132380617205,0.2680957035796257,1.6209272396865724,-0.5869287340527668,-0.1896349461631925,730.1558348348038,23.084250067546748,1.0,700.0,1640,300,534,505.0,RAIKOT
37932,Jhamke (215),Tarn Taran,31.477478,74.91614,37932,1913.378583498504,1913.429443359375,0.5491502620196691,0.2200643078289573,1.468366463299236,-0.5268711778032243,-0.1311344809001354,799.0572246720689,22.93620046453458,1.0,15.0,35,15,41,452.0,TARN TARAN-12
39754,Bhagwanpura (34),SANGRUR,30.2522526,75.842,39754,1911.2852957156344,1913.4234619140625,0.5755678851849282,0.2511103817243652,1.444713617808427,-0.5442877186643527,-0.1658012519188801,682.0104661395447,23.32451465486116,1.0,2.47,12,0,40,220.0,SANGRUR
29733,Langewal (272),JALANDHAR,31.0810814,75.3382645,29733,1915.561480132088,1913.4208984375,0.6644879796290939,0.3211094624612047,2.129583509292612,-0.5990618888411133,-0.2433800908155264,731.4165028741257,22.937485862209485,1.0,2.47,20,0,60,84.0,SHAHKOT
29197,Baguwal (73),KAPURTHALA,31.45946,75.17632,29197,1913.3829921460303,1913.42041015625,0.5564442435263196,0.2545984598036532,1.6476862157975165,-0.5167984050324422,-0.1606466615544239,931.265303771724,22.505780148381405,0.908074039222989,110.0,62,40,118,188.0,DHILWAN
29439,Choladha (100),KAPURTHALA,31.2972965,75.2153549,29439,1913.911015185272,1913.4193115234375,0.5946236996529134,0.2483809182065108,1.7416237547373867,-0.5591540450905571,-0.1688869697031656,868.9469787289994,22.74958406038064,1.0,2.47,50,50,92,132.0,SULTANPUR LODHI
38156,Mughal (168),Tarn Taran,31.35135,74.6888962,38156,1917.248822105643,1913.4154052734375,0.6005866764584478,0.2564440105926052,1.5555372660945996,-0.5780369146181715,-0.166211762878813,763.0134019067185,23.01838677747588,1.0,222.67,80,80,200,319.0,BHIKHI WIND-13
34713,Chhanga Khurd (298),FIROZEPUR,30.9009018,74.46114,34713,1915.586465155772,1913.4127197265625,0.5826724954473645,0.2542623226901513,1.472251029188638,-0.5596703169327244,-0.1603136900222257,633.4915700366395,23.7499090722734,1.0,15.09,145,246,300,30.0,MAMDOT
29429,Latwala (116),KAPURTHALA,31.2072067,75.18575,29429,1916.475649026575,1913.4111328125,0.6491998621620707,0.3187136414112261,1.896875817929944,-0.5975271340329302,-0.2334334398943005,817.0394948226759,22.832152865701143,1.0,2.47,50,50,80,147.0,SULTANPUR LODHI
35633,Kothe Lal Premi (OG),FARIDKOT,30.4684677,74.88098,35633,1911.684662703677,1913.41015625,0.4475728182374702,0.1215795827036922,1.315713636860319,-0.441432873322416,-0.0532603671869215,527.6508009332855,24.2119125720234,0.5400297071288616,201.0,55,0,68,0.0,Jaitu
29296,Khanowal (183),KAPURTHALA,31.3873882,75.41406,29296,1915.0074082422348,1913.40771484375,0.6110991283606532,0.2546411270930158,1.833810628213452,-0.5718044198627886,-0.1792579908510956,942.3733892848388,22.416556765311952,1.0,257.0,45,71,230,305.0,KAPURTHALA
29223,Nawanpind (46),KAPURTHALA,31.3706379,75.33368,29223,1914.1917294248465,1913.4075927734375,0.5879376875827473,0.2890258377661894,1.7279343611053362,-0.5605330431089846,-0.1935216657926929,905.3599779224556,22.42499199977249,1.0,450.0,106,105,182,318.0,KAPURTHALA
34265,Mannu Machhi (80),FIROZEPUR,31.27928,74.54743,34265,1911.841756908912,1913.4073486328125,0.6148080982389249,0.2847785504097831,1.6210750592214822,-0.5903225578544772,-0.1911047657553067,729.2441966941254,23.069153166359456,1.0,10.12,20,0,132,330.0,MAKHU
34344,Borawali (7),FIROZEPUR,30.54054,74.09968,34344,1913.3659414021504,1913.4066162109375,0.6427601804607368,0.3080764577682492,1.822990338190675,-0.6006687956542863,-0.2216281197651315,695.172021072139,23.411817079033767,1.0,200.0,50,80,100,503.0,ZIRA
34227,Burj Mohamad Shahwala (111),FIROZEPUR,31.0630627,75.11365,34227,1911.222301944623,1913.4063720703125,0.611543144173278,0.2927938415451627,1.7581752596694102,-0.5731158613755059,-0.2082817441882569,729.2441966941254,23.069153166359456,1.0,2.47,9,0,174,138.0,MAKHU
33720,Tungaheri (375),LUDHIANA,30.7027035,75.7117538,33720,1911.911147493037,1913.40625,0.6821326676897392,0.3092727938004602,1.8171854974976072,-0.6304068862084137,-0.2310728654609649,750.064126846361,23.032518261777643,0.994932181053136,370.0,185,170,214,398.0,PAKHOWAL
34746,Dona Mattar (332),FIROZEPUR,30.8648643,74.41215,34746,1917.539350598778,1913.406005859375,0.523934499165197,0.1785541144117373,1.3490248949392551,-0.5028300955465862,-0.1027795293405609,654.3776336123841,23.88725093582366,1.0,200.0,85,70,151,956.0,MAMDOT
34737,Lakha Singhwala Hithar (340),FIROZEPUR,30.666666,74.38475,34737,1915.551675963786,1913.4039306640625,0.6224597533199363,0.268610305342127,1.538793887436927,-0.5895243631562974,-0.1783095540647992,652.1597767955697,23.72676587393243,1.0,80.0,75,25,174,538.0,MAMDOT
29304,Malo Brahman (213),KAPURTHALA,31.36937,75.3996,29304,1916.3456423173552,1913.4031982421875,0.5691400828444065,0.205104075406063,1.74006064174737,-0.5410401557474694,-0.1361917364635833,942.3733892848388,22.416556765311952,1.0,1.0,0,0,3,14.0,KAPURTHALA
29787,Turna (188),JALANDHAR,31.1531525,75.206,29787,1917.2800812729115,1913.40234375,0.6416216087933939,0.2994487322450518,1.93913947393346,-0.5907062851939928,-0.2217686952182915,776.71574062569,22.82349254148799,1.0,500.0,108,108,491,212.0,LOHIAN
29163,Jatike (55),KAPURTHALA,31.405405,75.0485458,29163,1913.365254063031,1913.3963623046875,0.561897113514187,0.2239622052686444,1.7192662080352443,-0.5242937679011846,-0.1466116940505906,897.5934627463715,22.45076415034606,1.0,2.47,30,0,201,161.0,DHILWAN
29458,"Bhim, Jadid (162)",KAPURTHALA,31.2252254,75.20008,29458,1915.2606290475949,1913.395263671875,0.5987712820717374,0.2852756434617515,1.7088114760686286,-0.5622395069542262,-0.1949951916238193,816.9662448575394,22.834234023093245,1.0,2.47,0,1,1,77.0,SULTANPUR LODHI
36326,Lalauda (98),PATIALA,30.3603611,76.15539,36326,1913.7565834375184,1913.392333984375,0.5459971823135341,0.2365707810584783,1.3880316291922956,-0.5325432180183588,-0.1385283361179721,776.046452072347,23.009433709020307,1.0,259.0,105,60,202,280.0,PATIALA RURAL
29363,Kalubhatia (53),KAPURTHALA,31.2252254,75.2422256,29363,1913.463243648947,1913.3917236328125,0.5789146923593308,0.2695681326735208,1.6119183978687497,-0.5502989273064635,-0.178689367999491,907.0102280887456,22.650586085770524,1.0,108.86,60,0,41,115.0,SULTANPUR LODHI
38289,Kiri Bodal (141),Tarn Taran,31.5629711,75.02916,38289,1913.9670572319224,1913.3907470703125,0.5703605930323098,0.2410697347927106,1.620498733037509,-0.5441449009897769,-0.1535462213756755,931.265303771724,22.505780148381405,1.0,2.0,116,70,116,343.0,KHADUR-SAHIB-10
34714,Pojoke Uttar (296),FIROZEPUR,30.9369373,74.46819,34714,1914.395240721237,1913.3818359375,0.5884797502905407,0.2691074866545602,1.4091913332807129,-0.5754478684112121,-0.1683691496998697,633.4915700366395,23.7499090722734,1.0,50.0,50,45,51,245.0,MAMDOT
38249,Rahal Chahal (311),Tarn Taran,31.32049,75.02452,38249,1911.5457587313465,1913.3812255859375,0.6052468651693294,0.2654554976447248,1.607812151639214,-0.5801555081456828,-0.1754533308879225,820.0626252003494,22.8110115562145,1.0,2.47,120,40,358,334.0,CHOHLA SAHIB-8
36570,Jahlan (42),PATIALA,30.18018,76.161644,36570,1915.032595449483,1913.3809814453125,0.5430059330590412,0.2368913681840666,1.3536490169071218,-0.5381798979343534,-0.1355857802934832,807.488927524318,23.062358028345614,1.0,532.0,12,60,486,563.0,PATIALA
29464,Kabirpur (159),KAPURTHALA,31.2072067,75.18575,29464,1914.32610415811,1913.380126953125,0.6077666493097799,0.2908507153659251,1.7325744479851113,-0.5711932091283888,-0.2020478585295675,816.9662448575394,22.834234023093245,1.0,2.47,85,70,149,210.0,SULTANPUR LODHI
33684,Tugal (100),LUDHIANA,30.63063,75.59248,33684,1912.9606864858745,1913.379638671875,0.6727971825009184,0.3421808476474615,1.8958075917202435,-0.6170972983720284,-0.2602744283165437,755.1301958968537,22.92033379166793,0.9665178717658492,480.0,200,380,480,352.0,SUDHAR
29373,Nurowal (63),KAPURTHALA,31.2252254,75.26329,29373,1914.4878286045664,1913.37744140625,0.5803231975555928,0.2488261382869525,1.540353430659791,-0.5473682405377279,-0.1638798143528901,898.8669755866425,22.699202355922864,1.0,100.0,60,0,89,109.0,SULTANPUR LODHI
29208,Buh (81),KAPURTHALA,31.477478,75.40206,29208,1915.0193484846527,1913.3724365234375,0.6011073707277595,0.280791873572876,1.6960672595969095,-0.565337188112067,-0.1893505221450501,931.265303771724,22.505780148381405,1.0,1100.0,200,200,300,750.0,DHILWAN
30529,Kotli Bagbana (389),JALANDHAR,31.40911,75.51532,30529,1913.2524976461616,1913.370361328125,0.6153475113848578,0.249854258520748,1.935138183839252,-0.5680089598298235,-0.1790948842728855,923.7240546297876,22.43059005436711,1.0,2.5,0,0,35,97.0,JALANDHAR - WEST
36211,Achral Kalan (66),PATIALA,30.2342339,76.12006,36211,1912.5900312941224,1913.364990234375,0.5109580947439606,0.1970822262464843,1.31435766506871,-0.5096458781815707,-0.1046208823447371,762.7116831948655,23.10110317520452,1.0,550.0,350,350,701,202.0,SAMANA
29402,Sawal (126),KAPURTHALA,31.3153152,75.229744,29402,1915.9641264543773,1913.3636474609375,0.5651296727870624,0.2467255746972421,1.5876479241313537,-0.5389243631520594,-0.1597599872397356,898.8669755866425,22.699202355922864,1.0,2.47,35,35,166,151.0,SULTANPUR LODHI
29709,Chak Rame (261/1),JALANDHAR,31.0828724,75.34057,29709,1914.3831058458616,1913.363525390625,0.5926637374081838,0.2570613503013955,1.724179928155393,-0.5591717532863176,-0.1749221901854914,737.5503582809922,22.92097656782624,1.0,2.47,0,0,7,66.0,SHAHKOT
29871,Pandori Sheikhan (161),JALANDHAR,31.2252254,75.41079,29871,1912.169650948873,1913.36083984375,0.6474722005291365,0.2821232906542163,1.9479319907788013,-0.5992090138337515,-0.2082283160282557,883.6240711619752,22.543239515608548,1.0,2.47,0,40,60,217.0,NAKODAR
30539,Ghugg (385),JALANDHAR,31.405405,75.449646,30539,1913.3448394069496,1913.357666015625,0.61826550804861,0.2520471866939803,2.102738928893656,-0.5599042040641858,-0.1846328007353898,913.5554152758492,22.39912500262111,1.0,145.0,10,0,120,155.0,JALANDHAR - WEST
29174,Bhila (11),KAPURTHALA,0.0,0.0,29174,1915.0596809039075,1913.3564453125,0.5718665699886952,0.2741260169265882,1.7049509526397952,-0.5354995337010525,-0.1824810945834124,913.34825186037,22.398483972158942,1.0,222.0,80,90,125,232.0,KAPURTHALA
39686,Bharo (24),SANGRUR,30.2882881,76.09938,39686,1910.785060929118,1913.3525390625,0.5941063263775437,0.2509600576660123,1.6132369780500468,-0.5592569038290014,-0.1690332309864645,748.2025648956276,23.094652001997883,1.0,526.0,135,140,450,472.0,BHAWANI GARH
30043,Ranwan (113),JALANDHAR,31.0870152,75.59444,30043,1912.7585414968453,1913.351318359375,0.6286581981214708,0.2882934783317969,1.7958319048767415,-0.5879003812081178,-0.2024025173348098,846.9622078349488,22.80621523879904,1.0,89.0,18,18,45,101.0,NURMAHAL
30540,Chhuhar (384),JALANDHAR,31.405405,75.449646,30540,1912.1601561873315,1913.3507080078125,0.5992209379932462,0.23425317242966,1.9995194511935808,-0.5454765414078628,-0.1646308583801341,913.34825186037,22.398483972158942,1.0,75.0,0,5,34,83.0,JALANDHAR - WEST
30013,Bhoda (86),JALANDHAR,31.0630627,75.1557159,30013,1915.5671149000536,1913.346923828125,0.5810675431386974,0.2770239046889162,1.5878830979262666,-0.5628120981225903,-0.1813138650787392,828.8223537614243,22.70683178993221,1.0,190.0,60,60,102,207.0,NURMAHAL
35049,Muhar Khiwa (325),FAZILKA,30.522522,74.2741852,35049,1916.429121066026,1913.346435546875,0.5803234553511443,0.2592607954504941,1.5006907256179811,-0.5380226577501838,-0.1665794707192874,495.22388448078414,24.3860382149712,1.0,131.0,710,100,148,277.0,FAZILKA
34414,Sunehar (332),FIROZEPUR,31.022562,75.00165,34414,1912.631312893728,1913.3421630859375,0.6258732484423081,0.2992250241904188,1.7687385168816117,-0.581008610043212,-0.2132889654474366,698.2351931741135,23.3281582133003,1.0,500.0,50,200,570,781.0,ZIRA
36204,Talwandi Malik (94),PATIALA,30.2522526,76.1340256,36204,1912.111449730745,1913.33935546875,0.606750328647542,0.2784887523187033,1.5544052537215958,-0.5720180810874747,-0.1849144675194876,721.7513062439142,23.197833515745955,1.0,175.0,47,45,53,1255.0,SAMANA
29551,Bakerke (198),KAPURTHALA,31.2072067,75.18575,29551,1910.065254331726,1913.338623046875,0.6489621293586242,0.325250945448497,1.940405410414596,-0.5920221933416739,-0.2370315669183473,816.9662448575394,22.834234023093245,1.0,2.47,0,1,1,110.0,SULTANPUR LODHI
33492,Mundian Khurd (240),LUDHIANA,30.9009018,75.84705,33492,1913.241670656393,1913.3382568359375,0.2289609224899114,-0.0018964304238425,0.9391001763500092,-0.2515782193456382,0.0439884279403545,836.7217871358292,22.840341159891125,0.0,20.0,59,50,321,229.0,LUDHIANA-2
33838,Sheikh Qutab (22),LUDHIANA,30.9369373,75.3714752,33838,1915.866581812528,1913.3370361328125,0.6576125895967523,0.3208130262723299,1.887402552056624,-0.6110622860998075,-0.240307212714213,774.7120144062716,22.760075060709323,1.0,202.0,23,23,93,232.0,SIDHWAN BET
30107,Bir Ganna Pind (129),JALANDHAR,31.0270271,75.80011,30107,1912.4955302523808,1913.3367919921875,0.7069479494819619,0.335202995684247,2.0915174004494568,-0.6420348757541752,-0.2621155162845446,864.273304026355,22.76681682189809,1.0,96.0,0,0,1,96.0,PHILLAUR
29321,Kesarpur (181),KAPURTHALA,31.36937,75.3996,29321,1915.6010648974163,1913.334228515625,0.6629491745497441,0.3000969092889012,2.018118731886272,-0.6026986032755548,-0.225366157852668,942.3733892848388,22.416556765311952,1.0,2.5,15,0,145,85.0,KAPURTHALA
34428,kamalgarh Khurd (158),FIROZEPUR,31.27928,74.54743,34428,1915.0783306962817,1913.330810546875,0.6761706585057288,0.3519075900882967,1.976995571826794,-0.6160148869630624,-0.2669751669466761,693.6538162639039,23.19813426734248,1.0,154.0,50,50,70,163.0,ZIRA
35109,Mambeke (274),FAZILKA,30.4144154,74.02464,35109,1914.8680372126885,1913.33056640625,0.5937708470531925,0.293770989272358,1.6126156611999063,-0.5389569018532935,-0.1964465064120577,480.1950026427826,24.4615365800693,1.0,329.0,700,152,202,352.0,FAZILKA
34667,Gandhu Kilcha Hithar (354),FIROZEPUR,30.9592838,74.60875,34667,1913.803907774602,1913.3275146484375,0.4639387871488567,0.1063685821492438,1.1275939793749474,-0.4490029621604937,-0.0316186647761295,650.6780636210442,23.616729396464365,0.9167666776887377,35.0,38,28,52,33.0,FIROZPUR
33628,Karaike (116),LUDHIANA,30.9006729,75.809,33628,1911.402048068141,1913.32666015625,0.3754436723387354,0.1325776396135171,1.1215739228089,-0.3808389410507969,-0.0424468707167803,864.273304026355,22.76681682189809,0.5567104910084539,144.0,42,13,54,69.0,LUDHIANA-1
29231,Dainwind (141),KAPURTHALA,31.27928,75.49614,29231,1915.5973723900183,1913.325927734375,0.5702795564308771,0.2076266648731811,1.7964239520172791,-0.5270042998930581,-0.1369601514164447,913.34825186037,22.398483972158942,1.0,34.0,75,0,198,285.0,KAPURTHALA
37186,Mandianwala (10),AMRITSAR,31.7159538,74.61439,37186,1913.0258995211448,1913.323486328125,0.536912128421235,0.1901335946948019,1.4189931178683264,-0.5124343682955149,-0.1108185299895241,881.272200486865,22.97898625554861,1.0,112.0,185,185,295,126.0,CHOGAWAN
34437,WarraMansurwal(334),FIROZEPUR,30.9369373,75.1404,34437,1910.9718699993257,1913.3221435546875,0.6133882122584845,0.2847632703884319,1.733267440064532,-0.5699409775688425,-0.2005533242342922,698.2351931741135,23.3281582133003,1.0,255.0,12,0,62,269.0,ZIRA
34435,Longe Deva (319),FIROZEPUR,31.2972965,74.54059,34435,1911.069098215802,1913.3218994140625,0.6429805474050307,0.3158683956769449,1.8432721134882029,-0.5889360894263159,-0.2306504154124097,698.2351931741135,23.3281582133003,1.0,200.0,105,100,266,694.0,ZIRA
29543,Ramgarh Daleli (192),KAPURTHALA,31.2072067,75.18575,29543,1909.5219347650388,1913.320556640625,0.620884108194788,0.3131797470708268,1.7503237921604466,-0.5865349398575539,-0.2174900513787656,816.9662448575394,22.834234023093245,1.0,2.47,0,1,1,108.0,SULTANPUR LODHI
36641,Mavi Sapan (18),PATIALA,30.1621628,76.31444,36641,1908.41940136038,1913.319091796875,0.5396494176198863,0.2306425453749266,1.344586100706001,-0.5326837100665855,-0.1321132037898722,807.036930601825,23.076397794994136,1.0,463.0,25,65,312,493.0,PATIALA
30796,Alampur (499),HOSHIARPUR,31.8378372,75.71625,30796,1902.528344832238,1913.3182373046875,0.5697745909046144,0.2597291789414533,1.692891085132633,-0.5385420987758772,-0.1694941182837012,931.646078603407,22.42205177578273,1.0,48.0,5,52,369,264.0,DASUYA
29378,Mand Goindwal (69),KAPURTHALA,31.2252254,75.26329,29378,1916.0588809588787,1913.3162841796875,0.4199607348367221,0.2173759229966286,1.1740772687792873,-0.4017451039447834,-0.1033044115768379,931.265303771724,22.505780148381405,0.9227278219453264,47.96,0,0,1,66.0,SULTANPUR LODHI
39766,Ramnagar Sibian (37),SANGRUR,30.2162914,75.85365,39766,1914.6780386296048,1913.315185546875,0.5467419366086508,0.2234767415914207,1.4003021887849332,-0.5202477042034468,-0.1388099366809854,664.7063993844629,23.435812542575302,1.0,2.47,50,0,260,345.0,SANGRUR
33896,Beer Badhni (102),MOGA,30.594595,75.27131,33896,1912.374271683757,1913.3143310546875,0.6435408471663498,0.2780616739701617,1.9042861799729456,-0.5918076080796655,-0.2062226461768553,685.5654670330597,23.34632064182135,1.0,253.0,112,112,229,256.0,NIHAL SINGH WALA
30081,Bath (14),JALANDHAR,31.08554,75.5962143,30081,1911.367197910356,1913.310546875,0.6234906659445146,0.2840274866227965,1.7350434970228066,-0.5886008651451627,-0.200864212788269,821.2975802829163,22.77606139731529,1.0,150.6,200,95,139,206.0,NURMAHAL
36209,Kheri Bhima (62),PATIALA,30.2522526,76.1340256,36209,1912.840567052232,1913.3082275390625,0.5582004100711231,0.2437582150540461,1.436845521830732,-0.5443049202185364,-0.1474089686617745,755.9594785686056,23.11704673123064,1.0,97.0,108,108,160,252.0,SAMANA
29261,Bhait (206),KAPURTHALA,31.36937,75.3784943,29261,1913.8142708299297,1913.3072509765625,0.5825611375367735,0.220565349839336,1.7956011887003704,-0.5480390750421613,-0.148748281410558,942.3733892848388,22.416556765311952,1.0,32.0,75,0,208,86.0,KAPURTHALA
34398,Hardasa (368),FIROZEPUR,30.9549541,74.71335,34398,1915.0694642314,1913.302001953125,0.6236955866242881,0.2835973146478092,1.7766887634335988,-0.5834210796111376,-0.2006467728251923,680.2076044490235,23.4222539006542,1.0,323.88,300,200,298,363.0,ZIRA
34578,Katora (26),FIROZEPUR,30.9549541,74.58729,34578,1914.492590494164,1913.2938232421875,0.5916251359010278,0.2676450873398626,1.5443355929993363,-0.5690369592765457,-0.1730700847127247,665.9990045239823,23.53292379469844,1.0,230.0,40,0,50,424.0,FIROZPUR
29126,Lakhan Kalan (139),KAPURTHALA,31.333334,75.24414,29126,1913.1055067830343,1913.292724609375,0.554941505102164,0.2211521217595753,1.6626044029203069,-0.5280147615568777,-0.1418636687951061,913.158125134576,22.398685943341697,0.9894333410136662,2.47,38,0,678,1214.0,KAPURTHALA
29927,Sianiwal (25),JALANDHAR,31.2072067,75.52281,29927,1914.0620713469857,1913.291015625,0.5882237506865098,0.2676638665694669,1.58451971374568,-0.5653360365932144,-0.1749062213379275,888.567923345217,22.54292385700497,1.0,3.0,10,5,175,107.0,NAKODAR
36222,Nassupur (15),PATIALA,30.216217,76.2520752,36222,1908.915814794514,1913.29052734375,0.5349581478738427,0.2298540644583883,1.4508954515335333,-0.5204650867474279,-0.1356389584024723,802.6587712638212,23.07883803159617,1.0,102.0,40,40,70,113.0,SAMANA
29339,Isharwal (116),KAPURTHALA,31.333334,75.24414,29339,1913.8105932433025,1913.2900390625,0.6617657327331339,0.3186044295622257,1.995481903452169,-0.6052572294531331,-0.237942622446638,923.7338992764847,22.55090936966161,1.0,2.47,45,0,122,699.0,KAPURTHALA
34747,Mattar Hithar (333),FIROZEPUR,30.738739,74.35648,34747,1914.6101287865715,1913.2896728515625,0.5786041932858084,0.2417750566901392,1.5037399874339208,-0.5485302689704478,-0.1534924188889018,637.3917444586626,23.88461549724537,1.0,50.0,20,50,61,503.0,MAMDOT
33816,Maniewal (7),LUDHIANA,30.8828831,75.93776,33816,1915.8966991156587,1913.286376953125,0.5992198874479711,0.2732727364862105,1.6157224653918874,-0.5756408087973356,-0.1821202979496611,828.8223537614243,22.70683178993221,0.9838244088596644,36.0,35,35,46,104.0,SIDHWAN BET
29538,Chananwindi (183),KAPURTHALA,31.2072067,75.18575,29538,1909.2050432288136,1913.282958984375,0.5960540929720072,0.300566343911472,1.7260479751707167,-0.5643296464178296,-0.2044814918093896,816.9662448575394,22.834234023093245,1.0,2.47,85,85,116,378.0,SULTANPUR LODHI
29189,Mand Surakhpur (63),KAPURTHALA,31.45946,75.19744,29189,1912.1421514397955,1913.28271484375,0.6091808233160239,0.290682903988308,1.6957175520868022,-0.5738408296202089,-0.1964624790151667,897.5934627463715,22.45076415034606,1.0,2.0,0,0,4,172.0,DHILWAN
37923,Bhojian (200),Tarn Taran,31.4773388,74.98034,37923,1913.0158405744423,1913.2779541015625,0.5590442270289253,0.2428385637329227,1.518158417069407,-0.5346776334629672,-0.15130465460372,814.4652137137496,22.93129051585329,1.0,23.0,100,100,200,690.0,TARN TARAN-12
34622,Habibwala (70),FIROZEPUR,30.9549541,74.6293,34622,1913.747083879024,1913.27734375,0.5658152431300907,0.1905243744745718,1.4583063907889926,-0.5350619947393602,-0.1134458397356499,647.5981967882586,23.64059555999051,1.0,146.0,100,40,70,389.0,FIROZPUR
33476,Sujatwala (83),LUDHIANA,29.90991,73.8339,33476,1915.62502527962,1913.2764892578125,0.4849489735496803,0.2197295426240095,1.336284916472998,-0.4778568495809537,-0.122127346421078,861.4481481721299,22.69576022833502,0.8539302022014099,20.0,30,30,178,436.0,LUDHIANA-2
34582,Alewala (39),FIROZEPUR,30.9549541,74.6083,34582,1915.693301276532,1913.2728271484375,0.5609134053527851,0.2320043465652418,1.400128265000771,-0.5558216376126506,-0.1359333745902366,664.0930086709668,23.54196804057881,1.0,23.0,252,55,85,25.0,FIROZPUR
38010,Kheda (271),Tarn Taran,31.6576576,74.87052,38010,1915.51220752705,1913.2701416015625,0.621871666869809,0.2814723172047244,1.6915626129978532,-0.5883319649006485,-0.192692086485284,770.94524530672,22.924395787052504,1.0,92.0,1,32,117,133.0,NAUSHEHRA PANNUAN-11
29877,Kotla Sudan (152),JALANDHAR,31.1711712,75.59936,29877,1912.805695669805,1913.26904296875,0.6699351283540307,0.3175156474451849,1.9675248321109715,-0.6161651208621671,-0.2382162161160876,883.6240711619752,22.543239515608548,1.0,182.0,0,10,18,190.0,NAKODAR
29521,Sherpur Sadha (152),KAPURTHALA,31.2699051,75.25872,29521,1913.55502592332,1913.268798828125,0.5963585626116668,0.2979972277636118,1.656763820492168,-0.5780661907333833,-0.1992855396076913,816.9662448575394,22.834234023093245,1.0,380.41,60,0,200,416.0,SULTANPUR LODHI
29550,Fatyewal (197),KAPURTHALA,31.2072067,75.18575,29550,1910.1373604047783,1913.261962890625,0.6345697712820788,0.3382440370575257,1.8737083700953268,-0.5901070506774179,-0.2405631550623736,816.9662448575394,22.834234023093245,1.0,2.47,1,1,1,68.0,SULTANPUR LODHI
34243,Hadayatullahwala (89),FIROZEPUR,31.27928,74.54743,34243,1914.3693219721883,1913.2615966796875,0.5749879078591565,0.2710456586077118,1.6299431466528744,-0.5492776891908084,-0.1754657637096108,729.2441966941254,23.069153166359456,1.0,24.0,2,0,2,25.0,MAKHU
29350,Muradpur Bet(109),KAPURTHALA,31.333334,75.24414,29350,1913.309430866304,1913.26025390625,0.590257670761151,0.2580191882205727,1.700685987986539,-0.558461722139302,-0.1728801328149967,923.7338992764847,22.55090936966161,1.0,2.47,28,0,129,454.0,KAPURTHALA
29215,Rata Kadim (100),KAPURTHALA,31.333334,75.22305,29215,1910.9383847583088,1913.2589111328125,0.6020732615442506,0.3152546593703796,1.995407763297796,-0.5514599343590996,-0.227194083184479,897.5934627463715,22.45076415034606,1.0,2.47,35,0,30,88.0,KAPURTHALA
30020,Sangowal (106),JALANDHAR,31.0450459,75.33076,30020,1914.8408139893336,1913.2552490234375,0.5394250947207794,0.2563989364914024,1.4693281035573902,-0.5233379063651468,-0.157565005941673,846.9058807838296,22.805906637827285,0.9999881217262316,457.0,200,200,488,551.0,NURMAHAL
29346,Daulatpur (121),KAPURTHALA,31.333334,75.22305,29346,1913.385581291492,1913.251953125,0.6292643880594102,0.2623973114848729,1.9411623974576795,-0.5803319258764053,-0.1916514678595418,923.7338992764847,22.55090936966161,1.0,36.89,5,7,35,105.0,KAPURTHALA
34503,Kulgarhi (135),FIROZEPUR,30.9369373,74.6152344,34503,1908.41838808721,1913.25,0.5804047773016702,0.2660485757291051,1.5468371973997883,-0.558334789663752,-0.1747756083360197,682.7633505248018,23.46746028070028,1.0,4.0,0,0,80,237.0,GHALL KHURD
34818,Chhanga Rai Uttar (298),FIROZEPUR,30.64865,74.28712,34818,1914.5464357824924,1913.2489013671875,0.6272313220139429,0.282325016091171,1.6389735250097954,-0.5860070654909331,-0.1933678030748154,623.8506818201561,23.96943633261851,1.0,473.0,101,101,108,505.0,GURU HAR SAHAI
29430,Jhugian Bandhu (114),KAPURTHALA,0.0,0.0,29430,1916.3236220024485,1913.2462158203125,0.6166750348617036,0.3012108306781979,1.760577607478958,-0.5839555963004021,-0.2107046421821521,816.9662448575394,22.834234023093245,1.0,93.52,7,0,26,98.0,SULTANPUR LODHI
29475,Jabo Sudhar (119),KAPURTHALA,31.3153152,75.229744,29475,1917.0664445592124,1913.2449951171875,0.6055790673417604,0.2663387809170568,1.7595577924068668,-0.5650860696059318,-0.1872858883315362,817.6976385524171,22.81345387128846,1.0,2.47,25,0,120,196.0,SULTANPUR LODHI
36599,Bhanra (60),PATIALA,30.1621628,76.33527,36599,1916.137274010973,1913.243408203125,0.5358386026896496,0.2100470325153648,1.4152748898029368,-0.5254952889798871,-0.1224234383291718,807.477043608962,23.0627271622716,1.0,655.0,250,250,450,777.0,PATIALA
34364,Dhandian (145),FIROZEPUR,31.0224476,75.00164,34364,1915.529757730138,1913.24267578125,0.6850367944602013,0.3604475304761749,2.0241591079665544,-0.626141040807206,-0.2759349272187718,700.7897657713584,23.341749043360515,1.0,412.0,250,85,180,459.0,ZIRA
34352,Chak Paharsinghwala (358-A),FIROZEPUR,30.9189186,74.7271957,34352,1910.7378241783529,1913.2415771484375,0.6716299853433844,0.340495129353871,1.98941219993413,-0.6142112569365296,-0.2595941150475879,684.4847592522996,23.46220865201116,1.0,37.0,2,0,2,38.0,ZIRA
34350,Kohala (6),FIROZEPUR,30.54054,74.09968,34350,1911.604527286411,1913.2406005859375,0.656418349162876,0.3303135143550833,1.971228604235357,-0.6029843645672939,-0.2496415636554619,684.4847592522996,23.46220865201116,1.0,500.0,250,250,360,556.0,ZIRA
29357,Chak Todarwal (49),KAPURTHALA,31.2252254,75.20008,29357,1911.8019421227527,1913.2384033203125,0.618077106996248,0.3052135656917609,1.9223314354582528,-0.5753075347396589,-0.2176353097210331,923.7338992764847,22.55090936966161,1.0,63.89,0,0,1,66.0,SULTANPUR LODHI
29426,Khurd (120),KAPURTHALA,0.0,0.0,29426,1917.1937673827008,1913.2371826171875,0.6062525007066287,0.2713961074064928,1.7683339467348336,-0.5614282415536512,-0.190885579468578,827.9143498394773,22.799073136035936,1.0,2.47,0,60,80,144.0,SULTANPUR LODHI
34126,Thuthgarh (264/265),MOGA,30.9442387,75.14117,34126,1913.5938898892227,1913.2366943359375,0.6549020178442152,0.3399900179467994,1.9119607633116047,-0.6050961568550979,-0.2519162154648472,731.4165028741257,22.937485862209485,1.0,242.0,100,145,245,258.0,KOT-ISE-KHAN
38182,Ram Singh Wala (329),Tarn Taran,31.1531525,74.78492,38182,1918.3647023857663,1913.2320556640625,0.4069289930888377,0.0615350959265305,1.059212587099447,-0.4111226630051763,0.0006113356057757,698.5318822544066,23.341528870263485,1.0,1.0,5,1,32,208.0,PATTI-14
29506,Dalla (21),KAPURTHALA,31.2432442,75.1512,29506,1916.3954735215275,1913.23095703125,0.6727866960261937,0.3357800606125292,2.0354978912851527,-0.6132983439163628,-0.2549645230655609,817.6976385524171,22.81345387128846,1.0,178.47,112,112,312,212.0,SULTANPUR LODHI
34609,Habib Ke (59),FIROZEPUR,30.9549541,74.6083,34609,1912.1240002511024,1913.22998046875,0.5543518923116132,0.2431142249353947,1.5398687644412803,-0.5007355108801745,-0.1597190658533221,650.0806900670426,23.60889549887736,1.0,34.0,65,31,90,380.0,FIROZPUR
29148,Mand Rampur (23),KAPURTHALA,31.4954948,75.35319,29148,1914.7683586000485,1913.2291259765625,0.3643474721525855,0.1538471966672765,1.141709745889233,-0.3451327269678723,-0.0560119037730568,904.3606760909456,22.40775749432817,0.493744013890653,50.0,23,0,10,80.0,DHILWAN
33441,Mangli Kadar (58),LUDHIANA,30.9189186,75.8613358,33441,1915.7518062885592,1913.2283935546875,0.5848480051598048,0.2365677177420255,1.6713668946771298,-0.5620213988637522,-0.1546906478672699,848.1584730555909,22.68394309940942,1.0,20.0,6,0,18,91.0,LUDHIANA-2
33807,Majri (73),LUDHIANA,30.9369373,75.4765,33807,1914.8092333592429,1913.22705078125,0.6752098433422049,0.3229852896662816,1.9504033070940248,-0.6229634954939347,-0.2455714542957764,793.1981625964539,22.71537406249968,1.0,130.0,150,120,267,353.0,SIDHWAN BET
29854,Kotla Heran (180),JALANDHAR,31.0810814,75.3382645,29854,1914.556600367696,1913.2257080078125,0.6138663083598405,0.242884457664839,1.8586573135886468,-0.5719261133484144,-0.1726955301265862,852.7206721713441,22.680534510857456,1.0,2.5,60,10,250,210.0,SHAHKOT
37177,Kotli Dasondhi (16),AMRITSAR,31.6216221,74.65108,37177,1913.884503410462,1913.224609375,0.5820540691269128,0.2143406056796702,1.493223669995223,-0.5532245407301285,-0.131975785391283,879.0007027795212,22.974869686455293,1.0,161.0,55,55,199,209.0,CHOGAWAN
38007,Zanardar (289),Tarn Taran,31.35135,74.81548,38007,1915.855560836502,1913.2218017578125,0.5682635290867457,0.237336170967371,1.5407017548432678,-0.5460486587774862,-0.1482647100512698,770.94524530672,22.924395787052504,1.0,10.0,2,90,250,139.0,CHOHLA SAHIB-8
36323,Sangatpura (95),PATIALA,30.27027,76.21058,36323,1913.342534705543,1913.217529296875,0.5772651601221473,0.2672075403963556,1.5112766058392988,-0.5516785240932426,-0.1707380503038134,773.6430722825279,23.0539448231882,1.0,671.0,35,60,170,755.0,NABHA
30016,Talwan (93),JALANDHAR,31.0270271,75.35856,30016,1915.442352544362,1913.2171630859375,0.6190743603538768,0.302700052018985,1.7125667695165083,-0.5860076564289474,-0.2112105851589826,828.8223537614243,22.70683178993221,0.9722101624154468,22.83,212,50,1402,2390.0,NURMAHAL
29257,Aloudi (203),KAPURTHALA,31.27928,75.49614,29257,1913.9341843367167,1913.212890625,0.5414126019032779,0.1749141741709763,1.6979720710109976,-0.5080863182677637,-0.1107800876613127,958.2364502360718,22.3924562069638,1.0,12.0,0,0,30,81.0,KAPURTHALA
29495,Allahditta (3),KAPURTHALA,31.2432442,75.17228,29495,1914.703619344308,1913.2093505859375,0.6156850006424218,0.2537829522645685,1.8828163299943768,-0.5731091999311873,-0.1824852984247977,852.7206721713441,22.680534510857456,1.0,834.91,150,150,327,861.0,SULTANPUR LODHI
33478,Kasabad (85),LUDHIANA,30.8828831,75.83279,33478,1914.480994938546,1913.204345703125,0.4763232129070387,0.1863896963279918,1.3777245470141457,-0.4612504995799851,-0.1001612465574208,864.1746297276978,22.76433502623636,0.9350426283378952,21.0,50,30,355,972.0,LUDHIANA-2
38012,Khabba Rajputan (262),Tarn Taran,0.0,0.0,38012,1912.589580567471,1913.203369140625,0.5726534219676443,0.2313888666469225,1.6325126575114102,-0.5387096467725463,-0.1484653471985172,771.0522502494318,22.92416149997465,1.0,10.0,30,50,195,295.0,NAUSHEHRA PANNUAN-11
29314,Samailpur (223),KAPURTHALA,0.0,0.0,29314,1913.2683492730896,1913.2032470703125,0.608310879506382,0.2534425699646448,1.7886831656016624,-0.5707920192879441,-0.1750849484202195,895.8125977082663,22.52591099717804,1.0,152.0,0,0,19,165.0,KAPURTHALA
29527,Hazara (173),KAPURTHALA,31.26994,75.2588654,29527,1915.693131756156,1913.201904296875,0.6334069721871771,0.288862346108157,1.772556307764898,-0.5923709028724089,-0.204205922461766,816.9662448575394,22.834234023093245,1.0,118.6,12,0,7,144.0,SULTANPUR LODHI
34232,Chak Khanna (230),FIROZEPUR,30.9571915,74.61731,34232,1910.0346034761387,1913.201171875,0.4794123355839773,0.24691540197345,1.3915044194192283,-0.465159780321126,-0.1435125108397856,729.2454731775756,23.06912665934713,1.0,210.0,30,0,51,267.0,MAKHU
29881,Ladhewali (145),JALANDHAR,31.2252254,75.4318542,29881,1914.458863718143,1913.1932373046875,0.6557087203549194,0.2802629633799297,1.99156247260092,-0.6028286871424081,-0.2105093873421371,883.6240711619752,22.543239515608548,1.0,175.0,80,20,100,191.0,NAKODAR
29998,Ummarwal Billa (350),JALANDHAR,31.1079559,75.2981644,29998,1916.380107798537,1913.1893310546875,0.6071487064429969,0.2875312539372718,1.7419356774043464,-0.5759946960236914,-0.199336629537001,805.9951904227631,22.629141831819368,1.0,279.0,5,20,510,733.0,MEHATPUR
29452,Sangra (110),KAPURTHALA,31.2252254,75.20008,29452,1914.8488093031472,1913.1881103515625,0.561964398201443,0.2841070443642974,1.6587644240407369,-0.5222185807898008,-0.1867195500767532,816.9662448575394,22.834234023093245,1.0,2.47,0,0,10,107.0,SULTANPUR LODHI
29437,Chuharpur (88),KAPURTHALA,31.18919,75.23463,29437,1914.5470581758425,1913.1861572265625,0.5763394032873898,0.2476442796155012,1.713248300585673,-0.5409997637423285,-0.1670716273995373,868.9469787289994,22.74958406038064,1.0,2.47,0,65,96,174.0,SULTANPUR LODHI
34711,Mallha Rahime Ke Hithar (346),FIROZEPUR,30.8828831,74.4471359,34711,1915.369000410442,1913.180908203125,0.6167517619609071,0.2768266454746173,1.5245004206728472,-0.5856832554779718,-0.1829138625712767,650.8693283406194,23.72812374273327,1.0,90.0,86,90,93,66.0,MAMDOT
29199,Dessal (78),KAPURTHALA,31.4954948,75.37432,29199,1914.7394576029228,1913.17578125,0.4991107390115389,0.2376730878354919,1.3911139276541131,-0.4749263666195192,-0.134140906371233,931.265303771724,22.505780148381405,0.9209340021071778,450.0,40,30,256,586.0,DHILWAN
38023,Shahbazpur (234),Tarn Taran,31.477478,74.91614,38023,1910.3239640425927,1913.1754150390625,0.6170780390191042,0.266821926165513,1.704282616570148,-0.5804550959556332,-0.1838076992596737,763.8870158077714,23.01639478273301,1.0,268.0,250,255,510,292.0,TARN TARAN-12
29440,Passan Jadid (102),KAPURTHALA,31.18919,75.23463,29440,1915.0252075402643,1913.1746826171875,0.4510959146956675,0.1957040664574723,1.340035320725823,-0.4208300101341896,-0.0981483926124155,868.9469787289994,22.74958406038064,1.0,2.47,0,15,25,28.0,SULTANPUR LODHI
36176,Sehajpur Kalan (66),PATIALA,30.0540543,76.21017,36176,1911.010250945608,1913.174072265625,0.5983676750637742,0.2652815713084608,1.590689280627893,-0.5616985185067244,-0.1753022371929868,703.3406137209969,23.328396828115395,1.0,209.0,99,80,166,274.0,SAMANA
34257,Kalhiwala (70),FIROZEPUR,31.1171169,75.0932541,34257,1914.5131843333068,1913.17138671875,0.641682187776882,0.3127920086556446,1.8191744247678496,-0.6088792186331341,-0.2256114588708742,731.8822032425767,23.10855516250714,1.0,10.0,0,0,9,32.0,MAKHU
33468,Sasrali (62),LUDHIANA,30.9189186,75.84033,33468,1914.5876733910875,1913.1697998046875,0.5414952812787795,0.2479875363530791,1.5045841202552697,-0.5256935447127854,-0.1550676141409013,861.4481481721299,22.69576022833502,1.0,30.0,40,0,484,486.0,LUDHIANA-2
34700,Kalu Arain Hithar (349),FIROZEPUR,0.0,0.0,34700,1914.5473326484573,1913.1676025390625,0.5852905307996465,0.2389759309192161,1.486750143720904,-0.5586502062962695,-0.1502380611753402,633.4915700366395,23.7499090722734,1.0,78.94,80,180,190,54.0,MAMDOT
38288,Darapur (331),Tarn Taran,0.0,0.0,38288,1913.9780943512385,1913.1669921875,0.560579642563428,0.2391593043695703,1.576162596466097,-0.5352737520780501,-0.1503933014479758,931.265303771724,22.505780148381405,1.0,2.5,0,50,380,336.0,KHADUR-SAHIB-10
37167,Fatta (21),AMRITSAR,31.6216221,74.6934,37167,1916.5086529694545,1913.1669921875,0.5954388703838793,0.2247854229309164,1.4931982716725538,-0.5723239916283569,-0.1404693947927859,879.3596559005518,22.968283868164093,1.0,1.0,0,0,1,126.0,CHOGAWAN
30023,Qadian (104),JALANDHAR,31.0630627,75.17675,30023,1914.923615838885,1913.1649169921875,0.6068108235848977,0.2989411780741484,1.6135405526298978,-0.5813050419731911,-0.2013342974185186,846.9622078349488,22.80621523879904,1.0,75.0,22,22,52,83.0,NURMAHAL
37644,Gharinda (402),AMRITSAR,31.54955,74.67793,37644,1914.526089129541,1913.164306640625,0.5521195127710414,0.224633306179438,1.4615716698705168,-0.5243349989284859,-0.1357339742244195,919.6387077841068,22.93222100043516,1.0,405.0,50,100,400,487.0,ATTARI
34570,Lakha Bhedi (30),FIROZEPUR,30.9369373,74.6152344,34570,1909.590495645044,1913.1640625,0.5815819709182606,0.2555353878065869,1.4862519197139472,-0.5601962988663538,-0.1602151340350166,665.9990045239823,23.53292379469844,1.0,25.0,0,0,110,289.0,FIROZPUR
34133,Said Mohamad Shahwala (267),MOGA,30.9439526,75.1411,34133,1913.502398318164,1913.163818359375,0.6692399193859976,0.3511990178336094,1.961850945847847,-0.6146448358595583,-0.2635518897402898,731.4165028741257,22.937485862209485,1.0,88.0,53,47,53,98.0,KOT-ISE-KHAN
29413,Jainpur (31),KAPURTHALA,31.3153152,75.229744,29413,1916.4397935068969,1913.1627197265625,0.6038740042812266,0.2917677776418135,1.7875079976512696,-0.5706986166668314,-0.2023231687674239,898.2055214590372,22.699148669750777,1.0,293.0,40,90,220,314.0,SULTANPUR LODHI
29313,Rampur (221),KAPURTHALA,0.0,0.0,29313,1913.4264063842136,1913.1622314453125,0.6641800793719768,0.2992371688457106,2.0613985230891947,-0.608451195886857,-0.2263353314403088,892.3655989577668,22.53479004222732,1.0,48.58,0,20,85,131.0,KAPURTHALA
29897,Sarai Kham (124),JALANDHAR,31.18919,75.40312,29897,1912.2650942865173,1913.15966796875,0.6315820014016897,0.28684307235717,1.8136354995036343,-0.5860894123747385,-0.2071158760445858,883.6240711619752,22.543239515608548,1.0,121.0,10,20,81,96.0,NAKODAR
34422,Amargarh Bandian (170),FIROZEPUR,30.9909916,74.99378,34422,1910.7824008682007,1913.1575927734375,0.6833839917496618,0.3544965976204643,2.038009668035311,-0.6185886165901553,-0.2726051709718297,693.6538162639039,23.19813426734248,1.0,200.0,150,0,225,225.0,ZIRA
29755,Kakar Kalan (245),JALANDHAR,31.45946,75.4297943,29755,1912.7312921701769,1913.1573486328125,0.6319374312011584,0.316399637796673,1.8081682779158887,-0.592500933880874,-0.2255952056085088,733.9174094607728,22.97211084760505,1.0,290.0,97,97,216,320.0,LOHIAN
34538,Kamalwala Khurd (7),FIROZEPUR,30.9189186,74.6221848,34538,1917.464020339968,1913.1551513671875,0.5417691024985419,0.2259110123364439,1.4245990154117305,-0.5301465846007244,-0.1323768863010306,702.0846152254252,23.40564714029301,1.0,36.0,52,50,195,201.0,FIROZPUR
34745,Gatti Mattar (362),FIROZEPUR,30.7927933,74.41923,34745,1917.3857365073145,1913.1533203125,0.6032465251174418,0.2440619963729873,1.4841713796121747,-0.5686676997099444,-0.163305315351153,648.830740401883,23.88639030991082,1.0,597.0,106,149,170,483.0,MAMDOT
29173,Theh Kanjla (12),KAPURTHALA,31.2972965,75.1942749,29173,1916.1652703939856,1913.1512451171875,0.5406743510735945,0.2371220857123714,1.667830236543957,-0.519591881786154,-0.147286820988975,913.34825186037,22.398483972158942,1.0,95.0,8,10,10,253.0,KAPURTHALA
29828,Salah Nagar (71),JALANDHAR,31.0329132,75.3222351,29828,1913.5572574424991,1913.1488037109375,0.6209321224132255,0.2775924338262937,1.978191733689067,-0.5690928350211276,-0.2011912880106309,814.5788702180283,22.679460124891307,1.0,225.0,300,300,400,763.0,SHAHKOT
37929,Chak Sikander (214),Tarn Taran,31.4855423,74.9733353,37929,1916.191789449441,1913.1484375,0.558981246094109,0.2265217863735698,1.4366861811102882,-0.537151261721281,-0.1353637175645319,799.0572246720689,22.93620046453458,1.0,298.0,80,85,270,300.0,TARN TARAN-12
34394,Holanwali (360),FIROZEPUR,30.9369373,75.1404,34394,1911.9432793580145,1913.1478271484375,0.6305985835939747,0.2979843963118367,1.7414101618383562,-0.5916622700964591,-0.2098411208565936,667.8455527348602,23.5000524841939,1.0,3.0,128,0,150,445.0,ZIRA
38325,Uppal (150),Tarn Taran,0.0,0.0,38325,1913.326796920261,1913.1439208984375,0.5371206802360395,0.2015461505428681,1.6093875587124893,-0.5130865868210274,-0.1220596950942149,953.4446242263216,22.404917930807244,1.0,2.0,100,225,325,308.0,KHADUR-SAHIB-10
39597,Kalabula (40),SANGRUR,30.3603611,75.71687,39597,1913.075521680704,1913.1435546875,0.6983323145944449,0.355126909453184,1.8272807613010509,-0.6389093150387793,-0.2669743466522302,686.0687606766722,23.445660845693656,1.0,370.0,300,154,260,401.0,SHERPUR
34703,Chak Bhangewala (347),FIROZEPUR,30.9009018,74.46114,34703,1915.3844257245,1913.14111328125,0.5620252754698227,0.2265410412768976,1.449590012429648,-0.5385372792980119,-0.1428908972425281,652.1934512069123,23.726463778742986,1.0,250.52,200,200,220,548.0,MAMDOT
29716,Rame Taharpur (296),JALANDHAR,31.0990982,75.33151,29716,1913.5266302378905,1913.1402587890625,0.4645532183746898,0.2201381059001639,1.3200481867714802,-0.4483732397544086,-0.1253842486269141,738.8447010719011,22.907909680383447,1.0,2.47,0,0,7,257.0,SHAHKOT
30434,Gill (410),JALANDHAR,31.44144,75.49976,30434,1914.60921547953,1913.1351318359375,0.58891348338628,0.2213970993683177,1.883935934379482,-0.5474298958115772,-0.1530596363214182,958.2364502360718,22.3924562069638,1.0,2.47,20,0,268,328.0,JALANDHAR - WEST
34602,Qutbewala (57),FIROZEPUR,30.9549541,74.6083,34602,1913.3744582049749,1913.1331787109375,0.612252999066104,0.2724157364197768,1.581056860976615,-0.5847344956059433,-0.182859203024456,650.0806900670426,23.60889549887736,1.0,36.0,20,40,110,64.0,FIROZPUR
29328,Aya (173),KAPURTHALA,0.0,0.0,29328,1913.09670166546,1913.130615234375,0.5745774264200583,0.2204930431896275,1.751591903841443,-0.5503450016590227,-0.1477439062627379,883.6240711619752,22.543239515608548,1.0,2.5,0,0,30,211.0,KAPURTHALA
29875,Baupur (148),JALANDHAR,31.2252254,75.4318542,29875,1913.0586496449664,1913.1290283203125,0.6530416578110919,0.2854988499690518,1.9233998650911723,-0.6012440259876602,-0.2122610562125461,883.6240711619752,22.543239515608548,1.0,141.0,12,12,30,155.0,NAKODAR
34419,Wara Pohwindian (160),FIROZEPUR,31.27928,74.54743,34419,1914.4626747086704,1913.125244140625,0.6935756901616242,0.367608513946999,2.081879791826684,-0.626900321928772,-0.2849487844960696,694.3074365297994,23.20919953776291,1.0,475.0,185,95,257,515.0,ZIRA
34696,Mehmud Ke Uttar (293),FIROZEPUR,30.9369373,74.46819,34696,1912.9216532998253,1913.12158203125,0.5889608618165011,0.2426326516641057,1.371917295863314,-0.5703718774538179,-0.1457851964453561,633.4915700366395,23.7499090722734,1.0,28.0,3,3,3,65.0,MAMDOT
29913,Kotla Bhagu (64),JALANDHAR,31.3316689,75.2393341,29913,1913.418550013128,1913.1187744140625,0.6665462715718387,0.3071631633466323,2.031579746715394,-0.6156436801813334,-0.2329356288245268,814.5788702180283,22.679460124891307,1.0,30.0,50,50,100,120.0,NAKODAR
29352,Sukhia Nangal (108),KAPURTHALA,31.2972965,75.1942749,29352,1912.6401722893984,1913.110107421875,0.5934316308360401,0.2824761564281725,1.809689353990077,-0.5595239899441978,-0.1922060198634077,923.7338992764847,22.55090936966161,1.0,45.0,20,20,55,118.0,KAPURTHALA
30000,Jhungian (346),JALANDHAR,31.0630627,75.47123,30000,1914.656861273542,1913.1092529296875,0.566551180964038,0.2403383895959025,1.6093326686262306,-0.5464095307608563,-0.1549578634635361,805.9951904227631,22.629141831819368,1.0,2.47,0,0,200,286.0,MEHATPUR
29468,Fattowal (113),KAPURTHALA,31.270071,75.25875,29468,1915.717144149911,1913.1025390625,0.6267808224549183,0.3060111997499002,1.7972170820017417,-0.589777577648668,-0.2165983770781495,816.9662448575394,22.834234023093245,1.0,219.83,76,0,101,234.0,SULTANPUR LODHI
39546,Mehmudabad (117),SANGRUR,30.522522,75.88475,39546,1914.4268196655075,1913.1011962890625,0.4830317414696278,0.1473958252132258,1.335126544372378,-0.4783565754797315,-0.0697862861170356,725.414940994014,23.062530097044885,1.0,113.0,5,0,8,117.0,MALERKOTLA
37930,Ram Rauni (204),Tarn Taran,0.0,0.0,37930,1914.883535971816,1913.1007080078125,0.5575234931459578,0.2279194100533394,1.4578133576077188,-0.5333086220776966,-0.1379495761681759,799.0572246720689,22.93620046453458,1.0,319.0,48,35,184,202.0,TARN TARAN-12
29687,Mandi Kalu (223),JALANDHAR,31.1171169,75.21953,29687,1911.878305673516,1913.0975341796875,0.4842579569376706,0.2322302871489897,1.3675061239836834,-0.4635273902800489,-0.1338481615406094,729.2441966941254,23.069153166359456,1.0,178.0,57,57,74,197.0,LOHIAN
39700,Matran (59),SANGRUR,30.27027,76.0436859,39700,1912.8588215174805,1913.0975341796875,0.6005446818958317,0.2790137766207945,1.493122046610741,-0.5750566269881693,-0.182486162745304,721.770355384578,23.19777535708772,1.0,250.0,95,95,220,306.0,BHAWANI GARH
30045,Aujla (116),JALANDHAR,31.0450459,75.33076,30045,1912.523556402536,1913.0889892578125,0.6767668878215864,0.3213748697460156,2.027649745514404,-0.615398962822865,-0.2454264781690784,837.9609426679496,22.747586971239294,1.0,246.0,200,200,318,281.0,NURMAHAL
34118,Fatehpur Kanian (275),MOGA,30.9549541,75.13356,34118,1909.835398351796,1913.0882568359375,0.6611435901555921,0.3424403688883004,1.817116548179692,-0.6172846317346672,-0.2511984303358036,734.76331439191,22.924160166885844,1.0,259.0,56,70,91,281.0,KOT-ISE-KHAN
39616,Ghanaur Kalan (67),SANGRUR,30.3781433,76.15863,39616,1912.0800942587705,1913.0867919921875,0.6454893153533665,0.3185279795675512,1.6100587259167336,-0.6038322548913992,-0.2220858484952816,692.9895821025269,23.36108680154888,1.0,1226.0,192,192,470,500.0,SHERPUR
34535,Kaluwala (10),FIROZEPUR,30.9549541,74.6083,34535,1912.9596900362112,1913.08642578125,0.657757782566998,0.3288774962134163,1.9189178339413029,-0.6077510997284425,-0.24174077057938,684.4847592522996,23.46220865201116,1.0,10.0,50,50,356,95.0,FIROZPUR
29503,Haidrabad Dona (17),KAPURTHALA,31.27928,75.1799,29503,1918.0512587002345,1913.0863037109375,0.6865256459399792,0.3167817549805417,2.062020486960505,-0.6240445206537168,-0.2451367244177181,852.7206721713441,22.680534510857456,1.0,88.22,2,1,15,93.0,SULTANPUR LODHI
37710,Daulo Nangal (33),AMRITSAR,31.6036034,75.22898,37710,1917.2710178144,1913.0855712890625,0.4789103726476433,0.1611027074426853,1.4873959528510154,-0.4700566578791677,-0.0858734597834327,907.0994332945604,22.407840400365902,0.8638182737392176,297.0,152,152,710,342.0,RAYYA
29778,Kotli Kamboan (236),JALANDHAR,31.0810814,75.3382645,29778,1913.2403377704347,1913.0853271484375,0.6072717599686588,0.2747302179359589,1.8191725618646344,-0.5695634072208026,-0.1952139509769488,733.9174094607728,22.97211084760505,1.0,96.0,52,52,63,103.0,LOHIAN
37185,Bhaggupur Uttar (9),AMRITSAR,31.7117119,74.68115,37185,1913.3747583801687,1913.08447265625,0.5561251221518745,0.2102829967590252,1.4313249597131543,-0.5340470217977561,-0.1264181786161967,885.3128059055258,22.986308926987387,1.0,148.0,32,30,55,159.0,CHOGAWAN
33813,Baniawal (5),LUDHIANA,30.9189186,75.46229,33813,1918.0244465741328,1913.083740234375,0.6429610320260765,0.3532931925680912,1.6310751472364042,-0.6078937981227076,-0.2481027056022381,803.4347060208049,22.71291945676075,1.0,32.0,35,35,42,86.0,SIDHWAN BET
30070,Nat (76),JALANDHAR,0.0,0.0,30070,1912.2066888635493,1913.0821533203125,0.6215162503214346,0.2831346527903338,1.8483486413214136,-0.5826443569087663,-0.2021485032231981,823.4835875828984,22.757011645843544,1.0,193.0,100,95,212,211.0,NURMAHAL
29873,Addi (160),JALANDHAR,31.2252254,75.41079,29873,1913.5159554101424,1913.0811767578125,0.6310236239598604,0.2643522401073102,1.908076644525562,-0.5847625716851155,-0.1927156320950862,883.6240711619752,22.543239515608548,1.0,410.0,150,150,280,474.0,NAKODAR
34242,Madahar Kalu (91),FIROZEPUR,31.0630627,75.11365,34242,1915.2458101348525,1913.0802001953125,0.6088811010742743,0.2740285902125732,1.68300118466368,-0.5759110181419795,-0.1856574996789091,729.2441966941254,23.069153166359456,1.0,2.47,35,25,25,40.0,MAKHU
29162,Mand Jatike (56),KAPURTHALA,31.4954948,75.35319,29162,1913.2812620536515,1913.080078125,0.6175693031382437,0.2884668411464469,1.818684382287,-0.5756739216590344,-0.197726109268063,899.5116034658962,22.4385740783156,1.0,2.0,10,5,25,79.0,DHILWAN
38025,Kamalpur (227),Tarn Taran,31.477478,74.91614,38025,1912.5937132225351,1913.0799560546875,0.5390125249352911,0.2135258856302238,1.4546413938660578,-0.5275158320265552,-0.1300599229345423,799.0572246720689,22.93620046453458,1.0,50.0,0,0,45,115.0,TARN TARAN-12
33678,Partap Singhwala (CT),LUDHIANA,30.9007111,75.8089447,33678,1913.2292552680408,1913.07861328125,0.3126067434693287,-0.0081602749854453,0.9013609020706131,-0.3427299507050863,0.0537023406810307,839.1158971002,22.783892110549857,0.0260557144960559,186.0,52,12,122,0.0,LUDHIANA-1
36198,Lalgarh (82),PATIALA,30.3603611,76.5939,36198,1908.7420625494008,1913.078125,0.5777250651776897,0.2226833859842884,1.5624446023087504,-0.5391567107892321,-0.1422210643383786,762.7116831948655,23.10110317520452,1.0,227.0,61,60,80,147.0,SAMANA
29168,Buduwala (30),KAPURTHALA,31.4954948,75.35319,29168,1915.2848706529635,1913.077392578125,0.542879871803488,0.2430127913963002,1.5097441759015295,-0.5221543744389078,-0.1486291639986348,897.9821455424187,22.44829401286739,1.0,230.0,30,30,40,98.0,DHILWAN
29750,Kamalpur (244),JALANDHAR,31.27928,75.28532,29750,1912.8379503349008,1913.0753173828125,0.6039782795809153,0.2979594960687634,1.78515115797028,-0.5700599627092986,-0.2097156959698314,733.9174094607728,22.97211084760505,1.0,114.0,26,57,118,126.0,LOHIAN
29525,Mandi Aluwal (179),KAPURTHALA,31.2699547,75.2586,29525,1913.1666995185767,1913.073486328125,0.6626636650584786,0.3391688660357484,1.8307100023774625,-0.6210130254064714,-0.2469126058881526,816.9662448575394,22.834234023093245,1.0,2.47,12,0,36,83.0,SULTANPUR LODHI
34223,Jhanda Bagga Nawan(108),FIROZEPUR,31.0990982,75.01588,34223,1910.374707888904,1913.072509765625,0.6660814572635125,0.3544508344239609,2.031293878737972,-0.6031187032497222,-0.2683656411061045,721.286764788513,23.097991248891727,1.0,617.0,480,70,134,251.0,MAKHU
34513,Kakuwala (127),FIROZEPUR,30.8648643,74.78998,34513,1912.945247183841,1913.0704345703125,0.6352561243346834,0.2860311757860543,1.6720044368793083,-0.5939777002092071,-0.2004148221907055,647.9622664859193,23.662412032628083,1.0,200.0,66,66,70,477.0,GHALL KHURD
29409,Kalru (43),KAPURTHALA,31.18919,75.17143,29409,1916.0318848625864,1913.0701904296875,0.5825989615883604,0.2664248131035042,1.6516819906588105,-0.5649570066691739,-0.1749710867212077,908.5193831804884,22.64164057769289,1.0,526.86,61,0,235,555.0,SULTANPUR LODHI
29225,Kanjli (10),KAPURTHALA,31.2972965,75.1942749,29225,1914.441837107952,1913.064697265625,0.627794859362106,0.3071384857284503,1.904123922922119,-0.5702569863570796,-0.2217892074617999,913.34825186037,22.398483972158942,1.0,202.0,300,200,550,224.0,KAPURTHALA
34433,Jhatra (325),FIROZEPUR,31.27928,74.54743,34433,1914.1374283308016,1913.0616455078125,0.66523833765071,0.325064929491511,1.9615967954511384,-0.5989334485564999,-0.2467543012214052,698.3474824039713,23.326216160470324,1.0,200.0,100,55,255,297.0,ZIRA
29809,Salaich (82),JALANDHAR,31.0810814,75.35931,29809,1916.9538400610488,1913.05859375,0.4083062161661661,0.0793446807420906,1.1562808277019148,-0.4197881543697479,-0.0170154313400328,766.9331672599213,22.841892629407766,0.5245681832330109,2.47,0,10,280,119.0,SHAHKOT
34235,Mahlewala (222),FIROZEPUR,31.0956535,74.97691,34235,1913.229675897479,1913.0516357421875,0.4567727720924414,0.2114401051831739,1.3007527414451725,-0.4419827369484288,-0.1176818921946603,729.2441966941254,23.069153166359456,1.0,1482.0,115,0,256,341.0,MAKHU
37638,Chicha (414),AMRITSAR,31.54955,74.67793,37638,1914.4099493419733,1913.0513916015625,0.5619480912993544,0.2171493626340273,1.4810595050041129,-0.5206563818853699,-0.1343218866035043,917.11360950595,22.933401955616468,1.0,592.0,8,10,40,662.0,ATTARI
39591,Bhagwanpura (13),SANGRUR,30.4864864,75.856636,39591,1914.7236289924897,1913.0506591796875,0.6631082160049646,0.3356394001991402,1.6883652628533037,-0.6224383618944592,-0.2416968202010238,690.3981906494961,23.385581128256085,1.0,70.0,40,50,138,318.0,SHERPUR
29266,Waryah (161),KAPURTHALA,0.0,0.0,29266,1914.7982981255725,1913.05029296875,0.6092721536159434,0.2588264283041387,1.867977761515808,-0.5703433771314608,-0.1833741037329309,942.3733892848388,22.416556765311952,1.0,2.5,30,30,170,145.0,KAPURTHALA
39991,Shekha (51),BARNALA,30.2782,75.679924,39991,1913.3927717565591,1913.0498046875,0.6293040806001429,0.3059192255274182,1.6153686440352963,-0.5927355039792258,-0.2125805242457105,678.4777572077114,23.51272134107528,0.9902351669886208,1529.0,451,324,1457,2290.0,BARNALA
30233,Mithra (24),JALANDHAR,31.1491318,75.49011,30233,1909.449391229708,1913.047119140625,0.6489940758439396,0.3039269318461263,1.8982754921892355,-0.6051919350982637,-0.2228235249737064,828.5634889962805,22.729503712822225,1.0,150.0,155,155,408,334.0,NURMAHAL
34152,Bahadur wala(d) (252),MOGA,30.9549541,75.15457,34152,1913.357750014109,1913.046875,0.6480161747701243,0.3240199636573864,2.0417337959562447,-0.5927360258727584,-0.245766690636042,731.4165028741257,22.937485862209485,1.0,135.0,60,50,57,146.0,KOT-ISE-KHAN
29202,Ghanieki (68),KAPURTHALA,31.477478,75.3598,29202,1911.714327601389,1913.04541015625,0.589433421327897,0.2668592849951022,1.6775854816312423,-0.5603075615137414,-0.1751339272400063,931.265303771724,22.505780148381405,1.0,2.47,0,0,123,216.0,DHILWAN
34797,Chak Maddike (318),FIROZEPUR,30.72072,74.34258,34797,1915.8257049584213,1913.0423583984375,0.6272383699123337,0.2752871251174926,1.5972397536501588,-0.5815418031293286,-0.1858540550481866,651.7012667936166,23.886835685241262,1.0,160.0,120,150,182,174.0,MAMDOT
36648,Hashampur (189),PATIALA,30.2342339,76.34947,36648,1912.926609846521,1913.0362548828125,0.4196356728075121,0.1637844164557643,1.0080961911794697,-0.4574823092480469,-0.0555986094880155,755.7026240041154,23.223474533372325,1.0,1.0,0,0,1,155.0,PATIALA
36207,Kadrabad (60),PATIALA,30.2522526,76.1340256,36207,1913.858156189823,1913.025146484375,0.587949141002635,0.2481751063424229,1.5195615455732638,-0.5593933280103371,-0.1607621137360654,721.770355384578,23.19777535708772,1.0,127.0,168,199,359,405.0,SAMANA
37628,Dhaul Kalan (350),AMRITSAR,31.6604443,74.8746262,37628,1913.1649057277773,1913.0245361328125,0.3471654809310023,0.0301316975914515,0.856327626079307,-0.3817980334859059,0.0340484100299569,898.4865638425248,22.708453943606344,0.4668023275859555,0.274,50,85,585,374.0,VERKA
29514,Tarf Behbal Bahadur (136),KAPURTHALA,31.2072067,75.18575,29514,1916.667674935996,1913.0225830078125,0.5725653453420754,0.2729132707401994,1.5890881492575288,-0.5517326447031514,-0.1755290484490147,817.6976385524171,22.81345387128846,1.0,391.22,27,0,124,444.0,SULTANPUR LODHI
29302,Baler Khanpur (209),KAPURTHALA,31.36937,75.3996,29302,1915.8036762950755,1913.0223388671875,0.6348636225253046,0.2747754327886998,1.919178680702855,-0.5873523131909127,-0.1998667669098379,942.3733892848388,22.416556765311952,1.0,2.5,20,31,180,234.0,KAPURTHALA
29908,Bara Sidhpur (65),JALANDHAR,31.3299828,75.23742,29908,1913.0249626166872,1913.0216064453125,0.6555248072160827,0.3116602299553682,2.0536879112884905,-0.6032480694710519,-0.2350301306918161,814.5788702180283,22.679460124891307,1.0,20.0,40,40,80,78.0,NAKODAR
39473,Haider Nagar (109),SANGRUR,30.5045052,75.9334259,39473,1914.3745194964752,1913.0206298828125,0.5722666539249595,0.2160435283580151,1.447623886827971,-0.5516856321027482,-0.1333121222693212,725.414940994014,23.062530097044885,1.0,140.0,60,60,240,152.0,MALERKOTLA
30021,Bhullar (105),JALANDHAR,31.0630627,75.1557159,30021,1914.9225854142287,1913.0191650390625,0.5826648172074609,0.2732752479093829,1.657003739535256,-0.5566873105549678,-0.188156536081978,840.2702169179663,22.76955159561772,1.0,90.0,30,30,57,100.0,NURMAHAL
33698,Burj Littan (190),LUDHIANA,30.7027035,75.7117538,33698,1913.624667142282,1913.0186767578125,0.6660576326917523,0.2979934267127885,1.751406260857283,-0.6202781552243722,-0.2193542222704954,746.914701186504,23.03225412180212,1.0,912.0,140,50,415,490.0,PAKHOWAL
29970,Nawan Pind Dakhni (59),JALANDHAR,31.0990982,75.28943,29970,1912.7294498504773,1913.0177001953125,0.6291611254573585,0.2757867474841585,1.9533665543311696,-0.5797672408124674,-0.2022349479220804,814.5788702180283,22.679460124891307,1.0,2.47,0,0,500,184.0,MEHATPUR
34628,Madhre (106),FIROZEPUR,30.9549541,74.6083,34628,1912.6423035992384,1913.0167236328125,0.572929727706136,0.2308112537280511,1.512715181047034,-0.5477459095898456,-0.1443229443547257,650.0806900670426,23.60889549887736,0.9974180116111412,42.1,50,50,78,123.0,FIROZPUR
29942,Tahli (17),JALANDHAR,31.18919,75.40312,29942,1913.219368251068,1913.007568359375,0.625312635517981,0.2656785796398803,1.786348877341877,-0.5871612824722043,-0.1887042682341595,887.1523635581143,22.54075192730733,1.0,299.0,80,70,377,322.0,NAKODAR
33845,Gorsian Khan Mohammad (19),LUDHIANA,30.9369373,75.4765,33845,1915.4256341711928,1913.0050048828125,0.5904778886461665,0.2861126853348578,1.5939909597401851,-0.5576307209093024,-0.1989098205865996,812.7488791180265,22.65796436830749,1.0,125.0,120,110,158,391.0,SIDHWAN BET
34518,Bazidpur (212),FIROZEPUR,30.9369373,74.6152344,34518,1912.5825030825176,1913.0032958984375,0.605425171560304,0.264594952621457,1.5537259300572488,-0.5729096204024374,-0.1755077070093418,647.7760431740932,23.663278281932246,0.967714578349222,84.0,26,27,155,1430.0,GHALL KHURD
36226,Bijalpur (56),PATIALA,30.1441441,76.2171555,36226,1911.4395579846991,1913.0032958984375,0.5359137242515348,0.2290163562904955,1.3851313736121849,-0.5256716427511753,-0.1322638828575364,807.0356575483127,23.07639850455198,1.0,210.0,76,80,154,313.0,SAMANA
39636,Bhasaur (72),SANGRUR,30.3783779,75.85614,39636,1913.564534367,1913.001953125,0.5548561442974254,0.2314108900195453,1.3247006917219262,-0.5389622354327542,-0.1414366025541844,702.4740213677688,23.23890229139795,0.9615361166075772,552.0,2261,396,640,959.0,DHURI
29347,Mitha (113),KAPURTHALA,31.333334,75.22305,29347,1913.4295921015528,1913.000244140625,0.6412087934821062,0.3138196677315674,1.8235852535848969,-0.6036461737132726,-0.2246703859159914,923.7338992764847,22.55090936966161,1.0,2.5,25,30,47,175.0,KAPURTHALA
38260,Pakhoke (274),Tarn Taran,31.4954948,75.16301,38260,1910.3836263789929,1912.9996337890625,0.6078435706616293,0.273313242912182,1.6724895655272092,-0.5804314747070648,-0.1846687862901281,824.4505348409745,22.79820516549525,1.0,408.0,60,1,402,457.0,NAUSHEHRA PANNUAN-11
29524,Alluwal (157),KAPURTHALA,31.2698441,75.25852,29524,1913.555395547074,1912.9986572265625,0.6503178417685783,0.3174428730880137,1.9679586270478684,-0.5920372802077588,-0.235382266342205,816.9662448575394,22.834234023093245,1.0,182.0,17,0,70,207.0,SULTANPUR LODHI
29481,Sultanpur (Rural) (135),KAPURTHALA,31.2072067,75.20682,29481,1917.5512002218293,1912.9976806640625,0.5650483913498936,0.2524050472865938,1.6363474978555237,-0.5413175406460548,-0.1653992873315013,817.6976385524171,22.81345387128846,1.0,2.47,0,0,425,106.0,SULTANPUR LODHI
36639,Kheri Barna (173),PATIALA,30.2342339,76.34947,36639,1908.179800311,1912.99755859375,0.5354473852553719,0.2252198178745762,1.3710391552943844,-0.5309376571383235,-0.1287923078853705,807.036930601825,23.076397794994136,1.0,277.0,277,50,211,310.0,PATIALA
29324,Nihaluwal (180),KAPURTHALA,31.36937,75.4207,29324,1913.860137639993,1912.99658203125,0.6015069480157668,0.2451281955178291,1.8371717750548835,-0.559921619292812,-0.1709781222775177,942.3733892848388,22.416556765311952,1.0,2.47,0,0,1,66.0,KAPURTHALA
39431,Bapla (122),SANGRUR,30.3603611,75.8630447,39431,1912.348638651258,1912.9957275390625,0.6317616056128688,0.3066331116534275,1.569539796935268,-0.6098335233193694,-0.2109367534989713,708.2675532633486,23.22709372930481,1.0,50.0,200,228,228,419.0,AHMEDGARH
34825,Gudar Panjgrain (317),FIROZEPUR,30.2342339,74.13886,34825,1918.0288706110523,1912.9921875,0.6135483526227511,0.2682076725048146,1.6366740184227853,-0.5798772936696053,-0.1829750618544738,619.9077907016175,24.001903930906963,1.0,118.73,10,80,99,129.0,GURU HAR SAHAI
34142,Sirsari (257),MOGA,30.738739,75.04827,34142,1913.9203537219955,1912.990966796875,0.4774005685715708,0.2456779300046026,1.411944635370387,-0.456568786320106,-0.1437308038170091,731.4165028741257,22.937485862209485,1.0,107.0,41,33,66,120.0,KOT-ISE-KHAN
29210,Fattu Dhinga (83),KAPURTHALA,31.45946,75.1552,29210,1912.724876736387,1912.98974609375,0.5900490474782613,0.2713889485734085,1.738919041015279,-0.5577259617217969,-0.1837650551072382,924.8121037558892,22.53600172040294,1.0,359.0,300,489,625,860.0,DHILWAN
34798,Chak Shikargah (328),FIROZEPUR,30.72072,74.34258,34798,1916.499994809012,1912.9888916015625,0.6088794304083985,0.2594613693554467,1.5424750315489562,-0.5744358771571716,-0.1704890114836001,654.3776336123841,23.88725093582366,1.0,165.0,100,45,65,175.0,MAMDOT
38032,Bhure (211),Tarn Taran,31.477478,74.91614,38032,1916.1926155182928,1912.9857177734375,0.5400428926205448,0.2173291808321909,1.3562779933776874,-0.5391678612951553,-0.1223856475731173,799.0572246720689,22.93620046453458,1.0,35.0,35,35,35,245.0,TARN TARAN-12
29686,Yusafpur Darewal (213),JALANDHAR,31.45946,75.45092,29686,1911.973345044922,1912.9840087890625,0.4925315924030403,0.2382256971977146,1.3575393937170994,-0.4794048327267008,-0.1391781111625462,730.4984932763863,23.06579416728683,1.0,81.0,13,10,43,543.0,LOHIAN
29309,Alamgir (218),KAPURTHALA,0.0,0.0,29309,1914.276946204788,1912.9832763671875,0.537208370203079,0.1773034762640579,1.605883224815018,-0.5153520776806985,-0.1110818590986458,949.7476074810046,22.40535320400297,0.9481727477812236,2.5,280,0,1400,621.0,KAPURTHALA
38246,Munda Pind (350),Tarn Taran,31.4438267,74.99423,38246,1914.829753093068,1912.9832763671875,0.5751125856253084,0.2537093581365537,1.6458414350387005,-0.5429865997265069,-0.1660506998376698,851.5631421901559,22.77142838212148,1.0,1200.0,260,260,513,1671.0,CHOHLA SAHIB-8
39752,Khurani (41),SANGRUR,30.157774,75.90163,39752,1910.998689502129,1912.9808349609375,0.6261012364701553,0.2869509400917703,1.599025207538859,-0.5811291595162823,-0.1967899881758328,664.920950215091,23.390750384608737,1.0,3.47,300,100,165,263.0,SANGRUR
29890,Tut (134),JALANDHAR,31.1351357,75.3811646,29890,1913.4806788654053,1912.980224609375,0.6085585963042432,0.2492792166283231,1.80152243525255,-0.572210253732011,-0.1744904856445091,876.7985916787109,22.55910517820519,1.0,2.21,9,0,335,450.0,NAKODAR
33868,Kakar (34),LUDHIANA,30.81081,75.48213,33868,1910.80822297807,1912.9775390625,0.6790033662821973,0.3305266246724803,1.961486795077968,-0.6242240387650951,-0.2525454952736188,769.4033857690714,22.83139394435072,1.0,860.0,300,70,295,860.0,JAGRAON
35191,Kala Tibba (111),FAZILKA,30.1441441,74.21693,35191,1913.919517952993,1912.9761962890625,0.5235714829606313,0.1738697882711214,1.2851289422404444,-0.5001943697918682,-0.0896921242903202,422.6717317068813,24.875560181778493,1.0,1433.0,221,463,803,1632.0,ABOHAR
33482,Dheri (75),LUDHIANA,30.9189186,75.84033,33482,1917.4385168652925,1912.9759521484375,0.5380646736306448,0.2085413188338634,1.415840222175036,-0.5376623044652394,-0.1205341614514436,861.4481481721299,22.69576022833502,1.0,25.0,89,0,254,238.0,LUDHIANA-2
29238,Kot Krar Khan (196),KAPURTHALA,31.405405,75.3652039,29238,1912.761556252344,1912.9755859375,0.6125724426789694,0.2458548469605933,2.118972360932119,-0.555315208374295,-0.1789470347800827,928.7443551232712,22.4461244842264,1.0,45.0,75,0,379,473.0,KAPURTHALA
29850,Chawinda (169),JALANDHAR,31.0810814,75.3382645,29850,1913.8793187109168,1912.9730224609375,0.6411107232601196,0.2666398754998305,1.904631687833344,-0.5928325812284461,-0.1956434775866228,857.3601930910979,22.65992244152491,1.0,2.47,5,1,30,158.0,SHAHKOT
36306,Kalhe majra (183),PATIALA,30.27027,76.2314453,36306,1914.871290361459,1912.9715576171875,0.5471917790689385,0.2515154054120245,1.407378239350935,-0.5336246758181541,-0.1501221153492993,773.5693099906342,23.055821810602424,1.0,242.0,51,55,192,271.0,NABHA
34828,Nau baramad Sher Singhwala (327),FIROZEPUR,30.5078,74.21517,34828,1916.8647063790736,1912.9700927734375,0.6052874467834829,0.2548424835699166,1.588973355943233,-0.5731221502819888,-0.1682043819634809,615.5045103356044,23.96883560773373,1.0,26.01,131,151,157,507.0,GURU HAR SAHAI
29526,Hussainpur Bulle (178),KAPURTHALA,31.2699947,75.25902,29526,1914.0104708504653,1912.96826171875,0.6248781170987653,0.3103978766999714,1.820213868343612,-0.5834609405374631,-0.2205704402092908,816.9662448575394,22.834234023093245,1.0,60.11,16,0,58,105.0,SULTANPUR LODHI
35097,Muhammad Amira (279),FAZILKA,30.2522526,74.2776,35097,1913.483993057317,1912.9656982421875,0.6270940172300189,0.3101499943360548,1.859334962029965,-0.5571718826322969,-0.2228334114182317,480.2901688029664,24.46139456905496,1.0,92.0,150,40,91,100.0,FAZILKA
34348,Ambarhar (8),FIROZEPUR,30.9909916,74.99378,34348,1912.947087865392,1912.964599609375,0.6385163915720867,0.3035624095887419,1.8474000861542093,-0.5955655562979996,-0.2182598809034699,695.172021072139,23.411817079033767,1.0,600.0,90,85,100,336.0,ZIRA
39588,Katron (46),SANGRUR,30.4864864,75.856636,39588,1912.5758722346525,1912.9632568359375,0.6447979954363585,0.3104713902801773,1.650849860220829,-0.6068766908744296,-0.221810788979698,700.3844651529338,23.27897041867437,0.9780988025548216,947.0,1900,410,820,1108.0,SHERPUR
39582,Gobindpura (14),SANGRUR,30.4864864,75.856636,39582,1914.9600137746816,1912.9605712890625,0.6662512093075779,0.3441332524090241,1.6234566178599723,-0.634266649207068,-0.2455092120963163,698.2272210528748,23.277214520720065,1.0,559.0,80,51,135,586.0,SHERPUR
34832,Panjeke Hithar (316),FIROZEPUR,30.7747746,74.42626,34832,1916.2600751073792,1912.9600830078125,0.5983648505769933,0.255855281210617,1.599810478322924,-0.5676862402247606,-0.1702695212466032,619.9077907016175,24.001903930906963,1.0,104.0,180,60,65,110.0,GURU HAR SAHAI
34251,Wariswala Jattan (115),FIROZEPUR,31.0990982,74.97379,34251,1912.478533486452,1912.9571533203125,0.6343984267514419,0.3073452633405488,1.875718557321142,-0.5886842785554933,-0.224649377722535,730.6344927419743,23.08991901303792,1.0,350.0,15,38,145,221.0,MAKHU
29505,Miranpur (19),KAPURTHALA,31.2432442,75.1512,29505,1916.849628788217,1912.9561767578125,0.6345501725470098,0.2985776513548812,1.916057605367764,-0.5869371520373298,-0.2182732388393498,844.9815456734437,22.70990603120087,1.0,92.67,7,7,8,102.0,SULTANPUR LODHI
39627,Kakarwal (60),SANGRUR,30.4864864,76.003,39627,1913.1652817339968,1912.9534912109375,0.5198262625966622,0.2228085422655252,1.3669508682094331,-0.5132040048669302,-0.1295417357978954,693.4276930414413,23.35044057729041,0.9283779149086798,552.0,240,391,631,674.0,DHURI
33897,Meeniana (166),MOGA,30.64865,75.35524,33897,1912.7043376346585,1912.9488525390625,0.6705764115269636,0.3049595862803183,1.956733195507198,-0.6126487615697996,-0.2298811168275511,682.2168362425798,23.362265607070164,1.0,310.0,310,310,735,1076.0,NIHAL SINGH WALA
29776,Phul (100),JALANDHAR,31.1711712,75.17819,29776,1915.5035685703992,1912.947998046875,0.6491945501349072,0.3272734938755506,1.9418126216675708,-0.6001957965550385,-0.2393732663868672,744.2280028088588,22.952585386976555,1.0,187.0,98,97,125,200.0,LOHIAN
33670,Mor Karima (109),LUDHIANA,30.9189186,75.483284,33670,1913.743978905425,1912.947998046875,0.6099549512663887,0.2606379110739341,1.7630392557120973,-0.5721772496629572,-0.1859324198853351,755.1301958968537,22.92033379166793,1.0,124.0,165,165,254,360.0,SIDHWAN BET
39711,Bhatiwal Khurd (54),SANGRUR,30.18018,76.03658,39711,1913.130011095276,1912.94775390625,0.6093532290985728,0.264963531961855,1.656268083451963,-0.5687791410034089,-0.1823478946836212,721.770355384578,23.19777535708772,1.0,300.0,171,171,278,283.0,BHAWANI GARH
36214,Bishanpura (91),PATIALA,30.2522526,76.11317,36214,1911.9287596204224,1912.947265625,0.6301965652842797,0.3004870262592712,1.6843560721303357,-0.5840881415811887,-0.2109599787133317,724.2279438044698,23.19197240814985,1.0,349.0,137,140,260,384.0,SAMANA
30449,Basti Ibrahim Khan (402),JALANDHAR,31.3153152,75.58828,30449,1914.4101490578005,1912.945556640625,0.4465577472736228,0.0726058293789043,1.354168736367102,-0.4442022459511575,-0.0188031657988101,958.2364502360718,22.3924562069638,0.980120240858352,2.5,10,0,250,132.0,JALANDHAR - WEST
29192,Mand Akbarpur (64),KAPURTHALA,31.4954948,75.35319,29192,1911.5036095588268,1912.9439697265625,0.6017673709451857,0.2547225218633234,1.8077758312876329,-0.5518598900074091,-0.1724171061112554,918.009803329822,22.48412215273679,1.0,2.47,0,0,25,105.0,DHILWAN
29289,Saido Bhulana (124),KAPURTHALA,31.36937,75.3784943,29289,1914.902795488541,1912.9420166015625,0.5753898550930763,0.1662308381665036,1.766391825114875,-0.5347741566544719,-0.1121965281247376,923.7338992764847,22.55090936966161,0.8707852542990211,2.47,0,0,1103,409.0,KAPURTHALA
33854,Abupura (30),LUDHIANA,30.6846848,75.4671555,33854,1912.0240817901763,1912.9417724609375,0.6835339134646564,0.3487214851220103,2.004522014665375,-0.6287009246064167,-0.266793813667149,771.2198442318833,22.80790331029866,1.0,716.0,600,150,342,716.0,JAGRAON
33436,Togar (291),LUDHIANA,30.9189186,75.84033,33436,1913.390641213722,1912.941162109375,-0.1517676066882017,0.2860369812064871,-0.4835958581156721,0.1266410950502629,-0.0053781688667807,848.1584730555909,22.68394309940942,0.0350227615641346,20.0,0,0,48,136.0,LUDHIANA-2
37183,Saidpur (6),AMRITSAR,31.6576576,74.6800156,37183,1917.8136066426785,1912.9405517578125,0.5767673908751516,0.2296893345946169,1.4597356598310582,-0.5535545028188101,-0.1411686324622414,879.0007027795212,22.974869686455293,1.0,109.0,35,35,128,123.0,CHOGAWAN
33805,Talwandi Kalan (72),LUDHIANA,30.8828831,75.93776,33805,1913.9558461859604,1912.9405517578125,0.6671618063386577,0.3238249917265749,1.9429618858433853,-0.6147000753001136,-0.2480068634475907,764.5735739088652,22.86949019881165,1.0,317.0,300,300,570,865.0,SIDHWAN BET
29228,Seenpur (135),KAPURTHALA,31.333334,75.22305,29228,1916.6305604142008,1912.939697265625,0.5376996851462869,0.1770267912101759,1.6685472482925685,-0.5097731628371817,-0.1085281023850453,913.34825186037,22.398483972158942,0.8343875821495484,23.0,40,18,210,233.0,KAPURTHALA
34741,Pharuwala (357),FIROZEPUR,30.81081,74.41221,34741,1915.4733221743168,1912.934326171875,0.6245788849824057,0.2786851483848717,1.5721981176574198,-0.5867753027062206,-0.1876684128510672,634.6124204804795,23.884184272387643,1.0,173.61,76,62,160,185.0,MAMDOT
29470,Mirzapur (117),KAPURTHALA,31.1711712,75.24136,29470,1916.4626785115493,1912.933349609375,0.6008247292714992,0.2762947889404632,1.7166207360191952,-0.5644905035911607,-0.1888708893000405,817.5993631002746,22.816246045776413,1.0,2.47,0,0,55,41.0,SULTANPUR LODHI
37926,Maluwal (205),Tarn Taran,31.477478,74.91614,37926,1916.44368742126,1912.9290771484375,0.5506162595998303,0.2205675419998699,1.5207334618519457,-0.5273445973698804,-0.1344347303675467,799.0572246720689,22.93620046453458,1.0,35.0,35,0,100,312.0,TARN TARAN-12
37974,Bathal Bhaike (272),Tarn Taran,31.477478,74.91614,37974,1913.956149274987,1912.9281005859375,0.6087237841560834,0.2662769370490527,1.6011848069734622,-0.58457988736183,-0.1778299094365606,819.9415448119538,22.811163704387354,1.0,295.0,69,69,370,329.0,NAUSHEHRA PANNUAN-11
29330,Nidoke (175),KAPURTHALA,0.0,0.0,29330,1913.308943533276,1912.9271240234375,0.5960133779225053,0.242264466569905,1.7194623690919042,-0.5694119952260952,-0.1631885082535374,916.970371018143,22.471333983544945,1.0,2.5,0,0,30,205.0,KAPURTHALA
29242,Dhawankha Jagir (147),KAPURTHALA,31.405405,75.3652039,29242,1913.6287454876256,1912.9263916015625,0.6038179265958319,0.2392150326598077,1.9089300999674488,-0.5525304120613527,-0.1696868139376031,913.34825186037,22.398483972158942,1.0,2.5,15,10,160,105.0,KAPURTHALA
34612,Gatti Rahime Ke (63),FIROZEPUR,30.9549541,74.6083,34612,1913.5712164894207,1912.9217529296875,0.5927771537756447,0.2472594268953938,1.554794524924393,-0.5568193104364579,-0.1623768017437071,650.1277715121627,23.60939166131558,1.0,1.5,60,125,150,313.0,FIROZPUR
32222,Burj Tehal Dass (292),Shahid Bhagat Singh Nagar,31.0450459,75.96167,32222,1914.851714628116,1912.9180908203125,0.4573723789949981,0.253568641223911,1.2765069818958974,-0.4444031260409486,-0.1392739233024955,848.1584730555909,22.68394309940942,0.7622715767632232,488.0,30,0,140,530.0,AUR
34401,Dhana Shahid (338),FIROZEPUR,30.9369373,75.1404,34401,1914.4087629523992,1912.917724609375,0.6093448547966817,0.2786121810296606,1.6465577934226203,-0.5749489824568638,-0.1891621141916755,680.2076044490235,23.4222539006542,1.0,364.37,100,110,206,399.0,ZIRA
29760,Theh Kushalgarh (201),JALANDHAR,31.0810814,75.3382645,29760,1912.2739300943936,1912.916748046875,0.6010868981474145,0.2827753402329882,1.7332883422735306,-0.5660454391930232,-0.1963673978421652,733.9174094607728,22.97211084760505,1.0,91.0,22,22,84,100.0,LOHIAN
29749,Punian (252),JALANDHAR,31.0828915,75.34603,29749,1912.827710818052,1912.91650390625,0.628174434760572,0.3072984873075807,1.8363826829298504,-0.5863015636124221,-0.2186265088691331,736.5243216349512,22.96182886467021,1.0,2.47,50,0,421,1040.0,SHAHKOT
33598,Mohi (82),LUDHIANA,30.7747746,75.6425858,33598,1911.2586579669155,1912.915771484375,0.632439093131094,0.2931391398248826,1.7871830220281903,-0.5969929759015568,-0.2115137007668308,784.6638801505463,22.82077246227169,0.9678348174236172,501.0,708,408,1134,1354.0,SUDHAR
36223,Tarkhan Majra (79),PATIALA,30.216217,76.27293,36223,1912.0068952845968,1912.9149169921875,0.5339240345922339,0.2408942869095759,1.3338075456717782,-0.5284340823539494,-0.1375875327484108,762.7116831948655,23.10110317520452,1.0,564.0,210,200,285,236.0,SAMANA
33789,Mann (112),LUDHIANA,30.7747746,75.6425858,33789,1912.009752793781,1912.914306640625,0.6588059290512432,0.3035342825314978,1.996733523802657,-0.6046054525834207,-0.2318081273529912,755.128418311917,22.92033947706141,1.0,854.0,229,229,762,854.0,SUDHAR
36309,Dharoki (193),PATIALA,30.3063068,76.13423,36309,1910.1826010223515,1912.913330078125,0.5054579494441143,0.1988289676158806,1.3441232166862231,-0.4989314888272218,-0.1084733426399449,773.5615365872271,23.055833709753298,1.0,279.0,49,55,189,299.0,NABHA
29827,Billi Chaharmi (72),JALANDHAR,31.0828724,75.34057,29827,1912.8459001494643,1912.9117431640625,0.6293177418941769,0.2789320267551697,2.0256806179753832,-0.5795810505934241,-0.2078569570022199,814.5788702180283,22.679460124891307,1.0,2.47,0,0,700,223.0,SHAHKOT
34029,Kokri Kalan (36),MOGA,30.82183,75.17439,34029,1910.4288720875795,1912.9117431640625,0.6794853061414061,0.3455761221039347,2.044487743027505,-0.6253335473992081,-0.2659683866917291,739.7212878380814,22.97588746715724,1.0,412.0,529,529,1633,2864.0,MOGA-I
33727,Sakhana (196),LUDHIANA,30.3783779,75.73083,33727,1914.39534664268,1912.9112548828125,0.6633875935455791,0.2966487661953502,1.743955299121092,-0.6206911334875388,-0.2164462424461437,725.3399281365895,23.14173965450855,1.0,220.0,150,150,180,250.0,RAIKOT
29906,Bhullar (73),JALANDHAR,31.3299828,75.23742,29906,1912.9899280655409,1912.9112548828125,0.6336334467520778,0.2829001169785006,2.0001885346265627,-0.5836173949094438,-0.2078200709938543,814.5788702180283,22.679460124891307,1.0,322.0,50,2,150,237.0,NAKODAR
34568,Ghugatewala (139),FIROZEPUR,30.9369373,74.6362457,34568,1908.9485577536807,1912.908447265625,0.5790895360805505,0.2537886580996603,1.5330475601388471,-0.5577393165419293,-0.1616080077271811,676.3079844657666,23.49348796974806,1.0,1.4,0,0,100,470.0,GHALL KHURD
38009,Jallewala (284),Tarn Taran,31.4954948,75.16301,38009,1915.157745919989,1912.9075927734375,0.6000180810491681,0.2612058800507143,1.710342481274642,-0.5696976090409164,-0.1776191970336832,770.94524530672,22.924395787052504,1.0,101.5,132,132,202,118.0,NAUSHEHRA PANNUAN-11
34425,Sherpur Takhtuwala (175),FIROZEPUR,31.0225849,75.00168,34425,1913.493422682372,1912.9072265625,0.6805448908707961,0.3504065047909166,2.013600129939755,-0.61683950128035,-0.2711583553711127,693.6538162639039,23.19813426734248,1.0,200.0,250,95,154,314.0,ZIRA
34129,Chak Bhaura (280),MOGA,30.94395,75.14099,34129,1914.5097968481005,1912.9068603515625,0.5995644290043188,0.2494096470589614,1.806005069983884,-0.5572896984791156,-0.1728456784539295,731.4165028741257,22.937485862209485,1.0,93.0,10,10,18,102.0,KOT-ISE-KHAN
29734,Bhoyapur (273),JALANDHAR,31.0810814,75.3382645,29734,1917.5292342101764,1912.9052734375,0.6018669894384077,0.2871871749879784,1.7891147767463007,-0.5616952522067317,-0.2006885904241102,731.4165028741257,22.937485862209485,1.0,2.47,40,1,150,131.0,SHAHKOT
39573,Kaleran (23),SANGRUR,30.54054,75.85699,39573,1911.9048302085955,1912.9051513671875,0.6717042458269951,0.3361405643873125,1.788428492027631,-0.6223457700543087,-0.245683099074101,710.6126490046876,23.17487815991421,1.0,369.0,659,160,292,397.0,SHERPUR
34827,Rana Panjgrain (320),FIROZEPUR,30.62713,74.2025,34827,1918.5107551603528,1912.900146484375,0.6245489079889203,0.2743523804407421,1.606637528186359,-0.5878446882448423,-0.1852573290627344,617.3305111387278,23.982548744226083,1.0,571.0,242,248,263,628.0,GURU HAR SAHAI
33616,Fatehgarh Gujjran (93),LUDHIANA,30.9189186,75.84033,33616,1911.4632352747988,1912.896728515625,0.6561310476684972,0.3108810954024864,1.867223502654866,-0.6040488157025586,-0.2268883875851748,864.273304026355,22.76681682189809,1.0,10.0,75,0,161,168.0,LUDHIANA-2
29803,Janian (256),JALANDHAR,31.0828915,75.34603,29803,1916.841533523503,1912.8963623046875,0.5860373136745715,0.2602456037869805,1.7915331638092231,-0.5489281131323002,-0.1778178253526465,766.9331672599213,22.841892629407766,1.0,2.47,15,0,53,74.0,SHAHKOT
33851,Hujra (184),LUDHIANA,30.9369373,75.3714752,33851,1914.7321834424029,1912.8955078125,0.4093518644604262,0.2518979653130881,1.0170379794654962,-0.3909309287762785,-0.1451887124416955,805.9951904227631,22.629141831819368,0.9373887874825289,46.0,62,60,100,135.0,SIDHWAN BET
34620,Machhiwara (104),FIROZEPUR,30.9549541,74.6083,34620,1913.137044271084,1912.8953857421875,0.5681787816432918,0.1955529113360586,1.53759669947973,-0.5275145998711616,-0.1221349617206534,650.6249869305564,23.61463150926048,1.0,110.0,550,190,220,118.0,FIROZPUR
29169,Hothian (27),KAPURTHALA,31.3873882,75.2241,29169,1915.5533473435244,1912.8951416015625,0.5587685964999574,0.2405126657555497,1.6327939400717073,-0.5264465226280993,-0.1519061317601464,899.202549868328,22.440538160291847,1.0,250.0,25,25,150,271.0,DHILWAN
34823,Illahi Bakhash Bodla (315),FIROZEPUR,30.62713,74.2025,34823,1917.9134705631984,1912.894775390625,0.633870337837386,0.3045216306523378,1.6326515240458268,-0.6000646500328793,-0.2095999715983021,619.9077907016175,24.001903930906963,1.0,88.0,100,29,31,93.0,GURU HAR SAHAI
38011,Nandpur (261),Tarn Taran,0.0,0.0,38011,1913.051742815348,1912.89306640625,0.5656924660694478,0.2253484137581112,1.5828012542299257,-0.5391295922873897,-0.142892409064155,770.94524530672,22.924395787052504,1.0,10.0,200,250,600,536.0,NAUSHEHRA PANNUAN-11
30022,Powadra (92),JALANDHAR,31.0450459,75.33076,30022,1915.107076235243,1912.8912353515625,0.6300894195112009,0.3122180787170567,1.7280777163361964,-0.5933619156250649,-0.2204797351040398,832.714392183602,22.72815523608377,1.0,662.0,220,220,535,730.0,NURMAHAL
33786,Jassowal (89),LUDHIANA,30.63063,75.5506058,33786,1912.3150700998256,1912.8902587890625,0.6861317580295294,0.3397478429194148,1.9812568970532367,-0.6319867879575118,-0.2583246979464693,755.1301958968537,22.92033379166793,1.0,510.0,401,410,510,441.0,SUDHAR
29404,Daula (38),KAPURTHALA,31.3153152,75.229744,29404,1915.2971575398149,1912.889404296875,0.5758759171196335,0.2422697299824917,1.6506167725960774,-0.5445172487935427,-0.158903004387113,898.8669755866425,22.699202355922864,1.0,2.48,30,30,135,175.0,SULTANPUR LODHI
39800,Akalgarh (50),SANGRUR,30.2621422,75.8543,39800,1911.3907233705595,1912.8885498046875,0.6352936449268721,0.2913576704255451,1.63140170020798,-0.5837874539011041,-0.2039954342177685,662.3674489382635,23.56231863417334,1.0,2.47,80,300,360,277.0,SUNAM
29529,Mand Hussainpur Bulle (174),KAPURTHALA,31.26957,75.2587051,29529,1915.66300157776,1912.8883056640625,0.6283351685236146,0.2660171612246399,1.7861004125574576,-0.5868990996673948,-0.1854320765171244,816.9662448575394,22.834234023093245,1.0,118.34,5,0,16,159.0,SULTANPUR LODHI
30051,Simbalpur (101),JALANDHAR,31.1171169,75.32476,30051,1915.585159535629,1912.8837890625,0.6058138973662757,0.2739017948932676,1.7745499967710887,-0.5677112244299545,-0.1868038372432153,828.7335907863084,22.7076484292557,0.9882525804422284,122.0,0,0,1,130.0,NURMAHAL
34272,Singheke Kalan (77),FIROZEPUR,31.1171169,74.98802,34272,1915.2566984642544,1912.8824462890625,0.6157792373043504,0.2832721184925414,1.743955090775859,-0.5698671362881891,-0.1952693409867293,791.5212242007453,22.951137335988008,1.0,2.47,0,0,1,127.0,MAKHU
36580,Mehmadpur (92),PATIALA,30.18018,76.161644,36580,1917.579459571833,1912.881103515625,0.4795204402144659,0.1483164778491468,1.2414587471435692,-0.4873242464249737,-0.0682913818523454,807.488927524318,23.062358028345614,1.0,176.0,2,60,155,244.0,PATIALA
33801,Bazurg (58),LUDHIANA,30.81081,75.48213,33801,1913.2798923935725,1912.880126953125,0.6915107860873151,0.3426502757897772,2.047880079590028,-0.6319426904901614,-0.265606875214533,767.4278332382393,22.79319943112291,1.0,357.0,385,95,269,357.0,JAGRAON
38152,Begepur (233),Tarn Taran,0.0,0.0,38152,1910.8365068885555,1912.8748779296875,0.5911342609787893,0.2426441499440988,1.6656067146548,-0.5563690755454881,-0.1610301021584533,777.318266972889,22.985769146306417,1.0,350.0,40,100,165,120.0,BHIKHI WIND-13
34420,Katora (174),FIROZEPUR,31.0224476,75.00164,34420,1913.5965536038195,1912.874755859375,0.6814637503882037,0.3427509949763273,2.058782725123496,-0.6151848132237583,-0.2637357586460742,693.6538162639039,23.19813426734248,1.0,800.0,200,200,250,294.0,ZIRA
33481,Kaneja (82),LUDHIANA,30.9189186,75.84033,33481,1917.9992810542608,1912.874267578125,0.4157179026154102,0.0815728019709935,1.2519740272066169,-0.4204747486952226,-0.020319318976884,861.1127694888521,22.69772126750312,0.7055197069459598,10.0,45,10,385,278.0,LUDHIANA-2
30089,Sidhu Mutsadi (17),JALANDHAR,0.0,0.0,30089,1911.339027988528,1912.874267578125,0.6576119694317557,0.3021953411716561,1.98545108214798,-0.6094247041375612,-0.2226194183096238,821.2975802829163,22.77606139731529,1.0,95.0,150,150,288,106.0,NURMAHAL
34373,Shah Abu Bukkar (169),FIROZEPUR,30.9369373,75.1404,34373,1912.107782619504,1912.8734130859375,0.6584776279209509,0.3288641410097556,2.0200299966702464,-0.6007158278557787,-0.2479472114782058,693.6538162639039,23.19813426734248,1.0,2.64,550,150,250,356.0,ZIRA
34599,Padri (47),FIROZEPUR,0.0,0.0,34599,1913.890293519179,1912.873291015625,0.6114675671284946,0.3017155403399869,1.55975753241759,-0.5825109626631996,-0.2015510657310633,665.9990045239823,23.53292379469844,1.0,86.0,62,60,72,41.0,FIROZPUR
34238,Laluwala (221),FIROZEPUR,30.9571819,74.6173,34238,1914.204377307188,1912.872802734375,0.620713837085288,0.3009473858474382,1.79397891343718,-0.5833934717555802,-0.2103386935950048,729.2441966941254,23.069153166359456,1.0,314.0,10,0,142,334.0,MAKHU
34219,Karahewala (106),MOGA,30.81081,75.04157,34219,1912.9009495368468,1912.8712158203125,0.6783655530961632,0.3564079937748809,2.056638843140932,-0.6188950556155539,-0.2726567064921142,713.3955603033991,23.132333017841656,1.0,420.0,90,90,188,454.0,KOT-ISE-KHAN
39544,Ahmdabad (118),SANGRUR,30.5045052,75.9334259,39544,1914.6857044211304,1912.868896484375,0.5805513467514885,0.2307661301615382,1.533298341132557,-0.5540492082032675,-0.1442422831326128,725.414940994014,23.062530097044885,0.9999792173006316,120.0,5,30,45,103.0,MALERKOTLA
29156,Tarkhanawala (60),KAPURTHALA,31.477478,75.19079,29156,1913.0370474792628,1912.8671875,0.5856290304536427,0.2669768460495836,1.6440939767697196,-0.5583607713413972,-0.1758550343490158,897.5934627463715,22.45076415034606,1.0,130.0,15,15,25,53.0,DHILWAN
34688,Pir Khan Sheikh (269),FIROZEPUR,30.81081,74.41221,34688,1909.375147877512,1912.8668212890625,0.5963412063404123,0.2826512290218137,1.5262484043939462,-0.5722034740207622,-0.1827130141760465,633.4915700366395,23.7499090722734,1.0,60.0,65,50,180,172.0,MAMDOT
29826,Nawan Qila (110),JALANDHAR,31.0828724,75.34057,29826,1914.3112328461243,1912.8662109375,0.6644114735148936,0.311825941490029,2.0923460406084,-0.6045675440660251,-0.2357887424406452,814.5788702180283,22.679460124891307,1.0,2.47,0,0,500,316.0,SHAHKOT
33607,Ayali Khurd (153),LUDHIANA,30.90072,75.80893,33607,1912.406320056056,1912.8631591796875,0.3892728552518748,0.043951651517933,1.202348795724353,-0.4055163988516009,0.0081239389009711,839.1158971002,22.783892110549857,0.338837655699263,322.0,41,122,355,742.0,LUDHIANA-1
34019,Takhanwadh (42),MOGA,30.8219662,75.1742859,34019,1909.3580657223908,1912.862548828125,0.6777848757513304,0.3284134876681208,1.970658351549861,-0.6161643125464622,-0.2508504096391441,720.6321241108344,23.08594957555266,1.0,1210.0,80,85,120,1225.0,MOGA-I
34583,Akuwala (40),FIROZEPUR,30.9538326,74.6157761,34583,1913.130510836353,1912.861572265625,0.6090644346014253,0.2708504418779765,1.6061829231022238,-0.581644470281963,-0.1800771071073867,665.9990045239823,23.53292379469844,1.0,200.0,50,80,180,278.0,FIROZPUR
37181,Mohleke (11),AMRITSAR,31.7159538,74.61439,37181,1913.5634457632543,1912.854736328125,0.5492720673952587,0.203630069799671,1.416168904818404,-0.5279926332627582,-0.1186876666548035,879.0007027795212,22.974869686455293,1.0,359.0,185,115,185,385.0,CHOGAWAN
35112,Gharumi (271),FAZILKA,30.4144154,74.02464,35112,1914.229937045935,1912.85400390625,0.6095630259542207,0.2992443783363137,1.5703536283933086,-0.5579634271613532,-0.2037349729890165,470.1393248092688,24.476542092616665,1.0,136.0,125,27,98,146.0,FAZILKA
30072,Sangha Khalsa (74),JALANDHAR,0.0,0.0,30072,1912.1350964566595,1912.8538818359375,0.6624220674069226,0.3115444162851909,1.9159836918327509,-0.6128832030413404,-0.2343701915712713,828.8532517896872,22.71021822084642,1.0,2.49,14,0,173,176.0,NURMAHAL
29205,Ucha (85),KAPURTHALA,31.44144,75.11962,29205,1911.87712451838,1912.852783203125,0.5740914018499006,0.2772026181403011,1.6584256219760265,-0.5506792956293224,-0.1816921105726013,914.5040396091704,22.47839412943493,1.0,1750.0,205,205,410,229.0,DHILWAN
29184,Ghug Bet (50),KAPURTHALA,31.35135,75.21636,29184,1913.311719651512,1912.8511962890625,0.5645957875298457,0.2550652558566572,1.6832436717602717,-0.5360086717773758,-0.1665717987951459,897.5934627463715,22.45076415034606,1.0,0.4,25,0,250,224.0,DHILWAN
29451,Baupur Kadim (106),KAPURTHALA,31.1711712,75.24136,29451,1914.9306843892848,1912.8509521484375,0.5585423866640116,0.2930022657163654,1.700433666770685,-0.5182191271336802,-0.1933057029895665,857.1324838127268,22.76882381479821,1.0,161.0,100,0,31,170.0,SULTANPUR LODHI
37927,Dublian (206),Tarn Taran,31.4757462,74.91092,37927,1916.925042872023,1912.848388671875,0.5655390944807286,0.2429636518924521,1.565628371278253,-0.535678233916862,-0.1524068089596245,799.0572246720689,22.93620046453458,1.0,188.0,80,80,153,196.0,TARN TARAN-12
30412,Pawar (421),JALANDHAR,31.3153152,75.58828,30412,1911.8855903534013,1912.8475341796875,0.5519490565410915,0.2039359552564902,1.66250507598714,-0.5238185129773646,-0.1289492891725103,958.2364502360718,22.3924562069638,1.0,2.47,0,0,89,204.0,JALANDHAR - WEST
29262,Dhandal (207),KAPURTHALA,0.0,0.0,29262,1915.213457157923,1912.8460693359375,0.575536823589031,0.2136262029756981,1.793370449047171,-0.5397955301528518,-0.1434587605252751,942.3733892848388,22.416556765311952,1.0,66.0,30,10,122,78.0,KAPURTHALA
36183,Bhedpuri (63),PATIALA,30.216217,76.18953,36183,1911.8760079316555,1912.8446044921875,0.5998142323287134,0.2777402740906931,1.6082350002868406,-0.5598134607944631,-0.1848350812103948,707.7603648901386,23.269372581522465,1.0,240.0,0,200,250,261.0,SAMANA
29345,Khera Dona (122),KAPURTHALA,31.333334,75.24414,29345,1913.611193675516,1912.844482421875,0.6012757827105252,0.250202686871572,1.8005826044403168,-0.5639801300753147,-0.1745727037066615,923.7338992764847,22.55090936966161,1.0,3.85,45,0,413,314.0,KAPURTHALA
39595,Herike (37),SANGRUR,30.5114021,75.90861,39595,1913.320551723176,1912.84423828125,0.6250249986275532,0.3074355668787613,1.5953687629781377,-0.589388150967257,-0.212501294847643,685.9742048194306,23.44681634021498,0.997253613784806,889.0,702,300,610,996.0,SHERPUR
36319,Thuhi (189),PATIALA,30.3423424,76.41278,36319,1908.8802243689545,1912.841796875,0.5454171027103419,0.226077606920223,1.4232208115656426,-0.5264772915560907,-0.1370080748707904,755.749325435697,23.08095068013683,1.0,735.0,67,62,435,735.0,NABHA
37174,Burj (19),AMRITSAR,31.6396389,74.6867,37174,1916.5825794152368,1912.84033203125,0.5626179374259329,0.2131659745782896,1.3853057186009212,-0.5440409934573859,-0.1231366109881771,879.0007027795212,22.974869686455293,1.0,162.0,59,59,109,202.0,CHOGAWAN
34749,Atuwala Uttar (317),FIROZEPUR,30.72072,74.34258,34749,1914.5658517607988,1912.838623046875,0.6051792878806445,0.2407685985961691,1.5467032955335551,-0.564260033225422,-0.1566463705073163,637.846716423839,23.88468608823181,1.0,165.0,90,90,109,144.0,MAMDOT
39622,Pedni Kalan (59),SANGRUR,30.3783779,75.85614,39622,1912.6206424147904,1912.83642578125,0.6316084008809143,0.3111246132224908,1.7669383722401644,-0.5860864299946154,-0.2200045881831238,687.4116621079523,23.384140688616835,1.0,445.0,1082,250,385,507.0,DHURI
33784,Pabbian (106),LUDHIANA,30.7747746,75.6425858,33784,1911.462640266916,1912.8350830078125,0.6680461852104634,0.3286159578381102,1.9325693975142624,-0.6127605325445984,-0.2501973752758457,755.1301958968537,22.92033379166793,1.0,396.0,149,149,321,396.0,SUDHAR
39615,Ghanauri Kalan (43),SANGRUR,30.4378357,75.7085953,39615,1912.821526955321,1912.8323974609375,0.6406906471573738,0.3080624800886167,1.6379264491853105,-0.6023785644458829,-0.2169240015129786,693.1961374735433,23.358940341824976,0.9763842025902928,1700.0,2246,684,1258,1696.0,SHERPUR
29510,Mokha (27),KAPURTHALA,30.9729729,74.6013641,29510,1919.3425823480231,1912.829833984375,0.6645987858551158,0.3315534656095655,1.925296991511312,-0.6124771232316799,-0.2453851705511469,841.3086078492433,22.723845558878978,1.0,130.59,25,25,55,141.0,SULTANPUR LODHI
38324,Bahadurpur (151),Tarn Taran,0.0,0.0,38324,1913.4406786366103,1912.8291015625,0.5525279078880672,0.2168604896633054,1.67700698935568,-0.52557844370593,-0.1376405709091153,953.4446242263216,22.404917930807244,1.0,2.47,50,50,90,219.0,KHADUR-SAHIB-10
34353,Bharana (358-B ),FIROZEPUR,30.9369373,74.72027,34353,1910.196268121188,1912.8287353515625,0.6013159972159106,0.2995927408204374,1.723278598688659,-0.5580611171950466,-0.2078012804166771,684.1000731357858,23.463382242345983,1.0,647.77,300,300,445,650.0,ZIRA
34709,Rahime Ke Hithar (345),FIROZEPUR,30.9369373,74.46819,34709,1914.8542737618404,1912.8284912109375,0.5861113658342286,0.2691974758886709,1.440794858828245,-0.5724606402572844,-0.1692879146644498,652.1934512069123,23.726463778742986,1.0,99.0,30,30,32,97.0,MAMDOT
38044,Chahal (176),Tarn Taran,31.477478,74.66261,38044,1920.8747831152623,1912.8280029296875,0.5261493306964079,0.2086624123069562,1.392068766020583,-0.5055268550982868,-0.1181742015612115,857.3622050692933,23.008470049917378,1.0,241.0,140,170,245,369.0,GANDIWIND-9
33611,Jassian (101),LUDHIANA,30.9006786,75.82726,33611,1915.2197138122808,1912.8265380859375,0.2389266790549736,-0.0058876859406955,0.8107030947454001,-0.2651543370426045,0.0464956382727298,839.4433499351792,22.78366985585888,0.0071793943071076,229.0,52,95,322,378.0,LUDHIANA-1
38284,Aiampur (333),Tarn Taran,0.0,0.0,38284,1912.1827887749,1912.824951171875,0.5594871387961007,0.2329967424738377,1.5686118668761777,-0.5383925695655749,-0.144697220091457,906.1330989343306,22.602122473775808,1.0,2.5,68,20,65,274.0,KHADUR-SAHIB-10
29249,Aujla Banwali (190),KAPURTHALA,31.36937,75.3784943,29249,1913.4032577534813,1912.823974609375,0.5636111251678741,0.1996716604348393,1.875954550145681,-0.5201379923079693,-0.1342184988660499,942.3733892848388,22.416556765311952,1.0,37.0,26,75,117,105.0,KAPURTHALA
29412,Jhallaiwala (29),KAPURTHALA,31.26985,75.25838,29412,1916.916422670054,1912.822998046875,0.6289092835481398,0.3044339867918654,1.7937070265356292,-0.5927278122270563,-0.2141177385038152,823.2125084963483,22.80569130637036,1.0,235.62,16,0,81,253.0,SULTANPUR LODHI
29297,Passan (184),KAPURTHALA,31.3873882,75.41406,29297,1916.0348125039293,1912.8223876953125,0.5711124061224122,0.2174507468086768,1.6832423717964309,-0.5417584785057779,-0.1403075608807845,942.3733892848388,22.416556765311952,1.0,130.22,0,0,15,138.0,KAPURTHALA
39521,Mahali (170),SANGRUR,30.51054,76.05234,39521,1905.5646229903623,1912.8214111328125,0.595040240576826,0.2727789123740045,1.5422239217421931,-0.5638548065475063,-0.179535358256711,727.013365952233,23.07068709644496,1.0,80.0,75,0,118,90.0,MALERKOTLA
29160,Talwandi Rajputan (61),KAPURTHALA,31.3873882,75.3085251,29160,1912.7230293295647,1912.8187255859375,0.6050439786858008,0.2772532626207241,1.7241244849779886,-0.5760149638736632,-0.1859165652615833,897.5934627463715,22.45076415034606,1.0,2.47,2,0,42,51.0,DHILWAN
34533,Changali Jadid (144),FIROZEPUR,30.7027035,74.78972,34533,1909.322860598481,1912.817626953125,0.5926223207194988,0.2677082432100968,1.561940094742169,-0.5695430257019152,-0.1740649593631427,684.4847592522996,23.46220865201116,1.0,200.0,80,0,52,562.0,GHALL KHURD
36213,Gazipur (90),PATIALA,30.216217,76.27293,36213,1911.6911392326087,1912.8170166015625,0.5826988600658494,0.2477659670182101,1.518343709306808,-0.5545221487780837,-0.1590338442970054,762.5766229054454,23.10142208456969,1.0,327.0,228,55,346,375.0,SAMANA
29891,Jamaitgarh Alias Khosa (153),JALANDHAR,31.18919,75.40312,29891,1912.722896765193,1912.81689453125,0.6436396296557708,0.2814954589056389,1.946352461667443,-0.5913105783039131,-0.2056736970674492,883.6240711619752,22.543239515608548,1.0,140.0,30,10,35,205.0,NAKODAR
30064,Fatehpur (78),JALANDHAR,31.0990982,75.33151,30064,1914.342694777016,1912.816650390625,0.6235540183306729,0.2957109627666714,1.7964332858144063,-0.5839555653448002,-0.2088320361829501,826.3170634762862,22.728274501689526,1.0,746.9,575,300,375,867.0,NURMAHAL
34405,Nilewala (348),FIROZEPUR,30.88134,74.91751,34405,1914.8229566570608,1912.81494140625,0.6707788966023734,0.3331438582491598,1.9115708583344533,-0.612998267288987,-0.2483427314391673,684.461881943699,23.419286786301743,1.0,292.0,75,50,109,312.0,ZIRA
34132,Aku shahwala (266),MOGA,30.9439545,75.14126,34132,1913.3437607571389,1912.8099365234375,0.6702526666628139,0.3460084532164781,1.9363715166301223,-0.6153367577135205,-0.2587191334128777,731.4165028741257,22.937485862209485,1.0,42.0,42,9,12,45.0,KOT-ISE-KHAN
38248,Lohar (310),Tarn Taran,31.4436626,74.9942245,38248,1912.2133328712248,1912.8084716796875,0.6073997158941653,0.2657806108922045,1.6543509455285224,-0.5805720683480148,-0.1787374535869631,853.5517253627977,22.768929552214964,1.0,156.0,22,26,143,424.0,CHOHLA SAHIB-8
36654,Balbhehra (195),PATIALA,30.1441441,76.3213348,36654,1909.546775661482,1912.8084716796875,0.4667844911514072,0.1659907287371375,1.1255708296505065,-0.4822349595463526,-0.0714012628711858,843.6214724591767,23.07014990428332,1.0,800.0,600,500,960,908.0,SANOUR
29561,Mand Fatehpur (208),KAPURTHALA,31.2072067,75.18575,29561,1918.633040541095,1912.8072509765625,0.6160261003002585,0.3109242949014155,1.9596748189672104,-0.5151957635226491,-0.2245115349176022,788.5697531632867,22.964684187516344,0.3862753930507491,3.0,0,0,1,147.0,SULTANPUR LODHI
29861,Ida (165),JALANDHAR,31.0450459,75.2466354,29861,1912.2308069630856,1912.8052978515625,0.62649762193527,0.2627373908837561,1.824824511341552,-0.5842908629247465,-0.1876066248533605,883.6240711619752,22.543239515608548,1.0,2.47,90,0,200,346.0,SHAHKOT
29295,Bhandal Dona (162),KAPURTHALA,0.0,0.0,29295,1913.9958406678752,1912.798828125,0.6303354975076781,0.2722014349255756,1.870086838336911,-0.5876793452151483,-0.198676051520027,942.3733892848388,22.416556765311952,1.0,2.5,30,30,210,187.0,KAPURTHALA
38286,Chak Desal (329),Tarn Taran,0.0,0.0,38286,1915.0618638736369,1912.7978515625,0.3217268629983624,0.2747705677311507,0.9614915529366542,-0.2886278913389115,-0.1190020873824791,931.265303771724,22.505780148381405,0.9403704454586328,2.5,200,100,308,53.0,KHADUR-SAHIB-10
37647,Ranike (395),AMRITSAR,31.5315323,74.68466,37647,1913.9345581872228,1912.789794921875,0.556384142035252,0.25056891730065,1.4656228931709052,-0.5360738670653094,-0.1554950293750259,919.3578007628817,22.93058248781449,1.0,508.0,80,50,398,586.0,ATTARI
34088,Mehal (178),MOGA,30.81081,75.04157,34088,1915.021267021332,1912.7877197265625,0.6981843903702857,0.374288286407032,2.059662419668818,-0.6295052042490866,-0.2914040593444542,694.0851533374508,23.197049894969947,1.0,442.0,112,115,253,485.0,KOT-ISE-KHAN
29155,Kishan Singhwala (59),KAPURTHALA,31.44144,75.2041,29155,1911.701764270104,1912.786376953125,0.5817822170262981,0.2456709627216484,1.7582822800628548,-0.5436256829266282,-0.1634513466137175,914.3031371474568,22.478048904615648,1.0,400.0,70,70,300,295.0,DHILWAN
29799,Badli (104),JALANDHAR,31.15805,75.21236,29799,1917.4206556742377,1912.78564453125,0.6623103467006104,0.3057548823232056,2.025280676086352,-0.6056587792148159,-0.2292125091794471,796.4594368526446,22.78635653106648,1.0,96.0,14,17,80,106.0,LOHIAN
34089,Dargah Saidan (179),MOGA,30.9369373,75.1404,34089,1914.6054362089808,1912.7847900390625,0.702202913896383,0.3736929316254113,2.096799877027625,-0.6307151605500152,-0.2910023900149525,693.6538162639039,23.19813426734248,1.0,1.0,0,0,1,32.0,KOT-ISE-KHAN
37978,Mohanpura (278),Tarn Taran,31.261261,74.99692,37978,1912.283675951424,1912.7843017578125,0.6359017257191699,0.2956337447744642,1.7579625465238335,-0.599114713021921,-0.2075945476794797,819.9415448119538,22.811163704387354,1.0,892.0,14,190,332,405.0,CHOHLA SAHIB-8
30055,Gursian Nihal (94),JALANDHAR,31.0851917,75.59603,30055,1914.6765214236536,1912.7835693359375,0.6150393868465248,0.2714558740678671,1.799708808588168,-0.5832892691163457,-0.1900639353905249,828.8223537614243,22.70683178993221,1.0,375.5,50,100,140,403.0,NURMAHAL
34665,Nihala Kilcha (284),FIROZEPUR,30.9549541,74.6293,34665,1913.0643570442733,1912.7833251953125,0.551984853021822,0.1870160521697922,1.3584510705588078,-0.526553839351267,-0.104078550151288,633.4915700366395,23.7499090722734,1.0,2.0,0,0,20,159.0,FIROZPUR
34233,Wara Suleman (229),FIROZEPUR,30.9571915,74.61731,34233,1911.49176617936,1912.7833251953125,0.5278047554927526,0.2589208243597642,1.4959267816946813,-0.4977953355161795,-0.1609036319210388,729.2441966941254,23.069153166359456,1.0,82.0,21,0,61,114.0,MAKHU
34616,Ghulam Hussainwala (65),FIROZEPUR,30.9549541,74.6083,34616,1913.328264966768,1912.78271484375,0.5552734693710516,0.2249896381413873,1.43057722242789,-0.5416487262448196,-0.1346788351860683,650.0806900670426,23.60889549887736,1.0,70.0,51,50,170,661.0,FIROZPUR
36184,Dodra (64),PATIALA,30.0540543,76.21017,36184,1911.8020280567728,1912.781494140625,0.604601546631323,0.2765010419933723,1.5741594099578644,-0.5665930729758728,-0.1828045891697479,698.4609123518645,23.34523072702655,1.0,560.0,70,70,151,361.0,SAMANA
34671,Gatti Mehmud Ke Hithar (366),FIROZEPUR,30.9369373,74.46819,34671,1914.9382041830256,1912.781005859375,0.5721362347248831,0.2277975956854062,1.3939868944344245,-0.5609576881055781,-0.1340762088741012,639.9303180289068,23.727277472767483,1.0,105.0,4,4,5,268.0,MAMDOT
33653,Salempur (132),LUDHIANA,30.9021378,75.8316956,33653,1912.319318304804,1912.7806396484375,0.6739810082722473,0.3158481538545508,2.073922881742561,-0.6247430298081916,-0.2431422542559116,819.4311651399033,22.722257702118725,1.0,147.0,13,24,65,213.0,LUDHIANA-1
34190,Bir Sarkar Sherpur (231),MOGA,30.5045052,74.26042,34190,1910.4840471563432,1912.774169921875,0.5134871563409402,0.3204196514036188,1.4825126627707643,-0.4842045208195952,-0.1995792139600912,694.4905462672608,23.069375095900625,1.0,1.0,0,1,1,62.0,KOT-ISE-KHAN
29843,Malliwal (118),JALANDHAR,31.0810814,75.3382645,29843,1914.418974215969,1912.7734375,0.6595456029802222,0.3133996176735998,1.9781050920979968,-0.6044932480372547,-0.2349267009786295,802.7594714180145,22.774506766636254,1.0,115.0,48,48,119,126.0,LOHIAN
29291,Burewal (159),KAPURTHALA,31.333334,75.22305,29291,1915.9167297787749,1912.77294921875,0.5909563019479094,0.238447251510721,1.8475568126451865,-0.5550654237120269,-0.1664224060172882,939.340011178814,22.43842121805873,1.0,60.0,0,0,9,67.0,KAPURTHALA
29308,Sukhani (217),KAPURTHALA,31.3873882,75.41406,29308,1914.09289144593,1912.7705078125,0.5944264942709104,0.2237496220865515,1.7868785803587877,-0.5572092666966472,-0.1511097774522916,953.2595918980462,22.400017488177458,1.0,2.5,26,26,115,220.0,KAPURTHALA
34116,Roshanwala (283),MOGA,30.9369373,75.1404,34116,1911.491583800704,1912.770263671875,0.6708377961054404,0.3492425860619477,2.0420534184728845,-0.6138261538918925,-0.2673987372914153,731.4165028741257,22.937485862209485,1.0,136.0,66,50,60,149.0,KOT-ISE-KHAN
34635,Khilchi Jadid (95),FIROZEPUR,30.9189186,74.58018,34635,1912.051414793059,1912.766845703125,0.5391292352139909,0.2005342253029539,1.4051931890235831,-0.5220182740891801,-0.115249519376525,630.8803054501908,23.741871670056355,0.8353759068795563,61.0,60,50,131,83.0,FIROZPUR
37662,Ladhewal (421),AMRITSAR,31.5315323,74.68466,37662,1914.6209057330416,1912.765380859375,0.5467714673944272,0.2219285160203306,1.3870905977840715,-0.5184653277334648,-0.1301562215781861,919.3578007628817,22.93058248781449,1.0,310.0,20,15,210,337.0,ATTARI
34022,Chuharchak (38),MOGA,30.8288288,75.16057,34022,1911.7192640265368,1912.7633056640625,0.6690244951235368,0.3265590878139022,1.893170247472576,-0.6209103807373113,-0.247647667213166,729.9235505250213,23.01500384705273,0.9792033122197054,607.2,468,25,1521,2058.0,MOGA-I
29157,Sheikhanwala (53),KAPURTHALA,31.477478,75.2119141,29157,1914.040138637768,1912.7607421875,0.5384268886583613,0.2237210025631379,1.584420835042703,-0.5175651702926231,-0.1416273406725592,897.5934627463715,22.45076415034606,1.0,150.0,20,20,80,181.0,DHILWAN
29448,Mand Bhim Kadim (164),KAPURTHALA,31.2252254,75.20008,29448,1914.9295089823868,1912.7578125,0.5969841944077465,0.2631686254350319,1.7038463545320393,-0.5618424115050656,-0.1751406430382352,831.1459146888084,22.811142611466305,1.0,2.47,4,4,5,42.0,SULTANPUR LODHI
33695,Gondwal (193),LUDHIANA,30.3783779,75.7726,33695,1913.595837060168,1912.7509765625,0.6435899831401695,0.2841147982185423,1.64513434760782,-0.6110862185944691,-0.2030692526366885,730.1558348348038,23.084250067546748,1.0,5.55,400,355,455,439.0,RAIKOT
29277,Jhugian Gulam (93),KAPURTHALA,31.333334,75.22305,29277,1913.671257337136,1912.7498779296875,0.5688128175317206,0.2697907372680993,1.7625037315840173,-0.5373063880936114,-0.1830350726666972,897.5934627463715,22.45076415034606,1.0,2.5,30,0,80,85.0,KAPURTHALA
29317,Madhopur (225),KAPURTHALA,0.0,0.0,29317,1914.0350385423749,1912.7490234375,0.5882288219273587,0.2142817505272763,1.6908893797993594,-0.5587443115053252,-0.1413796763977103,883.6240711619752,22.543239515608548,1.0,2.5,23,0,580,148.0,KAPURTHALA
33701,Kaila (359),LUDHIANA,30.9189186,75.84033,33701,1913.132894186692,1912.7432861328125,0.6676360155799413,0.3011714024206005,1.778217797237639,-0.6212654154353566,-0.2228342893223096,759.1378333976166,22.9943307142168,1.0,10.0,150,0,228,235.0,PAKHOWAL
39749,Kammo Majra kalan (45),SANGRUR,30.1576748,75.9019241,39749,1914.2036470483245,1912.739990234375,0.626194647450764,0.3052583474731943,1.559277784939229,-0.5839426031586717,-0.2076092878513467,664.920950215091,23.390750384608737,0.8557250240356546,2.47,100,100,205,166.0,SANGRUR
38222,Raipur Baleem (287),Tarn Taran,31.27928,74.948,38222,1915.930206566686,1912.738525390625,0.5699825863959779,0.2360475111585798,1.4784685661846204,-0.5489666663312857,-0.1481594049211968,770.94524530672,22.924395787052504,1.0,240.0,86,46,378,271.0,PATTI-14
38151,Tappa (230),Tarn Taran,31.2432442,74.72971,38151,1912.2505425361824,1912.73828125,0.606704109303734,0.2659356322584696,1.625266108880002,-0.5782915976164869,-0.1757549545998474,763.0134019067185,23.01838677747588,1.0,630.0,70,70,130,100.0,BHIKHI WIND-13
39580,Gurbaxpura (17),SANGRUR,30.3603611,75.71687,39580,1912.438705292265,1912.7376708984375,0.6396562156213959,0.3131146910189804,1.589601617286574,-0.6117231947587818,-0.2172281872973278,698.2272210528748,23.277214520720065,1.0,659.0,350,240,544,736.0,SHERPUR
29547,Indresa (188),KAPURTHALA,31.2072067,75.20682,29547,1908.921072259859,1912.7371826171875,0.6029929096828016,0.3128134706497881,1.799316991908899,-0.5613395171473705,-0.2162021946633412,816.9662448575394,22.834234023093245,1.0,2.47,1,1,1,235.0,SULTANPUR LODHI
36196,Kakra (13),PATIALA,30.1981983,76.21727,36196,1907.9021877939192,1912.7344970703125,0.5192327002176216,0.1846966271604271,1.4341328594828409,-0.4999469492125499,-0.1048240383932623,770.3866159755821,23.096825429595853,1.0,104.0,80,80,124,176.0,SAMANA
33733,Rajgarh (87),LUDHIANA,30.64865,75.58562,33733,1911.6261633170088,1912.7303466796875,0.6748612562862369,0.2985250277651816,1.720994552115212,-0.6315682668184737,-0.2195959454143711,710.9343799760239,23.213375035280365,1.0,83.0,500,42,179,238.0,RAIKOT
39545,Bir Ahmdabad (116),SANGRUR,30.5045052,75.9334259,39545,1914.1643728317583,1912.7279052734375,0.4079480148915272,0.0647631532474811,1.0697203405819102,-0.4240877682668966,-0.0004498466190106,725.414940994014,23.062530097044885,0.6519192367218161,3.0,10,23,41,148.0,MALERKOTLA
30049,Behlolpur (100),JALANDHAR,31.1171169,75.32476,30049,1914.001528362501,1912.727783203125,0.6468581277624341,0.3264321589159495,1.731994331859915,-0.6170718705546433,-0.2306239620075561,821.6093274454956,22.773193253347188,0.9973109147369384,86.0,0,0,1,91.0,NURMAHAL
29965,Bara Aslam (54),JALANDHAR,31.0630627,75.47123,29965,1912.8056827110768,1912.727294921875,0.6316114857392945,0.2722625517705905,2.0008614083279004,-0.5828647096979878,-0.2015970944923152,834.8475488831895,22.65798149232063,1.0,2.47,10,0,95,141.0,MEHATPUR
29896,Sahariwal (69),JALANDHAR,31.18919,75.40312,29896,1911.9544666397685,1912.722900390625,0.6454775504588255,0.2842902664391399,1.998801852617436,-0.5933962625272289,-0.2100941307668133,883.6240711619752,22.543239515608548,1.0,192.0,25,40,140,159.0,NAKODAR
34676,Chak Sotrian (288),FIROZEPUR,30.9584064,74.6072845,34676,1913.0361425405488,1912.721923828125,0.6136435472742576,0.2161321168553344,1.5035815784653666,-0.5680952637576866,-0.1423751840482341,633.4915700366395,23.7499090722734,1.0,70.0,35,35,60,42.0,FIROZPUR
29535,Mandi Kabirpur Kadim (180),KAPURTHALA,0.0,0.0,29535,1912.0912769572071,1912.7186279296875,0.6527855384254673,0.3281199158325281,1.854726815782932,-0.6101284976838399,-0.2387169233027759,816.9662448575394,22.834234023093245,1.0,2.47,0,0,1,28.0,SULTANPUR LODHI
30407,Kalianpur (270),JALANDHAR,31.2972965,75.57383,30407,1913.2417245784268,1912.7135009765625,0.530430622284057,0.1712574503229053,1.5984240904752187,-0.5080954574812291,-0.1032287791177425,958.2364502360718,22.3924562069638,1.0,0.175,12,10,500,219.0,JALANDHAR - WEST
39779,Ubhawal (6),SANGRUR,30.216217,75.81421,39779,1914.4484842870168,1912.7099609375,0.7015383005419584,0.344233017879373,1.86102413425704,-0.6406084121516463,-0.2641324792334684,664.3926954315303,23.52295554839183,0.982513540037216,607.0,725,700,1525,1896.0,SANGRUR
39765,Kammo Majra Khurd (36),SANGRUR,30.2472134,75.84591,39765,1914.5095337095047,1912.709228515625,0.649859685046477,0.2412245184463517,1.741469418681293,-0.5921324110853654,-0.1720886128696591,664.920950215091,23.390750384608737,1.0,3.47,30,200,270,189.0,SANGRUR
29462,Thakar Kaura (160),KAPURTHALA,31.2698765,75.25876,29462,1915.2012007184228,1912.7061767578125,0.5947546354765955,0.2705708584788806,1.6096109391084723,-0.5712820271891276,-0.1778639928742337,816.9662448575394,22.834234023093245,1.0,222.18,12,0,7,272.0,SULTANPUR LODHI
29191,Akbarpur (66),KAPURTHALA,31.4954948,75.35319,29191,1911.9030713169025,1912.7052001953125,0.5604702328112524,0.2306991713290432,1.6618608119753289,-0.5326850225127113,-0.1494286295042229,899.8358488551728,22.454427956838146,1.0,2.47,30,11,182,115.0,DHILWAN
34617,Bare Ke (66),FIROZEPUR,0.0,0.0,34617,1913.333837961855,1912.7049560546875,0.5910058906183265,0.2219927480385848,1.5428058254660035,-0.5513572260314947,-0.1430901435816941,650.1842974345515,23.61443314336277,0.9866157895232676,35.0,13,10,52,1226.0,FIROZPUR
29211,Mehmadwal (84),KAPURTHALA,31.3873882,75.2241,29211,1910.876311183914,1912.7042236328125,0.6033222326734603,0.2933060704030257,1.782093763832691,-0.5693985018964217,-0.2014075510971517,901.7147920785771,22.45829406430272,1.0,160.0,27,27,183,446.0,DHILWAN
30067,Kot Badal Khan (79),JALANDHAR,31.0270271,75.3165054,30067,1913.9601813224183,1912.7042236328125,0.6028934825964994,0.2819669768325423,1.81684775361518,-0.5682315406594852,-0.1975176060971075,817.3537055504373,22.68988183072923,1.0,317.0,300,300,1428,337.0,NURMAHAL
38020,Gopala (237),Tarn Taran,31.35135,74.81548,38020,1908.9216752204816,1912.703125,0.6128738742010194,0.2726580980283968,1.673883442214717,-0.5786595899565902,-0.1832809270598058,781.732927270758,22.97570293731609,1.0,14.0,70,70,97,217.0,NAUSHEHRA PANNUAN-11
39662,Meerheri (102),SANGRUR,30.3963966,75.8074646,39662,1911.8112641374032,1912.7015380859375,0.6201261028045787,0.2877570247071225,1.6180558009397656,-0.5785449408124556,-0.1983959036538482,701.7093542029755,23.24478113269879,1.0,181.0,0,105,170,206.0,DHURI
33706,Pakhowal (356),LUDHIANA,30.7027035,75.7117538,33706,1912.4358551154007,1912.7010498046875,0.6329464979089867,0.2678567821568443,1.68414404389407,-0.5935069610131172,-0.1901736079928652,759.1378333976166,22.9943307142168,0.930736356179055,964.0,710,657,1039,964.0,PAKHOWAL
37979,Waryah (280),Tarn Taran,31.333334,74.94882,37979,1914.3097935828969,1912.70068359375,0.5932868758252596,0.267438525229081,1.581905041532215,-0.5682344856152454,-0.1744566627067983,819.9415448119538,22.811163704387354,1.0,200.0,16,61,300,497.0,CHOHLA SAHIB-8
34439,Sadhuwala(337),FIROZEPUR,30.8625088,74.93586,34439,1913.881939438612,1912.70068359375,0.6039425411826215,0.2743560311280671,1.659120386207613,-0.5754661380487818,-0.1872144088064138,680.2076044490235,23.4222539006542,1.0,91.09,450,130,294,283.0,ZIRA
29200,Miani Bola (76),KAPURTHALA,31.44144,75.2041,29200,1912.2011445856829,1912.6982421875,0.5789023721058185,0.2540280351565479,1.6536102086184796,-0.5481945968897272,-0.1667588668960311,931.265303771724,22.505780148381405,1.0,700.0,60,60,135,274.0,DHILWAN
29820,Sohal Jagir (290),JALANDHAR,31.0828724,75.34057,29820,1912.0489321135133,1912.6956787109375,0.6330342422289507,0.2979119791438373,1.9201358249727112,-0.5891072814601467,-0.2169486864005551,808.4461675553983,22.69107060258168,1.0,523.27,42,48,72,569.0,SHAHKOT
34342,Gurdittiwala (3),FIROZEPUR,30.9909916,74.99378,34342,1913.2137992748249,1912.6953125,0.5781017327084995,0.3126185775090249,1.755776715612252,-0.5387534353587018,-0.2118599221364601,689.4191370495993,23.43894253735335,1.0,310.0,200,95,180,394.0,ZIRA
29285,Brindpur (95),KAPURTHALA,31.3153152,75.3352,29285,1915.3517137379984,1912.693603515625,0.637392449166918,0.3355224354832153,1.871125130822712,-0.5911416597729985,-0.2432711613195283,924.5488559514278,22.508645525284088,1.0,74.0,110,100,160,195.0,KAPURTHALA
29933,Chak Pirpur (8),JALANDHAR,31.1711712,75.38877,29933,1912.411597380489,1912.6915283203125,0.6327841010682238,0.2782519507502822,1.8314103021313275,-0.5890666615355088,-0.1994720378893638,884.3149710478792,22.5439967852086,1.0,174.0,54,45,54,190.0,NAKODAR
34130,Chamb (262),MOGA,30.9435577,75.1393661,34130,1914.6377159520384,1912.69140625,0.6045851619875612,0.2912423510268936,1.7079657254867435,-0.5751811016507455,-0.1991906853609474,731.4165028741257,22.937485862209485,1.0,87.0,50,50,83,108.0,KOT-ISE-KHAN
30017,Bhundri (91),JALANDHAR,31.0450459,75.33076,30017,1915.2272235716853,1912.691162109375,0.6563218997039856,0.3555072627354911,1.7112378726891389,-0.61746630538611,-0.2531601881569595,828.8461572142296,22.706962202736687,1.0,60.0,0,0,1,114.0,NURMAHAL
34588,Bhadru (45),FIROZEPUR,30.9729729,74.6223755,34588,1911.6679239312896,1912.6898193359375,0.584652365118753,0.2665714527400974,1.5069058695887452,-0.5618781333822606,-0.17211382282915,665.9990045239823,23.53292379469844,1.0,28.0,29,21,130,197.0,FIROZPUR
39392,Bishangarh (7),SANGRUR,30.3603611,75.8630447,39392,1911.3807971928468,1912.6861572265625,0.6581492757276496,0.3020592102005162,1.7496534260748575,-0.6048039294219844,-0.2207119220251432,739.9397984352913,23.03963562313344,1.0,182.0,200,275,275,271.0,AHMEDGARH
29477,Mukatram wala (139),KAPURTHALA,31.27928,75.26423,29477,1916.652115655137,1912.6834716796875,0.5958504889065313,0.250458676132225,1.7576641365353038,-0.556982400810569,-0.1719416384782585,817.6976385524171,22.81345387128846,1.0,66.37,60,0,29,74.0,SULTANPUR LODHI
34748,Atuwala Hithar (318),FIROZEPUR,30.72072,74.34258,34748,1915.15167295134,1912.6820068359375,0.6058442318075349,0.2433865871614424,1.5649490226761331,-0.563091668867338,-0.1597641730785799,642.5852909843438,23.88542129980013,1.0,85.0,60,15,19,93.0,MAMDOT
33488,Kakka (68),LUDHIANA,30.9189186,75.8613358,33488,1915.3118712008395,1912.6817626953125,0.4129754865808113,0.0873287781412531,1.2959934320268822,-0.4161228295304959,-0.0259161922535497,841.5100348494917,22.81234313325332,0.9497367963891682,23.0,80,0,311,297.0,LUDHIANA-2
29340,Karahal Nauabad (115),KAPURTHALA,31.333334,75.22305,29340,1913.9614320154528,1912.6798095703125,0.668848215474582,0.3157310587328683,2.0753786031748054,-0.6115036200018656,-0.2435535406009587,923.7338992764847,22.55090936966161,1.0,2.5,20,25,140,177.0,KAPURTHALA
39710,Nandgarh Alias Thaman Singhwala (58),SANGRUR,30.18018,76.03658,39710,1912.8777225775848,1912.6798095703125,0.6062464822327114,0.2832426132738047,1.529766204321802,-0.5741167907287328,-0.1881461254470041,721.770355384578,23.19777535708772,1.0,161.0,50,85,135,388.0,BHAWANI GARH
29104,Mand Butala (91),KAPURTHALA,0.0,0.0,29104,1914.144326253186,1912.6796875,0.3592365263831373,0.1573715243876585,1.070657890626861,-0.3501611699180896,-0.0526088897933881,858.4695671276635,22.427254336465584,0.5833363360215582,2.47,2,0,2,541.0,DHILWAN
33685,Baraich (101),LUDHIANA,30.7747746,75.6425858,33685,1912.220555480559,1912.67822265625,0.6750919283530997,0.3148918640430121,1.9289127551576413,-0.6189885361116458,-0.2425931071668914,743.4868611502407,22.996753447240625,1.0,323.0,100,100,194,351.0,SUDHAR
37178,Bhagupur Bet (15),AMRITSAR,31.7117119,74.6176147,37178,1914.805070210253,1912.677734375,0.5490522491177835,0.1945063091037286,1.422037843737625,-0.5290267966463862,-0.1121069525858044,879.0007027795212,22.974869686455293,1.0,267.0,113,113,237,287.0,CHOGAWAN
30079,Bhandal Himmat (67),JALANDHAR,31.0854626,75.59615,30079,1911.4630490948416,1912.6751708984375,0.6471015398266433,0.2977325656191679,1.7973726767911808,-0.6084372597854858,-0.2148345901557431,821.2975802829163,22.77606139731529,1.0,203.0,50,140,196,217.0,NURMAHAL
39709,Balad Khurd (57),SANGRUR,30.2522526,76.05059,39709,1911.659174781904,1912.6741943359375,0.5987262575438109,0.2728070135476493,1.5388914135480518,-0.568392645863111,-0.1790604064459308,722.8188818844362,23.190738604114536,1.0,350.0,172,150,250,512.0,BHAWANI GARH
29798,Nihaluwal (105),JALANDHAR,31.1711712,75.17819,29798,1916.800393544945,1912.6678466796875,0.6038576200071726,0.2547825897004442,1.872972196401714,-0.5639173121511081,-0.1829101609725539,786.7498183850543,22.804619397778577,1.0,127.0,89,80,208,217.0,LOHIAN
34839,Chak Panje Ke (288),FIROZEPUR,30.714777,74.4091644,34839,1911.6661987409989,1912.6671142578125,0.5982272803769386,0.2627922215079025,1.6067336906421883,-0.5637780628313013,-0.1809330481772168,619.9077907016175,24.001903930906963,1.0,86.0,85,85,90,183.0,GURU HAR SAHAI
34587,Asman Randhawa (42),FIROZEPUR,30.9450226,74.63461,34587,1911.0085942458545,1912.6668701171875,0.6048460349303065,0.2775880795890064,1.604644616527938,-0.5748407082599475,-0.184868213366722,665.9990045239823,23.53292379469844,1.0,20.0,10,5,24,284.0,FIROZPUR
39820,Kadar Nagar Alias Munshiwala (135),SANGRUR,30.0360355,75.92574,39820,1912.71972384398,1912.66650390625,0.6323814197588336,0.2871654857630992,1.7495937536594643,-0.5791958432145498,-0.2046958576574584,671.8335771076949,23.448566505006685,1.0,55.0,40,28,205,376.0,DIRBA
33910,Ransih Kalan (156),MOGA,30.6121674,75.29147,33910,1911.405635807252,1912.6651611328125,0.5343750245991695,0.1944874333242014,1.5712677299227638,-0.519181119446513,-0.1269215526798906,669.5332172324555,23.48318156934971,0.9417496941432796,263.0,122,120,531,722.0,NIHAL SINGH WALA
37217,Chuchakwal (158),AMRITSAR,31.7117119,74.6387939,37217,1912.8955335748767,1912.664306640625,0.5506177542121303,0.2039941502453848,1.4064896417633697,-0.5247630198287614,-0.1197229701307971,879.0007027795212,22.974869686455293,1.0,159.0,96,96,148,159.0,CHOGAWAN
29394,Bhaini Hussekhan (82),KAPURTHALA,31.1711712,75.22031,29394,1913.506101278832,1912.663330078125,0.5785098530305215,0.2393417588877624,1.6150222616501588,-0.5458126448332269,-0.1569487686200113,889.5882905693336,22.71482655429871,1.0,2.47,0,0,90,99.0,SULTANPUR LODHI
36636,Tulewal (20),PATIALA,30.2342339,76.37032,36636,1911.837024112968,1912.6632080078125,0.5340017493113488,0.2384447570001134,1.4594845773784937,-0.5271736558566983,-0.1393186876356678,807.036930601825,23.076397794994136,1.0,287.0,200,200,250,314.0,PATIALA
34247,Amir Shahwala (85),FIROZEPUR,31.0990982,74.97379,34247,1911.435019117742,1912.658203125,0.6211579529350891,0.3058828090774377,1.7088926129255635,-0.5895159104719729,-0.2116367144598352,729.2441966941254,23.069153166359456,1.0,63.0,0,0,170,165.0,MAKHU
37983,Sohawa (279),Tarn Taran,31.477478,74.91614,37983,1913.270742452664,1912.656005859375,0.6049514747797583,0.2617235262241462,1.6373432517859388,-0.5806265092653133,-0.1756990884241825,819.9415448119538,22.811163704387354,1.0,600.0,300,200,571,304.0,CHOHLA SAHIB-8
34246,Dibwala (88),FIROZEPUR,30.9729729,75.00063,34246,1913.8764727413384,1912.654296875,0.5979114973783005,0.3054248370137119,1.5901045387271466,-0.5748769024117457,-0.2034342805838406,729.2441966941254,23.069153166359456,1.0,80.0,15,50,80,93.0,MAKHU
34760,Mirza Lakhoke (315),FIROZEPUR,30.8828831,74.40514,34760,1911.1690123269768,1912.6534423828125,0.5995684612000464,0.2747699538957143,1.5220781458634145,-0.5697433522459125,-0.1785727763274586,634.6124204804795,23.884184272387643,1.0,110.0,89,36,56,108.0,MAMDOT
39708,Balad Kalan (36),SANGRUR,30.27027,76.0436859,39708,1911.470678256169,1912.652587890625,0.5390985487322623,0.2186607124219376,1.3724014181087605,-0.526779578388527,-0.1280261512254502,732.4297748141297,23.12623906175069,1.0,2.0,60,10,100,886.0,BHAWANI GARH
38321,Bhalaipur Dogra (159),Tarn Taran,0.0,0.0,38321,1913.38150124706,1912.6512451171875,0.5275253650560152,0.2139313563950308,1.5737283914834723,-0.5082826032024795,-0.1294308331641842,953.4446242263216,22.404917930807244,1.0,190.0,65,158,302,266.0,KHADUR-SAHIB-10
34585,Attari (43),FIROZEPUR,30.9450226,74.63461,34585,1910.8647449269408,1912.6510009765625,0.6071925043703885,0.2805976378176151,1.62927070028348,-0.5759910575384428,-0.1884037475518483,665.9990045239823,23.53292379469844,1.0,36.05,10,55,250,282.0,FIROZPUR
29693,Mandala (211),JALANDHAR,31.1531525,75.206,29693,1910.9593796722063,1912.6494140625,0.5842908170510355,0.2933755231441646,1.7489077243906643,-0.5498587503771779,-0.1984514101173698,732.7146045250487,23.059859434037715,1.0,169.0,56,56,126,396.0,LOHIAN
36216,Khanpur Gahrian (65),PATIALA,30.1621628,76.1894,36216,1911.4197202145936,1912.64892578125,0.569909761109943,0.2473852593714729,1.453853498224948,-0.5501658183898398,-0.1505989556191673,762.7116831948655,23.10110317520452,1.0,202.0,68,66,131,282.0,SAMANA
38221,Nathupur Toda (286),Tarn Taran,31.6036034,74.86934,38221,1913.0526254462177,1912.6483154296875,0.595395831148252,0.2663199478023197,1.5421327105470142,-0.5679589389804438,-0.1731734563627862,770.94524530672,22.924395787052504,1.0,242.5,82,90,300,271.0,PATTI-14
39753,Khurana (40),SANGRUR,30.25092,75.90985,39753,1910.368565350781,1912.646240234375,0.576719450223092,0.2436681086610136,1.5066628930017376,-0.5445663173459828,-0.1587110646259978,669.3618869454338,23.373538154232204,1.0,2.47,100,0,332,421.0,SANGRUR
29770,Kara Ramsingh (195),JALANDHAR,31.1711712,75.17819,29770,1913.2189131446664,1912.6451416015625,0.6037201580315033,0.2899047252139538,1.7445626356252788,-0.5666380243372177,-0.2023176459634253,817.6976385524171,22.81345387128846,1.0,132.0,37,34,133,142.0,LOHIAN
39448,Sherwani Kot (94),SANGRUR,30.522522,75.88475,39448,1912.8152363942577,1912.6439208984375,0.524703914925863,0.1773709337248441,1.2642303203179723,-0.5081815067491966,-0.1042141516868942,712.9271587588157,23.15731123936241,0.8884571956334243,504.0,15,0,395,504.0,AHMEDGARH
38021,Mamanke (236),Tarn Taran,31.477478,74.91614,38021,1909.5956286434653,1912.6434326171875,0.6235514951743083,0.276519050181931,1.7931051710309314,-0.5843343147637222,-0.1928559265512193,773.7797457096377,22.99383760280113,1.0,200.0,97,20,70,104.0,TARN TARAN-12
34030,Kokri Heran (33),MOGA,30.8288288,75.16057,34030,1910.518807422208,1912.640380859375,0.6902296447622864,0.3463579883775884,2.123976641923894,-0.6266681890707665,-0.271221073852873,732.9145299654123,23.009860454630928,1.0,32.09,38,25,251,359.0,MOGA-I
34135,Phualahgarh (269),MOGA,30.9446011,75.14057,34135,1912.4083416278693,1912.6383056640625,0.6931638826861141,0.3643717045745941,2.065110948162544,-0.6303985105427268,-0.2822061952491299,731.4165028741257,22.937485862209485,1.0,28.0,9,13,19,77.0,KOT-ISE-KHAN
29548,Jand (195),KAPURTHALA,31.2072067,75.20682,29548,1909.514078830992,1912.63720703125,0.6109840897522805,0.2988990452561387,1.8044611196997309,-0.56882927387045,-0.2064995674744347,816.9662448575394,22.834234023093245,1.0,1.0,0,1,1,79.0,SULTANPUR LODHI
29190,Surakhpur (65),KAPURTHALA,31.405405,75.19632,29190,1912.54936286971,1912.6368408203125,0.5543840688357142,0.2291412413137339,1.6297801544595418,-0.5283933541771552,-0.1463542604657697,897.5934627463715,22.45076415034606,1.0,700.0,350,300,450,127.0,DHILWAN
37986,Khara (295),Tarn Taran,31.45946,74.94397,37986,1917.2565672589903,1912.635498046875,0.613191786509002,0.2759119424439754,1.744592302009137,-0.581016650490524,-0.1933852067812377,807.9096792049513,22.87153951412208,1.0,900.0,600,700,900,301.0,CHOHLA SAHIB-8
29830,Akalpur (113),JALANDHAR,31.0810814,75.35931,29830,1914.7530576282857,1912.6322021484375,0.6303893513950709,0.2753466543123966,1.8121845196464896,-0.5853941844609012,-0.1958816170754509,790.7099245690812,22.760833520208138,1.0,2.47,10,0,300,251.0,SHAHKOT
29878,Kang Sahibrai (151),JALANDHAR,31.1711712,75.59936,29878,1912.339593535741,1912.6312255859375,0.6192618757067936,0.2586104461617716,1.8496081222085068,-0.5744791018262788,-0.1832619486301352,883.6240711619752,22.543239515608548,1.0,500.0,180,180,234,290.0,NAKODAR
39758,Mohamadpur Risaldarwala (240),SANGRUR,30.18018,75.84899,39758,1909.754722998069,1912.631103515625,0.6087105885692861,0.2792515513048245,1.4787648419783133,-0.5708277098495146,-0.1823487671504002,681.3747229208839,23.342027479807246,1.0,2.47,25,16,150,206.0,SANGRUR
33484,Sirah (72),LUDHIANA,30.9189186,75.84033,33484,1917.5452520260767,1912.6309814453125,0.385036441807323,0.0679823989433284,1.25171654974321,-0.3883864449291247,-0.0165489429223066,860.5480241238888,22.701023468374697,0.5832299888318767,20.0,0,0,419,403.0,LUDHIANA-2
38180,Muthianwala (321),Tarn Taran,31.1711712,74.79914,38180,1922.203501627413,1912.6297607421875,0.3975067166039432,0.0507202909881279,0.9375923680424012,-0.4079847193161085,0.0102129992156426,697.455609123935,23.340251171445004,0.999880559541904,2.47,51,10,35,724.0,PATTI-14
34793,Ahmad Dhandi (322),FIROZEPUR,30.7927933,74.41923,34793,1913.235269816444,1912.6279296875,0.6212972992707487,0.2674081604113383,1.593497625948116,-0.5785581033464087,-0.1804595224005397,634.6124204804795,23.884184272387643,1.0,1085.0,270,365,545,886.0,MAMDOT
38332,Allowal (137),Tarn Taran,31.5675678,75.0307159,38332,1913.826021885824,1912.6253662109375,0.4852047427292946,0.1535452010550298,1.440367424542581,-0.4742822735600012,-0.0780995436016129,940.791333000888,22.44797346272628,1.0,110.0,50,270,433,358.0,KHADUR-SAHIB-10
29164,Fatehpur (38),KAPURTHALA,31.3873882,75.37185,29164,1913.4403061903795,1912.625244140625,0.5399908940806162,0.2360449059597554,1.5698446608842294,-0.5191353300182091,-0.1455987577049961,899.1063793649138,22.441149338268463,1.0,500.0,30,30,75,96.0,DHILWAN
29143,Buda Theh (20),KAPURTHALA,31.3873882,75.2241,29143,1913.089201024184,1912.624267578125,0.5773070006778693,0.2631977166128705,1.6804588572778365,-0.5460879550316801,-0.1736910616608451,897.2168321744368,22.415386290054265,1.0,250.0,40,40,98,100.0,DHILWAN
29553,Gamewal (199),KAPURTHALA,31.2697964,75.25877,29553,1911.3741351045328,1912.6234130859375,0.6413760251012859,0.3104128343515452,2.0535607568760508,-0.5837416973612892,-0.2262296801319467,812.5264774762336,22.85464099015012,1.0,2.47,1,1,1,242.0,SULTANPUR LODHI
38323,Khojkipur (153),Tarn Taran,31.44144,75.0985,38323,1912.4992270050727,1912.623046875,0.5514094546666273,0.2352665917149786,1.6313401689443157,-0.5269789659928512,-0.1494204034359882,953.4446242263216,22.404917930807244,1.0,190.0,280,280,325,296.0,KHADUR-SAHIB-10
37883,Lalu Ghuman (45),Tarn Taran,31.47558,74.91078,37883,1915.046337284556,1912.622314453125,0.5837743320177629,0.2334834813473229,1.6604747595479812,-0.545244580675985,-0.1533432020831739,843.7409487694621,22.91896602318685,1.0,200.0,200,200,640,431.0,TARN TARAN-12
37925,Kambo (202),Tarn Taran,31.477478,74.91614,37925,1914.4828299799,1912.61962890625,0.5893472121312595,0.2648324870049723,1.6311201795523051,-0.5551630077184877,-0.1743036850707446,799.0572246720689,22.93620046453458,1.0,45.0,45,45,45,230.0,TARN TARAN-12
38261,Kot Mohammad Khan (314),Tarn Taran,31.4954948,75.16301,38261,1908.900222884214,1912.6181640625,0.6053680375067895,0.2694078817598327,1.6458260380738567,-0.5781443663262533,-0.1817188442780258,852.1834488913055,22.71850260616447,1.0,454.0,150,50,390,497.0,NAUSHEHRA PANNUAN-11
34751,Rao Ke Uttar (313),FIROZEPUR,30.9189186,74.47517,34751,1911.327427983103,1912.6173095703125,0.628784145567257,0.2907592359580211,1.6090827313412857,-0.5906794075566212,-0.1982986107509222,634.6124204804795,23.884184272387643,1.0,66.0,50,55,60,179.0,MAMDOT
39815,Santpura (124),SANGRUR,30.072073,75.9742,39815,1912.035574058958,1912.6160888671875,0.6168466393523437,0.287627921129491,1.5979641021503974,-0.5720430135127624,-0.1958019160835967,678.6104556548842,23.415619316686573,1.0,25.0,250,0,245,216.0,DIRBA
29329,Bhana (174),KAPURTHALA,31.2972965,75.51057,29329,1913.382596491716,1912.614501953125,0.6186601927268912,0.2462204205950658,1.8994279993780945,-0.5802795284814642,-0.1759258032975149,883.6240711619752,22.543239515608548,1.0,1.0,0,0,13,76.0,KAPURTHALA
34268,Mamnewala (74),FIROZEPUR,31.0630627,75.11365,34268,1914.295262430104,1912.6143798828125,0.3971608923226673,0.203986547236783,1.1039847562261729,-0.3936285065445096,-0.0867699246228285,730.6928358961685,23.09079044254165,1.0,2.47,0,0,35,83.0,MAKHU
29265,Jawalapur (157),KAPURTHALA,31.36937,75.3784943,29265,1914.3904054312463,1912.6138916015625,0.5869380562393259,0.2394996643898377,1.755522430174584,-0.550537123846173,-0.1644732817345321,942.3733892848388,22.416556765311952,1.0,6.07,170,150,215,160.0,KAPURTHALA
33487,Bhoda (69),LUDHIANA,30.9189186,75.8613358,33487,1915.6622975420853,1912.61328125,0.3506254981858054,0.0405665019625847,1.0697735995029063,-0.3694052755692848,0.0178965332764628,836.7217871358292,22.840341159891125,0.90594881891079,23.0,90,0,133,19.0,LUDHIANA-2
33771,Hans (105),LUDHIANA,30.63063,75.52966,33771,1911.8094634297124,1912.61279296875,0.6703671850007001,0.3305802674184927,1.8980208968734145,-0.6103649130019231,-0.2517667908580036,747.4754136297099,22.956812248110868,1.0,480.0,401,480,950,1194.0,SUDHAR
39755,Saron (27),SANGRUR,30.18018,75.84899,39755,1909.182247274456,1912.60888671875,0.6171095081642436,0.2848488638208957,1.5628128742184824,-0.5775429788850664,-0.1919928339223043,682.0104661395447,23.32451465486116,1.0,2.47,5,25,751,1397.0,SANGRUR
29508,Ugrupur (23),KAPURTHALA,31.2432442,75.17228,29508,1918.7581657367568,1912.608642578125,0.6340983775454566,0.3136759821791919,1.843864677377496,-0.5932495182955321,-0.2245081403576102,817.6976385524171,22.81345387128846,1.0,310.9,120,110,142,328.0,SULTANPUR LODHI
36225,Dhenthal (78),PATIALA,30.1981983,76.21727,36225,1912.9668574077089,1912.6077880859375,0.5407984451089229,0.2077622216217877,1.4707725832447451,-0.5195470303364688,-0.1224902991883151,779.3140477516005,23.09184958379212,1.0,1226.0,207,207,277,496.0,SAMANA
38276,Khawaspur (328),Tarn Taran,31.54955,75.01623,38276,1913.4471432901703,1912.606689453125,0.4649947520002473,0.13097517457548,1.2605395473691487,-0.4692589601915418,-0.0553139306862882,904.0238502433198,22.61020811230276,1.0,2.75,300,300,725,573.0,KHADUR-SAHIB-10
29899,Dhadda Lehna (121),JALANDHAR,31.18919,75.40312,29899,1913.799658978014,1912.605224609375,0.6428897207288264,0.2813610059418517,1.87166049767462,-0.5940304939581073,-0.2044523426472663,870.1524474542979,22.569817941979128,1.0,35.0,5,5,200,157.0,NAKODAR
37297,Kohala (340),AMRITSAR,31.7074623,74.6538849,37297,1913.5995074611496,1912.6048583984375,0.5198955570191232,0.1933024852672516,1.3624748191657887,-0.5033077035789675,-0.108279875230256,912.1251264519792,22.953602800084123,1.0,470.0,70,70,550,542.0,CHOGAWAN
29327,Khusropur (178),KAPURTHALA,0.0,0.0,29327,1913.5373463045487,1912.6044921875,0.5814729558487461,0.2279172566013084,1.7470383312721995,-0.5530808877132194,-0.1530575107068259,909.8014714173376,22.48679247646126,1.0,2.5,5,0,200,270.0,KAPURTHALA
39587,Changli (24),SANGRUR,30.4864864,75.856636,39587,1912.7553014693613,1912.602294921875,0.6689685142801886,0.3386896357792124,1.7466291965023772,-0.6242525247317612,-0.2464111340591531,707.749032242367,23.20513567357249,1.0,800.0,200,260,460,721.0,SHERPUR
29181,Rajpur (40),KAPURTHALA,31.4954948,75.35319,29181,1915.8296405562808,1912.6019287109375,0.5708803005698723,0.26966624093057,1.6240896322494454,-0.5433902981455967,-0.1740668127893576,897.5934627463715,22.45076415034606,1.0,0.4,5,0,40,132.0,DHILWAN
29194,Miani Sandhi (70),KAPURTHALA,31.405405,75.0485458,29194,1912.6803899843649,1912.6005859375,0.5795252721225244,0.2239125247038188,1.7459011579607415,-0.5426582024852463,-0.1450438604090843,931.265303771724,22.505780148381405,1.0,66.9,11,0,4,84.0,DHILWAN
30440,Daryapur (412),JALANDHAR,31.405405,75.449646,30440,1915.3212157967976,1912.6005859375,0.5355531449040036,0.1673901824180252,1.6853276992565565,-0.5125642279364662,-0.1007848608235646,958.2364502360718,22.3924562069638,1.0,158.0,0,0,13,109.0,JALANDHAR - WEST
36600,Lagroi (59),PATIALA,30.1621628,76.1894,36600,1913.716600127058,1912.6002197265625,0.5507725091260668,0.2446982921136629,1.401627740950654,-0.5401997799326528,-0.1442623469211716,807.0418996965079,23.07624344675562,1.0,344.0,200,200,282,388.0,PATIALA
34739,Jama Rakhia Hithar (337),FIROZEPUR,0.0,0.0,34739,1911.7129301112464,1912.60009765625,0.6053328853921253,0.2536031366226201,1.5137015236146352,-0.5729396514710148,-0.1648651022739068,640.3383975442828,23.83281618463773,1.0,110.0,80,40,60,289.0,MAMDOT
34750,Mattar Uttar (316),FIROZEPUR,30.72072,74.34258,34750,1914.3176901369288,1912.5994873046875,0.5915083203036589,0.2457957068073766,1.5194414172448731,-0.5600438448264725,-0.1578270127210835,634.6124204804795,23.884184272387643,1.0,155.0,110,100,120,281.0,MAMDOT
34525,Mohkam Khanwala (117),FIROZEPUR,30.9452648,74.62325,34525,1912.2694322765583,1912.5985107421875,0.5578531302304888,0.2339144353183142,1.39143543265688,-0.551709205533818,-0.1375789041677588,647.9622664859193,23.662412032628083,1.0,1.5,0,0,45,244.0,GHALL KHURD
29153,Bana Malwala (57),KAPURTHALA,31.3873882,75.37185,29153,1912.5606706764715,1912.5968017578125,0.5645406093233637,0.2011120332649632,1.7940201460335852,-0.5219445464267374,-0.1298312553120688,904.4361065132024,22.4077953626527,0.9996298551827172,100.0,10,10,21,410.0,DHILWAN
29219,Adnawali (89),KAPURTHALA,31.3873882,75.39295,29219,1912.2423899389564,1912.59423828125,0.5694314609627389,0.2517448180284484,1.722056831142439,-0.539895502178477,-0.1670548111771451,897.5934627463715,22.45076415034606,1.0,77.0,55,40,147,221.0,KAPURTHALA
29704,Samailpur (355/206),JALANDHAR,31.35135,75.5750351,29704,1910.5512721046528,1912.5924072265625,0.61544428769751,0.2952988850577707,1.8071617293562463,-0.5776052083169966,-0.2069705715067035,733.9174094607728,22.97211084760505,1.0,180.0,18,10,218,349.0,LOHIAN
30006,Baghela (336),JALANDHAR,31.1080437,75.2980957,30006,1915.8722629262293,1912.5919189453125,0.557541890408017,0.2406582527148164,1.5041961836487685,-0.5425325765261361,-0.153036565638479,805.9951904227631,22.629141831819368,1.0,80.0,8,120,300,586.0,MEHATPUR
38008,Shakri (285),Tarn Taran,31.477478,74.91614,38008,1913.0851836448085,1912.5853271484375,0.6109837036675296,0.2735910802686365,1.66407714951251,-0.578351139064915,-0.1852555733412759,770.94524530672,22.924395787052504,1.0,500.0,400,200,504,242.0,CHOHLA SAHIB-8
29777,Khosa (235),JALANDHAR,31.1531525,75.22706,29777,1913.698568359064,1912.584716796875,0.5900806661854112,0.2772761644919148,1.7934008707463074,-0.553370523654109,-0.1878185337768594,733.9174094607728,22.97211084760505,1.0,217.0,28,26,110,238.0,LOHIAN
39432,Manki (47),SANGRUR,30.522522,75.88475,39432,1910.6350078951643,1912.5841064453125,0.6587156746579739,0.304607358678668,1.7181452279713665,-0.6151435313287419,-0.2197654196670992,724.410431594482,23.146509360109487,1.0,497.0,30,0,378,551.0,AHMEDGARH
29149,Mand Dhaliwal Bet (33),KAPURTHALA,31.4954948,75.35319,29149,1915.098208769324,1912.58251953125,0.5425845222873302,0.2154870348702257,1.5612489319527505,-0.5191918055055181,-0.1282107920239276,904.3606760909456,22.40775749432817,0.8472153910484298,252.0,1,1,2,252.0,DHILWAN
34986,Chak Bazida (367),FAZILKA,30.6126118,74.25945,34986,1916.28079086089,1912.5811767578125,0.5912624734118368,0.2788083051548012,1.6795608788368783,-0.5520680903593724,-0.1854874976090215,537.4957564284699,24.18442140124921,1.0,240.0,93,90,116,873.0,JALALABAD
34708,Lakhmir Ke Hithar (342),FIROZEPUR,30.7027035,74.3287,34708,1914.137109150604,1912.5809326171875,0.6064464511652569,0.2740035103474086,1.4842452546149525,-0.5787023090076501,-0.1772451645702527,652.1934512069123,23.726463778742986,1.0,240.0,200,21,85,294.0,MAMDOT
34255,Jogewala (83/84),FIROZEPUR,31.1171169,74.98802,34255,1914.0731578489244,1912.580810546875,0.604167923024132,0.2870913824357711,1.725986073444356,-0.5722031738818917,-0.1983561265643769,729.2441966941254,23.069153166359456,1.0,890.0,0,0,430,539.0,MAKHU
35046,Mahatam Nagar (319),FAZILKA,30.4144154,74.02464,35046,1913.3143716853203,1912.5791015625,0.5929816550019202,0.2812564518953724,1.7131397442926504,-0.5394720260094196,-0.1922871829985898,505.5246594359773,24.3435519553604,1.0,390.0,1200,318,517,761.0,FAZILKA
34744,Raja Rai (355),FIROZEPUR,30.72072,74.34258,34744,1919.7035838145607,1912.577392578125,0.4733836510504808,0.1179362624619307,1.1135480427173416,-0.4706469446272003,-0.0477647507991573,654.8010016327951,23.88317423376783,1.0,286.0,105,90,95,306.0,MAMDOT
34409,Mahianwala Purana (341),FIROZEPUR,30.9549541,74.73436,34409,1915.6609463787624,1912.5772705078125,0.6420526642992339,0.2978445379398033,1.768627707818027,-0.593255046933324,-0.2169208445079308,689.3206001210805,23.37468827195692,1.0,485.82,550,350,450,508.0,ZIRA
39628,Kaheru (62),SANGRUR,30.3783779,75.85614,39628,1912.433989649572,1912.5753173828125,0.5079573179131258,0.2042417857359721,1.2456053537918508,-0.5137013096774937,-0.1069432183238396,694.160972467328,23.345462615699493,0.5298327514419376,769.2,5,312,481,872.0,DHURI
39690,Lakhewal (70),SANGRUR,30.2882881,76.09938,39690,1912.7582916248311,1912.5716552734375,0.4880242527802268,0.1715302735867946,1.2705390581439049,-0.4857202100938567,-0.0851851063440742,773.5693099906342,23.055821810602424,1.0,175.0,4,115,185,296.0,BHAWANI GARH
29159,Sangojla (52),KAPURTHALA,31.3873882,75.3085251,29159,1913.6593429199256,1912.5682373046875,0.5550920252752445,0.2489848490581613,1.5750553883786065,-0.5303621776206816,-0.1553159218499475,897.5934627463715,22.45076415034606,1.0,20.0,55,0,416,356.0,DHILWAN
33714,Barundi (377),LUDHIANA,30.7027035,75.7117538,33714,1912.949853451134,1912.567138671875,0.6661913806777803,0.3014498136204854,1.8042261136287656,-0.6152874283063176,-0.2249722464666589,759.1378333976166,22.9943307142168,0.9611973070584938,20.0,250,10,808,953.0,PAKHOWAL
33710,Nangal Kalan (350),LUDHIANA,30.9189186,75.84033,33710,1912.6667520247915,1912.567138671875,0.6398267598281534,0.2738816333728747,1.6823476986068404,-0.602135610702066,-0.1938425089835298,759.1378333976166,22.9943307142168,1.0,10.0,500,0,265,346.0,PAKHOWAL
32270,Tajpur (283),Shahid Bhagat Singh Nagar,31.0692825,76.00263,32270,1913.58746634776,1912.5655517578125,0.5815926218312245,0.2416150530645489,1.581025030083806,-0.553904121681239,-0.1542193604898876,848.1584730555909,22.68394309940942,1.0,45.0,50,40,140,193.0,AUR
29220,Dewlawala (91),KAPURTHALA,31.3706379,75.33368,29220,1911.8471679560296,1912.5650634765625,0.5764404353023828,0.2741417404437447,1.7746535275575852,-0.5414072074258331,-0.1856414362820131,897.5934627463715,22.45076415034606,1.0,139.0,61,60,205,154.0,KAPURTHALA
29874,Rahimpur (146),JALANDHAR,31.2252254,75.4318542,29874,1914.7863929690511,1912.562255859375,0.6134773493262392,0.2484197708543482,1.7969066011967303,-0.5686869477596938,-0.1759279525944664,883.6240711619752,22.543239515608548,1.0,221.0,155,155,315,251.0,NAKODAR
39585,Ramgarh (27),SANGRUR,30.4864864,75.856636,39585,1912.0183021853888,1912.55810546875,0.6618626787268214,0.3418394627328054,1.633433178402781,-0.6339499278784833,-0.2397939022141127,698.2938064224971,23.2766643496304,1.0,199.0,0,140,240,104.0,SHERPUR
34149,Bakar wala (228),MOGA,31.0090084,75.26022,34149,1911.351095226707,1912.556396484375,0.6873785865488586,0.3713548428428264,1.988975771528356,-0.6294689903387855,-0.2830791194316221,695.881178191892,23.064408145936586,1.0,251.0,62,84,159,273.0,KOT-ISE-KHAN
29372,Mangupur (62),KAPURTHALA,31.2252254,75.26329,29372,1915.477019260776,1912.555419921875,0.5854311440352855,0.2550253148847712,1.5873683259501312,-0.5523735939306968,-0.1662387349545684,898.8669755866425,22.699202355922864,1.0,77.0,60,0,59,82.0,SULTANPUR LODHI
34604,Langiana (53),FIROZEPUR,30.9729729,74.6223755,34604,1911.913927784554,1912.554931640625,0.5765183847507283,0.2530837057104709,1.5093689279739515,-0.5565621372481825,-0.1601734639545821,659.8648558958964,23.56219961571882,1.0,25.0,59,0,95,489.0,FIROZPUR
36601,Bhanri (169),PATIALA,0.0,0.0,36601,1911.479509180918,1912.553466796875,0.5148730199865276,0.2226422207151534,1.346990761472112,-0.5132971542789848,-0.1223068913640279,807.1778819774604,23.07201961380892,1.0,513.0,120,120,325,569.0,PATIALA
34627,Gokhiwala (105),FIROZEPUR,30.9369373,74.6152344,34627,1912.7904011573448,1912.552734375,0.5566452349396097,0.224196610151273,1.490441315024727,-0.5348323760861109,-0.1401187154932511,650.0806900670426,23.60889549887736,0.8170095708842464,161.0,67,57,70,186.0,FIROZPUR
34639,Ghiniwala (90),FIROZEPUR,30.9189186,74.58018,34639,1911.8235200647507,1912.552001953125,0.5486533563813643,0.1844023151756046,1.3571562289336727,-0.5427476975579686,-0.0982214617592717,630.8803054501908,23.741871670056355,0.8098365271102229,20.0,10,10,20,160.0,FIROZPUR
29728,Bhando (295),JALANDHAR,31.0828724,75.34057,29728,1913.5799601417648,1912.549072265625,0.6151500552077772,0.2909784604941426,1.7851786615610212,-0.5769635475209294,-0.2053027584956646,779.5787545850175,22.745722600675435,1.0,2.47,0,0,400,189.0,SHAHKOT
36727,Bir Ghogpur (267),PATIALA,29.8558559,76.1830444,36727,1906.0592370225563,1912.54736328125,0.5213239685134508,0.1715675251134027,1.7267317157461666,-0.4936003252464154,-0.0948416752149259,841.5813214463479,23.06460014660628,1.0,111.0,0,0,1,111.0,BHUNER HERI
30077,Hardo Sheikh (69),JALANDHAR,31.0450459,75.33076,30077,1912.62547914944,1912.5467529296875,0.6262472006657696,0.2799711023226783,1.803326470545632,-0.5888118403409535,-0.1976361624822937,821.3187929265384,22.775876541763097,1.0,211.0,100,100,200,234.0,NURMAHAL
36657,Hari Nagar Urf Kherki (176),PATIALA,30.1621628,76.33527,36657,1909.654851375244,1912.5465087890625,0.5312368043764437,0.2259779568967591,1.3023409975037128,-0.527404482681787,-0.125159749679259,803.753847865063,23.085804079657,1.0,676.0,220,200,320,721.0,PATIALA
29520,Shahwala andrisa (145),KAPURTHALA,31.2720833,75.24991,29520,1914.98697392172,1912.5439453125,0.6092658421160787,0.2832668544694758,1.755624586269711,-0.5721187918146987,-0.1969118487133672,817.090356365219,22.830707801869707,1.0,179.48,0,0,160,202.0,SULTANPUR LODHI
29307,Ghaddu Bagga (216),KAPURTHALA,31.36937,75.3996,29307,1914.253554175148,1912.5408935546875,0.6419596714738351,0.2699848417889821,2.057590268487857,-0.584090838996405,-0.2001365179054497,945.7019835560764,22.411499671936003,1.0,1.0,0,0,5,34.0,KAPURTHALA
29158,Alipur (62),KAPURTHALA,31.477478,75.19079,29158,1913.18641712374,1912.540283203125,0.5859437022837412,0.2826907675352458,1.4794617332658084,-0.56482236312462,-0.1869876932035691,897.5934627463715,22.45076415034606,1.0,120.0,12,12,21,64.0,DHILWAN
37175,Tur (18),AMRITSAR,31.6881466,74.62864,37175,1914.127783901365,1912.537353515625,0.4878224458854797,0.1517003090495735,1.1728931732139554,-0.4939973770145575,-0.0641454565850774,879.0007027795212,22.974869686455293,1.0,65.0,45,28,116,254.0,CHOGAWAN
39691,Channo (69),SANGRUR,30.2882881,76.09938,39691,1912.2915040898145,1912.537109375,0.4841785919313878,0.1856531374258675,1.2428728836869842,-0.48854279270715,-0.0946783203507759,773.5693099906342,23.055821810602424,1.0,180.0,4,146,476,465.0,BHAWANI GARH
29971,Mandiala (56),JALANDHAR,31.0450459,75.4779739,29971,1911.7670848628327,1912.5360107421875,0.640136966352359,0.2968681759889627,2.019851602161648,-0.5898390477779514,-0.219779648451274,814.5788702180283,22.679460124891307,1.0,247.0,0,0,450,755.0,MEHATPUR
29311,Banwalipur (220),KAPURTHALA,31.3788071,75.3834839,29311,1914.061681564749,1912.5325927734375,0.6364678523469232,0.26646727537134,1.818294275446344,-0.5967349171659228,-0.1894977943991606,896.1762417945152,22.526555999411062,1.0,2.5,32,0,170,121.0,KAPURTHALA
39973,Bhaini Mehraj (65),BARNALA,30.3063068,75.63335,39973,1910.282595307472,1912.5321044921875,0.6855754236792938,0.3348365825864789,1.8997419782271288,-0.6256143398602898,-0.2555066419855606,677.6773276736634,23.55385871474158,1.0,1475.0,25,525,932,1622.0,BARNALA
39748,Illwal (44),SANGRUR,30.2522526,75.842,39748,1911.7204540716843,1912.529541015625,0.6390044556238142,0.3122072935211076,1.641964681822359,-0.5915036588686327,-0.2194622298469895,664.920950215091,23.390750384608737,0.9924822504403678,2.47,45,50,518,839.0,SANGRUR
39660,Sherpur Sodhian (88),SANGRUR,30.3603611,75.8630447,39660,1911.0446852738628,1912.5289306640625,0.5863049342575458,0.2566570273155061,1.5232858085178462,-0.5510918366248535,-0.1670708409514533,701.7135729443696,23.2447434802281,1.0,1230.0,90,110,170,264.0,DHURI
29977,Pasarian (321),JALANDHAR,31.0630627,75.47123,29977,1911.609317391198,1912.5274658203125,0.5980533608040096,0.2645968327471339,1.840931383094005,-0.562260877041361,-0.1834011643975641,783.0742486216286,22.739104905711148,1.0,2.47,0,0,102,210.0,MEHATPUR
39579,Fatehgarh (3),SANGRUR,30.3603611,75.67511,39579,1911.8378575571887,1912.52734375,0.6530202617273296,0.3168234134314607,1.6700386347304652,-0.6185741031934509,-0.2263134532401349,698.2272210528748,23.277214520720065,1.0,967.0,600,600,918,1475.0,SHERPUR
39773,Andheri (22),SANGRUR,30.216217,75.83506,39773,1910.723184720932,1912.5263671875,0.6143083535840642,0.2871915518264479,1.5739846150026453,-0.5837091595726144,-0.1920409150560511,678.5104366948502,23.42093000177232,0.9999158707227592,2.47,76,76,218,247.0,SANGRUR
38208,Asal (174),Tarn Taran,31.2432442,74.89831,38208,1917.1035721786395,1912.5252685546875,0.5304218444013598,0.1831873077917956,1.324018960278637,-0.5228925581963871,-0.0975993907045818,763.0158245727384,23.013049485911687,1.0,100.0,80,0,418,356.0,PATTI-14
36170,Sapar Heri (91),PATIALA,30.3423424,76.60068,36170,1909.64773689222,1912.5250244140625,0.4520513305201206,0.1647094743977471,1.1562711592540178,-0.4677244623688014,-0.0691031883656827,715.0591918483027,23.29508158812024,1.0,242.0,42,40,60,251.0,SAMANA
37830,Balsarai (7),AMRITSAR,31.6036034,75.22898,37830,1915.7590822033085,1912.5233154296875,0.4380635135919381,0.1191599385219458,1.259428351578529,-0.4504873327268693,-0.0465112762919128,935.2309450193552,22.40869198085092,0.6479157145741609,465.0,90,90,896,676.0,RAYYA
29708,Mirzapur (222),JALANDHAR,31.1711712,75.22031,29708,1911.072968495541,1912.518310546875,0.5437083404232356,0.2536174586407458,1.5896817937789862,-0.5140968453399226,-0.1630488669887474,698.5803462906983,23.05928574836721,1.0,26.0,0,3,18,29.0,LOHIAN
33654,Garha (130),LUDHIANA,30.7121983,76.205,33654,1912.434519981482,1912.517822265625,0.6301352994211288,0.3166401764300411,1.7539512381164195,-0.5979649933662825,-0.2213995915214454,819.9105359740271,22.723719571718537,1.0,562.0,45,15,198,175.0,LUDHIANA-1
39814,Kamalpur (126),SANGRUR,30.1261253,75.93243,39814,1914.1536929286751,1912.5087890625,0.6403020989847885,0.2927189907353325,1.697065364581373,-0.587457561102816,-0.2075166108399304,668.4393415688606,23.46506827890165,1.0,2.48,350,250,675,480.0,DIRBA
29841,Rupewali (115),JALANDHAR,31.1711712,75.19925,29841,1915.3195123550367,1912.507568359375,0.6326567421241027,0.2885788510074739,1.7991641355043846,-0.5862981113133316,-0.2102663506969136,775.1849162420734,22.82637187621921,1.0,292.0,28,26,198,312.0,LOHIAN
29751,Jakopur Kalan (243),JALANDHAR,31.4234238,75.63306,29751,1912.1454615107448,1912.5068359375,0.6403265841381625,0.3141192076967871,1.8461322970570528,-0.597827281015028,-0.2284920662659955,733.9174094607728,22.97211084760505,1.0,246.0,23,22,133,261.0,LOHIAN
39816,Ghanaur Rajputa (125),SANGRUR,30.072073,75.9742,39816,1911.2230957329275,1912.50537109375,0.6565785518862105,0.318407978893395,1.701884624606492,-0.601404424824207,-0.2261117139660692,678.6249819209473,23.415548694258007,1.0,30.0,28,30,320,326.0,DIRBA
29532,Mand Dhun (175),KAPURTHALA,31.2072067,75.18575,29532,1913.9338532610068,1912.50146484375,0.6318667102463451,0.3254525172490313,1.768591429020434,-0.5916282664331104,-0.2281607111868219,816.9662448575394,22.834234023093245,1.0,36.64,1,0,1,37.0,SULTANPUR LODHI
38218,Lauhka (253),Tarn Taran,31.2252254,74.6944,38218,1912.030164634241,1912.5,0.5760217963335119,0.2309825361161154,1.583786784270303,-0.5496661698328826,-0.1476267578503606,780.9073893502643,22.90258369551924,0.9940414660250004,2.47,0,0,1112,1149.0,PATTI-14
29501,Rampur Jagir (15),KAPURTHALA,31.2432442,75.17228,29501,1918.53501616752,1912.5,0.6063670396483759,0.2450210614317565,1.871158214979236,-0.5634947168636301,-0.1748078830257524,852.7206721713441,22.680534510857456,1.0,311.6,220,220,343,348.0,SULTANPUR LODHI
40014,Chuhanke Kalan (37),BARNALA,30.522522,75.57101,40014,1912.639352028728,1912.498779296875,0.6742288652209784,0.3384402411586236,1.7773748580349125,-0.6251646584296146,-0.2474405762869648,682.1700028404529,23.42017977829398,1.0,475.0,104,104,400,522.0,MEHAL KALAN
39875,"Chamar Tibbi, Moranwali, Model Town ( R ) and Gugapeer, Kothe - Harigarh and Kothe Singhpur (OG)",SANGRUR,30.1348286,75.81109,39875,1910.6942602272327,1912.4971923828125,0.7078720525432529,0.3572228310203745,1.958269418774168,-0.6428796384355867,-0.2769661886324569,660.6948127772633,23.707543661837136,1.0,2.47,50,0,35,0.0,SUNAM
33901,Patti Diwana (172),MOGA,30.594595,75.27131,33901,1911.847935358076,1912.4952392578125,0.7137311997917842,0.3618136220387474,1.9777411771459736,-0.6526690697401462,-0.2799672177438218,678.1296999506601,23.39847715632132,1.0,1.0,0,0,1,119.0,NIHAL SINGH WALA
37924,Bhaini Mattuan (201),Tarn Taran,31.477478,74.91614,37924,1913.7047392427053,1912.4949951171875,0.5689296898239028,0.2500678095475332,1.4854927435650689,-0.5454459349198577,-0.1554987405890623,799.0572246720689,22.93620046453458,1.0,180.0,9,140,201,215.0,TARN TARAN-12
33687,Nurpur (192),LUDHIANA,30.64865,75.58562,33687,1914.355868613207,1912.4947509765625,0.6734244351334877,0.3079397173603508,1.760633068871736,-0.6303206437120182,-0.2285403661301579,730.1558348348038,23.084250067546748,1.0,475.0,1300,200,395,535.0,RAIKOT
39596,Didargarh (39),SANGRUR,30.4144154,75.71699,39596,1913.3243818555795,1912.4947509765625,0.6601591105593075,0.3224760531241179,1.7979812258557295,-0.6084034407927298,-0.2364908191570768,685.9742048194306,23.44681634021498,0.957863661717662,390.0,211,180,354,317.0,SHERPUR
34164,Fatehpur Jhugian (187),MOGA,30.45045,74.0937958,34164,1909.989425866808,1912.493896484375,0.697441081405893,0.3716646341168574,2.1088030119872223,-0.6278337340769499,-0.2898256611244095,693.6568192509834,23.197672156353764,1.0,106.0,55,70,143,106.0,KOT-ISE-KHAN
34842,Sawaya Rai Hithar (322),FIROZEPUR,30.62713,74.2025,34842,1912.104635340511,1912.49365234375,0.5703228723347801,0.2355696821083791,1.5471508583630658,-0.5477883485714079,-0.1517644549668469,619.9077907016175,24.001903930906963,1.0,59.0,98,95,105,62.0,GURU HAR SAHAI
34002,Singh wala (57),MOGA,30.6829624,75.02707,34002,1910.220644244795,1912.4927978515625,0.6489777699755822,0.2967648770864031,1.8337849966489304,-0.5935039643731792,-0.2170813748745245,691.7733542098507,23.31105998473199,1.0,4550.0,4470,0,1261,1580.0,MOGA-II
34138,Bhodiwala (Excluding Basti Bhateki)(261),MOGA,30.9369373,75.1404,34138,1914.132634100648,1912.4918212890625,0.6570235910107859,0.3289450324704818,1.9528236480119965,-0.6056336259897867,-0.2437998906834018,731.4165028741257,22.937485862209485,1.0,30.0,52,30,50,182.0,KOT-ISE-KHAN
37220,Waryah (156),AMRITSAR,31.6756763,74.7156754,37220,1912.8457435708144,1912.4913330078125,0.5440280987423521,0.1931414412775603,1.3259363084345872,-0.537987549604015,-0.1040846502616898,879.0007027795212,22.974869686455293,1.0,145.0,68,102,162,162.0,CHOGAWAN
29737,Aidalpur (275),JALANDHAR,31.0810814,75.3382645,29737,1916.8086917172425,1912.490234375,0.6340020915638159,0.3057120707209577,1.929009309882012,-0.58504019497997,-0.2235288876291258,753.2813940853288,22.878636427110667,1.0,2.47,30,1,120,99.0,SHAHKOT
34805,Chak Megha Rai (325),FIROZEPUR,30.2342339,74.13886,34805,1915.7484171833728,1912.48828125,0.6459735074898488,0.3045535328619518,1.654192028800643,-0.6002099976735975,-0.2111760480748298,654.3776336123841,23.88725093582366,1.0,137.0,130,80,89,144.0,GURU HAR SAHAI
34820,Bula Rai Hithar (310),FIROZEPUR,30.72072,74.4054642,34820,1915.728604073268,1912.4814453125,0.6453551166891103,0.2848764270107516,1.6785126465983362,-0.5971298691499739,-0.1985076721673278,628.4429173553588,23.973514540307832,1.0,243.0,115,105,122,263.0,GURU HAR SAHAI
34523,Pir Ahmad Khanwala (113),FIROZEPUR,30.9512558,74.66101,34523,1913.614062249117,1912.47900390625,0.557140562456987,0.2117403979576666,1.4476085513384915,-0.5320940919575525,-0.1306263136658652,637.1155905882797,23.71286718425523,0.9418483984253846,200.0,30,30,50,110.0,FIROZPUR
34573,Aku Mastu Ke (31),FIROZEPUR,30.9369373,74.65725,34573,1910.2818178936184,1912.47900390625,0.5791781224637584,0.2595844660490436,1.508437424539715,-0.560704335504661,-0.1635329579572503,665.9990045239823,23.53292379469844,1.0,2.0,30,30,200,292.0,GHALL KHURD
34845,Duleke Nathuwala (331),FIROZEPUR,30.6126118,74.32226,34845,1914.762281377758,1912.47802734375,0.6265336700030485,0.2781528079117782,1.6295724853344566,-0.5870028726841938,-0.188726151573797,612.9598262717622,23.949725210937288,1.0,585.2,75,0,70,633.0,GURU HAR SAHAI
39638,Belewal (74),SANGRUR,30.3783779,75.85614,39638,1912.9228090185088,1912.4779052734375,0.6131598028361345,0.2929919532156401,1.4886697723536602,-0.5780604703553436,-0.1957882017562168,725.414940994014,23.062530097044885,1.0,240.0,175,150,225,367.0,DHURI
37870,Rakh Bhohru (42),Tarn Taran,31.4954948,74.69813,37870,1915.3137182127648,1912.476806640625,0.6153571413772018,0.2085945766624692,1.562094163538141,-0.5932639891409798,-0.1325425163205151,843.4986415316956,22.92203865045581,0.9367213564270456,10.0,0,0,1,284.0,GANDIWIND-9
33895,Lopon (99),MOGA,30.666666,75.30644,33895,1912.962420174869,1912.4757080078125,0.6663138181336021,0.3093729468678869,1.9389777418565064,-0.614852643737511,-0.2339775577333161,698.0332360525904,23.22140048684713,1.0,1031.0,798,798,1848,2388.0,NIHAL SINGH WALA
29868,Mirpur (157),JALANDHAR,31.1171169,75.472084,29868,1912.655286034267,1912.4727783203125,0.6423116474638264,0.2641780914456249,1.9254461108384275,-0.5878963962522569,-0.1914969077830715,883.6240711619752,22.543239515608548,1.0,102.0,30,45,141,114.0,NAKODAR
34697,Fattewala Uttar (292),FIROZEPUR,30.9369373,74.46819,34697,1913.691092443512,1912.4718017578125,0.6062073412146746,0.248645329859654,1.48043546303026,-0.580603758655994,-0.1591732108362222,633.4915700366395,23.7499090722734,1.0,18.0,7,7,7,20.0,MAMDOT
29456,Hajipur (154),KAPURTHALA,31.2072067,75.18575,29456,1915.257030800244,1912.4686279296875,0.5779880930362586,0.2458945243860154,1.6957346584115138,-0.54577007107791,-0.1660212598425232,816.9662448575394,22.834234023093245,1.0,2.47,30,30,57,149.0,SULTANPUR LODHI
33424,Baura (36),LUDHIANA,30.9369373,75.81261,33424,1913.006060693364,1912.468017578125,0.562249862194898,0.2488946420863686,1.466208273153326,-0.5466506685293487,-0.1518687719590932,847.2780582568373,22.691448838774523,1.0,24.0,30,0,171,231.0,LUDHIANA-2
30450,Sangal Sohal (314),JALANDHAR,31.36937,75.35739,30450,1913.6918377151987,1912.4669189453125,0.3545521390993558,0.0196438816042258,1.161578756732331,-0.3634849004442775,0.0214738328221714,958.2364502360718,22.3924562069638,0.1199020804976157,2.5,5,10,300,192.0,JALANDHAR - WEST
37944,Allawalpur (96),Tarn Taran,31.477478,74.91614,37944,1909.920815484841,1912.4661865234375,0.6169956719172026,0.2783990256755608,1.7172480063739035,-0.5796533090086192,-0.1914789475396576,855.9307250192063,22.707733182606887,1.0,111.0,258,80,120,120.0,TARN TARAN-12
39589,Sherpur (31),SANGRUR,30.3423424,75.7238159,39589,1914.7073668939088,1912.4652099609375,0.6029601457639684,0.2699394245519124,1.528629145450151,-0.5759723926761273,-0.1831696795986971,690.8798118312105,23.37891470203415,0.9833395743002308,848.0,725,1001,1451,1019.0,SHERPUR
34647,Chuhar Khilchi (221/B),FIROZEPUR,30.6092987,74.2100449,34647,1911.2175857774475,1912.46484375,0.6236830770970327,0.2756739710358086,1.564172301719737,-0.5816392333154283,-0.1848261723508533,609.9960598161118,23.74760085130731,1.0,185.0,51,50,58,196.0,GURU HAR SAHAI
34517,Malwal (201),FIROZEPUR,30.8828831,74.72006,34517,1912.7543014608084,1912.463623046875,0.597817362357176,0.2579859844328594,1.529375283824526,-0.5675871744266585,-0.1697027181330888,647.9622664859193,23.662412032628083,0.9556200117404526,28.34,15,15,190,1594.0,GHALL KHURD
34574,Sidhu (32),FIROZEPUR,30.9369373,74.6152344,34574,1911.5938328254456,1912.461669921875,0.6130001675213815,0.2961783878704896,1.6403413805516185,-0.5834153955758418,-0.2023496954140224,665.9990045239823,23.53292379469844,1.0,73.0,50,55,55,162.0,GHALL KHURD
34145,Sangla (226),MOGA,31.0090084,75.26022,34145,1913.323225458551,1912.4610595703125,0.6578447294566844,0.3350964233814781,1.958958778726974,-0.6002586350487873,-0.248752241364116,731.4165028741257,22.937485862209485,1.0,291.0,600,39,205,322.0,KOT-ISE-KHAN
34712,Mallha Rahim Ke Uttar (297),FIROZEPUR,30.9369373,74.46819,34712,1915.5632794059973,1912.4603271484375,0.5963887952620512,0.2557768393798427,1.5114119620025896,-0.5631777408070531,-0.1672320645912892,634.2859978295179,23.74891315145444,1.0,88.0,68,65,70,72.0,MAMDOT
29478,Mulan Kala (118),KAPURTHALA,31.3153152,75.229744,29478,1916.3293142727005,1912.4593505859375,0.5816151268459774,0.2364219891229851,1.667004867108984,-0.5467910386234094,-0.1591900688637892,844.1720500143734,22.77618928667556,1.0,2.5,35,0,50,98.0,SULTANPUR LODHI
34606,Palha Megha (55),FIROZEPUR,30.9549541,74.6083,34606,1914.0255732844416,1912.45751953125,0.5627729054455229,0.2429158578055807,1.387783416200824,-0.5493334685407395,-0.1483904080059186,650.0806900670426,23.60889549887736,1.0,1045.0,56,55,70,1196.0,FIROZPUR
29136,Randhawa (16),KAPURTHALA,31.3873882,75.2241,29136,1913.478789733368,1912.4571533203125,0.5894788247728568,0.2939967455225561,1.6717860613078916,-0.556670483172862,-0.1952080277266945,855.3183767011063,22.46012897505409,1.0,800.0,70,70,135,297.0,DHILWAN
30411,Gobindpur (422),JALANDHAR,31.3873882,75.4562759,30411,1913.649116523568,1912.4564208984375,0.5443808218759891,0.1853302530038229,1.6344128212441995,-0.5216842766468923,-0.1133498303189621,958.2364502360718,22.3924562069638,1.0,150.0,0,0,200,158.0,JALANDHAR - WEST
29539,Jhugian Gamu (184),KAPURTHALA,31.2432442,75.1090546,29539,1909.9486929447835,1912.455810546875,0.5944920342068389,0.2992142926563654,1.7120577795385687,-0.5660399297792051,-0.2012201459322189,816.9662448575394,22.834234023093245,1.0,2.47,0,15,16,160.0,SULTANPUR LODHI
34677,Bhamba Haji (286),FIROZEPUR,30.9369373,74.46819,34677,1912.9339426081367,1912.451904296875,0.587583041426198,0.1973874713291484,1.4563791647028248,-0.5513571907551966,-0.120629568917663,633.4915700366395,23.7499090722734,1.0,76.0,70,78,82,197.0,MAMDOT
30056,Ramewal (96),JALANDHAR,31.0990982,75.33151,30056,1913.9422548335408,1912.4510498046875,0.64482107249527,0.3048051130674868,1.8923743540692903,-0.5976385039960791,-0.2223815525974835,824.797971215122,22.74385701393941,1.0,2.49,60,0,220,176.0,NURMAHAL
39584,Ramnagar Chhanna (28),SANGRUR,30.3783779,75.87703,39584,1912.5745081469663,1912.4493408203125,0.6425907780397668,0.3224656938977374,1.5977109805682137,-0.6132313202260532,-0.2254509870096999,698.2272210528748,23.277214520720065,1.0,371.0,480,200,390,418.0,SHERPUR
40015,Bazidke Kalan (44),BARNALA,30.3783779,75.7099457,40015,1911.3360695587328,1912.4481201171875,0.6520972550181557,0.3055656711673188,1.7301493211813004,-0.6050303555030537,-0.2216445075703373,679.1477595188885,23.464556785369886,1.0,560.0,205,210,460,622.0,MEHAL KALAN
37713,Chimabath (21),AMRITSAR,31.6036034,75.22898,37713,1914.8711372599555,1912.447021484375,0.4696466396879539,0.1359178981095506,1.4795908781565226,-0.4623649854393825,-0.0699983374443199,940.143757144178,22.405687401446112,0.9389352964356316,298.0,128,128,690,393.0,RAYYA
29930,Chak Kalan (11),JALANDHAR,31.27928,75.55939,29930,1912.8414698355184,1912.4427490234375,0.6114433735306863,0.2617420996809931,1.7425413979184403,-0.5740236137722746,-0.1827433206228927,892.3655989577668,22.53479004222732,1.0,279.0,115,115,469,322.0,NAKODAR
35045,Hasta Kalan (298),FAZILKA,30.2522526,74.17331,35045,1913.2088867935777,1912.442138671875,0.6028929007803366,0.2844222567880249,1.6552507988191782,-0.5549672119656296,-0.1943921015303347,505.52487741256977,24.343551980476068,1.0,288.0,250,142,225,1561.0,FAZILKA
39750,Bir Aishban (38),SANGRUR,30.2522526,75.842,39750,1912.062896988428,1912.4407958984375,0.6718541824777167,0.3271620142268185,1.754329613025918,-0.6131593065869486,-0.2360261746153812,664.920950215091,23.390750384608737,0.9826900149903413,2.47,38,18,354,391.0,SANGRUR
38304,Kuri Wallah (123),Tarn Taran,0.0,0.0,38304,1912.3133131894167,1912.4384765625,0.5238812434343886,0.1912425167085369,1.472449182014068,-0.5043340526179928,-0.109353322205814,940.791333000888,22.44797346272628,1.0,2.47,100,105,234,262.0,KHADUR-SAHIB-10
29909,Gandhran (63),JALANDHAR,31.3299828,75.23742,29909,1912.8680823939007,1912.434814453125,0.648560167546704,0.3037052677670472,2.0040250862436406,-0.5987959560746441,-0.2269464184838958,814.5788702180283,22.679460124891307,1.0,60.0,150,150,700,552.0,NAKODAR
34421,Malhuwala (173),FIROZEPUR,30.54054,74.1206055,34421,1911.5671560643857,1912.432373046875,0.6573035710559445,0.3193493823103649,1.9513660803746813,-0.5985379759196422,-0.2401747600200856,693.6538162639039,23.19813426734248,1.0,500.0,100,100,300,134.0,ZIRA
34354,Wirkanwali ( (359),FIROZEPUR,30.9369373,75.1404,34354,1910.9755182595047,1912.4288330078125,0.5849015028372974,0.2944407242328383,1.655844341517042,-0.5428565035996975,-0.1979615794265916,664.4877113619948,23.5232151223132,1.0,80.97,41,20,75,302.0,ZIRA
36330,Rohti Khas (174),PATIALA,30.3819027,76.1522446,36330,1910.554214910166,1912.426025390625,0.6057827236372801,0.2825562462008162,1.617981385530889,-0.5692272684272209,-0.1897125733229014,775.388428848018,23.00953171966017,1.0,381.0,180,60,301,454.0,PATIALA RURAL
39819,Sihal (131),SANGRUR,30.072073,75.9742,39819,1911.299557671992,1912.4251708984375,0.6474870900208538,0.2952033575653204,1.7790004570821998,-0.5940296089218859,-0.2138307973738273,678.6249819209473,23.415548694258007,1.0,35.0,218,3,462,610.0,DIRBA
33785,Kular (107),LUDHIANA,30.7747746,75.6425858,33785,1911.225649713996,1912.4189453125,0.6772503693676872,0.335073721891687,2.0337236919464066,-0.618096163675906,-0.2620664373720897,755.1301958968537,22.92033379166793,1.0,760.0,77,77,501,760.0,SUDHAR
29780,Heran (246),JALANDHAR,31.45946,75.45092,29780,1913.9478274597125,1912.418701171875,0.6278525427138593,0.3023316810546809,1.8105865626426976,-0.5833244900973581,-0.2160145697725069,733.9174094607728,22.97211084760505,1.0,105.0,20,10,88,117.0,LOHIAN
29880,Uggi (147),JALANDHAR,31.2252254,75.4318542,29880,1913.099209565755,1912.4173583984375,0.617549365867342,0.2609734374544799,1.7872240475587424,-0.5768450448957136,-0.1847470102359416,883.7549175822829,22.543113040767537,1.0,780.0,300,300,850,806.0,NAKODAR
33888,Patti Sham Singh (137),LUDHIANA,30.6846848,75.4462051,33888,1911.6591812907543,1912.4171142578125,0.6996074187413204,0.3529384416321283,2.006889872517906,-0.6409237044179107,-0.2743418067009193,729.9527469088929,23.01460955951262,0.837483122409187,301.0,450,150,266,320.0,JAGRAON
33828,Sangatpura (65),LUDHIANA,30.666666,75.47403,33828,1913.3592080953065,1912.416748046875,0.7008752943192508,0.3492183976947217,2.1066837123274658,-0.6419357124492285,-0.2743254933197053,770.1412559425306,22.78064488752901,1.0,450.0,170,60,211,450.0,JAGRAON
39818,Shafipur Kalan (132),SANGRUR,30.09009,75.96721,39818,1914.115001454523,1912.4161376953125,0.6175733502962683,0.287663411567143,1.6494091020490913,-0.5725147035679384,-0.1980586351711333,678.6249819209473,23.415548694258007,1.0,254.0,352,358,562,577.0,DIRBA
33968,Rode (111),MOGA,30.6811962,75.02188,33968,1912.922186099807,1912.4156494140625,0.6463711484501469,0.3085082898921309,1.8249714624900568,-0.6017313946365276,-0.2251473911745027,637.198898793878,23.59113624232041,0.9743571680904336,2400.0,650,558,940,3005.0,BAGHAPURANA
40036,Hardaspura (2),BARNALA,30.522522,75.57101,40036,1911.9395109131733,1912.4149169921875,0.664601725568998,0.3087863894891331,1.6633560112050814,-0.6311708320362214,-0.2215422346479559,722.5523804383164,23.155601469314885,1.0,472.0,350,300,384,518.0,MEHAL KALAN
39599,Salempur (38),SANGRUR,30.5238571,75.88616,39599,1912.933042074177,1912.4149169921875,0.6394105013820262,0.304437689407624,1.7541583540602308,-0.5931115881816543,-0.2196805514674013,687.3225540303441,23.43033919990706,0.9498344517060128,352.0,654,153,286,386.0,SHERPUR
32220,Nangal Jattan (205),Shahid Bhagat Singh Nagar,31.0450459,75.9406357,32220,1913.1807014216663,1912.413330078125,0.5909449616806823,0.2764712141591656,1.599363446878024,-0.5730206574003613,-0.1806254381746036,848.6085138345178,22.684343273970697,1.0,180.0,0,0,108,203.0,AUR
34615,Aulake (64/107),FIROZEPUR,0.0,0.0,34615,1912.3590469181845,1912.41259765625,0.5082072903722684,0.2268403092429047,1.2022875011444245,-0.4659214224405746,-0.1435500789306598,650.0806900670426,23.60889549887736,1.0,25.0,12,7,37,97.0,FIROZPUR
37169,Bhindi Aulakh Khurd (23),AMRITSAR,31.72973,74.61093,37169,1914.4976051422573,1912.4093017578125,0.5377705866758851,0.1786673728672303,1.3428613905461235,-0.5229544268766328,-0.0967349366071191,879.0007027795212,22.974869686455293,1.0,617.0,163,165,370,681.0,CHOGAWAN
33799,Malsian Bhaike (54),LUDHIANA,30.9369373,75.3714752,33799,1912.903686268418,1912.40869140625,0.6470943999064337,0.2937327902381989,1.9347964667609767,-0.5991017064025872,-0.2212674725920217,756.0238564960105,22.85914589276764,1.0,102.0,160,160,197,282.0,SIDHWAN BET
39594,Ina Bajwa (32),SANGRUR,30.457983,75.9778061,39594,1913.3070208578977,1912.40771484375,0.636488253492962,0.3186482847372507,1.585726195484088,-0.5986764836079626,-0.221259864681191,685.9742048194306,23.44681634021498,1.0,1022.0,965,410,941,1112.0,SHERPUR
34021,Dhudike (40),MOGA,30.5419312,75.10634,34021,1911.7092846403048,1912.40576171875,0.6673287320325433,0.3288649167866204,1.89331189541035,-0.6191601605864223,-0.2487965801154507,728.3988962580697,23.03250596098061,0.9724447350588736,495.5,786,560,1088,1782.0,MOGA-I
34424,Mohar (172),FIROZEPUR,30.9549541,74.71335,34424,1912.2430609724336,1912.4051513671875,0.6997923131183834,0.3623723962565023,2.0961712023855386,-0.6391662731855366,-0.2834834027363422,693.6538162639039,23.19813426734248,1.0,200.0,50,15,29,102.0,ZIRA
38297,Mal Chak (114),Tarn Taran,31.54955,75.01623,38297,1912.228300522937,1912.40380859375,0.5207130218157653,0.1848097062494221,1.511137623618783,-0.4976938133493739,-0.1073340710011774,896.61962715887,22.56292476641289,1.0,99.0,65,60,365,202.0,KHADUR-SAHIB-10
39743,Balwar Kalan (42),SANGRUR,30.2522526,75.842,39743,1910.2192528830328,1912.399658203125,0.6427002306087477,0.3131764678080289,1.711275804301591,-0.5906255078171332,-0.2186407650257502,665.146309515573,23.38978862364792,1.0,2.47,0,15,151,182.0,SANGRUR
39393,Maholi Khurd (8),SANGRUR,30.522522,75.88475,39393,1909.155604332419,1912.3995361328125,0.668133299191203,0.314677457105638,1.7843149461429362,-0.6237407010463968,-0.2328161899122791,735.2471421871599,23.08063449794593,1.0,407.0,27,0,319,457.0,AHMEDGARH
30028,Khokhewal (103),JALANDHAR,31.0270271,75.3165054,30028,1913.8156560316047,1912.3994140625,0.5852453863401329,0.2713115436324564,1.537384991057271,-0.5664049032740057,-0.1784230587111356,846.9622078349488,22.80621523879904,1.0,166.0,60,60,200,184.0,NURMAHAL
30455,Mirpur (400),JALANDHAR,31.36937,76.13819,30455,1912.5269056551072,1912.398681640625,0.5376825465295588,0.1751895020460411,1.7279147510029826,-0.5087626706372979,-0.1076168946806302,928.7443551232712,22.4461244842264,1.0,2.5,10,5,250,117.0,JALANDHAR - WEST
29860,Mehmadpur (164),JALANDHAR,31.0990982,75.33151,29860,1912.6732603080147,1912.398193359375,0.5938212604098322,0.2274784139198435,1.754098685801113,-0.560863217145439,-0.1553471892659798,878.9300989027562,22.56409349672727,1.0,2.47,50,48,102,166.0,SHAHKOT
29838,Isewal (91),JALANDHAR,31.0873737,75.30751,29838,1915.2551392153607,1912.3975830078125,0.5755920865156858,0.2415127558983322,1.5993794831733683,-0.5519279644712607,-0.155800325487291,766.9331672599213,22.841892629407766,1.0,144.0,16,16,105,166.0,LOHIAN
34020,Madhoke (41),MOGA,30.8219662,75.1742859,34020,1911.0604650546395,1912.396728515625,0.6800107489243998,0.3314068384935488,1.941429563491239,-0.6230920845853576,-0.2533215989957204,719.9608711907829,23.09044031821722,1.0,566.8,550,200,779,569.0,MOGA-I
33717,Barhampur (376),LUDHIANA,30.7027035,75.7117538,33717,1909.525762057903,1912.3927001953125,0.6542804196365425,0.3051906868511544,1.6853017501663878,-0.6227236609785463,-0.2179881572396475,732.1304782681223,23.10799370878678,1.0,10.0,10,0,321,432.0,PAKHOWAL
30405,Hassanpur (286),JALANDHAR,31.3153152,75.52501,30405,1912.0850656970704,1912.3912353515625,0.5338339101763684,0.1784264852826962,1.6439300734364046,-0.5063779112759205,-0.1104201029129604,958.2364502360718,22.3924562069638,1.0,2.47,0,0,17,55.0,JALANDHAR - WEST
38019,Jaura (239),Tarn Taran,31.45946,74.94397,38019,1909.104117671437,1912.388671875,0.6031435537539904,0.2556679990432166,1.6727377314506071,-0.5691245135776193,-0.1717566493900966,797.6379907759488,22.89120957439859,0.9593576160981072,10.0,552,552,752,1181.0,NAUSHEHRA PANNUAN-11
34177,Dholewala (237),MOGA,30.9549541,75.13356,34177,1909.7283977166423,1912.3883056640625,0.6664031499613485,0.3501078023086041,2.033905289995835,-0.6058285596712377,-0.2665981634197717,694.4905462672608,23.069375095900625,1.0,88.0,28,22,155,518.0,KOT-ISE-KHAN
39593,Kheri Khurd (11),SANGRUR,30.3797817,75.86482,39593,1913.4429728210305,1912.3878173828125,0.6617090493272453,0.3138275314644382,1.63402684271661,-0.6171851971469142,-0.2256248081484838,685.9742048194306,23.44681634021498,1.0,272.0,722,112,278,315.0,SHERPUR
33904,Bilaspur (170),MOGA,30.5765762,75.38289,33904,1910.879112617105,1912.3853759765625,0.6485093414121957,0.287170544060282,1.9115807866972967,-0.596541994928016,-0.213452280830612,682.0283896321197,23.36456493459356,1.0,11.904,164,710,757,1452.0,NIHAL SINGH WALA
34701,Pojoke Hithar (348),FIROZEPUR,30.9009018,74.46114,34701,1915.6821980908776,1912.383056640625,0.6074668253089194,0.2773161351954165,1.5052131746189408,-0.5782947479684089,-0.1811027771483978,633.5423963298683,23.749845354758968,1.0,90.28,90,90,100,222.0,MAMDOT
29301,Jallo Bhati (211),KAPURTHALA,31.36937,75.3996,29301,1915.7952528251456,1912.383056640625,0.6273851520835506,0.262568951700909,1.8974137925399,-0.5831367837637544,-0.1855949946290031,942.3733892848388,22.416556765311952,1.0,0.5,0,0,6,81.0,KAPURTHALA
29698,Maharajwala (233),JALANDHAR,31.45946,75.4297943,29698,1910.6643591066472,1912.3818359375,0.6110878527437023,0.2990759681957988,1.7855238045003143,-0.575092748275049,-0.2086938990239868,733.9174094607728,22.97211084760505,1.0,478.0,52,52,163,517.0,LOHIAN
29884,Saham (142),JALANDHAR,31.18919,75.40312,29884,1914.149209483155,1912.3814697265625,0.6316927922212776,0.2571514698179807,1.8638092216249809,-0.5830078078344965,-0.1865453797137663,892.3655989577668,22.53479004222732,1.0,299.0,30,1,151,328.0,NAKODAR
39583,Bari (29),SANGRUR,30.4864864,75.856636,39583,1913.8976684686656,1912.38037109375,0.6184259293337927,0.291892762120274,1.6213268301791417,-0.5894261758479232,-0.2007651764897981,698.2272210528748,23.277214520720065,1.0,200.0,250,260,582,746.0,SHERPUR
34672,Mehmud Ke Mahal Hithar (352),FIROZEPUR,0.0,0.0,34672,1913.4850314083187,1912.3800048828125,0.5528131270875675,0.1856611060246807,1.396215054344978,-0.5311286029181763,-0.1039489982805519,633.4915700366395,23.7499090722734,1.0,283.4,200,50,60,628.0,MAMDOT
30462,Khaira Majha (296),JALANDHAR,31.405405,75.449646,30462,1913.168190589586,1912.3798828125,0.5680508615551867,0.2074258595118558,1.7739630074602846,-0.5309101357142831,-0.137954584599849,928.7443551232712,22.4461244842264,1.0,2.5,50,5,355,224.0,JALANDHAR - WEST
39716,Rampura (51),SANGRUR,30.3423424,76.3919,39716,1910.997939365093,1912.378662109375,0.5804097937966763,0.2340665671955258,1.4488741267734249,-0.5575499821502222,-0.1466027028142386,681.229106349151,23.32106114839759,1.0,425.0,225,200,425,511.0,SANGRUR
34528,Dastul Sahibwala (124),FIROZEPUR,30.9729729,74.6223755,34528,1911.7134572165423,1912.3763427734375,0.6160759714306883,0.2749891804760697,1.6217937939710838,-0.5848556164423685,-0.1893697678537708,649.1893644561857,23.65360252651969,1.0,400.0,78,52,250,774.0,GHALL KHURD
34400,Buianwala (370),FIROZEPUR,30.9132538,74.8881454,34400,1913.9537889757733,1912.37255859375,0.6618252997760661,0.3106617000226657,1.8964673622265704,-0.6081600745477255,-0.2280564882481464,680.2076044490235,23.4222539006542,1.0,303.64,500,120,201,314.0,ZIRA
29222,Parvejnagar (48),KAPURTHALA,31.3873882,75.3296356,29222,1913.046301980924,1912.370849609375,0.5266213870690704,0.2006069743192354,1.6073184183460496,-0.5001287413748549,-0.1232145918043645,897.5934627463715,22.45076415034606,1.0,85.0,75,0,256,211.0,KAPURTHALA
33622,Manj (97),LUDHIANA,30.9006958,75.80898,33622,1914.7783384366685,1912.36865234375,0.424898102298307,0.1156052912287393,1.281408872062462,-0.4323974776957823,-0.0466973589163578,864.273304026355,22.76681682189809,0.5519531182638313,144.0,18,11,27,87.0,LUDHIANA-1
39581,Tibba (16),SANGRUR,30.4864864,75.856636,39581,1913.0851539518767,1912.3663330078125,0.6554647778172332,0.3122216023863985,1.6537690673634695,-0.622232206483467,-0.2226571159251358,698.2272210528748,23.277214520720065,1.0,1007.0,591,460,684,1139.0,SHERPUR
37708,Mehtabkot (12),AMRITSAR,31.6036034,75.2078247,37708,1914.549001120724,1912.364990234375,0.5049329365352081,0.1844070272092141,1.4474674365579825,-0.49575083786087,-0.1011473885642538,906.365397143812,22.407641518881864,0.9951175504647768,260.0,250,250,550,585.0,RAYYA
29533,Ahli Kalan (177),KAPURTHALA,31.2072067,75.18575,29533,1914.6044966378704,1912.3631591796875,0.664650736179098,0.3250020012074065,1.8419709364745456,-0.6177232709048155,-0.2373151938834987,816.9662448575394,22.834234023093245,1.0,544.32,734,0,298,599.0,SULTANPUR LODHI
37604,Gumtala Sub Urban (370),AMRITSAR,31.6396389,74.85601,37604,1912.6554643508312,1912.3623046875,0.3516255598122265,0.0323075688147612,0.8864920297913196,-0.3808211507310995,0.0284315957826449,915.7310010998566,22.62300232783325,0.1319487190150614,1142.0,42,0,103,1142.0,VERKA
29395,Shiv Dayalwala (81),KAPURTHALA,31.2252254,75.20008,29395,1912.278119757848,1912.3619384765625,0.5830433612614457,0.2401922062455003,1.657964663019051,-0.5474760818332777,-0.1594043748984557,890.1835466939782,22.71382421401438,1.0,2.47,0,0,72,115.0,SULTANPUR LODHI
37975,Kishangarh (273),Tarn Taran,31.4954948,74.84605,37975,1911.0719567021565,1912.3614501953125,0.62623910626455,0.2893516160692974,1.7264885827501273,-0.5950174034375398,-0.2013376713463717,820.6884691844477,22.809017093179644,1.0,128.0,15,5,35,140.0,NAUSHEHRA PANNUAN-11
29813,Saidpur Jhiri (84),JALANDHAR,31.0810814,75.35931,29813,1916.6033415842885,1912.3612060546875,0.6467840617121308,0.2973257352662413,2.086346340887596,-0.5804721652339759,-0.2208419891808023,783.0906274495147,22.78680903189004,1.0,2.47,0,0,800,165.0,SHAHKOT
34710,Gatti Basti Masta - 2 (358),FIROZEPUR,0.0,0.0,34710,1915.2818733189151,1912.35888671875,0.5984115363528263,0.2510798039177228,1.476948907717655,-0.5748136380339716,-0.1586652847281202,652.1934512069123,23.726463778742986,1.0,159.97,60,40,50,214.0,MAMDOT
29959,Budhi Pind (40),JALANDHAR,31.2252254,75.1790161,29959,1913.2484963057288,1912.35791015625,0.6282465793827847,0.2690656063303864,2.008421567407398,-0.5806430667606571,-0.1974126198988366,834.8475488831895,22.65798149232063,1.0,98.0,18,20,75,110.0,MEHATPUR
33693,Burj Hari Singh (158),LUDHIANA,30.6493359,75.58947,33693,1913.745809275901,1912.355712890625,0.6703045025625879,0.3054433365830489,1.7596722221583896,-0.6248938604005133,-0.2265331720679155,730.1558348348038,23.084250067546748,1.0,1.35,0,581,1581,704.0,RAIKOT
34716,Chak Ghobai Urf Taranwala (200),FIROZEPUR,0.0,0.0,34716,1909.3759977075133,1912.35498046875,0.6184394642063765,0.2727952254854038,1.545245219568996,-0.5874952923751144,-0.1817519605827461,633.4915700366395,23.7499090722734,1.0,5.37,60,150,190,326.0,MAMDOT
34511,Mohkam Bhatti (129),FIROZEPUR,30.9369373,74.6362457,34511,1912.1592686106933,1912.3543701171875,0.6581052372905173,0.3247115249834173,1.7738202666051692,-0.6149384014710815,-0.2345091273740279,664.1049907608417,23.54652118155986,1.0,222.0,95,0,70,244.0,GHALL KHURD
33470,Gaunsgarh (60),LUDHIANA,30.9369373,75.7916,33470,1914.0025851790567,1912.35302734375,0.5193818130889382,0.1818850302308678,1.5610970827602262,-0.5055090792617261,-0.107089854998026,861.4481481721299,22.69576022833502,1.0,21.0,90,0,209,480.0,LUDHIANA-2
34045,Khosa Jalal Singh wala (304),MOGA,30.9369373,75.1404,34045,1909.273596799472,1912.3516845703125,0.7138594305995055,0.3652161720678244,2.074032687271117,-0.6453922799152887,-0.2874134403343033,707.8110220839875,23.16254334835986,1.0,119.0,36,34,39,152.0,KOT-ISE-KHAN
34442,Karmiti (168),FIROZEPUR,30.8624535,74.93604,34442,1912.110083936425,1912.3486328125,0.6411114892168047,0.2982825442053574,1.6396869726647605,-0.5975374475065169,-0.2119403458838387,678.2785199135935,23.43260764798795,0.9556497130190454,161.94,80,80,144,156.0,GHALL KHURD
29701,Janian Chahal (232),JALANDHAR,31.0810814,75.3382645,29701,1910.3113548069848,1912.347412109375,0.6025076006129537,0.2788191550981863,1.7463605786063805,-0.5676119496037787,-0.1937123905873013,733.9174094607728,22.97211084760505,1.0,251.0,16,16,115,274.0,LOHIAN
38317,Chak Gagrewal (156),Tarn Taran,0.0,0.0,38317,1911.7355125188933,1912.345458984375,0.3907873976083989,0.20500364727495,1.1737479051572386,-0.3577423946293692,-0.0945816880014616,948.2148467380858,22.405220479520253,0.6632661060908785,147.0,5,2,6,139.0,KHADUR-SAHIB-10
39586,Rurgarh (25),SANGRUR,30.4864864,75.856636,39586,1910.9356204146472,1912.3436279296875,0.652216234641071,0.3402261806791894,1.627622582854487,-0.6181600546622332,-0.2384934256080721,710.6126490046876,23.17487815991421,1.0,350.0,611,104,215,378.0,SHERPUR
34147,Aminwala (255),MOGA,31.0090084,75.28124,34147,1911.7628235339,1912.343505859375,0.6290147899699452,0.3015887264371457,1.8506397406763984,-0.5818498467191074,-0.219221997888855,724.2711622280793,22.96300702912973,1.0,295.0,220,65,285,324.0,KOT-ISE-KHAN
38031,Sheikh (212),Tarn Taran,31.477478,74.91614,38031,1913.44743568231,1912.3431396484375,0.5851928502468933,0.2506304130448114,1.5102373576123156,-0.5640767009518673,-0.1590979218101846,799.0572246720689,22.93620046453458,1.0,430.0,48,22,215,246.0,TARN TARAN-12
29237,Phiali (195),KAPURTHALA,31.2972965,75.51057,29237,1912.993536383099,1912.341796875,0.5750523001744936,0.2054831407590392,1.8248409546538684,-0.5363602406584078,-0.1382904874461664,928.7443551232712,22.4461244842264,1.0,25.0,75,0,95,102.0,KAPURTHALA
33998,Mandiranwala (1),MOGA,30.72072,75.180954,33998,1911.5537995194893,1912.3411865234375,0.6683613847802722,0.2998154982502848,1.9858334425707604,-0.601343473527553,-0.2266276542117999,666.2963650405994,23.45891730191197,1.0,632.0,80,80,150,708.0,MOGA-I
33479,Nurwala (81),LUDHIANA,29.6216221,74.26427,33479,1918.157546337441,1912.33642578125,0.3888071212685349,0.0434725816627807,1.2007489048054558,-0.3988512554843596,0.0087893735143317,861.4481481721299,22.69576022833502,0.6834324609990181,10.0,34,50,252,336.0,LUDHIANA-2
39656,Dohla (93),SANGRUR,30.3783779,75.85614,39656,1913.0570462135408,1912.336181640625,0.5732385146656268,0.2504082104438693,1.41428841117579,-0.5492537013606855,-0.157351781274192,701.7093542029755,23.24478113269879,1.0,229.0,702,147,237,280.0,DHURI
34754,Chak Khundar (311),FIROZEPUR,30.9189186,74.47517,34754,1910.3568578662507,1912.3350830078125,0.6336826538309204,0.2757413169459006,1.6016185029383845,-0.591093919817712,-0.1868850710514121,634.6124204804795,23.884184272387643,1.0,43.0,52,50,80,109.0,MAMDOT
35007,Ghurka (314),FAZILKA,30.4144154,74.02464,35007,1914.913957716689,1912.3345947265625,0.6527091944062007,0.308297316843216,1.68169660561648,-0.6014976920626839,-0.2211313643435016,513.7749343762081,24.34450256529286,1.0,890.0,305,100,142,857.0,FAZILKA
34699,Fatehwala Hithar (351),FIROZEPUR,0.0,0.0,34699,1914.161348191841,1912.3343505859375,0.570945468675088,0.2349182126428185,1.3712651786501882,-0.5576212462173605,-0.1385590816453952,633.4915700366395,23.7499090722734,1.0,100.09,170,130,150,55.0,MAMDOT
29332,Machhipal (171),KAPURTHALA,31.405405,75.3652039,29332,1913.4541742035367,1912.333984375,0.6035928680758028,0.2323971048499628,1.8239997346052697,-0.5616902939665996,-0.1606619048564758,878.2818668324218,22.56697340709069,1.0,23.0,0,0,54,182.0,KAPURTHALA
34143,Adharman (223),MOGA,30.9549541,75.13356,34143,1912.60192631172,1912.333740234375,0.471738411205119,0.2078122880678649,1.3774716613721385,-0.4574387428716391,-0.1188593977120388,715.942138143087,22.992755983657467,1.0,123.0,3,1,2,352.0,KOT-ISE-KHAN
39663,Kaulseri (101),SANGRUR,30.3243237,75.93949,39663,1910.630677234684,1912.3330078125,0.5792320975091736,0.2434321165952795,1.4925362538775042,-0.5467983162562685,-0.1562516920067966,709.1188338696842,23.17865116700785,1.0,249.0,90,200,265,298.0,DHURI
33777,Agwar Pona (127),LUDHIANA,30.7747746,75.6425858,33777,1912.375280760431,1912.3330078125,0.6763048319179994,0.3357735242143599,1.9755719200496709,-0.6141585205133411,-0.2543768401225872,733.4537896325486,22.989663174797386,1.0,506.0,150,150,331,560.0,SUDHAR
34196,Kambo Kalan (209),MOGA,30.5045052,74.26042,34196,1908.8941159075405,1912.3309326171875,0.6189626055019898,0.3173816493277916,1.7660346737387234,-0.578278525873269,-0.2256666345510438,733.9174094607728,22.97211084760505,1.0,50.0,20,20,34,54.0,KOT-ISE-KHAN
40027,Dhaner (28),BARNALA,30.522522,75.57101,40027,1910.6707793953224,1912.330810546875,0.6926992296377632,0.339667837754931,1.93902378167274,-0.6355588329340291,-0.2595804369548525,686.35204394238,23.324186037128754,1.0,996.0,400,400,450,1099.0,MEHAL KALAN
38247,Johal Dhaiwala (349),Tarn Taran,31.4436874,74.99408,38247,1912.65108501543,1912.3289794921875,0.5606507653982602,0.2178099429628101,1.532624558345369,-0.5415763901857326,-0.1339858678163562,868.9469787289994,22.74958406038064,1.0,615.0,112,112,429,746.0,CHOHLA SAHIB-8
34403,Pihewali (367),FIROZEPUR,30.86253,74.93585,34403,1914.0876718242464,1912.3265380859375,0.6731893583810831,0.3255076967437442,1.8685962369321985,-0.6205558252526052,-0.2401109548530934,680.2076044490235,23.4222539006542,1.0,289.47,255,72,104,315.0,ZIRA
33699,Burj Hakiman (188),LUDHIANA,30.6495113,75.58939,33699,1913.0200194151853,1912.3251953125,0.6616001469634043,0.2861914305585904,1.7614389668365713,-0.6130782441935381,-0.2098520009232519,759.1378333976166,22.9943307142168,1.0,416.0,100,100,259,468.0,RAIKOT
29221,Bhawnipur (90),KAPURTHALA,31.3602066,75.35525,29221,1912.686818845665,1912.323974609375,0.5610250547422063,0.2350527234059796,1.7511131966970748,-0.5255075833332676,-0.1551404754428659,897.5934627463715,22.45076415034606,1.0,520.0,92,92,493,575.0,KAPURTHALA
33967,Samalasar (117),MOGA,30.4684677,75.04822,33967,1913.8787428894843,1912.3218994140625,0.6511867223895262,0.3253226598560861,1.9729026845722355,-0.600209319334582,-0.2411901991828646,594.7972394918276,23.786763961005686,1.0,2294.0,898,1961,2001,2893.0,BAGHAPURANA
29694,Mundi Shehrian (225),JALANDHAR,31.261261,75.2920151,29694,1912.1432725474056,1912.3216552734375,0.6168890056397163,0.297266905600133,1.8549093379122488,-0.5769640454279938,-0.2104092084892085,730.8265789675793,23.036293963786417,1.0,112.0,26,22,87,123.0,LOHIAN
29879,Talwandi Bharo (150),JALANDHAR,31.18919,75.40312,29879,1912.9394932560265,1912.3167724609375,0.6181119352538715,0.2623478522176143,1.7486171484639152,-0.5780976806413118,-0.1822473004468272,889.6895830206852,22.537376652480187,1.0,771.0,70,70,438,830.0,NAKODAR
29915,Nurpur (67),JALANDHAR,31.1351357,75.3811646,29915,1913.167575445013,1912.31494140625,0.6083379378055405,0.2586937002677529,1.9560281626984544,-0.5627335447636962,-0.189086454438479,814.5788702180283,22.679460124891307,1.0,65.0,25,20,600,365.0,NAKODAR
35110,Kabul Shah Hithar (283),FAZILKA,30.4144154,74.02464,35110,1913.6684485378685,1912.3133544921875,0.6277196208124263,0.3103156760298354,1.6218335792623808,-0.5705435065193318,-0.2153256962612976,480.2901688029664,24.46139456905496,1.0,275.0,708,56,162,297.0,FAZILKA
30068,Ajtani (81),JALANDHAR,31.0450459,75.54106,30068,1913.7805646667048,1912.31298828125,0.623251000930495,0.3113502267555332,1.7950088198081062,-0.5865267026534634,-0.2191272767656829,819.8135867170149,22.64295414661903,1.0,514.0,121,121,142,535.0,NURMAHAL
29376,Baja (58),KAPURTHALA,31.2252254,75.2422256,29376,1913.8769813063595,1912.311767578125,0.6011835924681068,0.2703367358611159,1.6765401074302206,-0.5640449058384818,-0.1822045156181954,904.6856077626444,22.66446436963176,1.0,134.8,60,0,237,135.0,SULTANPUR LODHI
34173,Rehrwan (225),MOGA,30.8648643,74.9789,34173,1910.8551695804224,1912.3094482421875,0.65953162398834,0.3345634829011988,1.8916430473112824,-0.603325179230096,-0.2491981128165708,694.4905462672608,23.069375095900625,1.0,323.0,82,300,328,357.0,KOT-ISE-KHAN
33887,Kaunke (136),LUDHIANA,30.6846848,75.4462051,33887,1911.6637931528287,1912.3070068359375,0.6836855767751056,0.3385179098330625,1.9211325657528835,-0.6269930295298192,-0.2610223934852445,727.1993288614005,23.026691814399125,0.9820520864422974,2367.0,1800,1700,2160,2627.0,JAGRAON
33883,Agwar Gujjran (126),LUDHIANA,30.6846848,75.4462051,33883,1912.1463076406928,1912.3067626953125,0.515845647886214,0.1856616953680236,1.4880775862969808,-0.5033421640838399,-0.1194387720006087,732.6474822755605,22.995408449881264,0.5680219980039533,1412.0,500,650,1164,1908.0,JAGRAON
29284,Bibri (96),KAPURTHALA,0.0,0.0,29284,1914.3665740691724,1912.3065185546875,0.5896441559906822,0.2255212279067456,1.7372466953744268,-0.5570665273543957,-0.1558399542517595,923.7338992764847,22.55090936966161,1.0,0.65,38,40,55,175.0,KAPURTHALA
36269,Dugal Kalan (141),PATIALA,29.8918915,76.10666,36269,1910.964797538249,1912.3055419921875,0.5902404103133467,0.2579699284103356,1.623549276396171,-0.5496938483873146,-0.1731350584787908,649.4714948885213,23.70621951115201,0.9971137781992084,600.0,100,100,145,1258.0,PATRAN
39433,Khurd (120),SANGRUR,30.522522,75.88475,39433,1910.358009889944,1912.3045654296875,0.6457396463144415,0.3092737309756733,1.634843578925619,-0.6108168688085137,-0.2184541473723701,731.2966022799073,23.08918499184833,0.9833135166237704,50.0,50,0,596,864.0,AHMEDGARH
29889,Haer (135),JALANDHAR,31.18919,75.40312,29889,1913.13475448584,1912.3035888671875,0.6137532117734685,0.2532902653297366,1.7681992981571932,-0.576135915978044,-0.1768781974235667,890.9732301031611,22.53613589204216,1.0,569.0,70,75,464,650.0,NAKODAR
33875,Leelan (51),LUDHIANA,30.666666,75.47403,33875,1912.7190325141792,1912.3023681640625,0.6728435473324132,0.3220296386829855,2.016536285066732,-0.6171420949128622,-0.2484081059353877,768.8948153358724,22.78800013697001,1.0,1000.0,300,300,805,1000.0,JAGRAON
33712,Bhaini Rora (349),LUDHIANA,30.7027035,75.7117538,33712,1913.1197950890955,1912.30224609375,0.6550059709479953,0.2797641294397008,1.7535659651156634,-0.6084233817133131,-0.2053504420408502,759.1378333976166,22.9943307142168,1.0,291.0,245,250,370,291.0,PAKHOWAL
34267,Shah Dinwala (75),FIROZEPUR,31.27928,74.56851,34267,1911.9904612077169,1912.298828125,0.5681557213718642,0.2958775176618822,1.6108124448996362,-0.5447771335143284,-0.1943652743916968,729.512378043908,23.073158797246908,1.0,71.0,0,0,2,76.0,MAKHU
38328,Bodewal (148),Tarn Taran,31.5623379,75.03368,38328,1914.0460797869364,1912.29150390625,0.5218916554199048,0.1969436971615976,1.6239313089939111,-0.5048328773981308,-0.1165880924047242,953.4446242263216,22.404917930807244,1.0,1.8,50,50,110,136.0,KHADUR-SAHIB-10
34499,Ratta Khera baja Kotwal (147),FIROZEPUR,30.9369373,74.6362457,34499,1909.9191065118323,1912.2896728515625,0.673096371173082,0.3352765647513251,1.860333993117853,-0.6214948924605347,-0.2501037263939653,666.8790434453684,23.515919708983613,1.0,75.0,25,18,68,238.0,GHALL KHURD
39739,Rupaheri (237),SANGRUR,30.1572742,75.90119,39739,1908.926755347384,1912.288330078125,0.6463746135283999,0.308444045338563,1.646921987469238,-0.6003667321981716,-0.214655131148884,682.0104661395447,23.32451465486116,1.0,2.47,200,0,245,376.0,SANGRUR
29700,Janian Chahal(353/216),JALANDHAR,31.0810814,75.3382645,29700,1910.0940601549505,1912.287353515625,0.6442271382275906,0.3232781701354301,1.7781820752065438,-0.6081064813993188,-0.2322006067129894,733.9174094607728,22.97211084760505,1.0,73.0,9,9,36,78.0,LOHIAN
39676,Fatehgarh Bhadson (12),SANGRUR,30.2882881,76.09938,39676,1909.2818929454515,1912.28515625,0.6137091854908797,0.2684587644604286,1.493069493202237,-0.5832762034064405,-0.1775054819939454,697.4079254081147,23.226396516607792,1.0,299.0,100,200,280,318.0,BHAWANI GARH
29519,Raman (146),KAPURTHALA,31.2072067,75.20682,29519,1916.1313870523384,1912.2840576171875,0.5905020258763324,0.2847917819694849,1.6209401780099917,-0.5717025622747771,-0.1876400745211084,817.6535274902751,22.814707142371905,1.0,2.47,39,36,56,172.0,SULTANPUR LODHI
29460,Mand Bandu Jadid (165),KAPURTHALA,31.2252254,75.20008,29460,1915.0662758407525,1912.2830810546875,0.4736647432230066,0.2653560692951264,1.2913835534349154,-0.4593047851900545,-0.1364634527809004,860.2201614743134,22.763795571072883,1.0,2.47,0,5,5,126.0,SULTANPUR LODHI
34791,Chak Mabain Hardo Dhandi (240),FIROZEPUR,30.666666,74.38475,34791,1911.4528694330693,1912.2828369140625,0.6137171747478666,0.2729039877232274,1.5782681387981952,-0.5780604172338477,-0.1826802722940502,634.6124204804795,23.884184272387643,1.0,400.0,850,150,163,469.0,MAMDOT
34038,Talwandi Bhagerian (25),MOGA,30.5419426,75.10632,34038,1910.1738069392648,1912.2825927734375,0.5825561208360881,0.2405051399012092,1.7418840646432092,-0.5509719627369546,-0.1674992031621935,708.8662209680379,23.116920351586327,0.994517371847181,688.0,515,450,656,776.0,MOGA-I
29167,Padde (32),KAPURTHALA,31.4954948,75.35319,29167,1912.5372633168788,1912.2821044921875,0.5556216774050077,0.2397300600632667,1.5368576429441798,-0.5321432643484133,-0.1480503986656262,904.3606760909456,22.40775749432817,1.0,247.0,22,22,351,284.0,DHILWAN
29117,Sangowal (100),KAPURTHALA,31.36937,75.14636,29117,1913.901773222988,1912.2816162109375,0.590542285380845,0.2687090377843079,1.708342144839854,-0.5581987035407054,-0.1789483235219777,855.3183767011063,22.46012897505409,1.0,120.0,37,13,101,138.0,DHILWAN
29767,Parana (203),JALANDHAR,31.0810814,75.3382645,29767,1912.0467579463416,1912.2808837890625,0.6408443870997794,0.3114636657060901,1.810266125639226,-0.5959614950259737,-0.2225268967927936,733.9174094607728,22.97211084760505,1.0,114.0,9,9,18,127.0,LOHIAN
29546,Mand Indresa (189),KAPURTHALA,31.2072067,75.18575,29546,1910.8499842913643,1912.2806396484375,0.6474579231580568,0.3346626857046686,1.9389340037564504,-0.5972186180715681,-0.243075268948266,816.9662448575394,22.834234023093245,1.0,2.47,0,0,1,130.0,SULTANPUR LODHI
29370,Burewal (57),KAPURTHALA,31.2252254,75.2422256,29370,1915.6365454011288,1912.2791748046875,0.578987175730411,0.2506999473911945,1.6518365134244244,-0.5491171547407354,-0.1642608378149578,917.4439440929536,22.588295452411856,1.0,156.0,60,0,90,175.0,SULTANPUR LODHI
33999,Jhandewala (2),MOGA,30.7635212,75.26331,33999,1910.0326994225336,1912.2786865234375,0.6174807547661202,0.2514104752797297,1.7729767924328352,-0.5686039624063053,-0.1758241808781579,677.5114319570548,23.40180489544844,0.9592062002072526,452.0,500,500,554,695.0,MOGA-I
34078,Daulatpur Uncha (10),MOGA,30.9369373,75.32946,34078,1910.9174003634275,1912.27783203125,0.6467114026520295,0.3203874259129692,1.8202149281603728,-0.5944858266355533,-0.2306920954905333,698.2351931741135,23.3281582133003,1.0,4230.0,0,80,280,533.0,MOGA-II
30078,Bhandal Buta (68),JALANDHAR,31.3413715,75.56497,30078,1911.5403500167529,1912.2767333984375,0.6446896235287602,0.3010386547836495,1.8766030522946628,-0.5997517312404121,-0.2205289175811909,821.2975802829163,22.77606139731529,1.0,50.6,250,30,147,218.0,NURMAHAL
30423,Trar (283),JALANDHAR,31.3153152,75.58828,30423,1910.838711973092,1912.27392578125,0.5571017529835783,0.2203362080112101,1.657149037686504,-0.5332523546530529,-0.1395203414225528,958.2364502360718,22.3924562069638,1.0,61.0,5,25,141,76.0,JALANDHAR - WEST
35043,Walle Shah Uttar (317),FAZILKA,30.4144154,74.02464,35043,1912.886928497992,1912.27294921875,0.6424794610418293,0.3078400808111783,1.6344644550716032,-0.5953944429091541,-0.2175929787582927,509.04012149283966,24.34395701254612,1.0,478.0,1002,202,602,265.0,FAZILKA
34112,Kishanpur Khurd (278),MOGA,30.9369373,75.1404,34112,1908.7860462079327,1912.27197265625,0.6942345058983482,0.3512050616333211,2.083598923889672,-0.6352042497791658,-0.2730675234751025,767.6062221230894,22.84652513292326,1.0,292.0,103,104,154,337.0,KOT-ISE-KHAN
30014,Gag Alias Dhagara (87),JALANDHAR,31.0810814,75.59072,30014,1915.4322179259475,1912.271484375,0.4967236324115358,0.2286271926857663,1.299736052220127,-0.4815895192668167,-0.1352235148744021,828.8223537614243,22.70683178993221,1.0,363.0,70,70,117,516.0,NURMAHAL
34608,Saide Ke (58),FIROZEPUR,30.9549541,74.6083,34608,1912.5518777720808,1912.269775390625,0.6210018207339304,0.2756754959813245,1.6181342437845512,-0.5915714375441793,-0.1861279952741744,650.0806900670426,23.60889549887736,0.8715282244815232,215.0,65,65,113,222.0,FIROZPUR
29473,Tarf Haji (137),KAPURTHALA,31.2699032,75.25869,29473,1917.9012912610992,1912.2689208984375,0.5639269407748551,0.2406068609391857,1.6829681515754198,-0.5383840851863504,-0.1572968395004149,817.6976385524171,22.81345387128846,0.973409640536905,205.18,12,0,56,246.0,SULTANPUR LODHI
33892,Dalla (141),LUDHIANA,30.666666,75.45308,33892,1911.5305651969109,1912.2685546875,0.6778250618408594,0.325602620728466,1.8989178483771825,-0.6204607877557426,-0.2489058814986658,705.5776914967284,23.122234685206585,1.0,1043.0,865,450,985,1198.0,JAGRAON
34619,Lamochar (67),FIROZEPUR,0.0,0.0,34619,1913.1947679088355,1912.267333984375,0.6283194311699909,0.2190655608506782,1.6446556072849017,-0.5706927313628908,-0.1487036296530108,650.7621946742432,23.616077457409176,1.0,10.0,0,1,1,52.0,FIROZPUR
36210,Achral Khurd (63),PATIALA,30.3423424,76.41278,36210,1912.8943054489043,1912.2659912109375,0.5379684332873217,0.2261277638315743,1.3190385797651023,-0.5343230621471656,-0.1266431730493081,762.7116831948655,23.10110317520452,1.0,550.0,65,60,125,213.0,SAMANA
36520,Rakhra (37),PATIALA,30.3963966,76.5177,36520,1912.6569065635688,1912.265380859375,0.5410111760502477,0.2158070763142102,1.4231126830176113,-0.525818559337345,-0.1256373374376219,796.7222898991103,23.00635410329281,1.0,1300.0,55,135,275,642.0,PATIALA
30218,Jaitowal (37),JALANDHAR,31.1171169,75.70359,30218,1909.2804104869304,1912.2645263671875,0.6903820982426554,0.3190786970693937,2.112384951244913,-0.6292375447829781,-0.2459781583304674,831.9011124780076,22.70811725901973,1.0,229.0,80,80,96,229.0,RURKA KALAN
33686,Aitiana (99),LUDHIANA,30.7747746,75.6425858,33686,1914.0741266802168,1912.263671875,0.6106217345448006,0.2370151154799712,1.696940246774025,-0.5799513641063191,-0.1725633675742239,741.6744122865616,23.00864924178069,0.9500726416592252,728.0,200,300,750,964.0,SUDHAR
39556,Mohamadgarh (87),SANGRUR,0.0,0.0,39556,1913.599460149744,1912.2586669921875,0.5903739904053011,0.2821907211982783,1.4235652348392558,-0.5668931817740981,-0.1789888848282206,725.414806305675,23.06253113254212,1.0,144.0,65,65,175,172.0,MALERKOTLA
35111,Asafwala (272),FAZILKA,30.4106655,74.02775,35111,1913.8243005648849,1912.2584228515625,0.5775889479847017,0.2656470448620538,1.592210875080463,-0.5240573346060722,-0.1720592090442527,477.58445419072257,24.46543215212342,1.0,276.0,820,115,327,329.0,FAZILKA
29125,Lakhan Khurd (138),KAPURTHALA,31.3153152,75.229744,29125,1912.266691660488,1912.258056640625,0.5453977698209039,0.2071420928233668,1.7613735687574386,-0.5087020924873543,-0.1324689413893112,894.9144387694649,22.420642583928604,1.0,86.0,0,0,225,231.0,KAPURTHALA
29103,Mand Chakoki (87),KAPURTHALA,31.3873882,75.3085251,29103,1913.5106682860896,1912.2578125,0.4940564719498038,0.1936237240065411,1.5228548952226393,-0.4705823181045839,-0.1087181710818154,860.1543836870278,22.409677570869253,0.879601204982736,10.0,20,21,25,850.0,DHILWAN
38291,Nagoke (132),Tarn Taran,31.54955,75.01623,38291,1911.459369681017,1912.257080078125,0.5101571452166582,0.194446188482517,1.434836657668473,-0.5011911289663491,-0.1089313090188165,910.4561182454823,22.58182605655641,0.9962487336063498,190.0,100,150,1313,1010.0,KHADUR-SAHIB-10
29433,Jhanduwala Kamboan (86),KAPURTHALA,31.2252254,75.20008,29433,1915.3056612522328,1912.25634765625,0.5673113708415438,0.245676644598864,1.616489688038908,-0.5376767465348932,-0.1592724183894809,866.2248319971709,22.75401704164476,1.0,2.47,0,0,90,102.0,SULTANPUR LODHI
38033,Sarai Diwana (213),Tarn Taran,31.477478,74.91614,38033,1912.048111738093,1912.25537109375,0.5478993201393462,0.2260430120112479,1.3992106053624362,-0.534213554083214,-0.1316973863995287,799.0572246720689,22.93620046453458,1.0,130.0,46,12,157,154.0,TARN TARAN-12
39429,Dasaundha Singhwala (7),SANGRUR,30.3783779,75.85614,39429,1912.7847207590696,1912.2547607421875,0.6244386826622877,0.2973105521262969,1.5414307699995036,-0.6084593246809032,-0.1998585133551084,720.1409755314805,23.16782225218432,1.0,912.0,100,200,566,1014.0,AHMEDGARH
39453,Akhtiarpura (61),SANGRUR,30.3603611,75.8630447,39453,1910.9012240879604,1912.2518310546875,0.6180914224127874,0.2780615727667399,1.62454640317091,-0.5704324741193814,-0.1914694263316216,739.7148190566775,23.02411982595697,1.0,111.0,160,0,76,120.0,AHMEDGARH
29876,Chuhar (149),JALANDHAR,31.2252254,75.41079,29876,1913.229191060406,1912.251220703125,0.5863773631586104,0.2345963090967646,1.7045248865362326,-0.5541817028894901,-0.1585934406826379,883.6240711619752,22.543239515608548,1.0,352.0,100,100,250,390.0,NAKODAR
39679,Dialgarh (38),SANGRUR,30.2882881,76.09938,39679,1909.057811428366,1912.250732421875,0.5710516916052575,0.2380724433491912,1.4068768895094588,-0.5553637516476747,-0.1433500145269885,733.3999865955939,23.11800195514431,1.0,250.0,90,145,250,232.0,BHAWANI GARH
36202,Bahmana (88),PATIALA,30.216217,76.18953,36202,1911.5944172458733,1912.2496337890625,0.6071856835476177,0.2813903578542084,1.59681931386093,-0.5682325577080751,-0.1893990724176899,732.7705477202109,23.17180129490849,1.0,195.0,40,50,66,1838.0,SAMANA
34679,Wahke (282),FIROZEPUR,0.0,0.0,34679,1912.9743362718696,1912.2491455078125,0.5541263374631802,0.2548072741997991,1.339103381979729,-0.5496878843701948,-0.1500973530377046,633.4915700366395,23.7499090722734,1.0,50.6,200,50,60,287.0,MAMDOT
34402,Sodhiwala (339),FIROZEPUR,30.8932343,74.69879,34402,1912.7819099256217,1912.2489013671875,0.6354173113183834,0.2964399730988164,1.7382825983995511,-0.5968162303597007,-0.208779635750116,680.2076044490235,23.4222539006542,1.0,850.2,170,200,270,997.0,ZIRA
33669,Mandiani (77),LUDHIANA,30.9189186,75.483284,33669,1913.9436135507003,1912.24853515625,0.6206561782438018,0.2639754749934527,1.844946815711684,-0.5803451477603787,-0.1957923063561727,756.5172449230083,22.912865854256584,1.0,695.0,450,450,644,812.0,SIDHWAN BET
36206,Namada (92),PATIALA,30.216217,76.18953,36206,1913.265611369099,1912.248046875,0.5890711065168511,0.271251465168856,1.5046945309709534,-0.5624758782160533,-0.1760408777998924,721.770355384578,23.19777535708772,1.0,233.0,80,80,160,261.0,SAMANA
29334,Thigli (169),KAPURTHALA,0.0,0.0,29334,1913.5653220108284,1912.247802734375,0.5792797558506524,0.2275222991656407,1.697796823832774,-0.552043347854394,-0.1527719095952015,906.4481965876946,22.54445882504853,1.0,2.5,25,20,112,380.0,KAPURTHALA
34170,Rasulpur (248),MOGA,30.738739,75.04827,34170,1911.700247022345,1912.247314453125,0.6773362683880024,0.3568416581737821,2.088252331293848,-0.6122934926285366,-0.2727496392572943,694.4905462672608,23.069375095900625,1.0,136.0,170,65,68,151.0,KOT-ISE-KHAN
34555,Nizamwala (25),FIROZEPUR,30.9574451,74.60802,34555,1919.5552902761017,1912.2464599609375,0.5790893066450518,0.2608039204035861,1.4798604228947685,-0.5628995685866828,-0.1628297959201032,683.2623342693713,23.4271853950719,1.0,462.0,150,100,200,518.0,FIROZPUR
36322,Ichhewal (96),PATIALA,30.3603611,76.15539,36322,1912.731196942856,1912.2462158203125,0.5659361822425887,0.2546148456819689,1.472852500012625,-0.5446348944163435,-0.1584794823626245,775.0845495489268,23.01726436468967,1.0,347.0,250,60,220,371.0,PATIALA RURAL
38334,Hardo Sarli (118),Tarn Taran,31.5675678,75.0095749,38334,1912.8137358490528,1912.24560546875,0.4597038580949026,0.127171568615258,1.3367368781908662,-0.4552253219731176,-0.0537757099743251,940.791333000888,22.44797346272628,1.0,2.5,225,300,625,532.0,KHADUR-SAHIB-10
34404,Malhe Shahwala (366),FIROZEPUR,30.88134,74.91751,34404,1915.1096150889216,1912.2437744140625,0.6773450701123147,0.3285324789171173,1.9758215399698709,-0.6177362841097562,-0.2485262788509923,680.2076044490235,23.4222539006542,1.0,153.84,70,49,90,137.0,ZIRA
35150,Korianwali (CT),FAZILKA,30.3963966,74.03187,35150,1910.85690670656,1912.2430419921875,0.539676015225149,0.2098133711108364,1.397547778593922,-0.5118362239277481,-0.1255746693165742,493.9769449641602,24.417633952211705,1.0,650.0,4300,482,625,0.0,FAZILKA
34229,Madahar Shera (98),FIROZEPUR,31.0810814,75.00165,34229,1909.1495612056792,1912.2418212890625,0.6693108644509695,0.3567674981349699,1.9302469050043765,-0.6113586997955479,-0.2660523101599912,729.2441966941254,23.069153166359456,1.0,2.47,0,0,52,102.0,MAKHU
37995,Dhun (353),Tarn Taran,31.261261,74.97584,37995,1917.90733598228,1912.2408447265625,0.5057437774323381,0.19915692548121,1.4294978198517183,-0.4879918910928758,-0.1085693639798129,799.6097256923757,22.914011607007907,0.9503579672508238,892.0,16,190,363,1005.0,CHOHLA SAHIB-8
39605,Qila Hakiman (53),SANGRUR,30.39244,76.1852646,39605,1911.3299331036628,1912.2406005859375,0.6599186539589864,0.3304427460282358,1.823446907013324,-0.6083601482344744,-0.2435167832798389,677.7017409946953,23.549963388610056,1.0,852.0,766,212,448,966.0,SHERPUR
29987,Bir Baloki (326),JALANDHAR,31.0990982,75.28943,29987,1913.2285694715304,1912.2396240234375,0.5631696108558542,0.2269036387745322,1.6303917111359103,-0.5402313210867566,-0.1446811253338172,779.7289930087592,22.745059569861823,1.0,2.47,0,21,101,396.0,MEHATPUR
34762,Malsian (243),FIROZEPUR,30.8828831,74.40514,34762,1911.1648483954048,1912.2371826171875,0.5887018740263882,0.253045765208282,1.5254543083140508,-0.5478014420480611,-0.1608975421770713,634.6124204804795,23.884184272387643,1.0,115.0,58,25,44,112.0,MAMDOT
39390,Faujewala (5),SANGRUR,30.522522,75.88475,39390,1912.2132234701355,1912.2354736328125,0.646384445367652,0.3019615921321611,1.5800440187328395,-0.6188910122853407,-0.2091336944678087,732.1018817832368,23.108114059784786,1.0,184.0,80,0,52,204.0,AHMEDGARH
37706,Pheruman (13),AMRITSAR,31.6036034,75.22898,37706,1914.475474001696,1912.234619140625,0.4889590575501745,0.1611666591457351,1.4445277268100407,-0.4809732642050803,-0.0843642858485655,953.4446242263216,22.404917930807244,1.0,507.0,408,408,710,597.0,RAYYA
33651,Basaimi (134),LUDHIANA,30.9189186,75.483284,33651,1911.355646940384,1912.234130859375,0.618762574347991,0.2669306755487782,1.8079447019577488,-0.5816507722078706,-0.1896598300212326,819.4311651399033,22.722257702118725,1.0,170.0,91,91,132,264.0,SIDHWAN BET
34077,Burj Sahiba (8),MOGA,30.8648643,75.04187,34077,1910.913142242033,1912.2318115234375,0.6670557045467748,0.3275139931094389,1.840663607583264,-0.6149288971321865,-0.2400920242095103,698.2351931741135,23.3281582133003,1.0,750.0,0,0,750,106.0,MOGA-II
33715,Maherna Kalan (381),LUDHIANA,30.7027035,75.6907959,33715,1909.0250628652616,1912.2265625,0.6414419696974651,0.2971555339543544,1.6387898673300985,-0.6067485919747194,-0.2129150178042786,747.8352826882121,22.98978618731157,1.0,15.0,300,0,511,675.0,PAKHOWAL
34792,Guddar Dhandi (241),FIROZEPUR,30.666666,74.36381,34792,1911.90035042871,1912.2265625,0.5933762780556756,0.2502550665738417,1.4837156883398674,-0.5642430110935688,-0.1587566527300925,634.6124204804795,23.884184272387643,1.0,600.0,500,150,200,1856.0,MAMDOT
34601,Sodhewala (50),FIROZEPUR,30.9549541,74.6083,34601,1913.471002677562,1912.2259521484375,0.545633610221614,0.2195079816517716,1.438594163802527,-0.5290143568972064,-0.1310699749023247,650.0806900670426,23.60889549887736,1.0,25.0,0,0,300,211.0,FIROZPUR
30429,Gakhal (279),JALANDHAR,31.36937,76.13819,30429,1913.6470635066817,1912.2247314453125,0.467553788815911,0.1003684644934041,1.5221714973631726,-0.4558579898948218,-0.0449133697341218,958.2364502360718,22.3924562069638,0.4784916267894452,2.5,20,5,550,186.0,JALANDHAR - WEST
34131,Kanwan (263),MOGA,30.6780663,75.02201,34131,1914.3838982359584,1912.2242431640625,0.6385289241023209,0.3220784530889511,1.8268475397000603,-0.5997571388263934,-0.2320793054017953,731.4165028741257,22.937485862209485,1.0,140.0,7,28,88,153.0,KOT-ISE-KHAN
34372,Baghelwala (168),FIROZEPUR,30.9729729,75.00063,34372,1912.4328320545635,1912.2239990234375,0.660913010166199,0.3511794623149673,1.986471427876181,-0.6075639866048076,-0.2650581002268727,693.6538162639039,23.19813426734248,1.0,400.0,390,90,100,186.0,ZIRA
33740,Nathowal (169),LUDHIANA,30.64865,75.58562,33740,1910.581284415042,1912.22119140625,0.6651501751694504,0.2920917025002131,1.7857801519098593,-0.6166629007275436,-0.2173910922189444,691.6006448676484,23.26709664117152,1.0,700.0,2596,290,722,872.0,RAIKOT
34633,Kahan Chandwala (96),FIROZEPUR,30.9189186,74.58018,34633,1911.0705787614056,1912.220947265625,0.5672668598723613,0.2585742725838196,1.4537573037396092,-0.5447844915335086,-0.1588452635783598,630.8803054501908,23.741871670056355,1.0,50.0,50,20,230,210.0,FIROZPUR
29435,Lakh Warah (105),KAPURTHALA,31.2252254,75.26329,29435,1915.1185535154696,1912.2198486328125,0.5347704620755614,0.2512790649917065,1.553722350184061,-0.5004559712916797,-0.1576218302375565,851.3777617594237,22.778195306328875,1.0,100.77,60,0,112,109.0,SULTANPUR LODHI
34641,Khai (78/88),FIROZEPUR,30.9189186,74.58018,34641,1910.4511074909267,1912.2181396484375,0.5525311261944058,0.2233898487616609,1.3360343104562102,-0.5430771903022963,-0.1283712164428053,631.5770480616019,23.74401622508917,0.936968662097928,61.53,60,25,50,1619.0,FIROZPUR
34566,Achhewala (20),FIROZEPUR,30.9242744,74.6227951,34566,1911.13214362781,1912.2176513671875,0.5657677916465572,0.2406504704642956,1.473871583919285,-0.5502314492630603,-0.1479307896245475,684.4847592522996,23.46220865201116,1.0,87.0,200,100,136,217.0,GHALL KHURD
33918,Ransih Khurd (155),MOGA,30.6040459,75.28199,33918,1911.2155665733767,1912.2169189453125,0.6191611747960899,0.2726821833349719,1.7482933308645014,-0.5840368473204934,-0.1949206386183642,669.5332172324555,23.48318156934971,1.0,485.0,150,150,230,439.0,NIHAL SINGH WALA
39677,Jolian (13),SANGRUR,30.3423424,76.45454,39677,1908.9669058820173,1912.216552734375,0.5694089508898106,0.2366579235964794,1.4002513133091017,-0.5528163724808478,-0.1445985488264174,713.8486475773162,23.176883240321587,1.0,233.0,72,147,225,233.0,BHAWANI GARH
37698,Bhorchhi Rajputan (86),AMRITSAR,31.6036034,75.22898,37698,1911.2280632911552,1912.216552734375,0.4901114087056925,0.1361140011679237,1.5268170327374193,-0.4647933777352176,-0.0703438299263146,943.4359940258466,22.44095390859525,1.0,100.0,220,230,560,1321.0,RAYYA
34618,Ali Aulakh (68),FIROZEPUR,0.0,0.0,34618,1913.52051784349,1912.21630859375,0.631484032774646,0.2552557634858635,1.6885725867635653,-0.5805391366845238,-0.1757049976672135,650.7621946742432,23.616077457409176,1.0,10.0,0,1,1,113.0,FIROZPUR
30113,Chhaula (155),JALANDHAR,31.0270271,75.77908,30113,1910.885606053563,1912.214599609375,0.6270536240198432,0.2681702651108851,1.826178332351992,-0.5853639799012069,-0.1890891613064584,863.8579976732449,22.756371290300315,1.0,429.0,21,21,116,429.0,PHILLAUR
29857,Mubarakpur (177),JALANDHAR,31.0990982,75.33151,29857,1912.339832061284,1912.2142333984375,0.6178069896996788,0.2456437145763802,1.7874694001718738,-0.580483266355972,-0.1724296987130931,883.6240711619752,22.543239515608548,1.0,2.47,40,0,80,126.0,SHAHKOT
35107,Qutabdin Urf Beriwala (270),FAZILKA,30.4144154,74.02464,35107,1914.7709190853016,1912.21337890625,0.599029610206078,0.3025625610212885,1.6276129094478171,-0.5497848423362397,-0.1962091095312674,468.61649481557777,24.47881452466487,1.0,195.0,302,55,64,215.0,FAZILKA
30445,Athaula (413),JALANDHAR,31.3873882,75.4562759,30445,1914.756289343013,1912.2122802734375,0.5274765265967504,0.1657234397062104,1.6327058935802934,-0.5065186929520005,-0.0982943602119568,958.2364502360718,22.3924562069638,1.0,316.0,0,0,465,363.0,JALANDHAR - WEST
34863,Guruhar Sahai(Rural) (162),FIROZEPUR,30.72072,74.4054642,34863,1911.1230728760647,1912.2113037109375,0.6178056335105574,0.2902924181155036,1.6643810901034155,-0.5802459445031749,-0.198706560330675,598.1179870728424,23.98211359918318,1.0,50.4,15,10,55,5510.0,GURU HAR SAHAI
33930,Patto Didarsingh (149),MOGA,30.594595,75.27131,33930,1910.52854065186,1912.208984375,0.695114777308033,0.3518286092561329,1.9309198015776443,-0.6363957054340016,-0.2671201962595189,648.7571838309663,23.58814228496766,1.0,251.72,112,89,135,269.0,NIHAL SINGH WALA
34901,Bamewala (339),FAZILKA,30.6052761,74.2536545,34901,1912.655024339748,1912.2088623046875,0.644206596848054,0.3109477824435859,1.7968230449143523,-0.593727292742457,-0.2214543648988195,612.9598262717622,23.949725210937288,1.0,80.5,15,10,55,228.0,GURU HAR SAHAI
29703,Fatehpur Bhagwan (354/212/214),JALANDHAR,31.1531525,75.22706,29703,1910.4349669192327,1912.207763671875,0.570984854461142,0.2979953062047578,1.6604492050793704,-0.537683670677977,-0.1998449020385287,733.9174094607728,22.97211084760505,1.0,322.0,9,9,96,352.0,LOHIAN
30026,Burj Kaila (110),JALANDHAR,31.0810814,75.61176,30026,1912.454370312014,1912.207763671875,0.6416505535538393,0.3450726221785515,1.6419534468610573,-0.6087102043204968,-0.2398061964669873,846.9622078349488,22.80621523879904,1.0,114.0,52,50,77,116.0,NURMAHAL
38258,Chak Mehar (346),Tarn Taran,31.261261,74.99692,38258,1911.0926054965453,1912.207275390625,0.5696859988488827,0.233958075534236,1.5590629822992093,-0.5491495029220606,-0.148845214207776,866.3739067285475,22.695693791473868,1.0,1411.0,60,23,210,287.0,CHOHLA SAHIB-8
39574,Pharwahi (22),SANGRUR,30.4378357,75.7085953,39574,1911.3472619327167,1912.2071533203125,0.6108262543322304,0.2943086525960221,1.5496277698931982,-0.5860697849801987,-0.1995245351874931,710.6126490046876,23.17487815991421,1.0,462.0,425,286,536,507.0,SHERPUR
38270,Goindwal (338),Tarn Taran,0.0,0.0,38270,1914.6036544954,1912.206298828125,0.4339203789176404,0.1142976475436739,1.2519912162395097,-0.4316737647243114,-0.0465192535639444,911.15632086201,22.585905348188028,0.9344774735451818,220.0,100,100,1914,598.0,KHADUR-SAHIB-10
34248,Gurali (86),FIROZEPUR,31.0990982,74.97379,34248,1910.522231620692,1912.205810546875,0.6580349099081648,0.3472968068326977,1.916956097354005,-0.6125037485386362,-0.2573232986164416,729.2441966941254,23.069153166359456,1.0,109.0,200,0,60,116.0,MAKHU
39997,Bhadalwad (46),BARNALA,30.522522,75.57101,39997,1913.0803341434123,1912.2041015625,0.6689384193247538,0.3124574123950276,1.7434106625025765,-0.619653578897199,-0.2330817450494666,671.542644104827,23.537322231594004,1.0,563.0,80,330,430,637.0,MEHAL KALAN
34502,Sur Singhwala (142),FIROZEPUR,30.9369373,74.6362457,34502,1909.2052837154447,1912.203857421875,0.6639180600407247,0.3327776248814271,1.885640196606091,-0.6127654829705381,-0.2484815556147262,684.4847592522996,23.46220865201116,1.0,445.0,150,240,250,384.0,GHALL KHURD
38013,Jawanda Kalan (263),Tarn Taran,31.5855846,74.96062,38013,1910.8938472745524,1912.203369140625,0.569271593680887,0.2327900488589527,1.609723166769346,-0.545247323268294,-0.1498238546510913,812.7280267884629,22.83291248283939,1.0,285.0,50,50,420,324.0,NAUSHEHRA PANNUAN-11
29516,Farid Sarai (149),KAPURTHALA,31.3153152,75.229744,29516,1914.5247288038552,1912.2025146484375,0.5992220663252691,0.2901606832547326,1.6665882599387412,-0.5768844023294404,-0.1968434275708924,817.6976385524171,22.81345387128846,1.0,372.0,75,80,292,422.0,SULTANPUR LODHI
34575,Mahalam (33),FIROZEPUR,30.9369373,74.6152344,34575,1910.448088315109,1912.2001953125,0.581788752893096,0.2543220119340352,1.5020327383859926,-0.5612351887622576,-0.1609656959634827,665.9990045239823,23.53292379469844,1.0,20.0,58,190,290,236.0,FIROZPUR
38245,Gujarpur (351),Tarn Taran,31.261261,74.99692,38245,1916.3131938140164,1912.1990966796875,0.5561221499151713,0.2219054134632586,1.5455255191842512,-0.5307726997084492,-0.1390438017088873,866.6947870394264,22.75241413760661,1.0,480.0,45,46,105,428.0,CHOHLA SAHIB-8
29443,Bhaini Kadar Baksh (99),KAPURTHALA,31.2698479,75.25867,29443,1913.8516613308889,1912.1988525390625,0.4101389681858272,0.2506877152119744,1.1757303172327709,-0.3922679450481541,-0.1160129303822811,868.9469787289994,22.74958406038064,1.0,87.41,0,0,18,91.0,SULTANPUR LODHI
33239,Nasrali (260),LUDHIANA,30.63063,76.09503,33239,1907.7437926658984,1912.198486328125,0.5817345758695298,0.2619890698223933,1.790034342620343,-0.5485722308499495,-0.1766443773196603,834.4753501402471,22.721853278523074,1.0,2.47,0,0,437,742.0,KHANNA
29534,Ahli Khurd ( 187),KAPURTHALA,31.2698765,75.2587,29534,1911.629744125096,1912.198486328125,0.5845176903615129,0.260704185609115,1.6353930217110058,-0.5634553974431153,-0.1757403315433459,816.9662448575394,22.834234023093245,1.0,174.0,21,0,74,234.0,SULTANPUR LODHI
33769,Chhajjawal (103),LUDHIANA,30.63063,75.52966,33769,1911.5048563574253,1912.1983642578125,0.681111089114288,0.3197433792520427,1.854110366972182,-0.6258476991460615,-0.2438650387070672,716.6980583288971,23.09691597854261,1.0,648.0,111,120,534,648.0,SUDHAR
29729,Bagga (285),JALANDHAR,31.0810814,75.35931,29729,1914.7225547186229,1912.197509765625,0.5895111512159774,0.264839657028366,1.7083633091790869,-0.5553053557006252,-0.179606567757366,779.5787545850175,22.745722600675435,1.0,2.47,122,20,249,198.0,SHAHKOT
34216,Danewala (107),MOGA,30.9369373,75.1404,34216,1909.689556930181,1912.19677734375,0.6268088521131706,0.3188143227730053,1.7856972602949448,-0.5802169886326827,-0.2296606438025511,693.7072139889818,23.19794075164128,1.0,160.0,40,40,45,162.0,KOT-ISE-KHAN
39804,Mehlan (54),SANGRUR,30.1261253,75.93243,39804,1911.8715754534992,1912.191162109375,0.6327688029658693,0.2914082428632383,1.606199507368461,-0.5903092429996483,-0.2033269124974199,661.9032944792887,23.48637753842995,1.0,6.52,85,256,1880,2414.0,DIRBA
38216,Kairon (255),Tarn Taran,31.2252254,74.6944,38216,1913.1789180467947,1912.188720703125,0.6048229232767788,0.257721370364856,1.6458910427141304,-0.5729237902908306,-0.1737678743352868,767.5174687783675,22.965014353834427,1.0,2.47,0,60,1170,1611.0,PATTI-14
37989,Brahmpur (308),Tarn Taran,31.32049,75.02452,37989,1911.143881083389,1912.18798828125,0.5973881738256106,0.2607398620808755,1.6821177213887508,-0.5667379569878888,-0.1762348634414968,819.9415448119538,22.811163704387354,1.0,2.47,50,35,503,414.0,CHOHLA SAHIB-8
34796,Maddike (319),FIROZEPUR,30.9009018,74.46114,34796,1915.048414280052,1912.1832275390625,0.6494982276556993,0.2840316461644254,1.6885487812547764,-0.5981381331608137,-0.2001019441102366,636.5705390136019,23.88448808345568,1.0,135.0,60,50,70,359.0,MAMDOT
33787,Boparai Kalan (88),LUDHIANA,30.7747746,75.6425858,33787,1912.0800622732,1912.181884765625,0.648580952719044,0.3062108616799736,1.882460415785365,-0.6012821256087376,-0.2295616447797442,759.5401638759447,22.90546729987564,1.0,580.0,385,380,789,1012.0,SUDHAR
36219,Chupki (81),PATIALA,30.18018,76.24502,36219,1908.523540584874,1912.1810302734375,0.5442679614815263,0.2157688169380899,1.5158907336238434,-0.5171356232840283,-0.1319882035089601,776.1231598657473,23.09362807580399,1.0,247.0,290,290,320,185.0,SAMANA
33609,Balloke (103),LUDHIANA,30.9009018,75.80505,33609,1914.4074912573544,1912.1810302734375,0.4120215074726807,0.0847159635891353,1.2255246894252532,-0.416827443056358,-0.0240971001868221,839.1158971002,22.783892110549857,0.2927446123829674,73.0,0,0,423,178.0,LUDHIANA-1
29459,Mand Kishanpur Ghurka (167),KAPURTHALA,31.2252254,75.20008,29459,1916.0535095138616,1912.1788330078125,0.4938556100364701,0.2131592433364982,1.3326228527269015,-0.4735880300053126,-0.1106018423942456,816.9662448575394,22.834234023093245,1.0,2.47,0,0,2,12.0,SULTANPUR LODHI
30235,Bhardwaji (21),JALANDHAR,31.1391125,75.48589,30235,1909.6150164754288,1912.17822265625,0.6239768691728579,0.2852789353620016,1.8176729465750645,-0.583139879273739,-0.2032756579620321,821.2975802829163,22.77606139731529,1.0,150.0,155,100,199,259.0,NURMAHAL
36564,Rauni (16),PATIALA,29.9459457,76.06481,36564,1911.233317059909,1912.17724609375,0.4875317945006838,0.1281587438253053,1.4118910616349696,-0.4751018378615567,-0.0631032512768035,808.8341837042981,23.051662310289963,0.5348313105099108,173.0,17,16,226,295.0,PATIALA
37564,Qila Jiwan Singh (257),AMRITSAR,31.6396389,74.9829941,37564,1911.884436374432,1912.1767578125,0.4415739864546225,0.0772039823516935,1.3824869951723493,-0.4143306709275045,-0.02115336453828,933.436656277408,22.53343531145123,1.0,275.0,200,150,455,325.0,JANDIALA GURU
29914,Musewal (68),JALANDHAR,31.3299828,75.23742,29914,1913.0816469305253,1912.1759033203125,0.6243461820890062,0.2634396584356625,1.955444850134712,-0.5784836007419654,-0.1915935296558589,814.5788702180283,22.679460124891307,1.0,198.0,10,10,70,117.0,NAKODAR
34500,Ratta Khera Bhai Gulab Singh (146),FIROZEPUR,30.9369373,74.6362457,34500,1910.548533665712,1912.174560546875,0.6760958323756963,0.3369419109604757,1.9724074197423327,-0.620087062657478,-0.2535886498252483,664.0974296982378,23.524405783397498,1.0,120.0,45,35,75,238.0,GHALL KHURD
33893,Dehrka (148),LUDHIANA,30.666666,75.47403,33893,1911.6218917319247,1912.1741943359375,0.675815472999969,0.3270697240299127,1.9016341625050848,-0.6209708776848349,-0.2486622154329146,706.043334209576,23.12042182426849,0.9903718860742308,737.0,660,305,729,845.0,JAGRAON
37976,Kahlwan (275),Tarn Taran,31.405405,74.9429855,37976,1911.291592677207,1912.1737060546875,0.5849735305251229,0.2419134574765398,1.613512714314387,-0.561148451125611,-0.1588719852781489,819.9415448119538,22.811163704387354,1.0,10.0,50,50,301,329.0,NAUSHEHRA PANNUAN-11
30084,Bhangala (11),JALANDHAR,31.0450459,75.30973,30084,1910.489279668792,1912.173583984375,0.63048656946378,0.2839916681941694,1.7802177368457732,-0.5935138159813423,-0.2018782383409831,827.2672721134389,22.724353421808186,1.0,250.0,200,200,350,234.0,NURMAHAL
29697,Mundi Kasu (227),JALANDHAR,31.1531525,75.22706,29697,1911.4490661194427,1912.1732177734375,0.6477426247255603,0.3407019279619889,1.846085968798173,-0.6061194203066174,-0.2473090480815223,733.9174094607728,22.97211084760505,1.0,103.0,6,6,23,111.0,LOHIAN
33469,Gadapur (61),LUDHIANA,30.9189186,75.84033,33469,1913.6909689758213,1912.1732177734375,0.595358299339638,0.268615578775141,1.5947598591428376,-0.5811239120098125,-0.1759839695674934,861.4481481721299,22.69576022833502,1.0,108.0,30,0,69,116.0,LUDHIANA-2
33755,Akalgarh (CT),LUDHIANA,30.7747746,75.6425858,33755,1914.442047684695,1912.1719970703125,0.5820875723707393,0.2344654335741607,1.6965120161899605,-0.5500340499690952,-0.1645142754863346,770.9319472040572,22.886601023146035,0.8826953672033885,164.0,172,172,1612,0.0,SUDHAR
37304,Padri (335),AMRITSAR,31.7117119,74.6176147,37304,1912.7153195265032,1912.171142578125,0.5127193409705743,0.2048932974325797,1.3475463015867446,-0.5066662710732616,-0.1124637963858559,926.5146079991076,22.97232768496784,1.0,516.0,265,265,592,570.0,CHOGAWAN
33587,Phullanwal (278),LUDHIANA,30.3603611,75.7377548,33587,1911.207627411448,1912.169921875,0.2859468288100583,0.0116320179612406,0.9482528229246624,-0.30971180488622,0.0359710620486391,839.1158971002,22.783892110549857,0.0,16.0,0,12,352,331.0,LUDHIANA-1
33761,Bassuwal (151),LUDHIANA,30.6846848,75.4462051,33761,1913.034930046459,1912.1697998046875,0.7008749851348949,0.3459679605201264,2.0820946352525573,-0.6362278285324673,-0.2721088081572361,710.6089386155503,23.10264680995272,1.0,175.0,70,0,99,188.0,JAGRAON
29819,Kanian Kalan (288),JALANDHAR,31.0828724,75.34057,29819,1913.666912098259,1912.1690673828125,0.5944987046488872,0.2834647080455069,1.8092749363962124,-0.5565762854178892,-0.1974851215277363,814.5788702180283,22.679460124891307,1.0,331.44,105,25,250,350.0,SHAHKOT
30093,Sagarpur (49),JALANDHAR,0.0,0.0,30093,1910.1499871947185,1912.1689453125,0.6550585328661662,0.305417270860961,1.8711313643802343,-0.6084454582458491,-0.2238167176021746,821.2975802829163,22.77606139731529,1.0,2.44,48,0,201,167.0,NURMAHAL
36366,Malkon (198),PATIALA,30.3603611,76.15539,36366,1908.6141547098744,1912.16748046875,0.5727928516039337,0.2393739870970535,1.4922715589015991,-0.54566937651148,-0.1498142535304069,732.7525265970114,23.11995186132641,1.0,171.0,25,92,183,171.0,NABHA
30083,Batura (12),JALANDHAR,31.3208,75.5927658,30083,1910.898658664085,1912.167236328125,0.6135227783212786,0.2720304159339033,1.6762411271295938,-0.5856395118694053,-0.1854439886966916,821.2975802829163,22.77606139731529,1.0,150.0,120,15,50,170.0,NURMAHAL
29398,Mahijitpur (84),KAPURTHALA,31.2698517,75.25849,29398,1914.924948247732,1912.16650390625,0.5881544169477932,0.2503790420989188,1.683620499640859,-0.5516127119173692,-0.1696582005494324,896.076019636599,22.70390199270756,1.0,173.62,26,0,104,188.0,SULTANPUR LODHI
38017,Sakhira (240),Tarn Taran,31.35135,74.79439,38017,1910.897058649852,1912.1663818359375,0.6100943009737573,0.2659370687059687,1.6327595052607635,-0.5739852654543175,-0.1792898319625219,812.7280267884629,22.83291248283939,1.0,10.0,296,296,426,488.0,NAUSHEHRA PANNUAN-11
33937,Gholian Kalan (89),MOGA,30.666666,75.11792,33937,1911.5138117836527,1912.1663818359375,0.6417798638580048,0.2883131685617451,1.850632148189683,-0.585598995593096,-0.2131133258294464,677.5630063658696,23.40709926412653,1.0,430.0,150,36,45,2058.0,BAGHAPURANA
30062,Uppal Jagir (65),JALANDHAR,31.0990982,75.33151,30062,1911.0132383017608,1912.165283203125,0.606071854676968,0.2586357740959721,1.8041710157623312,-0.5710141505637376,-0.1815365874019728,821.2975802829163,22.77606139731529,0.9253382653301166,428.0,200,150,293,489.0,NURMAHAL
30003,Raipur Gujran (342),JALANDHAR,31.05329,75.47501,30003,1915.0731330060853,1912.1651611328125,0.5065520999347928,0.2322050929554277,1.4019621402964977,-0.4914296280334751,-0.1413711129881142,805.9951904227631,22.629141831819368,1.0,78.0,7,0,98,305.0,MEHATPUR
29106,Mand Dhilwan (94),KAPURTHALA,31.4954948,75.35319,29106,1913.5104488192344,1912.1640625,0.5919369167582343,0.2086815698063233,1.944263867670902,-0.5482445905883772,-0.1412349164636712,904.3606760909456,22.40775749432817,0.8622459695543958,10.0,20,15,15,875.0,DHILWAN
36177,Dharamgarh (68),PATIALA,30.0180187,76.16165,36177,1912.22411188125,1912.16259765625,0.6330134687935757,0.2943352709040677,1.7105154521740795,-0.5830670316687282,-0.2055334279657754,678.6249819209473,23.415548694258007,1.0,400.0,80,110,120,250.0,SAMANA
33756,Hathur (174),LUDHIANA,30.81081,75.48213,33756,1910.3938497414265,1912.1617431640625,0.6527793799070084,0.2986343533836423,1.9036321718144749,-0.6017763853797021,-0.2235770993145213,684.6971874517976,23.338372730913527,1.0,1555.0,800,800,1415,1716.0,JAGRAON
30066,Gursian Piran (82),JALANDHAR,31.0270271,75.3165054,30066,1914.9944591472488,1912.159912109375,0.598392726977951,0.2995424026314339,1.7005043968666949,-0.570980211233379,-0.2035987149216546,807.0706299994005,22.632801982422023,1.0,250.6,0,95,198,311.0,NURMAHAL
34631,Kaillowal (101),FIROZEPUR,30.9189186,74.58018,34631,1911.810898470712,1912.1590576171875,0.5803568968029243,0.2548316185311121,1.4787998009985843,-0.5555321793140989,-0.1595628042688137,630.8803054501908,23.741871670056355,0.6655559654715754,76.0,60,60,82,81.0,FIROZPUR
29956,Mahunwal (37),JALANDHAR,31.1351357,75.3811646,29956,1913.719991804072,1912.158935546875,0.6214708113403012,0.2849846820736154,1.908634384951532,-0.5784919200042431,-0.2055738430227417,834.8475488831895,22.65798149232063,1.0,253.3,25,25,315,295.0,NAKODAR
35581,Sandhwan (111),FARIDKOT,0.0,0.0,35581,1911.7903639498045,1912.1568603515625,0.5531650508216496,0.2142920095246883,1.6037986727205455,-0.5297828031461567,-0.133238872739652,558.576876204242,23.970800862113776,0.9093854819466224,802.0,294,194,751,994.0,KOT KAPURA
34463,Wara Jawahar Singhwala (163),FIROZEPUR,30.862566,74.936,34463,1913.6671203821984,1912.1556396484375,0.6073237219661682,0.2699877593342676,1.6495231486962196,-0.5682444304104036,-0.1830805233530212,680.2076044490235,23.4222539006542,1.0,283.4,93,93,183,310.0,GHALL KHURD
30416,Chak Bashesharpur (275),JALANDHAR,31.3873882,75.5407,30416,1911.897849440454,1912.15185546875,0.5682635236724785,0.2179085674756981,1.7449956999636351,-0.5362107706088405,-0.146225692203503,958.2364502360718,22.3924562069638,1.0,2.4,2,0,10,47.0,JALANDHAR - WEST
39612,Ranike (55),SANGRUR,30.3783779,75.85614,39612,1911.6833163252743,1912.1510009765625,0.6604512112087932,0.3402834349597104,1.872115829154124,-0.6009883370007015,-0.2546342955329215,692.3591168227675,23.365519981871174,1.0,442.0,890,180,299,502.0,DHURI
34592,Baghel Singhwala (110),FIROZEPUR,0.0,0.0,34592,1913.6525480281389,1912.15087890625,0.5560526882296263,0.2424835327027991,1.4826688833725024,-0.5374484139943033,-0.1484460099859028,648.7678206158649,23.62483883539021,1.0,20.0,40,40,53,115.0,FIROZPUR
34016,Mehna (30),MOGA,30.8183422,75.33598,34016,1907.7707220569173,1912.1507568359375,0.6389698956867556,0.2813440736437396,1.860341757890379,-0.585752978314703,-0.2069197305614566,727.6207229413448,23.03729833553153,1.0,510.0,500,662,992,949.0,MOGA-I
33923,Burj Duna (91),MOGA,30.6889229,75.24036,33923,1909.8521870143363,1912.1488037109375,0.6683169321720578,0.3092568829610291,1.9740669858042843,-0.6028440184030894,-0.2345673229611422,685.1387414147752,23.36367271927469,1.0,109.0,0,85,292,373.0,NIHAL SINGH WALA
34718,Lakhmir Ke Uttar (302),FIROZEPUR,30.9189186,74.45416,34718,1909.960456920409,1912.148681640625,0.5950876174192845,0.2460586792186903,1.5199080279059962,-0.5681966308457924,-0.1596388208154115,650.235223229592,23.728918677762582,1.0,90.0,150,150,200,76.0,MAMDOT
39825,Rattangarh Sidhran (139),SANGRUR,30.0360355,75.92574,39825,1911.221867882216,1912.1483154296875,0.6381121666506405,0.2899281055970402,1.634324468321385,-0.5944427720670702,-0.2018346515991315,649.5287212541001,23.711543893087253,0.9871796216991612,2.0,22,15,255,332.0,DIRBA
39801,Chatha Nakta (49),SANGRUR,30.27027,75.85592,39801,1912.2028498334284,1912.1448974609375,0.6626350404653734,0.3274981901952632,1.6631859531555209,-0.606243504924846,-0.2338856526139927,662.2642535232266,23.53231163533064,1.0,2.47,0,0,146,296.0,SUNAM
33744,Bassian (162),LUDHIANA,30.6494389,75.58939,33744,1912.010268074128,1912.14453125,0.6777479653410658,0.3247398124449319,1.835692704584292,-0.6229664248135749,-0.2456817856607398,704.174069970106,23.171749359927425,1.0,2.0,121,700,1700,1735.0,RAIKOT
29957,Aulak (38),JALANDHAR,31.0990982,75.28943,29957,1913.354503796414,1912.1435546875,0.6345141492708155,0.2792912576438953,1.9781026843202216,-0.5876209894799932,-0.2049841903697245,834.8475488831895,22.65798149232063,1.0,2.47,5,0,250,211.0,MEHATPUR
33625,Qutbewal Gujjran (110),LUDHIANA,30.9007168,75.80894,33625,1912.709580435476,1912.1427001953125,0.5099818393246923,0.1764909941062925,1.628980215981667,-0.4958436837958453,-0.1044836361513855,864.273304026355,22.76681682189809,1.0,182.0,25,32,85,202.0,LUDHIANA-1
36274,Lalwa (178),PATIALA,29.9459457,75.79449,36274,1910.4019303892328,1912.1416015625,0.5130090771785542,0.2202892591269263,1.426468717919804,-0.4976702323723538,-0.1281133499491978,649.1584870030778,23.67709703389056,1.0,121.45,5,52,57,241.0,PATRAN
34136,Ferozewal Mangal Singh (254),MOGA,30.9369373,75.1404,34136,1913.4451642196827,1912.140869140625,0.6740886652534197,0.3538303099730447,2.047964066250394,-0.6118133687494349,-0.2707243884241415,731.4165028741257,22.937485862209485,1.0,215.0,220,100,134,253.0,KOT-ISE-KHAN
39575,Issapur (21),SANGRUR,30.581255,75.94237,39575,1911.1878212986064,1912.1396484375,0.6337585220540801,0.3218800470785691,1.5995023806637234,-0.6010654957997005,-0.2225735239516788,710.6126490046876,23.17487815991421,1.0,465.0,878,220,482,506.0,SHERPUR
29492,Kamalpur (4),KAPURTHALA,31.35135,75.80712,29492,1913.4259170092355,1912.13916015625,0.680368189805909,0.3295277296949072,2.032768372056053,-0.6229441747301219,-0.2510582047622117,878.4213096834458,22.63362143702427,1.0,1088.6,40,220,526,1167.0,SULTANPUR LODHI
39653,Banganwali (89),SANGRUR,30.3423424,75.9325943,39653,1911.99003973844,1912.1387939453125,0.6124543444700078,0.2841525445427034,1.5428076123774004,-0.5753077181672889,-0.1896651216221787,701.7093542029755,23.24478113269879,1.0,232.0,150,145,250,246.0,DHURI
34734,Lakha Singhwala Uttar (308),FIROZEPUR,30.666666,74.42665,34734,1909.9714224359584,1912.1380615234375,0.6018790038683782,0.2587187605317616,1.515753863123939,-0.5737723648190581,-0.169987142743256,652.1934512069123,23.726463778742986,1.0,18.0,25,52,88,25.0,MAMDOT
30447,Nahal (280),JALANDHAR,31.5855846,75.6586151,30447,1914.074649436804,1912.13720703125,0.3115978673125702,0.0078372211117764,1.0322917607070292,-0.3371116549745523,0.034089005686787,958.2364502360718,22.3924562069638,0.3211394200694358,100.0,10,8,150,106.0,ADAMPUR
29472,Bhago Arain (144),KAPURTHALA,31.26998,75.2589645,29472,1916.722659421948,1912.13623046875,0.5892513762247463,0.2745455621676144,1.6724136595079169,-0.5641354341499972,-0.1842992978453666,817.6976385524171,22.81345387128846,1.0,231.08,42,0,162,259.0,SULTANPUR LODHI
34756,Saide Ke Naul (254),FIROZEPUR,30.81081,74.41221,34756,1909.5677221379035,1912.1317138671875,0.6039547906881221,0.2636261159252304,1.4967295568105712,-0.5782150727597302,-0.1741787018329638,634.6124204804795,23.884184272387643,1.0,181.0,70,75,116,260.0,MAMDOT
29757,Kang Kalan(237),JALANDHAR,31.15792,75.21248,29757,1912.101346845434,1912.1317138671875,0.5653076623493332,0.2492578774104588,1.6584731219154103,-0.5388870392732472,-0.1629443306608338,733.9174094607728,22.97211084760505,1.0,101.0,9,9,22,314.0,LOHIAN
34351,Hamadwala Uttar (2),FIROZEPUR,30.9729729,75.00063,34351,1910.308103982081,1912.1292724609375,0.6609437044996972,0.3379736064387821,1.9336082156026235,-0.6107872723192628,-0.2509672958475386,684.4847592522996,23.46220865201116,1.0,700.0,150,150,315,837.0,ZIRA
29442,Baupur Jadid (107),KAPURTHALA,31.2252254,75.26329,29442,1914.5437245107585,1912.1290283203125,0.6224097327413336,0.2818771296031633,1.7278806893148506,-0.5867800722664984,-0.1954251328821621,868.9469787289994,22.74958406038064,1.0,123.0,104,0,38,81.0,SULTANPUR LODHI
39566,Faridpur (76),SANGRUR,30.522522,75.88475,39566,1911.7672522123464,1912.1280517578125,0.6792170524080788,0.3682180942813896,1.732304630098151,-0.6292285831422437,-0.2687263905427117,710.6126490046876,23.17487815991421,1.0,128.0,200,30,476,142.0,AHMEDGARH
34779,Tahliwala (231),FIROZEPUR,30.666666,74.38475,34779,1911.1234088003048,1912.1268310546875,0.5984663096485608,0.2684727076168283,1.4301377131540427,-0.5645833990337896,-0.1710050372088187,616.3843068292039,23.812034812580865,1.0,110.0,100,30,82,170.0,MAMDOT
36638,Maddo Majra (172),PATIALA,30.2342339,76.37032,36638,1908.3278783500853,1912.1258544921875,0.542532267424684,0.2259317854324103,1.379983098245894,-0.5354985184835499,-0.129842304129691,807.036930601825,23.076397794994136,1.0,252.0,100,100,202,276.0,PATIALA
29923,Gohir (19),JALANDHAR,31.2072067,75.52281,29923,1914.22040867105,1912.1241455078125,0.6187580376739404,0.2727350186407159,1.7580696659412571,-0.5806665082537884,-0.1957917517936587,892.3655989577668,22.53479004222732,1.0,300.0,80,80,381,340.0,NAKODAR
29122,Hamira (229),KAPURTHALA,31.4954948,75.35319,29122,1910.791064380652,1912.1217041015625,0.5262622974723568,0.2046903169398845,1.7230052106103912,-0.4979617741742216,-0.128950401683024,867.1564589378274,22.456886504001712,0.964149625565005,1200.0,180,180,320,1367.0,DHILWAN
34610,Nihalewala (60),FIROZEPUR,30.9549541,74.6083,34610,1913.7610545139423,1912.120849609375,0.4677704267557516,0.1812755431423444,1.1147498332406949,-0.4254102677424737,-0.0984275549368482,650.0806900670426,23.60889549887736,1.0,320.0,0,55,90,348.0,FIROZPUR
33620,Laudhowal (96),LUDHIANA,30.7150917,76.2017059,33620,1912.162633359296,1912.1199951171875,0.480347582470282,0.1333694214949645,1.5648092446459418,-0.4648920421154093,-0.0719552245359485,864.273304026355,22.76681682189809,1.0,227.0,53,25,250,141.0,LUDHIANA-1
29725,Gehlan (306),JALANDHAR,31.0810814,75.3382645,29725,1913.199858417604,1912.118896484375,0.5747645654299609,0.2668713224961088,1.5930794723509123,-0.5528493896167427,-0.1753236506397303,779.5787545850175,22.745722600675435,1.0,5.0,30,1,180,200.0,SHAHKOT
34527,Sande Hasham (126),FIROZEPUR,30.9189186,74.6221848,34527,1911.3855068032008,1912.1187744140625,0.6413635959278695,0.3089297977001561,1.652694513386062,-0.6032009805826443,-0.2192390747136887,647.9622664859193,23.662412032628083,1.0,300.0,220,220,358,427.0,GHALL KHURD
39630,Daulatpur (64),SANGRUR,30.4864864,76.003,39630,1911.611759014828,1912.115966796875,0.548996067626764,0.2486924387561415,1.359395009596664,-0.5385802058320015,-0.1476377626603428,697.5521772128022,23.300230202331303,0.7536074455038073,235.0,702,129,221,270.0,DHURI
34037,Rauli (28),MOGA,30.82183,75.17439,34037,1911.581211416976,1912.1141357421875,0.6750720620195232,0.3363876917595721,2.1334520961732104,-0.6133143415874153,-0.2609852273244641,713.8571639403231,23.069196721482125,1.0,412.0,350,300,795,1031.0,MOGA-I
38259,Chamba Khurd (313),Tarn Taran,31.4954948,74.8883057,38259,1910.1358811933355,1912.1129150390625,0.5904064450083736,0.2565451917441984,1.6598750963135007,-0.5633481715652642,-0.1697613102820329,819.9415448119538,22.811163704387354,1.0,183.0,50,50,201,165.0,NAUSHEHRA PANNUAN-11
39771,Upli (7),SANGRUR,30.18018,75.84899,39771,1914.0353859404945,1912.1124267578125,0.6456970536624808,0.2936834085480832,1.677724911445283,-0.5869610583159541,-0.2105117722358861,664.370462767997,23.506369383732235,1.0,2.47,80,28,850,1092.0,SANGRUR
35050,Muhar Jamsher (326),FAZILKA,30.4144154,74.02464,35050,1917.4056919996967,1912.112060546875,0.5585956338712306,0.2398574727240623,1.370841689337415,-0.527042027903558,-0.1438060658735507,488.2868948956114,24.371860429891868,1.0,538.0,800,110,155,549.0,FAZILKA
38267,Dhunda (343),Tarn Taran,31.261261,74.99692,38267,1913.304535964406,1912.111328125,0.464148088359035,0.1963435193881458,1.311449974131223,-0.4506258646139773,-0.0995378511341703,870.1942185398252,22.744628224138665,0.9373219876464,1238.0,149,149,839,1460.0,CHOHLA SAHIB-8
34141,Gati Kamalke (260-A),MOGA,30.67809,75.02204,34141,1915.4086447406305,1912.1107177734375,0.4038224716967626,0.2330119802342988,1.1491645095173642,-0.3980565518604688,-0.1163667454100965,731.4165028741257,22.937485862209485,1.0,36.0,21,38,119,81.0,KOT-ISE-KHAN
34105,Indergarh (287/288),MOGA,30.9549541,75.2176,34105,1912.747088200028,1912.1097412109375,0.6727844365048127,0.3384247996340301,2.0808731632669546,-0.6131003051807936,-0.2605094452758404,745.6278446128266,22.94287039083514,1.0,1158.0,214,497,803,1318.0,KOT-ISE-KHAN
39451,Bir Sherwani Kot (78),SANGRUR,30.3603611,75.8630447,39451,1912.0162770266063,1912.109619140625,0.6082325525060727,0.2732189790868072,1.4532609494644784,-0.5825305682323302,-0.1787007642688736,711.2736992127311,23.1698608483804,1.0,10.0,15,0,70,72.0,AHMEDGARH
39436,Kasampur (22),SANGRUR,30.522522,75.88475,39436,1910.3812397240367,1912.1094970703125,0.6490016164963627,0.3134036929694099,1.6381164594204771,-0.6126977766134004,-0.2244653693380624,742.4978170187064,23.00970302695496,0.9735020946352296,157.0,0,0,145,170.0,AHMEDGARH
34264,Gatta Dalel (79),FIROZEPUR,30.9753,74.9079056,34264,1911.4504150827645,1912.109375,0.6216537775726451,0.3076834759558314,1.6678434680593823,-0.5950819844988757,-0.2103974910067912,729.2441966941254,23.069153166359456,1.0,26.0,0,0,25,33.0,MAKHU
34249,Malang Shahwala (113),FIROZEPUR,31.0990982,74.97379,34249,1911.5553953719248,1912.109375,0.655784757870777,0.3460903413050809,1.8947075488238667,-0.6082959918928129,-0.2544064177048606,729.2441966941254,23.069153166359456,1.0,80.97,0,0,70,138.0,MAKHU
33460,Bhukhri Khurd (185),LUDHIANA,30.9189186,75.84033,33460,1913.3682848855444,1912.1092529296875,0.5699527475507749,0.2227755378509355,1.6280025258605562,-0.5470297575749473,-0.1447648870240425,835.0397142579453,22.79578354606297,1.0,25.0,34,0,55,283.0,LUDHIANA-2
33427,Bhaini Kima (23),LUDHIANA,30.9189186,75.84033,33427,1913.4602504812856,1912.1072998046875,0.5592663917995506,0.2672346452369699,1.4201346582590646,-0.5470363485044238,-0.1622501451967303,835.0397142579453,22.79578354606297,1.0,24.0,19,0,50,92.0,LUDHIANA-2
33410,Bhaini Gahi (21),LUDHIANA,30.9189186,75.84033,33410,1912.306719825582,1912.105224609375,0.5867815903479593,0.2788447154713713,1.5835071446903606,-0.5610721391521525,-0.1830356544940071,837.1269519479531,22.789121580208413,1.0,25.0,30,0,115,177.0,LUDHIANA-2
39577,Mohamadpur (19),SANGRUR,30.54054,75.85699,39577,1910.62728917125,1912.1046142578125,0.6447860763178359,0.3167238340618348,1.6923500717056383,-0.6120096802569222,-0.2237914514423842,704.6738112798166,23.22394865166955,1.0,575.0,658,411,625,653.0,SHERPUR
39604,Dhandiwal (46),SANGRUR,30.4864864,75.856636,39604,1912.0065310216464,1912.10400390625,0.6562735299381656,0.3199066689654352,1.8671206569513032,-0.6051817141417699,-0.2365917404859129,681.5671758453767,23.503673738210374,1.0,450.0,250,180,410,622.0,SHERPUR
39629,Malu Majra (63),SANGRUR,30.3603611,75.8630447,39629,1911.1406532255023,1912.10400390625,0.5839570089453623,0.251400870229267,1.469110593356153,-0.556657548444907,-0.1591123587516465,701.7093542029755,23.24478113269879,0.9992815628878592,211.0,404,103,167,227.0,DHURI
34236,Silewind (95),FIROZEPUR,31.0450459,75.09943,34236,1913.013955900103,1912.1036376953125,0.6443155712184908,0.3266903534649436,1.8336454844929608,-0.5967869382264798,-0.236415806739188,729.2441966941254,23.069153166359456,1.0,250.0,216,91,105,264.0,MAKHU
30027,Chanian (109),JALANDHAR,31.0810814,75.61176,30027,1912.7893170106363,1912.1024169921875,0.6364432100339523,0.3195841339026831,1.6370695103236117,-0.6076563281041655,-0.2201478142695579,846.9622078349488,22.80621523879904,1.0,101.0,7,7,10,104.0,NURMAHAL
34210,Bahadarwala (m)(101),MOGA,10.6846848,77.3409042,34210,1910.3632307371445,1912.1015625,0.6662864052611932,0.3406036026270321,2.041046249456486,-0.6079797701978282,-0.2587399758716974,729.2441966941254,23.069153166359456,1.0,91.87,52,50,70,104.0,KOT-ISE-KHAN
29929,Boparai (18),JALANDHAR,31.2072067,75.52281,29929,1914.0721636948265,1912.1014404296875,0.6054415595149566,0.2517642161092008,1.7055569015308734,-0.570515414421678,-0.1735538931868095,892.3655989577668,22.53479004222732,1.0,603.0,150,150,749,663.0,NAKODAR
30111,Gulamgarh (151),JALANDHAR,31.0270271,75.77908,30111,1912.3309441975264,1912.099853515625,0.5987516477124918,0.2455809218186259,1.7982262480561455,-0.5559978696918617,-0.1677584536403051,864.273304026355,22.76681682189809,1.0,52.0,0,0,1,52.0,PHILLAUR
33501,Gobindgarh (243),LUDHIANA,30.9189186,75.84033,33501,1910.5101613130848,1912.098388671875,0.2239515626142064,0.0047003446223958,0.7789409178312204,-0.2540110412116983,0.044725813472305,836.7009290348875,22.83978863495452,0.0295190555839145,20.0,0,0,800,190.0,LUDHIANA-2
34830,Isa Panjgrain (287),FIROZEPUR,30.62713,74.2025,34830,1914.7686128476248,1912.0972900390625,0.6027035452500901,0.2607436086584227,1.6169669234618058,-0.5685891536942212,-0.1737459326261679,619.9077907016175,24.001903930906963,1.0,216.0,161,155,178,242.0,GURU HAR SAHAI
34081,Manawan (322),MOGA,30.9549541,75.15457,34081,1913.3079596372284,1912.0948486328125,0.7002770691112185,0.3569286295158796,2.0352394558380937,-0.6312401435880522,-0.2784459388599422,707.7159301575267,23.164187972203585,1.0,965.0,85,251,682,1068.0,KOT-ISE-KHAN
34036,Datta (293),MOGA,30.9369373,75.1404,34036,1913.1850695472845,1912.09228515625,0.6285539476116336,0.2996736715918241,1.925329336375796,-0.5849234283497249,-0.2197225793013867,745.6278446128266,22.94287039083514,1.0,488.0,110,104,442,603.0,KOT-ISE-KHAN
30408,Bashesherpur (271),JALANDHAR,31.3873882,75.5407,30408,1913.074684152672,1912.0908203125,0.560129845019506,0.2017961592090033,1.608445942821972,-0.5334960278199532,-0.1279368772827822,958.2364502360718,22.3924562069638,1.0,850.0,25,10,264,103.0,JALANDHAR - WEST
33757,Burj Kalara (175),LUDHIANA,30.6846848,75.4671555,33757,1910.7299801074096,1912.088623046875,0.6464170293655588,0.2953788255310159,1.9330955018122795,-0.5961921115899222,-0.2195323551848722,683.6663874795335,23.34901542585584,1.0,303.0,500,120,287,343.0,JAGRAON
34146,Bijapur (256),MOGA,30.738739,75.04827,34146,1913.754293097323,1912.0872802734375,0.6695269084224668,0.3511435375418743,2.015307380757064,-0.6101400727564462,-0.2638613150802951,731.4165028741257,22.937485862209485,1.0,146.0,80,100,132,167.0,KOT-ISE-KHAN
29983,Khaira Mushtarka (315),JALANDHAR,31.0990982,75.28943,29983,1912.4113048993788,1912.08642578125,0.577738623729546,0.2615814747486206,1.607394612105291,-0.5578470226826566,-0.1712536418422864,779.5787545850175,22.745722600675435,1.0,2.48,200,0,250,246.0,MEHATPUR
39611,Hassanpur (54),SANGRUR,30.3603611,75.8630447,39611,1911.08935492421,1912.0855712890625,0.6570882433197819,0.3258208716901596,1.8393682617867595,-0.6058830623854564,-0.2408115793929577,678.4959236556093,23.45684579007783,1.0,560.0,1347,380,460,634.0,DHURI
34115,Ijat wala (271),MOGA,30.9549541,75.23861,34115,1912.1046793134328,1912.08544921875,0.690646927665146,0.3681941217857682,2.050039653951914,-0.6266597752643444,-0.2848316434342229,731.4165028741257,22.937485862209485,1.0,137.0,50,41,101,148.0,KOT-ISE-KHAN
34590,Shahdinwala (119),FIROZEPUR,30.9729729,74.6223755,34590,1911.7842345526064,1912.0828857421875,0.594273676080175,0.2435065593850294,1.5647787297574505,-0.5648279465784813,-0.159446558676261,660.0947922393598,23.575310951594624,1.0,400.0,100,100,200,170.0,FIROZPUR
29385,Chaudhriwala (78),KAPURTHALA,31.2972965,75.2153549,29385,1912.69200929806,1912.0823974609375,0.3777091426207846,0.2137171075818996,1.094047981460315,-0.3642257908934098,-0.0887013057728734,868.9469787289994,22.74958406038064,1.0,2.47,0,0,16,177.0,SULTANPUR LODHI
39427,Sandaur (46),SANGRUR,30.3783779,75.85614,39427,1911.34747649276,1912.08203125,0.6192748826750542,0.2661385150861615,1.5787408175757405,-0.5887712931375232,-0.1831313287344642,733.181668430666,23.09868016238269,1.0,458.0,35,300,750,607.0,AHMEDGARH
35093,Awa Urf Waryampura (289),FAZILKA,30.4144154,74.02464,35093,1913.049938470951,1912.08203125,0.5998591661964746,0.2567811915812691,1.5083424004248729,-0.5647660519521692,-0.1784830086769959,480.2901688029664,24.46139456905496,0.7715177734743129,321.0,306,215,302,338.0,FAZILKA
34794,Awan (321),FIROZEPUR,30.72072,74.34258,34794,1914.1736458868263,1912.0814208984375,0.6186985931247997,0.2537072662928274,1.5789208825602197,-0.5823029234826075,-0.1692018960535184,634.6124204804795,23.884184272387643,1.0,120.0,58,50,60,330.0,MAMDOT
30097,Pharwala (44),JALANDHAR,31.0450459,75.30973,30097,1910.5505626654704,1912.081298828125,0.6512094361384666,0.2946923845909999,1.955067976447224,-0.6035004765521931,-0.2180586745474897,831.9011124780076,22.70811725901973,1.0,345.0,120,120,336,381.0,NURMAHAL
39613,Mulowal (45),SANGRUR,30.4864864,75.856636,39613,1912.7274907394867,1912.0811767578125,0.6356377972978522,0.3268908258332307,1.6893453202673632,-0.6029189452996664,-0.2310925934837851,689.1395096137074,23.408135580963293,1.0,797.0,702,467,640,913.0,SHERPUR
29769,Manak (207),JALANDHAR,31.1531525,75.1638947,29769,1912.357226362803,1912.0809326171875,0.5853031322864312,0.2814136462674977,1.6842511324496132,-0.5570354999869392,-0.1896413357387033,817.6976385524171,22.81345387128846,1.0,252.0,28,23,235,270.0,LOHIAN
34903,Pireke Hithar (341),FAZILKA,30.5045052,74.0931244,34903,1914.1475503724405,1912.0809326171875,0.5970024846725661,0.2716212545315201,1.5006909921930205,-0.5682101721027081,-0.1787889760759119,612.9598262717622,23.949725210937288,1.0,2.47,15,0,27,118.0,GURU HAR SAHAI
38251,Jama Rai (347),Tarn Taran,31.405405,75.0063248,38251,1911.6143829833247,1912.0797119140625,0.5855255029144549,0.2498815523095674,1.586284318264519,-0.5612421039923928,-0.1628443769771969,841.5199845992655,22.78384750169097,1.0,650.0,128,128,639,777.0,CHOHLA SAHIB-8
37936,Daleke (221),Tarn Taran,31.4759026,74.9105,37936,1912.1031625552887,1912.079345703125,0.575357969373972,0.2343444037236136,1.596990680632444,-0.5413315601826136,-0.1503078456047385,812.7280267884629,22.83291248283939,1.0,47.0,100,100,100,299.0,TARN TARAN-12
30436,Gona Chak (420),JALANDHAR,31.3873882,75.4562759,30436,1913.2121610080387,1912.077880859375,0.5307770520931109,0.1660729273634358,1.678930779538886,-0.507694787973398,-0.1017613282227647,958.2364502360718,22.3924562069638,1.0,1.47,0,0,56,96.0,JALANDHAR - WEST
39560,Shahadatpur (86),SANGRUR,30.522522,75.88475,39560,1912.3251833555248,1912.075439453125,0.6077623495107917,0.2785294016241953,1.530716824168317,-0.5765690300539726,-0.1835462006775468,724.6133358673793,23.068614207749928,1.0,310.0,35,0,326,340.0,AHMEDGARH
34443,Kotla (171),FIROZEPUR,30.9592838,74.60875,34443,1912.6821398305683,1912.073974609375,0.5672952383383685,0.2444121770757528,1.5431636015684516,-0.5411158337333049,-0.1623717750824922,656.9214555432694,23.54723489433718,1.0,200.0,150,422,430,157.0,GHALL KHURD
34148,Bhoepur (227),MOGA,31.0090084,75.26022,34148,1913.065051364467,1912.0728759765625,0.6577796318454657,0.3280194408872144,1.97819810167198,-0.6028489654997838,-0.2453437355387878,731.4165028741257,22.937485862209485,1.0,587.0,108,89,191,261.0,KOT-ISE-KHAN
34075,Chotian Khurd (1),MOGA,30.738739,74.96442,34075,1911.986073465045,1912.0721435546875,0.6725611636634719,0.3395577776131165,1.8743477808036983,-0.6231406314711251,-0.2532231395561562,698.2351931741135,23.3281582133003,1.0,248.0,40,55,162,279.0,MOGA-II
37973,Chaudhriwala (270),Tarn Taran,0.0,0.0,37973,1915.259357328133,1912.0718994140625,0.6263515220379553,0.2842576918442603,1.6877766843047746,-0.5956712822697011,-0.1965810866946055,799.2961362398945,22.858875932324345,1.0,416.0,50,50,785,477.0,NAUSHEHRA PANNUAN-11
34423,Bhoghewala (171),FIROZEPUR,30.9549541,74.71335,34423,1910.17792440342,1912.070556640625,0.6951683322647254,0.3751897709726723,2.053325728183278,-0.6327777271083104,-0.2904954600260773,693.6538162639039,23.19813426734248,1.0,200.0,25,30,50,122.0,ZIRA
34529,Hastiwala (122),FIROZEPUR,30.9729729,74.68542,34529,1911.52688912649,1912.0694580078125,0.5994538579150818,0.2778936412587892,1.5458628996003432,-0.5750129531256669,-0.1811221702982577,665.9990045239823,23.53292379469844,1.0,500.0,180,60,80,795.0,FIROZPUR
33676,Tharike (CT),LUDHIANA,30.9009018,75.80505,33676,1910.703092917495,1912.067626953125,0.3466815356582661,0.0445597716746909,1.1129559980449109,-0.3603472085757082,0.0071351546357111,839.1158971002,22.783892110549857,0.2878716615974714,1.0,0,0,452,0.0,LUDHIANA-1
33532,Chupki (272),LUDHIANA,30.3948956,75.74166,33532,1907.5983356357144,1912.06591796875,0.6404776796258356,0.3056508200370788,1.9580602907813889,-0.5971355287324555,-0.2263507031279509,808.5676672866242,22.77318496325944,1.0,140.0,75,45,185,164.0,DEHLON
33909,Nangal (164),MOGA,30.594595,75.27131,33909,1912.578560748569,1912.0650634765625,0.6360181593694879,0.3020670339664111,1.9276745546745693,-0.5939700915328131,-0.221473385586088,669.5332172324555,23.48318156934971,1.0,667.0,278,175,596,733.0,NIHAL SINGH WALA
32223,Begowal (289),Shahid Bhagat Singh Nagar,31.0692234,76.00256,32223,1914.945726968695,1912.0643310546875,0.5405198503234508,0.2703311814879549,1.4779239723281017,-0.5181115611745702,-0.1663114614681702,848.1584730555909,22.68394309940942,0.9261340254994762,2.0,75,75,152,367.0,AUR
30086,Bainapur (15),JALANDHAR,31.0270271,75.73703,30086,1911.2620794778657,1912.0638427734375,0.5993641194653788,0.2665258635243346,1.8009091065688838,-0.5681102949773369,-0.1871248169952243,821.2975802829163,22.77606139731529,1.0,150.6,0,25,47,102.0,NURMAHAL
34056,Nidhanwala (15),MOGA,30.9549541,75.23861,34056,1907.184272817103,1912.0623779296875,0.577377268756424,0.2487023559778001,1.5550022894284656,-0.5512396219829211,-0.1615249964995629,700.7839380396423,23.24817526439484,1.0,556.0,95,0,395,369.0,MOGA-II
33473,Mangat (64),LUDHIANA,30.9189186,75.84033,33473,1916.306699867164,1912.0623779296875,0.5585118987852586,0.2403376270266386,1.5212601861640824,-0.5451443958778073,-0.1512593973647268,861.4481481721299,22.69576022833502,1.0,20.0,45,2,458,502.0,LUDHIANA-2
33621,Phagguwal (98),LUDHIANA,30.9007053,75.80896,33621,1914.395588176353,1912.061279296875,0.5192052912372572,0.1474214725975524,1.6368873448108874,-0.4949349659289977,-0.088130340066263,864.273304026355,22.76681682189809,0.99385959282141,144.0,26,11,27,80.0,LUDHIANA-1
34682,Ala Dhutta (274),FIROZEPUR,30.9189186,74.45416,34682,1909.2487229869737,1912.0611572265625,0.5680997929400393,0.2405351882326854,1.442421260160843,-0.5490793278638743,-0.144727814452883,633.4915700366395,23.7499090722734,1.0,100.0,10,20,20,45.0,MAMDOT
29515,Shatabgarh (148),KAPURTHALA,31.3153152,75.229744,29515,1916.221782594124,1912.0606689453125,0.5803243628363701,0.2815807043254751,1.629833917396132,-0.5638105302294426,-0.1854230228823986,817.6976385524171,22.81345387128846,1.0,115.3,50,45,200,255.0,SULTANPUR LODHI
33829,Rasulpur Jandi (57),LUDHIANA,30.666666,75.47403,33829,1913.998849371005,1912.05908203125,0.6743514503564865,0.33405595215461,1.943791724227204,-0.6241563103359256,-0.2541510754789284,769.0787109544175,22.78365280134045,1.0,451.0,100,50,250,451.0,JAGRAON
29941,Gura (12),JALANDHAR,31.1711712,75.43089,29941,1911.728354335405,1912.05615234375,0.6542893956908578,0.2948023739453747,1.807660129474108,-0.6126576950861533,-0.2139257430774377,885.2796913771457,22.542893525658823,1.0,233.0,42,45,188,242.0,NAKODAR
37375,Boparai Kalan (324),AMRITSAR,31.6576576,74.5953445,37375,1912.298712250403,1912.0556640625,0.5374592366020332,0.212001685614043,1.389011679761129,-0.5192098420720648,-0.1250413588672288,919.3578007628817,22.93058248781449,1.0,378.0,178,151,318,419.0,CHOGAWAN
33692,Talwandi Rai (157),LUDHIANA,30.3783779,75.73083,33692,1912.111420829154,1912.055419921875,0.6797061129396927,0.3210788601996264,1.80433218516599,-0.6276291711118566,-0.2420620390923738,729.8626452650309,23.08452600562718,1.0,1490.0,300,550,800,1584.0,RAIKOT
29549,Shahwala Nakki (194),KAPURTHALA,31.2698421,75.25873,29549,1911.052141197819,1912.05517578125,0.6216372677811265,0.3033008775141839,1.7460275131985197,-0.5823427192837047,-0.2094920616643892,813.5904655586216,22.84975047047169,1.0,2.47,0,0,9,174.0,SULTANPUR LODHI
34231,Khanna (97),FIROZEPUR,30.95718,74.6173,34231,1908.108927535828,1912.0548095703125,0.5833347138457708,0.2903466134455465,1.7040849310238984,-0.5433408649100088,-0.1981789782179495,729.2441966941254,23.069153166359456,1.0,312.0,10,0,280,286.0,MAKHU
33564,Sahuli (85J),LUDHIANA,30.8648643,75.8815,33564,1912.2983232493327,1912.054443359375,0.6516940440350619,0.3112317162271485,1.8953947940518263,-0.6009050618614601,-0.2329886954032844,784.6638801505463,22.82077246227169,0.9095066255898764,15.0,200,15,611,1095.0,PAKHOWAL
29972,Rauli (52),JALANDHAR,31.1079979,75.29827,29972,1911.8916223478805,1912.052001953125,0.6173717960943191,0.2929184870404824,1.873172531077399,-0.5745686011310962,-0.208547892672524,825.1631429985403,22.66824401604474,0.9995778855162024,76.0,7,0,300,203.0,MEHATPUR
29705,Gadaipur (215),JALANDHAR,31.1711712,75.22031,29705,1910.322770367598,1912.0491943359375,0.60119002267821,0.2849373565165917,1.7552003827530027,-0.5663561524722249,-0.1949639733301405,729.0435663729751,22.98413439312297,1.0,29.0,3,2,18,30.0,LOHIAN
30116,Fatehgarh Lakha (158),JALANDHAR,31.0270271,75.77908,30116,1912.3657491273148,1912.047607421875,0.6108068185592498,0.2783444591701273,1.7018212930283154,-0.5781965060846358,-0.1882339787704724,861.4481481721299,22.69576022833502,1.0,93.0,2,2,15,93.0,PHILLAUR
30132,Kat Palon (160),JALANDHAR,31.0270271,75.77908,30132,1912.287135119834,1912.0465087890625,0.6170587194983141,0.2636075566610745,1.8376861427120923,-0.5779481230274497,-0.1872353431030341,861.7154458055332,22.70248313506159,1.0,266.0,52,52,345,266.0,PHILLAUR
34634,Haji Chhimba (97),FIROZEPUR,30.9189186,74.58018,34634,1910.9382795976712,1912.04638671875,0.5216277276335607,0.2102969914949555,1.4120855891473545,-0.5193666936554984,-0.1134122067282933,630.8803054501908,23.741871670056355,1.0,50.0,45,50,82,19.0,FIROZPUR
38293,Muglani (130),Tarn Taran,31.54955,75.01623,38293,1911.1048098883205,1912.04638671875,0.5105231618396581,0.1845738837570142,1.3801199552158412,-0.5019565075530801,-0.0989609933696412,904.206492557054,22.609402212374544,0.997528619181314,190.0,75,165,532,344.0,KHADUR-SAHIB-10
33889,Khosa (138),LUDHIANA,30.6846848,75.4462051,33889,1910.803448066819,1912.045166015625,0.6691477212124545,0.3244409012514178,1.8870731171495327,-0.6176421645376169,-0.2455464266616132,708.5822839757508,23.108685885111534,1.0,389.0,350,150,345,442.0,JAGRAON
33870,Giddarwindi (32),LUDHIANA,30.666666,75.47403,33870,1911.158981677772,1912.0423583984375,0.6593899271002851,0.30723302369119,1.9126586263441103,-0.6107815696618005,-0.2341623541507859,767.3249901773034,22.84889296048047,1.0,348.0,438,170,467,1001.0,JAGRAON
29773,Jakopur Khurd (194),JALANDHAR,31.35135,75.59613,29773,1914.659950805914,1912.0413818359375,0.5580265364995417,0.2412103757491296,1.6946561964226097,-0.5329292961781777,-0.1597611653213938,817.6976385524171,22.81345387128846,0.8964320586765255,156.0,20,19,157,176.0,LOHIAN
30035,Phillaur (153),JALANDHAR,31.0270271,75.77908,30035,1912.2110042009645,1912.03955078125,0.5276855792165069,0.2012715140586466,1.564416685683694,-0.5088659141160115,-0.1268218368089374,864.273304026355,22.76681682189809,0.9321515282465356,523.0,0,0,10,723.0,PHILLAUR
39552,Mahamad Nager (93),SANGRUR,0.0,0.0,39552,1913.969785767824,1912.0372314453125,0.5665799364552334,0.2382284407429344,1.3674705733136587,-0.5534312861794717,-0.1409927639790486,725.414940994014,23.062530097044885,1.0,100.0,50,44,138,119.0,MALERKOTLA
29966,Malwal (53),JALANDHAR,31.0630627,75.47123,29966,1912.0750406917384,1912.037109375,0.6502917853989262,0.2972161098985189,2.027955119537083,-0.5933714842219978,-0.2203584088639906,834.8475488831895,22.65798149232063,1.0,2.4,0,0,156,85.0,MEHATPUR
33763,kamalpura (144),LUDHIANA,30.6846848,75.4462051,33763,1911.4465079181207,1912.033935546875,0.6721723607999585,0.3165226688451224,1.812414599756874,-0.6171454426163849,-0.2373274186908689,711.8621591860854,23.10146732980741,1.0,1008.0,480,350,845,1008.0,JAGRAON
39516,Alipur (165),SANGRUR,30.5116673,75.90324,39516,1906.1076878062129,1912.0338134765625,0.6224550260342616,0.2775833177945503,1.622473594486071,-0.5800491285948399,-0.1871164019861574,760.4251894166367,22.92419452819485,1.0,1.0,1,50,200,360.0,MALERKOTLA
30417,Sammipur (276),JALANDHAR,31.36937,75.35739,30417,1911.7760698203112,1912.03271484375,0.4972397775224133,0.1537744806992464,1.5432701487375913,-0.4832775678576457,-0.0820917277978786,958.2364502360718,22.3924562069638,1.0,2.5,200,5,550,214.0,JALANDHAR - WEST
33795,Bodalwala (121),LUDHIANA,30.6846848,75.4462051,33795,1912.286477448878,1912.03271484375,0.5833112034898518,0.2273487331781959,1.6844482196088095,-0.5538091758028496,-0.1578101246318982,733.4537896325486,22.989663174797386,0.8885457646928604,241.0,535,80,299,241.0,JAGRAON
33722,Andlu (200),LUDHIANA,30.6495438,75.5891342,33722,1912.1045479663696,1912.0321044921875,0.6530682478850625,0.2898025142823112,1.7283906051796758,-0.6114022901866485,-0.2112808858737913,759.1372957693717,22.994332976877057,1.0,1500.0,1581,158,491,750.0,RAIKOT
33945,Rajiana (110),MOGA,30.6846848,75.11098,33945,1912.512386532408,1912.0316162109375,0.6445606320175132,0.3169418474992392,1.8219818975246085,-0.5986297366974499,-0.2305811716438142,639.64693313475,23.583876445291704,0.9852924074565996,502.0,34,91,91,2221.0,BAGHAPURANA
34569,Pharaya Malwala (29),FIROZEPUR,30.9729729,74.6223755,34569,1909.593861059099,1912.031005859375,0.5808525316796934,0.2605675116765075,1.5115899937542512,-0.565406708450134,-0.164206139716564,665.9990045239823,23.53292379469844,1.0,330.0,760,102,200,365.0,GHALL KHURD
29754,Raipur (239),JALANDHAR,31.1711712,75.22031,29754,1911.5532387593528,1912.03076171875,0.6611636186750132,0.3348371367430101,1.8846493566763505,-0.6133482672598748,-0.2466318397363511,733.9174094607728,22.97211084760505,1.0,21.0,0,0,9,23.0,LOHIAN
39665,Bhojowali (104),SANGRUR,0.0,0.0,39665,1910.718529440728,1912.0302734375,0.628243842121528,0.2811939116311591,1.6358976212312908,-0.5841250169770058,-0.1933463531511041,682.0104661395447,23.32451465486116,1.0,533.0,255,210,355,577.0,DHURI
29245,Talwandi Mehma (150),KAPURTHALA,0.0,0.0,29245,1916.576104350103,1912.029296875,0.5799680666584013,0.2080062668530885,1.814881332506924,-0.5409243993395049,-0.1394420782448209,936.5747678404596,22.41294619546596,1.0,226.72,308,0,255,224.0,KAPURTHALA
33938,Kaleke (88),MOGA,30.6846848,75.13193,33938,1911.3849575813088,1912.0289306640625,0.6523841835788761,0.2912432345364104,1.907137667149151,-0.5899084746159815,-0.217442734526696,664.5558649989715,23.46771519431968,1.0,1055.0,880,720,1002,1163.0,BAGHAPURANA
29865,Bal Kohna (166),JALANDHAR,31.18919,75.40312,29865,1911.494811223336,1912.02880859375,0.5749076678373856,0.21620430023865,1.7177113962809911,-0.5438100357015397,-0.1433406755864376,883.6240711619752,22.543239515608548,1.0,2.47,50,10,163,203.0,NAKODAR
33879,Fatehgarh Sibian (43),LUDHIANA,30.81081,75.48213,33879,1910.7332513310123,1912.027587890625,0.6623537040518644,0.3079145034967036,1.9659242982465936,-0.6172378670001099,-0.2337548975431571,765.7625320365327,22.862048050066,1.0,485.0,480,100,202,485.0,JAGRAON
34524,Kotwala (118),FIROZEPUR,30.9729729,74.68542,34524,1913.7694845210108,1912.0260009765625,0.5881228180484301,0.2685119348719338,1.503808884016555,-0.5658365011890997,-0.1720127790796153,648.0087445411727,23.662078360239736,1.0,200.0,190,40,90,204.0,FIROZPUR
39443,Bukkanwala (69),SANGRUR,30.3783779,75.85614,39443,1911.087921785996,1912.021240234375,0.6309887040785318,0.2841548135567608,1.5777010718356312,-0.6001309748550747,-0.1932898865173547,710.6126490046876,23.17487815991421,1.0,73.0,100,20,69,81.0,AHMEDGARH
33997,Charik (7),MOGA,30.7027035,75.18787,33997,1910.015257194552,1912.0208740234375,0.6604840569381344,0.2898062680459152,1.9613637032435256,-0.5939173275122039,-0.2179925718899462,685.1387414147752,23.36367271927469,1.0,1029.9,150,150,225,2818.0,MOGA-I
39730,Basiarkh (97),SANGRUR,30.18018,76.03658,39730,1911.848115265317,1912.01904296875,0.6211355554025811,0.2910499720855795,1.5743293988011746,-0.5793565434842972,-0.1964482038999146,685.2371601136778,23.36064229476556,1.0,450.0,500,300,498,774.0,BHAWANI GARH
30046,Mawai (117),JALANDHAR,31.0450459,75.33076,30046,1912.4632988264748,1912.0184326171875,0.6762532811892971,0.3251587000471429,2.0759465453970267,-0.615306777684561,-0.2492992267058182,831.9011124780076,22.70811725901973,1.0,196.0,120,120,200,225.0,NURMAHAL
34128,Chak Tarewala (298),MOGA,30.9549541,75.15457,34128,1914.53207092942,1912.01708984375,0.615791176038456,0.2943609550617532,1.8226680328319127,-0.5733887185078671,-0.2076708732974893,731.4165028741257,22.937485862209485,1.0,302.0,55,96,193,334.0,KOT-ISE-KHAN
34052,Ghal Kalan (19),MOGA,30.8288288,75.09762,34052,1909.293719175504,1912.015625,0.6245844606000425,0.2743704708892298,1.6804268973368952,-0.5839321978813673,-0.1932280662268682,698.6392083575623,23.27431090058525,0.9879612661310916,2164.0,259,0,937,2432.0,MOGA-II
33697,Littar (189),LUDHIANA,30.3783779,75.7726,33697,1914.254074855838,1912.0152587890625,0.65499776133781,0.2874846218244573,1.7372998409415592,-0.6119200717410767,-0.2095985177980434,749.8240407035499,23.02322762463248,1.0,168.0,100,100,226,203.0,RAIKOT
33708,Shahpur (353),LUDHIANA,30.7027035,75.7117538,33708,1911.7245828717407,1912.011962890625,0.6472114984266448,0.2891701754037497,1.8598176886623392,-0.6086076853269571,-0.2131145416379227,759.1378333976166,22.9943307142168,1.0,15.0,200,15,125,218.0,PAKHOWAL
33878,Galib Khurd (45),LUDHIANA,30.666666,75.47403,33878,1911.8768349458549,1912.0113525390625,0.6755746764147871,0.3384306466762555,1.9555157003146049,-0.6302754333634374,-0.2573148925039556,750.595240818295,22.92666571907033,1.0,293.0,457,85,285,293.0,JAGRAON
34663,Kandawali (76),FIROZEPUR,30.72072,74.34258,34663,1913.492898115144,1912.0098876953125,0.5510181683625646,0.2248117962384755,1.3710233804254517,-0.5418706854039845,-0.127314403553016,633.4915700366395,23.7499090722734,1.0,34.41,250,180,200,92.0,MAMDOT
29696,Gatta Mundi Kasu (228),JALANDHAR,31.45946,75.45092,29696,1911.582814663014,1912.009033203125,0.6107402864012991,0.2983506092948895,1.7524247449287695,-0.5737276077622003,-0.2087937420287315,730.4115998288074,23.04491127694402,1.0,276.0,33,33,180,293.0,LOHIAN
37556,Fatehpur Rajputan (254),AMRITSAR,31.5675678,75.0307159,37556,1910.2759176602904,1912.007568359375,0.4125958911105413,0.0663928802576835,1.2489401848347557,-0.4054519032249271,-0.0080565983677596,933.436656277408,22.53343531145123,1.0,205.0,0,52,92,760.0,JANDIALA GURU
33764,Chima (145),LUDHIANA,30.6846848,75.4671555,33764,1912.091787118112,1912.00634765625,0.6811625624408219,0.3262787745243279,1.892120404466995,-0.624598784667155,-0.2468101391004875,710.6089386155503,23.10264680995272,1.0,373.0,273,150,342,439.0,JAGRAON
39738,Laddi (29),SANGRUR,30.18018,75.84899,39738,1911.7386222203745,1912.0052490234375,0.6355647672609717,0.3081652420287888,1.60857084569372,-0.5936191579823132,-0.2108952841280208,687.9648237944444,23.2865713502275,1.0,2.47,25,0,292,331.0,SANGRUR
37991,Raniwala (307),Tarn Taran,31.2572327,74.98892,37991,1912.8583253491136,1912.0045166015625,0.6103884691282523,0.2720291189528568,1.682013081349561,-0.5819331668422526,-0.1851257974405918,819.9415448119538,22.811163704387354,1.0,650.0,128,128,558,724.0,CHOHLA SAHIB-8
37827,Jalluwal (34),AMRITSAR,31.6036034,75.2078247,37827,1916.5229601408184,1912.0045166015625,0.5403676163803124,0.2371310937059847,1.6641923456555423,-0.5153788002210199,-0.1503674115186622,910.5958685987144,22.407946242387816,1.0,42.51,100,100,215,161.0,RAYYA
32219,Shivdayalpur (204),Shahid Bhagat Singh Nagar,31.0450459,75.9406357,32219,1910.94971561325,1912.0042724609375,0.6414130558789705,0.2922491639261138,1.8307087058078213,-0.6014870581891968,-0.2097528333610905,857.7819557342814,22.68924917528814,1.0,57.0,0,0,1,62.0,AUR
39809,Ghanaur Jattan (100),SANGRUR,30.072073,75.9742,39809,1911.5363445824923,1912.0040283203125,0.6243282284383984,0.284507801731237,1.5336744937276314,-0.5852612815564204,-0.1926196561883527,680.9007319619553,23.3225538193102,1.0,205.0,60,18,320,442.0,DIRBA
36632,Dakala (199),PATIALA,30.216217,76.35633,36632,1908.6568791088669,1912.003662109375,0.5531397140850481,0.2348256356469227,1.405257206515264,-0.5407094107269116,-0.1392602652892988,843.6403153345898,23.04831106238497,1.0,566.0,200,200,326,1048.0,PATIALA
36316,Bauran Khurd (201),PATIALA,30.3243237,76.12736,36316,1907.771336244308,1912.003662109375,0.5807725763326544,0.2590877317318101,1.4750372097941808,-0.5559223372044007,-0.1638579864046225,736.4455309141758,23.08496086606958,1.0,274.0,8,62,299,305.0,NABHA
39600,Alal (36),SANGRUR,30.4864864,75.856636,39600,1913.737023343305,1911.9993896484375,0.6389340773191204,0.3310334611375971,1.7025559248915891,-0.6008852833479826,-0.2351212011363944,685.9742048194306,23.44681634021498,1.0,345.0,100,100,300,432.0,SHERPUR
39764,Mangwal (35),SANGRUR,30.1981983,75.8420258,39764,1911.0400783728328,1911.9984130859375,0.6293923854834207,0.2852881522884487,1.599549024526074,-0.5850731783369243,-0.1955799405699654,675.355624263001,23.35030756262872,1.0,2.47,6,6,30,1050.0,SANGRUR
37664,Jathaul (422),AMRITSAR,31.54955,74.67793,37664,1917.258355497204,1911.9981689453125,0.5519933829687849,0.2154266790635402,1.4348987360121048,-0.5211039485636416,-0.1287314655421051,892.3214776563772,22.96454930870621,1.0,200.0,30,28,150,202.0,ATTARI
36270,Rampura Dugal (143),PATIALA,29.8738747,76.00979,36270,1910.8027594953708,1911.9981689453125,0.6159737323135146,0.3115912130627085,1.7246301044797565,-0.5711785661376438,-0.2151361845240302,649.1584870030778,23.67709703389056,1.0,97.0,40,42,95,173.0,PATRAN
33397,Hadiwal (28),LUDHIANA,30.9189186,75.84033,33397,1910.243011075138,1911.9962158203125,0.3724880915133811,0.1917287448165735,0.9823363356477094,-0.3766271730781272,-0.0789709530620309,840.4909315516846,22.737270569515545,0.760897511572211,24.0,32,9,82,219.0,LUDHIANA-2
29692,Nasirpur (210),JALANDHAR,31.1531525,75.206,29692,1910.904896952141,1911.9947509765625,0.6151561785991022,0.3259829281362827,1.793303849989431,-0.5734275719319827,-0.2303365375912458,759.5044280215565,22.97032651555342,1.0,338.0,58,58,160,376.0,LOHIAN
29724,Parjian Kalan (320),JALANDHAR,31.0270271,75.35856,29724,1912.4905789334507,1911.9927978515625,0.5717538879231371,0.2571503692690807,1.6931866606538568,-0.5474572825217005,-0.170644709510757,779.5787545850175,22.745722600675435,1.0,5.0,10,10,295,579.0,SHAHKOT
29695,Mundi Chohlian (226),JALANDHAR,31.1531525,75.206,29695,1912.3126329352008,1911.9912109375,0.6265834532944436,0.2900789173742795,1.7956142690772925,-0.5826265217921186,-0.2060319402334914,733.9174094607728,22.97211084760505,1.0,176.0,70,70,168,195.0,LOHIAN
33858,Sherewala (178),LUDHIANA,30.666666,75.47403,33858,1911.8297090132871,1911.99072265625,0.6284267980980645,0.3100578065827569,1.8000804712441514,-0.5920296485322877,-0.2261286078936441,779.5787545850175,22.745722600675435,1.0,460.0,90,35,158,460.0,JAGRAON
34989,Chak Tahliwala (366),FAZILKA,30.6126118,74.25945,34989,1911.5886133746344,1911.9906005859375,0.5679685404737875,0.2684494907554138,1.6790163944710776,-0.5274967781797925,-0.176552767279892,537.4957564284699,24.18442140124921,1.0,284.0,275,275,354,236.0,JALALABAD
33466,Raur (47),LUDHIANA,30.9369373,75.7916,33466,1913.726192437455,1911.9884033203125,0.3506183015920031,0.1626086550053543,0.9942854186376386,-0.3532331348534415,-0.0570755092140214,861.4481481721299,22.69576022833502,0.7657609850119297,50.0,0,0,465,246.0,LUDHIANA-2
34470,Ittanwali (154),FIROZEPUR,30.8648643,74.8109741,34470,1909.766802392669,1911.9869384765625,0.5855713688928053,0.2504012706673699,1.5301065764042148,-0.5552910200533248,-0.1605773680442801,663.8614776542084,23.52512561971713,1.0,129.56,200,190,240,357.0,GHALL KHURD
29829,Haveli (112),JALANDHAR,31.0812588,75.33929,29829,1913.6763271563505,1911.9862060546875,0.6520289022093755,0.2968164336424608,1.9102963186378543,-0.5951416884514481,-0.2179445868471549,833.095788754473,22.6429277389974,1.0,2.47,20,0,277,329.0,SHAHKOT
29150,Gurmukh Singhwala (34),KAPURTHALA,31.4954948,75.35319,29150,1915.0786833724296,1911.985107421875,0.5109206205861444,0.1702427140454523,1.545639077274276,-0.4877590761946984,-0.095062559225716,904.3606760909456,22.40775749432817,1.0,149.0,5,5,5,151.0,DHILWAN
34093,Ghalotti (306),MOGA,30.81081,75.04157,34093,1910.842492670744,1911.9847412109375,0.6175416844041652,0.3017333221508639,1.755698008301689,-0.5770374936775388,-0.2160229866355925,707.0941568455843,23.15115876780148,1.0,312.0,0,250,300,753.0,KOT-ISE-KHAN
35582,Kot Kapura (129),FARIDKOT,30.58544,74.81651,35582,1911.6752579598644,1911.9835205078125,0.5461440591365071,0.2324293601106429,1.5664619767913956,-0.5260549219907833,-0.1456535677538378,558.6388990925537,23.970523930142285,0.7922960319317105,550.0,25,90,190,8246.0,KOT KAPURA
29331,Kahlwan (172),KAPURTHALA,31.36937,75.48401,29331,1912.139742552213,1911.980712890625,0.5637461403604125,0.2132627644315672,1.7211987152869517,-0.5368446957716121,-0.142318582653421,883.6240711619752,22.543239515608548,1.0,35.0,75,0,175,100.0,KAPURTHALA
36299,Nagri (79),PATIALA,30.2342339,76.12006,36299,1907.848811853551,1911.97900390625,0.5615851019839732,0.2754437359775772,1.6315926620179015,-0.529968357411367,-0.1784619871684989,680.2639249562964,23.46392238992573,1.0,800.0,154,107,210,426.0,SAMANA
33464,Hawas (59),LUDHIANA,30.9189186,75.84033,33464,1914.6442654615507,1911.9757080078125,0.5748538457062125,0.2291269924884397,1.6557968361374098,-0.5504584187983596,-0.1485173535696294,855.4757489876922,22.690449593535305,1.0,32.0,56,0,237,465.0,LUDHIANA-2
34001,Nahal (56),MOGA,30.8218269,75.17439,34001,1909.020584778612,1911.974853515625,0.6098928725497077,0.2597371191619091,1.71603025339356,-0.5667106162222645,-0.1795241570796314,690.6686942168689,23.31618334455154,1.0,156.0,99,99,152,169.0,MOGA-I
29702,Gatti Raipur (240),JALANDHAR,31.1711712,75.19925,29702,1911.1313587606628,1911.9732666015625,0.6403928289806085,0.3124358270368003,1.861740549655967,-0.5951382500710872,-0.2268803846672886,733.9174094607728,22.97211084760505,1.0,333.0,18,18,123,368.0,LOHIAN
29203,Faijla bad (74),KAPURTHALA,31.3873882,75.37185,29203,1911.097561511708,1911.9727783203125,0.5758952632164481,0.272503827726631,1.57662621876006,-0.5530969583132193,-0.1745643535410715,900.3970502860138,22.455344896805173,1.0,960.0,80,80,125,393.0,DHILWAN
33723,Basraon (198),LUDHIANA,30.64949,75.5893,33723,1913.099215334808,1911.9727783203125,0.6484605917578666,0.2860121658927232,1.711320564351003,-0.6079390314107118,-0.20445619623223,757.9475931556701,22.99802354556737,1.0,195.0,499,75,166,182.0,RAIKOT
33668,Mullanpur (140),LUDHIANA,30.7747746,75.6425858,33668,1913.9226089212616,1911.9718017578125,0.6154632967561857,0.2465047117870902,1.7968603873690474,-0.5769853553328212,-0.1797948770822209,802.4979054107723,22.744753495726627,0.8306573295583132,860.0,233,233,1039,860.0,SUDHAR
34396,Joianwala (372),FIROZEPUR,30.88134,74.91751,34396,1911.3797927116657,1911.970947265625,0.6520707691034098,0.2964743059510993,1.7955450135775244,-0.6006850719398055,-0.2132462741617355,675.2264099647608,23.45360224671977,1.0,303.64,310,152,195,535.0,ZIRA
29315,Kalasanghian (224),KAPURTHALA,0.0,0.0,29315,1913.836684506621,1911.9700927734375,0.6177973423917361,0.2413546910173438,1.7797405752565738,-0.5803619860593949,-0.1669582771012468,918.1110859304332,22.47033139403252,1.0,441.08,50,0,637,507.0,KAPURTHALA
37636,Mallowal (247),AMRITSAR,31.6936932,74.96311,37636,1912.495927045652,1911.9698486328125,0.5354744456234811,0.1958591867168654,1.35788870135609,-0.5132827232226354,-0.1090966683980114,919.3578007628817,22.93058248781449,1.0,0.082,30,30,220,225.0,VERKA
30234,Adekali (23),JALANDHAR,31.085268,75.5961456,30234,1909.3554052346483,1911.9677734375,0.6319275931837572,0.2845364196649551,1.925741772551289,-0.5882839840089596,-0.2062150438115717,821.2975802829163,22.77606139731529,1.0,15.0,70,70,130,138.0,NURMAHAL
34630,Suba Qadim (102),FIROZEPUR,30.9189186,74.58018,34630,1912.2868691403808,1911.966552734375,0.5811849492642486,0.2437229108624282,1.5269207934130498,-0.5556025325705327,-0.1570571996939024,641.970282078591,23.66506577997094,0.6879725090919426,80.0,100,70,122,205.0,FIROZPUR
38252,Kaler Dhaiwala (348),Tarn Taran,31.4419537,74.99097,38252,1912.9011283384937,1911.9644775390625,0.5990589490075401,0.2904621543547501,1.5515857647923836,-0.5794518402510934,-0.1881120628632442,868.9469787289994,22.74958406038064,1.0,655.0,26,16,26,96.0,CHOHLA SAHIB-8
38217,Nathu Chak (254),Tarn Taran,31.2252254,74.6944,38217,1912.5651840702408,1911.9639892578125,0.5800292981716162,0.2456030496165109,1.5844808642759312,-0.557082764259791,-0.158897033049154,770.1114692056475,22.934275891534288,1.0,2.47,0,0,238,218.0,PATTI-14
39782,Kunran (68),SANGRUR,30.3423424,76.3919,39782,1911.710038068596,1911.963623046875,0.6903472085801607,0.3415934732997402,1.8445829347399727,-0.6302748254329865,-0.2591421149626141,667.9889177801766,23.64616779530848,1.0,102.0,10,10,20,638.0,SANGRUR
39783,Patti Bharaj (2),SANGRUR,30.216217,75.7308044,39783,1910.8131701842565,1911.9635009765625,0.7101320151957881,0.334155703912149,2.0473297536397967,-0.6418404332579362,-0.2637520867763618,664.6101119925873,23.678360328354927,1.0,2.47,55,55,225,193.0,SANGRUR
36364,Chhaju Bhatt (200),PATIALA,30.3243237,76.12736,36364,1908.6472566807377,1911.962158203125,0.5837685835449434,0.2605066698972836,1.4736659898888154,-0.5619497574195238,-0.1642445712335765,738.5588463550909,23.059037352137,1.0,337.0,65,60,197,405.0,NABHA
39410,Asdullapur (26),SANGRUR,30.3603611,75.8630447,39410,1912.035766960296,1911.9615478515625,0.6506587276858596,0.2917541170412209,1.8001924663126028,-0.6051293456435455,-0.2136458772891775,748.1637016684161,22.98249284180773,1.0,183.0,205,100,233,206.0,AHMEDGARH
33494,Mangli Nichhi (239),LUDHIANA,30.9009018,75.84705,33494,1911.315452790172,1911.9605712890625,0.2297932792812597,-0.002017371541877,0.7694607754636588,-0.2612726134591681,0.0500417150472117,836.510256215248,22.83473776826699,0.0,29.0,50,50,233,261.0,LUDHIANA-2
33691,Chak Chhajawal (156),LUDHIANA,30.3783779,75.73083,33691,1910.5640239423133,1911.9599609375,0.6932884381265305,0.3399900856398691,1.846318758956895,-0.6436431292087941,-0.259607893989371,730.1558348348038,23.084250067546748,1.0,2.0,0,13,200,161.0,RAIKOT
30019,Akuwal (90),JALANDHAR,31.0450459,75.33076,30019,1915.2466333137097,1911.959228515625,0.3798570484084972,0.2227698654520659,1.0613612412803477,-0.3799518134179673,-0.1011545359363368,839.6480430382895,22.76614286996305,1.0,10.0,0,0,3,28.0,NURMAHAL
34139,Chak Singh pur (279),MOGA,30.94395,75.14099,34139,1914.8358150102013,1911.9583740234375,0.6017332169522068,0.2810120291352368,1.6987946155754825,-0.5719202831346143,-0.1930322424062946,731.4165028741257,22.937485862209485,1.0,176.0,100,100,106,194.0,KOT-ISE-KHAN
39549,Bhaini Kalan (97),SANGRUR,0.0,0.0,39549,1913.4630551913835,1911.9566650390625,0.5767206757857438,0.2683557103260018,1.332964926096309,-0.5655036173333343,-0.1630442698386439,725.414940994014,23.062530097044885,1.0,328.0,150,150,240,334.0,MALERKOTLA
39810,Kahangarh (96),SANGRUR,30.09009,75.96721,39810,1911.514248118188,1911.955078125,0.5877399903413748,0.2562373348803842,1.498173892985857,-0.5563597992083343,-0.1643586634599793,695.5560231132756,23.285884293279107,1.0,295.0,62,67,395,389.0,DIRBA
34516,Jaimalwala Alias Piareana (202),FIROZEPUR,30.7027035,74.78972,34516,1910.502453535696,1911.95263671875,0.5984243053080532,0.2472106355345813,1.5752559266419297,-0.5627444978183443,-0.1637870979735887,647.9622664859193,23.662412032628083,1.0,1.4,0,0,160,263.0,GHALL KHURD
39667,Bhalwan (107),SANGRUR,30.3423424,75.9325943,39667,1910.5298447015807,1911.95068359375,0.6291662892124242,0.2852619756461393,1.636981489056772,-0.5826942935404665,-0.1996444168145986,688.0536282241459,23.286005456520098,1.0,887.0,500,500,780,1048.0,DHURI
34536,Bir Sarkar (9),FIROZEPUR,30.9592381,74.60838,34536,1912.3688171891656,1911.9501953125,0.6142413743889781,0.2923746476229923,1.758121495067917,-0.5827958334445174,-0.2005898832651145,684.4847592522996,23.46220865201116,1.0,89.0,25,25,40,95.0,GHALL KHURD
39668,Bhullarheri (106),SANGRUR,30.3423424,75.9325943,39668,1910.734148853972,1911.9486083984375,0.6215990259676284,0.2858702377012326,1.6000714044476765,-0.5808752070204763,-0.1939286265288904,704.2481373246434,23.18858548999203,1.0,916.0,250,450,710,1012.0,DHURI
33768,Roomi (143),LUDHIANA,30.7747746,75.6425858,33768,1911.8873090351208,1911.9464111328125,0.6779310018320204,0.3208719650646897,1.9245037302041872,-0.6191142974724665,-0.2460116843523221,710.6089386155503,23.10264680995272,1.0,754.0,187,187,669,755.0,SUDHAR
33618,Majra Khurd (95),LUDHIANA,30.9006729,75.809,33618,1912.8266886585864,1911.945556640625,0.565341553642862,0.2330038735095856,1.7597068683371635,-0.5341766116699987,-0.1591410559326129,864.273304026355,22.76681682189809,1.0,187.0,72,58,556,89.0,LUDHIANA-1
34107,Umarpura (284),MOGA,30.9549541,75.2176,34107,1911.9014855907544,1911.9451904296875,0.7308482133258151,0.3908867009421183,2.271733999646226,-0.6592792208585464,-0.3145519120122333,745.6744628961156,22.94268326109676,1.0,434.0,0,1,2,447.0,KOT-ISE-KHAN
36327,Ghamrouda (175),PATIALA,30.3783779,76.25297,36327,1912.0747274668256,1911.9442138671875,0.5705715969079305,0.2512156130689274,1.4665333580662343,-0.5502802848255997,-0.1552049501259935,775.388428848018,23.00953171966017,1.0,286.0,65,65,308,321.0,PATIALA RURAL
30040,Partappura (121),JALANDHAR,31.0270271,75.80011,30040,1912.1847841732424,1911.94384765625,0.6543741448020246,0.3043942102985255,1.981892100438423,-0.5999961064057984,-0.2280869743422343,844.4908135022046,22.790118216270063,1.0,679.0,18,18,110,687.0,PHILLAUR
36557,Sular (66),PATIALA,30.27027,76.35662,36557,1908.1895160359616,1911.942626953125,0.4239943064584426,0.0823416480186435,1.2964954290537345,-0.4309077232631969,-0.0238074251899469,850.5485597064393,22.973828551360043,0.3704974261066272,4.9,70,0,1334,235.0,PATIALA
39808,Khanpur Faqiran (102),SANGRUR,30.09009,75.96721,39808,1912.1796411176056,1911.941650390625,0.6404942228553973,0.2991701456100323,1.6501767394368307,-0.5929897676871372,-0.2114786616251932,665.3143870233246,23.448427860799534,1.0,238.0,925,354,954,444.0,DIRBA
29338,Mallian (117),KAPURTHALA,31.333334,75.24414,29338,1912.882594651512,1911.9400634765625,0.7101087120365561,0.346519794861424,2.175276543723068,-0.6430018172403825,-0.2734176202551929,923.7338992764847,22.55090936966161,1.0,3.75,35,0,139,252.0,KAPURTHALA
35099,Muhammad Pira (285),FAZILKA,30.4144154,74.02464,35099,1913.743144605985,1911.9400634765625,0.6738733685005108,0.3530711597488346,1.6944337442137665,-0.609994781694825,-0.256489894567155,480.2901688029664,24.46139456905496,1.0,92.0,720,600,672,393.0,FAZILKA
29758,Kang Khurd (234),JALANDHAR,31.36937,75.3996,29758,1911.6909495222767,1911.93994140625,0.6037377976555109,0.2758329060409482,1.7418532820755903,-0.5690064615495912,-0.1906868665909815,733.9174094607728,22.97211084760505,1.0,663.0,96,96,184,705.0,LOHIAN
39823,Karial (136),SANGRUR,30.09009,75.96721,39823,1912.7758443354169,1911.939697265625,0.637327774045087,0.2859975516915003,1.6521705447442183,-0.5936566085207551,-0.2014187426509985,654.8672110714737,23.546992009723272,1.0,330.0,690,287,700,794.0,DIRBA
29355,Hussainpur (CT),KAPURTHALA,31.333334,75.22305,29355,1913.726870695122,1911.9395751953125,0.5506499912278243,0.1910977624574604,1.6778017693541332,-0.5209040556132478,-0.1221157953541329,923.7338992764847,22.55090936966161,0.9890351970088584,2.0,2,2,32,0.0,KAPURTHALA
29471,Miani Bahadur (142),KAPURTHALA,31.2252254,75.2422256,29471,1916.640619237084,1911.9390869140625,0.5679004182184911,0.2288996002236149,1.707972721359037,-0.5334029943912585,-0.1534526346321992,817.6976385524171,22.81345387128846,1.0,150.87,60,0,94,173.0,SULTANPUR LODHI
29706,Pipli (220),JALANDHAR,31.36937,75.3784943,29706,1910.048451000768,1911.9383544921875,0.6131557639483806,0.2857730877000373,1.7611592765239006,-0.5791528115892847,-0.1973685977518618,696.6210072570361,23.06411934715744,1.0,155.0,26,26,137,426.0,LOHIAN
29461,Kishanpur Ghurka (168),KAPURTHALA,31.2252254,75.20008,29461,1915.8711175840087,1911.9383544921875,0.5402251481126348,0.2188351461312296,1.5141518230003606,-0.5096709086543472,-0.1297777838733979,816.9662448575394,22.834234023093245,1.0,2.47,0,0,15,227.0,SULTANPUR LODHI
34230,Khiali (96),FIROZEPUR,31.0810814,75.10684,34230,1910.7561469584848,1911.93798828125,0.6668541408549135,0.3366007568774489,1.9543552596266964,-0.6044660718480244,-0.2520414319381941,729.2441966941254,23.069153166359456,1.0,64.0,23,50,59,66.0,MAKHU
29759,Kotha (202),JALANDHAR,31.0810814,75.3382645,29759,1911.5115008608752,1911.9373779296875,0.6239767409586353,0.2956335488216054,1.8009508825733294,-0.5823863396629068,-0.2093021778471741,733.9174094607728,22.97211084760505,1.0,112.0,22,22,120,118.0,LOHIAN
34819,Bula Rai Uttar (297),FIROZEPUR,30.7027035,74.39156,34819,1913.7594353211568,1911.935791015625,0.6382914793881503,0.2814523154690416,1.6535032195521355,-0.5968918951649685,-0.1947746994068077,619.9747608027121,24.00168117611604,1.0,263.0,175,158,205,279.0,GURU HAR SAHAI
30036,Nangal (130),JALANDHAR,31.0270271,75.77908,30036,1913.5735042084832,1911.934814453125,0.5623855490275442,0.211365755926555,1.6869993819209126,-0.5310844837750295,-0.1430697047882642,864.273304026355,22.76681682189809,0.6639202928753944,312.0,55,55,881,362.0,PHILLAUR
29917,Durgawal (133),JALANDHAR,31.2072067,75.52281,29917,1913.1968234638096,1911.934814453125,0.6230559314491828,0.2607508934354672,1.9020664346950915,-0.5773380860938577,-0.1860480885309323,875.823639523624,22.558629137710728,1.0,100.0,15,12,74,110.0,NAKODAR
35052,Muazzam (278),FAZILKA,30.4144154,74.02464,35052,1912.241641952727,1911.9342041015625,0.6438135936745777,0.320537963505458,1.7683553851040066,-0.5837298843351663,-0.2311588102195741,482.3752754165391,24.451657324235768,1.0,793.0,55,55,669,807.0,FAZILKA
33865,Tarf Kotli (38),LUDHIANA,30.81081,75.48213,33865,1909.873333526216,1911.933349609375,0.6677059538083782,0.3335063070458528,1.9557027472474235,-0.6215307399814524,-0.2518328020014498,769.9269998746495,22.82698538434548,1.0,237.0,30,10,92,237.0,JAGRAON
30446,Chamiara (404),JALANDHAR,31.405405,75.449646,30446,1914.5885463139527,1911.9329833984375,0.4463114685098591,0.095053022204011,1.382691551297793,-0.4464451698389176,-0.0367725251685669,958.2364502360718,22.3924562069638,0.9196464446841968,2.5,120,2,200,232.0,JALANDHAR - WEST
33671,Dhat (108),LUDHIANA,30.63063,75.52966,33671,1912.221961697628,1911.9315185546875,0.6649914881211422,0.3218120168830586,1.9491583705327948,-0.6100033301627532,-0.2449373945607244,755.1301958968537,22.92033379166793,1.0,422.0,96,96,377,422.0,SUDHAR
37981,Durgapur Sharki (282),Tarn Taran,31.405405,74.9429855,37981,1915.6871272105147,1911.9310302734375,0.5804600693965277,0.2562558650202505,1.5354108762654726,-0.5616966154923065,-0.1627899329598438,778.273362586502,22.90746026355309,1.0,10.0,5,0,30,38.0,NAUSHEHRA PANNUAN-11
34829,Sher Singhwala (323),FIROZEPUR,30.72072,74.34258,34829,1913.299029804999,1911.92919921875,0.616455661442938,0.286200324703265,1.6212035221693972,-0.5848760783454631,-0.1925128930479701,619.9077907016175,24.001903930906963,1.0,159.0,95,115,120,187.0,GURU HAR SAHAI
29924,Nangal Jiwan (138),JALANDHAR,31.2252254,75.41079,29924,1916.6609885243213,1911.9287109375,0.6305645975849666,0.2725681699198777,1.8324628737555184,-0.5869516556786318,-0.1962701046905638,892.3655989577668,22.53479004222732,1.0,133.0,20,20,110,155.0,NAKODAR
38294,Waring Suba Singh (128),Tarn Taran,0.0,0.0,38294,1908.8965265476545,1911.927734375,0.5117200083266071,0.1896693417932862,1.4202051522780943,-0.4968203605125356,-0.1041004808063052,904.0238502433198,22.61020811230276,1.0,2.3,175,225,350,273.0,KHADUR-SAHIB-10
33689,Rajoana Kalan (97),LUDHIANA,30.7747746,75.6425858,33689,1913.933525435728,1911.92333984375,0.6725061535768854,0.3104382210384387,1.81100193403648,-0.6240257546805451,-0.2342020017341896,730.1558348348038,23.084250067546748,1.0,600.0,205,205,305,616.0,SUDHAR
39461,Azimabad (58),SANGRUR,30.3603611,75.8630447,39461,1910.9804669736568,1911.9227294921875,0.6170674400167909,0.2885253159254428,1.6216475846695422,-0.5861806363041416,-0.1964692046065326,755.6628029048459,22.94818862644705,1.0,50.0,50,0,150,182.0,AHMEDGARH
39437,Abdullapur (24),SANGRUR,30.522522,75.88475,39437,1910.387377584409,1911.9210205078125,0.6679123364769299,0.3246411048104156,1.7081817022528587,-0.6279175978779976,-0.2340248607226415,744.6301522662537,22.99865686411482,0.98344571476447,247.0,320,220,320,322.0,AHMEDGARH
35118,Sureshwala (247),FAZILKA,30.4144154,74.02464,35118,1908.9192138497503,1911.9193115234375,0.5951428168357342,0.2544341686666864,1.4118800475759588,-0.5640294345957244,-0.1635145960888882,478.094247838994,24.47441705487767,1.0,250.0,215,150,213,769.0,FAZILKA
38298,Dinewal (89),Tarn Taran,31.54955,75.01623,38298,1912.735698486177,1911.91845703125,0.4824466094224747,0.1512090772805201,1.376034330031731,-0.4712443356654616,-0.0753309545040932,899.6236002184766,22.55510730469558,1.0,2.5,75,275,575,617.0,KHADUR-SAHIB-10
35044,Walle Shah Hithar (316),FAZILKA,30.18018,74.30659,35044,1916.311599725585,1911.9183349609375,0.6149231576223094,0.2703722291203848,1.6250293135814728,-0.5617585323164057,-0.185886173929893,505.5246594359773,24.3435519553604,1.0,249.0,70,81,322,344.0,FAZILKA
34814,Mohan Ke Uttar (168),FIROZEPUR,30.2342339,74.13886,34814,1910.78301237137,1911.91796875,0.5297967964319109,0.2034498608887244,1.3935410205477965,-0.5183424392094592,-0.1212356444463039,600.097382347812,23.98513700067548,0.7820683472668059,633.0,250,40,50,730.0,GURU HAR SAHAI
33635,Khaira (127),LUDHIANA,30.7147827,76.20283,33635,1913.704034426024,1911.91748046875,0.5037616102832775,0.190967342662805,1.4685926088990595,-0.4901018419723379,-0.1060375143297281,846.9622078349488,22.80621523879904,0.985978796310352,958.0,300,54,250,1526.0,LUDHIANA-1
39563,Rurka (78),SANGRUR,30.3783779,75.85614,39563,1911.3671986361069,1911.917236328125,0.6240119223466349,0.3035311266870092,1.5834649409393668,-0.5845610431872275,-0.2072337782059417,710.6126490046876,23.17487815991421,1.0,220.0,100,0,168,236.0,AHMEDGARH
39986,Patti Sohlan (56),BARNALA,30.3727951,75.54853,39986,1913.128622790667,1911.913818359375,0.6550712587047156,0.2933231649123825,1.7277171102744804,-0.6076426166744748,-0.2126659523465094,659.597286861171,23.619301732261363,1.0,186.0,385,45,122,220.0,BARNALA
37372,Nurpur (334),AMRITSAR,31.72973,74.61093,37372,1912.2396617698444,1911.9136962890625,0.5140798573141254,0.2001216258431587,1.3388173008929771,-0.5062185712941474,-0.1095278160692548,919.1702278047889,22.929752051449857,1.0,165.0,98,135,225,183.0,CHOGAWAN
33737,Kalsan (29),LUDHIANA,30.3783779,75.7726,33737,1910.646510059523,1911.9110107421875,0.665937014851759,0.3046516189579682,1.788351868508635,-0.6151770924001095,-0.2279502329996855,696.0560385019321,23.25471667943132,1.0,600.0,520,500,640,642.0,RAIKOT
34807,Baje Ke (300),FIROZEPUR,30.6112823,74.20344,34807,1914.0128427677253,1911.9107666015625,0.6255167147958974,0.2836768598926608,1.5967281615439912,-0.5836363457571271,-0.1935657593782838,625.3297556208623,23.913472247113827,1.0,613.0,902,313,315,663.0,GURU HAR SAHAI
33605,Ayali Kalan (155),LUDHIANA,30.7156048,76.20065,33605,1909.759775181396,1911.9100341796875,0.4943978699973219,0.1364086237479542,1.5740229345475596,-0.4832697060295905,-0.0744794093940061,836.8651018594855,22.776844697688787,0.5364578222269869,250.0,123,144,632,1385.0,LUDHIANA-1
34621,Pir Ismail Khanwala (71),FIROZEPUR,30.9549541,74.6293,34621,1912.4937413326647,1911.909912109375,0.5951499137185782,0.1895301541043388,1.6067974517869812,-0.544512891388532,-0.1212112520525636,639.6603971189313,23.69416027252637,1.0,600.0,100,100,139,293.0,FIROZPUR
37959,Banwalipur (103),Tarn Taran,31.4954948,74.8883057,37959,1908.387274661768,1911.9091796875,0.6048372645437489,0.2727026827496721,1.6405828730635696,-0.5732355947602827,-0.1814569103280836,855.9307250192063,22.707733182606887,1.0,334.0,60,50,352,269.0,NAUSHEHRA PANNUAN-11
34427,Kamalgarh Kalan (159),FIROZEPUR,31.27928,74.54743,34427,1914.4476078713176,1911.908447265625,0.691299678328428,0.3497208469608131,2.064975477329164,-0.6216170791196002,-0.2705556016966386,693.6538162639039,23.19813426734248,1.0,200.0,150,100,145,209.0,ZIRA
37627,Khairabad (349),AMRITSAR,31.6576576,74.84936,37627,1913.297948263635,1911.9080810546875,0.432770141753808,0.0720051543875608,1.0504111351521517,-0.4503296177169124,-0.0013871577075573,898.4865638425248,22.708453943606344,0.7415008161550664,32.38,50,30,285,281.0,VERKA
39736,Gurdaspura (31),SANGRUR,30.3423424,76.3919,39736,1910.4167676804825,1911.9053955078125,0.5959018149396543,0.271263878841095,1.4948622636681963,-0.5670060198299827,-0.179029612770412,687.3440821921474,23.28502017190138,1.0,150.0,25,0,50,365.0,SANGRUR
29856,Kular (178),JALANDHAR,31.0990982,75.33151,29856,1912.660753120776,1911.90478515625,0.5750898721018639,0.2140511794261659,1.76256209479458,-0.5423984452877354,-0.1459834412252448,865.7381299373085,22.622701655557503,1.0,2.47,100,0,400,298.0,SHAHKOT
39555,Sakohpur Sangram (94),SANGRUR,0.0,0.0,39555,1914.0155261215805,1911.9044189453125,0.5919752114385716,0.2680100950880763,1.4603234196048192,-0.5642167641632256,-0.1756658379383098,725.414940994014,23.062530097044885,1.0,260.0,150,120,265,293.0,MALERKOTLA
37633,Khasa (365),AMRITSAR,31.54955,74.67793,37633,1911.9244828663868,1911.903564453125,0.5167744485899558,0.1759689550150243,1.4068555017585047,-0.4933133304185029,-0.0973228002633861,919.3578007628817,22.93058248781449,1.0,370.0,200,163,220,366.0,ATTARI
30059,Bhandal Sahib Rai (61),JALANDHAR,31.0810814,75.59072,30059,1911.3136746542743,1911.9034423828125,0.6135830089114181,0.2714480908298303,1.827564113942548,-0.5749039057438177,-0.1926408564320663,821.2975802829163,22.77606139731529,1.0,106.0,0,0,18,112.0,NURMAHAL
34674,Lakha Haji (291),FIROZEPUR,0.0,0.0,34674,1913.236365400732,1911.9031982421875,0.5439593584686159,0.1760693267753327,1.3849043603811784,-0.5224034140804675,-0.0998109861085379,633.4915700366395,23.7499090722734,1.0,178.0,55,40,60,141.0,MAMDOT
40034,Bahmania (85),BARNALA,30.522522,75.57101,40034,1909.5210408769897,1911.901611328125,0.6825105756024463,0.315633919939278,1.854423788488939,-0.6308982754367547,-0.236108860327821,710.9343799760239,23.213375035280365,1.0,437.0,85,104,193,466.0,MEHAL KALAN
39619,Rajo Majra (44),SANGRUR,30.3783779,75.85614,39619,1912.5121181457885,1911.9014892578125,0.6171206353368605,0.3041468657453123,1.5800578893290975,-0.5809191793644508,-0.2069186819181749,692.9895821025269,23.36108680154888,1.0,820.0,1680,376,553,1013.0,DHURI
29931,Chak Khurd (10),JALANDHAR,31.27928,75.55939,29931,1912.590797510645,1911.9002685546875,0.6372817031214367,0.2831957767525841,1.8451950673879909,-0.5926981264227749,-0.2054591835233467,892.3655989577668,22.53479004222732,1.0,246.0,65,65,244,268.0,NAKODAR
34087,Longiwind (177),MOGA,30.9549541,75.13356,34087,1915.4293367041912,1911.8966064453125,0.6879592100958003,0.3698706719766942,2.066026436274961,-0.6239875823386405,-0.286001885276728,696.8402962814212,23.19012352330123,1.0,179.0,0,160,169,196.0,KOT-ISE-KHAN
29290,Mangaroda (128),KAPURTHALA,31.333334,75.22305,29290,1915.439428549735,1911.8963623046875,0.564981430586558,0.2108233445493101,1.8121064358370256,-0.5302444117344168,-0.1482895358462635,931.706623996662,22.493442329015604,0.9069217522496416,36.0,0,0,105,106.0,KAPURTHALA
29170,Bhular Bet(26),KAPURTHALA,31.477478,75.19079,29170,1913.6555395762864,1911.89453125,0.5457587445085211,0.2642955059261961,1.52449019032895,-0.5262355005996547,-0.1624278229032496,896.2282260706219,22.42223990303715,1.0,800.0,28,0,195,343.0,DHILWAN
39472,Hathoa (110),SANGRUR,0.0,0.0,39472,1914.307457603636,1911.8936767578125,0.5703988133383159,0.2236889640471371,1.41340837633522,-0.551402749223668,-0.1374477791522795,725.414940994014,23.062530097044885,1.0,270.0,163,162,355,296.0,MALERKOTLA
34632,Karian Pahelwan (100),FIROZEPUR,30.9189186,74.58018,34632,1911.87518905878,1911.8936767578125,0.5535396760509925,0.2405913452477781,1.3532304096380905,-0.5450131157415632,-0.139990924034379,630.8803054501908,23.741871670056355,1.0,80.0,85,72,95,173.0,FIROZPUR
34591,Asal (120),FIROZEPUR,0.0,0.0,34591,1913.3374058955785,1911.8935546875,0.5422933005087358,0.2181797105144974,1.439287727967197,-0.5274502211419586,-0.1304331098237161,662.4309632707757,23.5560340745628,1.0,220.0,150,150,306,257.0,FIROZPUR
36472,Alhoran (CT),PATIALA,30.3243237,76.12736,36472,1910.5164107776327,1911.8931884765625,0.5038299707397441,0.1723534783652649,1.331327207081417,-0.4994352775507082,-0.0906122852893661,767.5634120202159,23.01088269377152,0.7755550252511729,687.0,60,40,350,0.0,NABHA
33942,Ughoke (107),MOGA,30.666666,75.11792,33942,1911.5147129511447,1911.8924560546875,0.7110540619906737,0.3468663470716419,2.1799849988119933,-0.6338112979677694,-0.2729924638823795,621.6170028222128,23.67412375316381,1.0,350.0,155,65,168,187.0,BAGHAPURANA
29945,Leel (14),JALANDHAR,31.1351357,75.48642,29945,1910.4374052309304,1911.891357421875,0.6477488907752053,0.2931203974876027,1.8464182666280045,-0.6069673922573583,-0.211163449978318,830.0122383490285,22.700577211760724,1.0,71.0,4,4,4,79.0,NAKODAR
36275,Tanbuwala (180),PATIALA,30.1621628,76.0852051,36275,1910.69004017526,1911.8905029296875,0.5599664828468748,0.2682685233551067,1.5754740378638543,-0.5341797256283538,-0.1709161984729707,649.1584870030778,23.67709703389056,1.0,141.7,160,160,253,313.0,PATRAN
34507,Najju Shah Misri (134),FIROZEPUR,30.9369373,74.6362457,34507,1909.4113917111736,1911.890380859375,0.5991648510894214,0.2933605396417629,1.5983032702994242,-0.5727978962879628,-0.196842013651265,677.0450766026001,23.49066830799247,1.0,281.0,700,182,230,428.0,GHALL KHURD
36508,Seuna (24) (Part),PATIALA,30.4828072,76.297,36508,1908.2658727251053,1911.8897705078125,0.5488155899753443,0.2202543939408001,1.5131771467045187,-0.5271680787926291,-0.1344968948246186,839.1855749299424,22.919619997673408,0.7607363032838339,5.4,150,115,666,697.0,PATIALA RURAL
39763,Nankiana Sahib (24),SANGRUR,30.2522526,75.842,39763,1910.6452068536764,1911.88720703125,0.6259156842941603,0.2841552735002056,1.530946383222795,-0.5890512680706977,-0.1921319648581551,682.0104661395447,23.32451465486116,1.0,2.47,8,0,60,85.0,SANGRUR
29233,Kadupur (143),KAPURTHALA,31.36937,75.4207,29233,1915.098143110288,1911.88720703125,0.5115466381750136,0.1435530930311867,1.6331188198464328,-0.4825178050370693,-0.0839357587405814,913.34825186037,22.398483972158942,0.9975265626088236,2.5,15,0,400,80.0,KAPURTHALA
33876,Sherpur Kalan (123),LUDHIANA,30.666666,75.47403,33876,1912.444529941121,1911.8870849609375,0.6623898667773057,0.3148355853808529,1.9767022098255065,-0.611106880197213,-0.239330688245149,733.2335414577572,22.99316089324024,1.0,840.0,300,279,1077,1039.0,JAGRAON
34158,Brahamke (241),MOGA,30.9369373,75.1404,34158,1909.8393527487087,1911.8865966796875,0.6888577433539184,0.3598521732471402,2.097190496654246,-0.6248568841280757,-0.2784514573111758,694.4905462672608,23.069375095900625,1.0,23.0,17,12,42,402.0,KOT-ISE-KHAN
34399,Chhajanwali (369),FIROZEPUR,30.8625145,74.93582,34399,1914.19226802082,1911.8857421875,0.6143754493709516,0.2717748774684929,1.7784406739850105,-0.5694891673588645,-0.1932799968447427,680.2076044490235,23.4222539006542,1.0,131.98,156,30,42,145.0,ZIRA
34891,Badalke Uttar (282),FAZILKA,30.6052761,74.2536545,34891,1907.1074018694865,1911.884765625,0.6135582009201944,0.2859494173239217,1.6022713632055985,-0.5786377063916037,-0.1938788115956102,619.9077907016175,24.001903930906963,1.0,85.0,60,80,95,91.0,GURU HAR SAHAI
34033,Kapure (34),MOGA,30.8288288,75.18155,34033,1911.8919681137788,1911.884033203125,0.6843385349397881,0.3547798516732352,2.1587257290188817,-0.6194529510588228,-0.2769237520434562,737.7491947312158,22.98438523356728,1.0,915.0,214,314,641,997.0,MOGA-I
34065,Mangewala (68),MOGA,30.8319359,75.01737,34065,1910.7248857892816,1911.882568359375,0.6537981816765508,0.3081440923628017,1.8107277130779087,-0.6068060606415613,-0.2253712340647289,677.7504625728028,23.431952089010625,1.0,638.0,23,25,481,716.0,MOGA-II
39592,Kheri Chahalan (12),SANGRUR,30.39244,76.1852646,39592,1913.734267125158,1911.882080078125,0.6558442088012207,0.3174718939304795,1.572955698696607,-0.6182983064846924,-0.2271057678593434,685.7610858764451,23.44813559841683,0.9915665084611396,723.0,649,362,952,817.0,SHERPUR
33890,Dangian (139),LUDHIANA,30.666666,75.45308,33890,1911.246017415261,1911.880615234375,0.6613884137872319,0.3098896243859664,1.90546529363831,-0.6064891051279204,-0.2333251390529255,704.9448135306733,23.12469863387713,1.0,476.0,400,150,380,541.0,JAGRAON
33772,Chachrari (104),LUDHIANA,30.63063,75.52966,33772,1912.838340540008,1911.879638671875,0.6885751914792455,0.334280843668,1.902083355597305,-0.6197980285892606,-0.2574594310133807,719.7581823203697,23.06575082108101,1.0,383.0,107,100,307,383.0,SUDHAR
34686,Bhure Khurd (268),FIROZEPUR,30.666666,74.42665,34686,1908.3842428149287,1911.8778076171875,0.6112015957280028,0.3048837917584212,1.5407903488755894,-0.5860586095507719,-0.2054031477721518,633.4915700366395,23.7499090722734,1.0,182.0,65,65,155,199.0,MAMDOT
29522,Wattan Wali Khalan (151),KAPURTHALA,31.2072067,75.18575,29522,1911.4163208093369,1911.876953125,0.5931875100010462,0.2961695034193908,1.6779372808726516,-0.5744902667979733,-0.1986431463839183,816.9662448575394,22.834234023093245,1.0,176.0,48,0,235,352.0,SULTANPUR LODHI
33971,Damroo Khurd (113),MOGA,30.72072,74.9923248,33971,1913.8728062281589,1911.875732421875,0.6640007354594823,0.3284886310839157,1.9141991928185185,-0.613492652739733,-0.2434570160499923,638.9205696990388,23.58294540355263,1.0,280.0,62,125,198,335.0,BAGHAPURANA
38220,Kariala (259),Tarn Taran,31.477478,74.91614,38220,1913.8680773283445,1911.87548828125,0.6013246514379026,0.263409388961222,1.6164702438929248,-0.5700602211279288,-0.1742564195089803,770.94524530672,22.924395787052504,1.0,167.0,1,103,187,199.0,PATTI-14
29171,Jhal Thikriwal (13),KAPURTHALA,31.49085,75.3555,29171,1915.3903966611947,1911.8746337890625,0.5249841825398534,0.2253464129545907,1.6341114934045382,-0.5035846678055941,-0.1409239302573419,904.9440571439468,22.410381902808894,1.0,1100.0,60,100,245,448.0,DHILWAN
39831,Kakuwala (146),SANGRUR,30.2522526,75.842,39831,1911.1619502920475,1911.871826171875,0.6397036122270529,0.3001922174608316,1.6712233243565344,-0.5919683347272818,-0.2102205853555012,649.5287212541001,23.711543893087253,1.0,22.0,250,28,190,425.0,DIRBA
34567,Dholewala (21),FIROZEPUR,30.9729729,74.6223755,34567,1910.28541346356,1911.869873046875,0.5536567778558062,0.247071988634182,1.4394793196511084,-0.5407484071937904,-0.1483567754861624,679.6740160341017,23.480611600557133,1.0,190.0,60,0,80,186.0,GHALL KHURD
34134,Doburji (268),MOGA,30.9446011,75.14057,34134,1912.7416791609803,1911.8663330078125,0.6755137578836138,0.3446104785975348,2.074724370405706,-0.614986264476679,-0.2630696618319452,731.4165028741257,22.937485862209485,1.0,175.0,52,54,75,200.0,KOT-ISE-KHAN
39614,Badshahpur (42),SANGRUR,30.3783779,75.85614,39614,1913.052424032396,1911.86474609375,0.6280366261636973,0.3258756084176906,1.5482617905085436,-0.6021957267017947,-0.2230380247421183,692.9895821025269,23.36108680154888,1.0,648.0,1922,362,585,754.0,DHURI
34193,Kambo Khurd (210),MOGA,30.5045052,74.26042,34193,1910.2525865691696,1911.8646240234375,0.6772520131878753,0.3581508379215977,1.9955012954097613,-0.6210109073562519,-0.2697080537004297,733.3202318506479,22.973584057154447,1.0,41.0,23,19,25,47.0,KOT-ISE-KHAN
34007,Mallianwala (5),MOGA,30.82203,75.17424,34007,1909.6517945606493,1911.8641357421875,0.6396142507867515,0.2791218207229969,1.829795729611576,-0.5800170663521572,-0.2048326613389376,689.4032708038585,23.321958539189183,1.0,210.0,170,170,390,386.0,MOGA-I
30082,Bhangali (13),JALANDHAR,31.0856075,75.59621,30082,1911.055938235984,1911.8612060546875,0.6382977465107964,0.2959524620283519,1.7701640115652242,-0.5999668163894942,-0.2114860617958686,821.2975802829163,22.77606139731529,1.0,1.5,0,0,2,84.0,NURMAHAL
34155,Nurpur Haqiman (246),MOGA,30.9549541,75.2176,34155,1913.11683968048,1911.8602294921875,0.6604605370486286,0.3397157286477086,2.01910851731848,-0.6032215581536634,-0.2582541741478457,694.4905462672608,23.069375095900625,1.0,328.0,138,155,469,367.0,KOT-ISE-KHAN
34491,Mana Singhwala (203),FIROZEPUR,30.9369373,74.6152344,34491,1910.042073469121,1911.8592529296875,0.6244554469383152,0.2718878118623025,1.6153923609720753,-0.5846324050215117,-0.1872473307347712,647.9622664859193,23.662412032628083,1.0,60.0,25,25,28,528.0,GHALL KHURD
29753,Gatti Pir Bakhsh (241),JALANDHAR,31.1531525,75.22706,29753,1911.5962490087863,1911.857666015625,0.6437209401625509,0.3222878022098425,1.926030792980605,-0.5973073543190438,-0.234668326038291,733.9174094607728,22.97211084760505,1.0,150.0,6,6,47,161.0,LOHIAN
34788,Chak Jamiat Singhwala (237),FIROZEPUR,30.6077156,74.20858,34788,1909.8347154979003,1911.8555908203125,0.6228242808441876,0.2948144912412638,1.617830158565173,-0.5816073200435743,-0.2017095346393643,611.5712937304187,23.83629182459682,1.0,484.0,295,296,308,538.0,GURU HAR SAHAI
33750,Sattowal (163),LUDHIANA,30.64865,75.58562,33750,1912.387418170531,1911.8555908203125,0.6935861674817124,0.3386858899929099,1.874034811512404,-0.6366678218950385,-0.2558870421271592,697.3669971804801,23.217209172196533,1.0,185.0,489,73,163,191.0,RAIKOT
34789,Kore Singhwala (238),FIROZEPUR,30.72072,74.4054642,34789,1909.7383700496064,1911.8536376953125,0.6275442528767995,0.2998456274763432,1.6687196436909275,-0.5859623787166817,-0.2086679209271909,631.1344365977495,23.87538333660865,0.9571510278417594,370.0,150,400,450,1032.0,GURU HAR SAHAI
37961,Dhotian (315),Tarn Taran,31.45946,74.94397,37961,1908.996153802577,1911.8529052734375,0.5737807673757555,0.2493036134814387,1.581589440969833,-0.5523833409489632,-0.1603064117798973,855.9163744889071,22.707774425080466,1.0,50.0,150,25,1510,1490.0,NAUSHEHRA PANNUAN-11
29785,Makhi (99),JALANDHAR,31.1531525,75.206,29785,1915.8939431468227,1911.8519287109375,0.5849048218786973,0.2657707461872354,1.820373596940872,-0.5497946546559045,-0.181101754656805,747.4626431821086,22.91868677625863,1.0,188.0,57,58,59,205.0,LOHIAN
34715,Chak Ghobai Alias Tangan (299),FIROZEPUR,30.81081,74.41221,34715,1913.141796189357,1911.8515625,0.6099555959682237,0.2920999435759157,1.4551678190017707,-0.580979995447572,-0.1889558961309743,633.4915700366395,23.7499090722734,1.0,674.31,300,260,300,295.0,MAMDOT
34120,Kanian Khurd (277),MOGA,30.9369373,75.1404,34120,1909.5593722932745,1911.8511962890625,0.64323922497796,0.3381484329355942,1.851953221446209,-0.6051583941852439,-0.2442091757730349,779.5787545850175,22.745722600675435,1.0,47.0,27,24,30,54.0,KOT-ISE-KHAN
39632,Mehdudpur Urf Dugni (68),SANGRUR,30.4333344,76.03567,39632,1911.0879243616464,1911.8497314453125,0.609293204339911,0.2985394992887694,1.4822934631714066,-0.578387577765602,-0.1983258748119875,693.9730579957728,23.348076283789705,1.0,415.0,0,0,220,243.0,MALERKOTLA
33551,Mehtabgarh (342),LUDHIANA,30.7027035,75.7117538,33551,1909.614755986024,1911.849609375,0.6761619221301377,0.3320831704929,1.8132856570851588,-0.635456382209557,-0.2473968493047826,782.3198976924317,22.894344868499104,0.8428535320838482,10.0,2,2,35,276.0,PAKHOWAL
29967,Maheru (55),JALANDHAR,31.0630627,75.47123,29967,1911.6789238569145,1911.84619140625,0.6347621715530944,0.2813631620723122,2.021433958065026,-0.5859613402032554,-0.206756983939767,828.5993130717054,22.66460272123292,1.0,2.47,50,51,456,368.0,MEHATPUR
34678,Mida Haji (290),FIROZEPUR,30.9009018,74.50314,34678,1912.7714400622203,1911.8450927734375,0.5778187268946423,0.2399585700900727,1.3670233555712437,-0.5564356618322237,-0.1410945744814929,633.4915700366395,23.7499090722734,1.0,138.0,50,0,22,141.0,MAMDOT
34174,Said Jalalpur (224),MOGA,30.9369373,75.1404,34174,1911.104663119352,1911.8448486328125,0.6358723705912516,0.3355469759868456,1.8366052664036256,-0.5808192453090126,-0.2449261901385773,694.4905462672608,23.069375095900625,1.0,178.0,43,43,119,228.0,KOT-ISE-KHAN
29771,Sabuwal (196),JALANDHAR,31.1531525,75.22706,29771,1912.078968219628,1911.8441162109375,0.5905573822081557,0.2713249992815839,1.703134041968692,-0.5617321823685067,-0.1843477202233299,809.2621662429582,22.829428362466608,1.0,193.0,26,26,209,213.0,LOHIAN
30549,Kartarpur (Rural) (370),JALANDHAR,31.4954948,75.54337,30549,1911.6948085419203,1911.8433837890625,0.5144382526735548,0.1509159202275187,1.6641399217181625,-0.4925402907813672,-0.0886002644365955,880.6908028841307,22.46434950325205,0.8894494048160958,2.1,15,0,500,2694.0,JALANDHAR - WEST
34024,Ajitwal (39),MOGA,30.82184,75.17439,34024,1909.5383300513752,1911.842529296875,0.6281161582185554,0.2895031891167861,1.867852905549227,-0.5858850606302267,-0.2121079586884705,729.0772141891639,23.02643334029005,1.0,1023.0,0,950,1600,1242.0,MOGA-I
33992,Doudhar Sharki (97),MOGA,30.6880817,75.09725,33992,1912.362255674364,1911.842529296875,0.6713564916101298,0.3231813502032946,1.942287040067041,-0.6124953595580007,-0.2462335276111458,704.2532946789446,23.148717388575964,1.0,4579.0,840,840,1622,1247.0,MOGA-I
33233,Naraingarh (242),LUDHIANA,30.63063,76.09503,33233,1909.018649920333,1911.8424072265625,0.5637518727526276,0.2172097547274554,1.87845612029281,-0.5217141676358321,-0.1457779630268497,865.374857466449,22.713122245179363,1.0,2.48,0,0,530,187.0,KHANNA
39703,Majhi (20),SANGRUR,30.2882881,76.09938,39703,1909.3986226030872,1911.84228515625,0.5660247990492377,0.2496020762849349,1.4180712815266276,-0.549441815183563,-0.1540487783758688,733.8665219952958,23.116596925856413,1.0,1214.0,75,268,645,894.0,BHAWANI GARH
30133,Nagar (147),JALANDHAR,31.0270271,75.77908,30133,1911.9400584144685,1911.8406982421875,0.6142103857029397,0.2605622201268068,1.780532803847355,-0.5736839611780892,-0.1847746609972407,859.5510545524146,22.682379189441235,1.0,544.0,220,220,694,544.0,PHILLAUR
34124,Chak Kanian Kalan (302),MOGA,30.9549541,75.23861,34124,1913.0535169479344,1911.8406982421875,0.6746683663707164,0.3530875002833488,1.9730383051116973,-0.6183606614456844,-0.2676270068535032,731.4165028741257,22.937485862209485,1.0,271.0,35,46,215,294.0,KOT-ISE-KHAN
37960,Rakh Sheron (267),Tarn Taran,31.3873882,74.9497147,37960,1908.642642719425,1911.8394775390625,0.5952473771834755,0.2678566747134749,1.60130807441154,-0.5673283639036395,-0.1744940660768411,855.9307250192063,22.707733182606887,1.0,10.0,15,35,60,188.0,NAUSHEHRA PANNUAN-11
33731,Johlan (89),LUDHIANA,30.3423424,75.76557,33731,1912.192083291329,1911.8387451171875,0.6794407670999618,0.3102167963617338,1.746676567819994,-0.6367801518704149,-0.2318166344318684,723.2519116894587,23.15212286600322,1.0,1072.0,130,0,710,1211.0,RAIKOT
38271,Jhandher (342),Tarn Taran,31.32049,75.02452,38271,1914.984794672372,1911.8372802734375,0.5054357420718998,0.1933740773978124,1.4578920390079777,-0.4941529799373988,-0.1084513415217519,904.0238502433198,22.61020811230276,1.0,269.0,78,78,250,286.0,CHOHLA SAHIB-8
36179,Balamgarh (60),PATIALA,30.0540543,76.21017,36179,1914.004051063069,1911.8349609375,0.656485939751037,0.3227554551708428,1.7305051972692551,-0.6021645792584598,-0.2326454634613084,678.6249819209473,23.415548694258007,1.0,210.0,59,55,120,258.0,SAMANA
38326,Fattehpur (144),Tarn Taran,0.0,0.0,38326,1913.5462246454915,1911.8297119140625,0.5128505423174782,0.1867299916109457,1.572624322680229,-0.4903713098450643,-0.1081339225629991,953.4446242263216,22.404917930807244,1.0,10.0,0,0,170,159.0,KHADUR-SAHIB-10
35217,Bhagu (73),FAZILKA,30.2342339,74.22228,35217,1913.45633183615,1911.828125,0.5291014772086737,0.0724538033408914,1.3033949512772292,-0.5119145876439302,-0.0133515204327703,412.3711742046179,24.964967812893963,1.0,1500.0,525,236,684,1832.0,ABOHAR
34896,Balelke Rohela (265),FAZILKA,30.5999031,74.25567,34896,1912.010590936086,1911.827880859375,0.6350871671177365,0.3200136044379074,1.6632914530161975,-0.6009097282516984,-0.2224656318829419,607.9191977602605,23.97906523191544,1.0,80.94,111,153,160,135.0,GURU HAR SAHAI
30085,Mohanpur (20),JALANDHAR,31.1282177,75.4794846,30085,1910.1764562420249,1911.8272705078125,0.6835204903199705,0.3361379528120767,2.0961906121614406,-0.6272201980610658,-0.2579103851389668,821.2975802829163,22.77606139731529,1.0,150.0,25,10,25,148.0,NURMAHAL
34224,Bal (109),FIROZEPUR,31.0990982,74.97379,34224,1910.6703577822573,1911.8267822265625,0.6403236765351428,0.33530575914182,1.8278277340357008,-0.5942712077493901,-0.2430432385041647,729.2441966941254,23.069153166359456,1.0,450.0,15,0,85,232.0,MAKHU
34694,Chak Malha Kari (280),FIROZEPUR,30.9009018,74.48214,34694,1911.9612878658163,1911.826416015625,0.6254985826565312,0.3168320387408728,1.5100833629131178,-0.5962525824325577,-0.2128616224787625,633.4915700366395,23.7499090722734,1.0,68.0,30,12,16,62.0,MAMDOT
33656,Hambran (2),LUDHIANA,30.7138042,76.20355,33656,1915.50077021672,1911.8251953125,0.5774153619101254,0.2380921874489463,1.6703720556555757,-0.550703164832505,-0.1611797924190585,824.0844098472693,22.736448045997424,1.0,1354.0,35,28,75,1177.0,LUDHIANA-1
29102,Daudpur (63),KAPURTHALA,31.36937,75.3996,29102,1911.981162978904,1911.82373046875,0.5834700712849892,0.3013360941191162,1.7486698317565097,-0.5419572751678673,-0.2018756437895429,860.1867499759095,22.40933991115594,1.0,218.0,120,120,240,241.0,NADALA
39441,Sultanpur (51),SANGRUR,30.3783779,75.85614,39441,1910.931701609251,1911.823486328125,0.637012795961083,0.2866646603821439,1.5945933107653374,-0.6018492275613591,-0.1999600809030223,720.5053626038311,23.12363081245399,1.0,239.0,35,0,207,261.0,AHMEDGARH
29129,Badshahpur (6),KAPURTHALA,31.4954948,75.35319,29129,1913.7174591337125,1911.8221435546875,0.5682761825997078,0.2924158204016432,1.5122652571919324,-0.5475515929283509,-0.1847608207188404,899.4500377879792,22.413248012998405,1.0,0.4,20,0,160,189.0,DHILWAN
33919,Rouke Kalan (103),MOGA,30.666666,75.26455,33919,1909.8855963526,1911.8218994140625,0.660512187536827,0.3055037607117656,1.9094253205060705,-0.60783292513704,-0.228729535229278,678.0347663114582,23.401499609946537,1.0,11.0,421,657,1531,2372.0,NIHAL SINGH WALA
33818,Talwandi Nauabad (8),LUDHIANA,30.9369373,75.3714752,33818,1916.542227279393,1911.8206787109375,0.5369277765141913,0.2808435367708044,1.418773417086688,-0.5115882778952242,-0.1853812701023982,828.8223537614243,22.70683178993221,1.0,31.0,70,70,107,94.0,SIDHWAN BET
39400,Baurhai (25),SANGRUR,30.3783779,75.85614,39400,1910.729332384411,1911.820556640625,0.6906130420763099,0.3297531553671173,1.888554518742925,-0.6379799350780067,-0.2510952984761579,753.474758358541,22.974178096709284,1.0,460.0,110,50,388,507.0,AHMEDGARH
29719,Danewal (305),JALANDHAR,31.0828724,75.34057,29719,1913.0644011182355,1911.8204345703125,0.5390756570771499,0.2219797344654061,1.520659661542786,-0.5218479505075723,-0.1373225027369886,779.5787545850175,22.745722600675435,1.0,2.47,80,0,239,397.0,SHAHKOT
29815,Budhanwala (269),JALANDHAR,31.0810814,75.3382645,29815,1915.160419344334,1911.818115234375,0.6402251303193746,0.3189999561642502,1.9725120249299568,-0.5849713685483388,-0.2367961042431891,765.4959138443522,22.845761002262133,1.0,144.88,48,30,160,161.0,SHAHKOT
33465,Boothgarh (48),LUDHIANA,30.9189186,75.84033,33465,1913.3557732665377,1911.8179931640625,0.5066150648346344,0.177203811271044,1.4688838417021892,-0.4981689524415778,-0.1003187040925037,861.4481481721299,22.69576022833502,1.0,32.0,57,0,563,277.0,LUDHIANA-2
33297,Chapra (395),LUDHIANA,30.3783779,75.85614,33297,1906.8533842739,1911.81787109375,0.5880718136200443,0.2828422482064086,1.5979045205757143,-0.5649511415187819,-0.1857012410623693,817.5590130498307,22.778822665703103,1.0,92.0,65,50,103,100.0,Maloud
34266,Behbalwala (81),FIROZEPUR,31.0630627,75.11365,34266,1912.2111259710664,1911.8172607421875,0.3782733526147903,0.1905893434238523,1.0636061743937633,-0.3820001857549844,-0.0764329778608485,729.2441966941254,23.069153166359456,1.0,2.47,0,0,9,65.0,MAKHU
33884,Agwar Khawaja Baju (132),LUDHIANA,30.6846848,75.4671555,33884,1912.286048253285,1911.8153076171875,0.6160194450409789,0.2786014831086555,1.7300011760155716,-0.5810683007646789,-0.2012225260354856,731.2718917692661,23.00521010404189,0.8479695951414381,392.0,500,400,890,514.0,JAGRAON
33663,Kailpur (141),LUDHIANA,30.7747746,75.6425858,33663,1913.8605023567443,1911.815185546875,0.671056305658163,0.3264875748235027,1.866936213229348,-0.6205070869140819,-0.2469440343453348,819.4311651399033,22.722257702118725,1.0,333.0,119,119,370,333.0,SUDHAR
33894,Mallah (149),LUDHIANA,30.666666,75.47403,33894,1912.3393255972048,1911.815185546875,0.6826501274012196,0.3272211945434674,1.997542248463254,-0.6227266946001286,-0.2517621952181971,704.9448135306733,23.12469863387713,1.0,1380.0,575,540,1015,1448.0,JAGRAON
38327,Gill Kaler (149),Tarn Taran,31.54955,75.01623,38327,1913.901739480125,1911.8123779296875,0.4975494262536606,0.1695207208888379,1.4900625277220758,-0.4852852647348322,-0.0916656851164388,953.4446242263216,22.404917930807244,1.0,2.5,100,50,90,102.0,KHADUR-SAHIB-10
33788,Sheikhupura (110),LUDHIANA,30.7747746,75.6425858,33788,1912.670478181927,1911.8114013671875,0.6861902310048739,0.3547385343261823,2.0815241783334817,-0.6269352649007143,-0.2768564775495783,755.1301958968537,22.92033379166793,1.0,321.0,33,75,338,321.0,SUDHAR
34008,Bishanpura (5),MOGA,30.8218021,75.17438,34008,1908.6688239523432,1911.810302734375,0.67110498127877,0.3117630532488552,1.855191801124806,-0.606020216796478,-0.229161149612015,685.1387414147752,23.36367271927469,1.0,130.0,3,3,4,144.0,MOGA-I
34137,Kamalke (259/260),MOGA,30.9369373,75.1404,34137,1913.5159656434632,1911.8096923828125,0.6084313353040107,0.2958830737001688,1.811897431880357,-0.5675336164589543,-0.211964285285454,731.4165028741257,22.937485862209485,1.0,82.0,32,28,115,472.0,KOT-ISE-KHAN
34408,Nakilanwala (340),FIROZEPUR,30.863121,74.93696,34408,1915.6362875587213,1911.80908203125,0.6586622403959634,0.3149399937381819,1.8263325323633333,-0.604171440336506,-0.2319220643642324,680.2076044490235,23.4222539006542,1.0,466.0,425,270,440,505.0,ZIRA
34572,Sanda Moja (27),FIROZEPUR,30.9189186,74.6221848,34572,1911.259444511307,1911.8050537109375,0.5685625429378836,0.2612038662606384,1.4504796396319797,-0.5516112826822989,-0.159851829876982,665.9990045239823,23.53292379469844,1.0,48.58,45,45,70,127.0,FIROZPUR
33866,Manwarpura (40),LUDHIANA,30.666666,75.47403,33866,1910.2432290116392,1911.8033447265625,0.6950484884606015,0.3579101837909312,2.0347057736778207,-0.6372005384407475,-0.274974161152773,765.7625320365327,22.862048050066,1.0,500.0,50,20,110,303.0,JAGRAON
37982,Durgapur Garbi (283),Tarn Taran,31.405405,74.9429855,37982,1915.686142588297,1911.802001953125,0.6074032939398999,0.2729940572515298,1.6611309419719835,-0.5786983235874291,-0.1841375564264645,770.94524530672,22.924395787052504,1.0,10.0,141,141,221,173.0,NAUSHEHRA PANNUAN-11
33874,Sheikh Daulat (47),LUDHIANA,30.666666,75.47403,33874,1911.1981344715928,1911.7998046875,0.6841420352359411,0.3396902129055281,2.037103338561331,-0.6276060935282798,-0.2624430527853539,765.7625320365327,22.862048050066,1.0,614.0,240,70,318,614.0,JAGRAON
34209,Mahiwala (197),MOGA,30.81081,75.04157,34209,1909.329985841125,1911.795654296875,0.6591873384871298,0.3365872707499446,1.9622832460730952,-0.5975021955191492,-0.2522475853896656,729.2441966941254,23.069153166359456,1.0,125.0,0,32,45,136.0,KOT-ISE-KHAN
33734,Gobindgarh (86),LUDHIANA,30.3783779,75.7726,33734,1911.257103072616,1911.7950439453125,0.6665068459015934,0.3121841658876224,1.737764608710478,-0.6182129563156719,-0.2299238589770134,710.9343799760239,23.213375035280365,1.0,420.0,180,0,185,461.0,RAIKOT
35546,Chak Kalatola (8),FARIDKOT,30.666666,74.76181,35546,1911.800971601244,1911.7940673828125,0.5926946964524648,0.2562084577873714,1.5082785820874518,-0.5627696411775814,-0.163729668114473,625.7476898839371,23.67761861755929,1.0,1.0,0,1,1,336.0,FARIDKOT
39811,Dialgarh Jejian (123),SANGRUR,30.09009,75.96721,39811,1912.8736219257264,1911.7928466796875,0.6496575339163483,0.3103682777980278,1.6377101281527169,-0.5961756875470771,-0.2186955128162341,662.2770445780518,23.47295718890572,1.0,652.0,38,33,395,602.0,DIRBA
34271,Hardo Jand (78),FIROZEPUR,31.0990982,74.9948349,34271,1911.4049284127373,1911.792724609375,0.6012649829171038,0.3032013600072264,1.6015209510128174,-0.5787548151199046,-0.2001754468521327,767.2346240569647,23.02620553595142,1.0,188.0,0,0,1,192.0,MAKHU
29259,Ahmedpur (205),KAPURTHALA,31.3788052,75.38348,29259,1914.320243384586,1911.79150390625,0.4987628521674721,0.1525609580143792,1.914165454174498,-0.4774185358494273,-0.0855001471712208,958.2364502360718,22.3924562069638,1.0,91.09,110,110,162,247.0,KAPURTHALA
36655,Nanansu (250),PATIALA,30.1441441,76.3213348,36655,1910.13291283142,1911.7908935546875,0.5328373606187384,0.2291892913841736,1.2950904873297877,-0.5296014923094878,-0.1266352118317768,815.7255934209182,23.069730757203253,1.0,390.0,40,300,348,396.0,SANOUR
34689,Hussain Shahwala (270),FIROZEPUR,0.0,0.0,34689,1909.0384227577524,1911.7904052734375,0.6334772782610978,0.31117383482473,1.647202308178176,-0.5975077073949271,-0.2170743765746185,633.4915700366395,23.7499090722734,1.0,102.0,200,50,70,121.0,MAMDOT
39661,Jakhlan (100),SANGRUR,30.3603611,75.8630447,39661,1911.129146318663,1911.7899169921875,0.633381913806531,0.2980822048587406,1.594458139322341,-0.590937720198147,-0.2046507364446347,703.647012121403,23.227487441721248,1.0,443.0,797,235,285,477.0,DHURI
30048,Gumtali (47),JALANDHAR,0.0,0.0,30048,1912.0875989816525,1911.789306640625,0.6656899863513364,0.3144344429405577,1.9518685126410449,-0.6125799999673001,-0.2373255817532346,821.649095753419,22.773808995446423,1.0,158.0,50,20,248,181.0,NURMAHAL
34623,Jalalwala (73),FIROZEPUR,30.94462,74.63419,34623,1912.33969212364,1911.7891845703125,0.548439426790431,0.178333248241781,1.3427656921907325,-0.5211234513509241,-0.097699160913967,633.4915700366395,23.7499090722734,1.0,315.0,55,45,251,328.0,FIROZPUR
37672,Nangli (383),AMRITSAR,31.6573219,74.87201,37672,1911.5531213095733,1911.7872314453125,0.3439569802678798,0.0185587446045281,0.9537651177421752,-0.3687588928691389,0.0341646635976175,925.7557782342332,22.57332640097519,0.1030610210580438,2.0,0,0,560,0.0,VERKA
30012,Gadra (85),JALANDHAR,31.0270271,75.3165054,30012,1915.423874414117,1911.7850341796875,0.6091008083196774,0.3006062922502182,1.7597451329510034,-0.5716930678092984,-0.2100014797318519,828.8223537614243,22.70683178993221,1.0,250.0,0,50,66,128.0,NURMAHAL
29752,Chak Gadaipur (242),JALANDHAR,31.0810814,75.3382645,29752,1911.394880014583,1911.7847900390625,0.642563581426306,0.3223300917381375,1.843695065936392,-0.6020502034622884,-0.2340122907912603,733.9174094607728,22.97211084760505,1.0,50.0,2,2,18,53.0,LOHIAN
34808,Chak Kandhe Shah (323),FIROZEPUR,30.9189186,74.47517,34808,1912.865000431316,1911.78466796875,0.6318295229581032,0.2781062136704695,1.6370819456160872,-0.5907232017963104,-0.1918273076383107,634.6124204804795,23.884184272387643,1.0,100.02,101,60,82,259.0,MAMDOT
29206,Rattra (79),KAPURTHALA,31.3873882,75.2241,29206,1912.2020869846176,1911.7838134765625,0.569720315739615,0.2663630001887529,1.5692751041413664,-0.5478786840459674,-0.1711418765410729,931.265303771724,22.505780148381405,1.0,400.0,50,18,110,108.0,DHILWAN
33746,Burj Naklian (155),LUDHIANA,30.6495476,75.58947,33746,1911.9736511457825,1911.7835693359375,0.6732483972465505,0.3120885589677444,1.815101406899991,-0.618801177029625,-0.2355006241108436,729.9874207366765,23.08440857203636,1.0,245.0,896,178,299,257.0,RAIKOT
33195,Bullepur (222),LUDHIANA,30.63063,76.09503,33195,1908.460438869572,1911.7825927734375,0.3817703485502594,0.059362915564638,1.2501731703678411,-0.3858218201439554,-0.0046969703009507,880.831920579513,22.749100778082404,0.5253179221635239,2.47,0,0,215,298.0,KHANNA
29540,Takia (185),KAPURTHALA,31.2072067,75.18575,29540,1909.7758121585136,1911.7784423828125,0.5638399411727838,0.2736994715517921,1.5724391775458668,-0.5509367700773834,-0.1742199425477623,816.9662448575394,22.834234023093245,1.0,53.69,26,35,95,60.0,SULTANPUR LODHI
33856,Kanian Hussaini (180),LUDHIANA,30.6846848,75.4252548,33856,1912.465166088621,1911.7779541015625,0.5785694341362786,0.3002026503044133,1.5879178190179295,-0.5504807710086312,-0.2049383674714596,779.5787545850175,22.745722600675435,1.0,853.0,95,90,248,853.0,JAGRAON
36212,Majri (64),PATIALA,30.2522526,76.11317,36212,1911.7076704630267,1911.77685546875,0.5846736678945814,0.2701153786590546,1.5081538641318355,-0.5594333788352441,-0.1726572054085614,762.7116831948655,23.10110317520452,1.0,615.0,225,225,375,688.0,SAMANA
29928,Dherian (20),JALANDHAR,31.2072067,75.52281,29928,1914.5572514242097,1911.775390625,0.5461657286352433,0.2219604567883586,1.5741979293435513,-0.5262532127102615,-0.1423834037769325,892.3655989577668,22.53479004222732,1.0,157.0,60,75,265,179.0,NAKODAR
29691,Bara Jodhsingh (208),JALANDHAR,31.27928,75.53831,29691,1911.6527493749525,1911.773681640625,0.566216529076845,0.2788795851255611,1.6248642384308596,-0.5439535670680854,-0.1810862141858956,817.1898662621448,22.82788055468564,1.0,252.0,19,16,142,269.0,LOHIAN
36342,Kansuha Khurd (153),PATIALA,30.3783779,76.25297,36342,1905.0417752873973,1911.7720947265625,0.5817875212016345,0.2558547395220653,1.6509142301626796,-0.5457657708608507,-0.1670200581844643,807.0297261883205,22.999590269874,1.0,139.0,65,60,186,157.0,NABHA
33597,Rurka (83J),LUDHIANA,30.7747746,75.6425858,33597,1909.7811415615872,1911.770751953125,0.6494319463714492,0.3061385308688561,1.942154503124648,-0.6072705374604176,-0.2283268804781585,784.6638801505463,22.82077246227169,1.0,550.0,550,200,420,518.0,SUDHAR
29494,Gobindgarh (2),KAPURTHALA,31.2432442,75.17228,29494,1914.2913304192105,1911.7705078125,0.5760002678762249,0.2308196276358907,1.7084498694235928,-0.551740243074669,-0.1543648743382148,852.7206721713441,22.680534510857456,1.0,50.0,0,0,1,234.0,SULTANPUR LODHI
36837,Ranjit Nagar Extension - II (OG),PATIALA,30.45045,76.22569,36837,1911.371172256229,1911.7701416015625,0.3979069226625301,0.089297078199198,1.1707643352928143,-0.4222629645853398,-0.0205788647160512,839.1855749299424,22.919619997673408,0.0346782603505626,18.0,18,65,1159,0.0,PATIALA RURAL
34260,Tibbi Rang (92),FIROZEPUR,31.27928,74.54743,34260,1913.6243567097629,1911.767578125,0.5689142078114106,0.2689209388334931,1.5850434031037748,-0.538328001757921,-0.1776579975220162,729.2441966941254,23.069153166359456,1.0,93.0,30,19,33,96.0,MAKHU
39812,Khanal Kalan (122),SANGRUR,30.09009,75.96721,39812,1912.865375778097,1911.76611328125,0.643320715573128,0.3000449158364033,1.6717619173441365,-0.591845577014428,-0.212361528676958,656.7693870658633,23.51743657858501,1.0,582.0,358,288,905,1213.0,DIRBA
39621,Punnawal (57),SANGRUR,30.2882881,75.7237854,39621,1912.2961204808607,1911.764404296875,0.6357659609135371,0.3108577894845097,1.6983317931299642,-0.5984063344939006,-0.2189173403401238,678.5104366948502,23.42093000177232,1.0,958.0,1894,350,570,1086.0,DHURI
35095,Alam Shah (288),FAZILKA,30.4144154,74.02464,35095,1913.5567633606115,1911.7613525390625,0.6573253509298941,0.319567323012109,1.651504138692467,-0.6062039176270344,-0.2296267017768846,480.2901688029664,24.46139456905496,0.9610134865935004,200.0,605,65,155,442.0,FAZILKA
34537,Aliwala (8),FIROZEPUR,30.9189186,74.6221848,34537,1914.57930835287,1911.76025390625,0.5460545560050429,0.2324288107267941,1.5104743305294135,-0.5290220720872568,-0.1428527265935527,684.4847592522996,23.46220865201116,1.0,95.0,60,61,111,108.0,FIROZPUR
29912,Ladhran (131),JALANDHAR,31.18919,75.40312,29912,1913.0604461637463,1911.759765625,0.6303470357186757,0.2716782295525771,1.961824843075752,-0.5862492303819622,-0.2018184307204196,814.5788702180283,22.679460124891307,1.0,286.0,0,50,274,321.0,NAKODAR
34090,Nihalgarh (311),MOGA,30.81081,75.04157,34090,1913.332900273904,1911.7589111328125,0.6497105037976917,0.3138186242089732,1.960937587358052,-0.5944113835184438,-0.234560397951973,693.6538162639039,23.19813426734248,1.0,146.0,110,103,121,160.0,KOT-ISE-KHAN
29319,Mander Dona (228),KAPURTHALA,31.4234238,75.35857,29319,1915.699691966832,1911.758056640625,0.5885469521736805,0.2247159839809711,1.7387633306821106,-0.5544466721569044,-0.1524809485907725,942.3733892848388,22.416556765311952,1.0,2.5,10,10,50,249.0,KAPURTHALA
39631,Bamal (65),SANGRUR,30.3603611,75.8630447,39631,1910.578906018005,1911.7568359375,0.6130247048558507,0.2881248058611032,1.6061813072814632,-0.5765908370018903,-0.1950595643601813,693.8095563451179,23.3501498582869,1.0,362.0,252,180,275,738.0,DHURI
37896,Kila Kavi Santokh Singh (61),Tarn Taran,31.45946,74.9228439,37896,1910.8552026806613,1911.7568359375,0.5394992630159675,0.1934995296613011,1.491037832251982,-0.5138570765929903,-0.1129210132548712,857.3961350133317,22.745808597055657,1.0,40.0,30,30,35,396.0,TARN TARAN-12
39658,Harchandpur (98),SANGRUR,30.3423424,75.9325943,39658,1912.7804002615303,1911.7564697265625,0.6084443563487649,0.2789146684445454,1.5017656671970103,-0.5772708761216467,-0.1852732225070051,701.1824908336699,23.24691367297308,1.0,482.0,100,195,330,548.0,DHURI
33800,Chimna (59),LUDHIANA,30.6846848,75.4671555,33800,1913.0874288720229,1911.755615234375,0.6688125067796042,0.3188110728054356,1.961596896735921,-0.6146961140753602,-0.2435076199755129,733.4537896325486,22.989663174797386,1.0,508.0,495,179,434,578.0,JAGRAON
38026,Wan (226),Tarn Taran,31.4755135,74.91056,38026,1911.1177595723304,1911.755126953125,0.5918965440890365,0.2532643057232492,1.5982062629103728,-0.5634047894907226,-0.1674855824263056,796.6858007667443,22.941607731918737,1.0,298.0,0,30,251,267.0,TARN TARAN-12
39761,Thalesh (25),SANGRUR,30.2522526,75.842,39761,1911.030336673764,1911.75439453125,0.6310391385895241,0.285895697531828,1.589208754791301,-0.5852858529240645,-0.1958979283663253,682.0104661395447,23.32451465486116,1.0,2.47,0,100,240,236.0,SANGRUR
34655,Jhok Naudh Singh (82),FIROZEPUR,30.9189186,74.47517,34655,1910.0228991726804,1911.7542724609375,0.5984885389341049,0.2822722334267323,1.4858820837735514,-0.5739210475198072,-0.1845761083084958,633.4915700366395,23.7499090722734,1.0,191.0,40,70,105,202.0,MAMDOT
34895,Balelke Hasal (266/336),FAZILKA,30.72072,74.4054642,34895,1912.0531469047128,1911.754150390625,0.5979457824400676,0.2737478739028862,1.591190159376697,-0.5681203183669234,-0.1810434344800182,604.0658889135888,23.99898488650373,1.0,68.8,151,22,43,186.0,GURU HAR SAHAI
36178,Ghangrouli (69),PATIALA,30.2342339,76.12006,36178,1913.274878809535,1911.7537841796875,0.6374268421263187,0.2866660746344681,1.739860135973215,-0.5874947392583811,-0.2026826943025938,678.6249819209473,23.415548694258007,1.0,366.0,65,65,237,387.0,SAMANA
30117,Ashaur (159),JALANDHAR,31.0270271,75.77908,30117,1911.4484339831065,1911.753173828125,0.6034785126078762,0.2548305174474919,1.7707855364334155,-0.5690515857934983,-0.1766302381472139,861.4481481721299,22.69576022833502,1.0,295.0,74,74,310,295.0,PHILLAUR
37569,Chatiwind (278),AMRITSAR,31.54955,74.67793,37569,1913.725089337776,1911.7528076171875,0.4717853105380381,0.122832067788196,1.2714058217573885,-0.4706111485348162,-0.0495983441388487,897.981772105922,22.67399627419917,0.9879485311123174,569.0,50,169,259,592.0,ATTARI
33797,Tapar Harnian (52),LUDHIANA,30.6846848,75.4462051,33797,1912.518955329645,1911.7523193359375,0.6650359744564561,0.3090052341022069,1.984842511305286,-0.611075697775011,-0.2365221654092191,747.3104385157751,22.90953349856676,1.0,120.0,40,7,10,59.0,JAGRAON
38278,Vain poin (318),Tarn Taran,31.45946,75.00734,38278,1910.6098629415696,1911.752197265625,0.5405595854444526,0.2097289382371714,1.4987791431752764,-0.5190599386178852,-0.12543449079824,880.2600727806628,22.65839720496325,1.0,8.0,75,200,1250,1254.0,KHADUR-SAHIB-10
37553,Talwandi Dogran (148),AMRITSAR,31.6396389,75.00416,37553,1912.2995148755665,1911.7515869140625,0.375198405293393,0.0270555246036742,1.1258350016970171,-0.371930420111753,0.0246393862348122,933.436656277408,22.53343531145123,1.0,90.0,20,25,37,314.0,JANDIALA GURU
33558,Assi Khurd (307),LUDHIANA,30.3948956,75.74166,33558,1908.180946349316,1911.74951171875,0.6389006296625946,0.3063729558937126,1.7888326394094,-0.601126329780279,-0.2224342000103553,808.5676672866242,22.77318496325944,1.0,109.6,55,65,140,125.0,DEHLON
34717,Rahime Ke Uttar (301),FIROZEPUR,30.9189186,74.47517,34717,1913.1654055407623,1911.74853515625,0.6274489818867204,0.292361991343032,1.588716847606416,-0.5892200986040397,-0.1986698373665991,641.109410453854,23.740359096897667,1.0,124.9,250,240,255,324.0,MAMDOT
34786,Chak Tahliwala (236),FIROZEPUR,30.666666,74.38475,34786,1909.231102177832,1911.74853515625,0.5906404732810637,0.2626133161460509,1.514799441642506,-0.5586976459882992,-0.1694252015749516,616.3843068292039,23.812034812580865,1.0,190.0,220,68,102,307.0,MAMDOT
30438,Ali Chak (419),JALANDHAR,31.405405,75.449646,30438,1913.657954976136,1911.7484130859375,0.5229386486668707,0.1516803124214616,1.6539032601209274,-0.5007241478327229,-0.0905165578796217,958.2364502360718,22.3924562069638,1.0,120.0,35,0,209,131.0,JALANDHAR - WEST
39751,Sohian (39),SANGRUR,30.18018,75.84899,39751,1912.376132118707,1911.7470703125,0.7420592336399621,0.2920123633402198,2.164673169468612,-0.6543048049078289,-0.2336518750475023,664.920950215091,23.390750384608737,1.0,2.47,18,6,342,343.0,SANGRUR
39446,Jafrabad (91),SANGRUR,30.522522,75.88475,39446,1913.093090059942,1911.7462158203125,0.6101361882422295,0.2499536133785105,1.5594558700502914,-0.5729971493960769,-0.1654850559911121,718.4837671424513,23.11513708224636,0.9966262989669364,95.0,100,0,261,106.0,AHMEDGARH
34695,Kalu Araian Uttar (294),FIROZEPUR,30.9009018,74.50314,34695,1912.455427435564,1911.745361328125,0.5879478645241206,0.2783439968054631,1.3762323903682263,-0.5711341236892254,-0.17031655443124,633.4915700366395,23.7499090722734,1.0,150.0,50,0,25,140.0,MAMDOT
30134,Raipur Sagnewal (148),JALANDHAR,31.0270271,75.77908,30134,1911.9411942683048,1911.74365234375,0.6417503187352469,0.2954841938210318,1.880949393242212,-0.5940237186947281,-0.2139781539575082,864.273304026355,22.76681682189809,1.0,160.0,17,17,61,160.0,PHILLAUR
34813,Wasal Mohan Ke (170),FIROZEPUR,30.4144154,74.04553,34813,1912.161364344875,1911.7413330078125,0.5505037626176695,0.2172600519685437,1.4358189054727777,-0.5329426815044662,-0.1320249993592905,600.097382347812,23.98513700067548,1.0,250.0,500,200,258,282.0,GURU HAR SAHAI
29893,Gill (125),JALANDHAR,31.18919,75.40312,29893,1911.5413862712333,1911.7410888671875,0.6243835682994211,0.2617744690878786,1.925143638277809,-0.5759040062389678,-0.1890228160539605,883.6240711619752,22.543239515608548,1.0,340.0,0,100,282,355.0,NAKODAR
29523,Mandi Kabirpur Jadid (158),KAPURTHALA,31.2072067,75.18575,29523,1912.3353271009423,1911.7386474609375,0.6343120175241919,0.3098057126036065,2.179833775178419,-0.578641822444078,-0.2266024389353,816.9662448575394,22.834234023093245,1.0,2.47,0,0,1,40.0,SULTANPUR LODHI
40032,Pandori (32),BARNALA,30.522522,75.57101,40032,1908.9213309047684,1911.7371826171875,0.6278333252425516,0.2992876903137101,1.610079109598507,-0.6041221442161585,-0.2060766190930592,687.6142016364494,23.382663038076032,1.0,420.0,110,110,507,465.0,MEHAL KALAN
29781,Mohriwal (251),JALANDHAR,31.1531525,75.22706,29781,1915.970334126422,1911.7359619140625,0.6266065095912319,0.2947880494503755,1.8885227105277416,-0.5824628715096891,-0.2111571480014882,760.9981732741504,22.86530097722093,1.0,154.0,56,56,89,159.0,LOHIAN
30033,Panj Dhera (132),JALANDHAR,31.0270271,75.77908,30033,1911.431854069583,1911.7352294921875,0.4345246949217364,0.1144175729407878,1.4630361074589415,-0.4276912371660313,-0.0536238582785414,864.273304026355,22.76681682189809,0.8864605947344262,346.0,67,67,720,347.0,PHILLAUR
34673,Mehmud Ke Hithar (289),FIROZEPUR,30.9369373,74.46819,34673,1913.769143110552,1911.7344970703125,0.5282405008299365,0.1877550448153741,1.2854421576400594,-0.5255563881009842,-0.0987682881591709,633.4915700366395,23.7499090722734,1.0,25.0,25,34,36,62.0,MAMDOT
29961,Sidhwan (43),JALANDHAR,31.1351357,75.3811646,29961,1912.7748484646672,1911.734130859375,0.6455323180380883,0.2873502566171765,2.026621211789541,-0.5936830739610918,-0.2146889728218109,834.8475488831895,22.65798149232063,1.0,399.0,45,0,364,455.0,NAKODAR
34629,Firozpur(Rural) (108),FIROZEPUR,30.959095,74.6075058,34629,1912.85028773998,1911.7315673828125,0.6080101714249794,0.2584376411845204,1.6010905843356067,-0.5781256704414741,-0.1713377977771792,650.0806900670426,23.60889549887736,0.7503066748479615,194.0,854,796,1031,247.0,FIROZPUR
39459,Amamgarh (59),SANGRUR,30.3603611,75.8630447,39459,1911.6181044133216,1911.731201171875,0.5852476063964261,0.2442079622667737,1.5195882277553796,-0.5579684964194912,-0.1568589823351606,747.29102056637,22.98648487225552,1.0,100.0,100,10,25,304.0,AHMEDGARH
38339,Jahan Gir (90),Tarn Taran,31.477478,75.0217743,38339,1912.5195515795688,1911.7279052734375,0.4585451187039006,0.117580033441011,1.2724936482424822,-0.452372966555472,-0.0453573024959934,904.3360550661438,22.5428437342046,1.0,12.0,12,20,550,516.0,KHADUR-SAHIB-10
35054,Kawanwali (297),FAZILKA,30.4144154,74.02464,35054,1911.172568985424,1911.72509765625,0.6634124840133342,0.3240771115031364,1.6876419052429552,-0.6088894967826481,-0.2339523185254959,505.5246594359773,24.3435519553604,1.0,386.0,300,150,259,406.0,FAZILKA
38296,Kang (113),Tarn Taran,31.477478,75.0217743,38296,1912.6319194679909,1911.723876953125,0.5436302529229888,0.2083840224649115,1.5321663595487105,-0.5218086021450589,-0.1261158172227717,878.3396544462767,22.627982631731115,1.0,83.0,65,60,850,1089.0,KHADUR-SAHIB-10
34990,Chak Khewa (368),FAZILKA,30.6126118,74.25945,34990,1916.458570471966,1911.7205810546875,0.6084513327852544,0.2996188901570524,1.7543183572867205,-0.5695615582375072,-0.2048336373456799,536.825090197991,24.19055848873983,1.0,752.0,200,200,420,785.0,JALALABAD
39836,Harigarh (150),SANGRUR,30.1261253,75.93243,39836,1911.6611314471936,1911.720458984375,0.5653992271126166,0.2610072537846243,1.3914358046752435,-0.5511342140625649,-0.159906493504698,651.2046732084161,23.74612989814516,1.0,26.0,280,3,410,833.0,DIRBA
29410,Jeorgepur Ur Merry Pur (33),KAPURTHALA,31.2699318,75.2588959,29410,1915.3659717938824,1911.72021484375,0.5750743837721666,0.2619148209752763,1.6019382793844723,-0.5563745640772374,-0.1700268600074011,920.9344449211231,22.567603812907567,1.0,380.0,20,0,125,830.0,SULTANPUR LODHI
39642,Kheri Jattan (81),SANGRUR,30.3783779,75.85614,39642,1908.1248750102268,1911.71923828125,0.576321797343986,0.2492228918429588,1.4297571734138543,-0.5531942613694719,-0.1550902005863923,717.1626779248612,23.10685946835593,1.0,514.0,450,300,343,375.0,DHURI
30418,Chak Huasainpur (285),JALANDHAR,31.27928,75.51722,30418,1911.348545311436,1911.71728515625,0.4723259820028546,0.1286312683993243,1.4177947154263597,-0.4690028600210028,-0.0600220809938668,958.2364502360718,22.3924562069638,0.904031103741571,2.0,0,0,4,11.0,JALANDHAR - WEST
34653,Begu Mahu (84),FIROZEPUR,30.959095,74.6075058,34653,1910.4328318773632,1911.716796875,0.5927182347830214,0.2726821424775055,1.4312883957657467,-0.573114402635856,-0.1715729376627043,633.4573254922374,23.749803668485104,1.0,86.0,100,80,110,100.0,FIROZPUR
38274,Pindian (336),Tarn Taran,31.44144,75.0985,38274,1914.1262853114167,1911.71484375,0.4651362791149078,0.1308555739269168,1.391874786675959,-0.4578148017236237,-0.0596930392970176,904.0238502433198,22.61020811230276,0.9987989128354025,2.0,70,20,200,289.0,KHADUR-SAHIB-10
33991,Malliana (98),MOGA,30.6846848,75.3624,33991,1912.6406661782669,1911.7147216796875,0.635739144271344,0.2822059693321387,1.801727570425351,-0.5915263216877328,-0.2036920671213779,703.2708793692013,23.156334591802768,1.0,728.0,382,382,615,902.0,NIHAL SINGH WALA
29493,Shaliapur Dona (1),KAPURTHALA,31.2432442,75.17228,29493,1914.196783916416,1911.7099609375,0.6150249085333244,0.2693899799900621,1.8256397247348963,-0.581426526988242,-0.1917489983202969,853.8611649363928,22.67845269396692,1.0,135.97,50,20,55,146.0,SULTANPUR LODHI
29145,Nurpur Lubana (17),KAPURTHALA,31.35135,75.21636,29145,1911.4507772963484,1911.708740234375,0.5733420032792583,0.2891757470993533,1.6076409631463848,-0.5497063445125555,-0.1863890097005492,860.3596813949383,22.45474544706207,1.0,0.4,45,0,350,192.0,DHILWAN
33751,Jhorran (165),LUDHIANA,30.3423424,75.76557,33751,1912.4824069781,1911.708740234375,0.6574521265371699,0.305264349386503,1.793165989881487,-0.6136403043293248,-0.2270126868770031,693.530252204509,23.250402686148263,1.0,750.0,700,350,884,1144.0,RAIKOT
30058,Kandola Kalan (60),JALANDHAR,31.0990982,75.33151,30058,1911.9676279453463,1911.7078857421875,0.6344290534825524,0.2905058933151961,1.8514688725408648,-0.5939321151374983,-0.209886824336865,821.2975802829163,22.77606139731529,1.0,317.0,350,180,1450,447.0,NURMAHAL
29775,Ghuduwal (101),JALANDHAR,31.1531525,75.206,29775,1913.6682075674755,1911.70654296875,0.5978566285842793,0.2711161276079415,1.8515991028165044,-0.5585852279710438,-0.1899180786796632,752.8717313796952,22.936216515060053,1.0,253.0,21,16,192,290.0,LOHIAN
37907,Pakhoke (84),Tarn Taran,31.477478,74.91614,37907,1913.1318305574905,1911.705810546875,0.4640091050765448,0.1170516339352546,1.2299883318969702,-0.4544415935370752,-0.0422824851040644,896.61962715887,22.56292476641289,1.0,325.0,165,380,820,670.0,TARN TARAN-12
29187,Jahangirpur (86),KAPURTHALA,31.383358,75.32749,29187,1913.25341205453,1911.70556640625,0.5548716746087468,0.2633344817532277,1.573691753177757,-0.5349158070960192,-0.1638120947915527,897.5934627463715,22.45076415034606,1.0,300.95,150,150,275,774.0,KAPURTHALA
29449,Mand Bandu Kadim (163),KAPURTHALA,31.2072067,75.18575,29449,1914.8964387511944,1911.705322265625,0.5316334928111737,0.2517987596815574,1.528157015478958,-0.4990327010220385,-0.1512288400017695,816.9662448575394,22.834234023093245,1.0,2.47,0,1,1,78.0,SULTANPUR LODHI
39578,Wazirpur (18),SANGRUR,30.3423424,75.7238159,39578,1910.1400088357311,1911.702880859375,0.6380085175891838,0.3163780680738485,1.5665305163056469,-0.6184166676653019,-0.2195197147537161,698.2272210528748,23.277214520720065,1.0,624.0,702,211,396,680.0,SHERPUR
36537,Sahib Nagar Urf Theri (29) (Part),PATIALA,30.3603611,76.46861,36537,1911.325170681347,1911.7025146484375,0.3164985085103679,0.0070502284512539,1.0161225441803363,-0.3366760509165914,0.0357282358936136,854.5879369955632,22.96209503933604,0.0468713802493604,20.0,0,0,500,122.0,SANOUR
29326,Sidhwan Dona (163),KAPURTHALA,31.36937,75.4207,29326,1914.0752064112787,1911.70166015625,0.598027555158591,0.2476102245215576,1.7737727011537232,-0.5636358075578003,-0.172502320308833,941.1887118721658,22.425095866737443,1.0,2.47,0,0,924,909.0,KAPURTHALA
33773,Dholan (116),LUDHIANA,30.63063,75.52966,33773,1912.44923900101,1911.70068359375,0.6739758479625769,0.326614661998273,1.960013685928464,-0.6086685274910512,-0.2520003081617284,723.4134738623292,23.03931950098642,1.0,596.0,230,230,937,596.0,SUDHAR
39741,Bhindran (33),SANGRUR,30.216217,75.83506,39741,1910.564000440896,1911.7000732421875,0.6282198803694211,0.2891089317928432,1.6196441810064208,-0.5848031597415678,-0.199629341255685,677.5064167448716,23.341918727301174,1.0,2.47,100,0,731,546.0,SANGRUR
37639,Mehmud Nagar (415),AMRITSAR,31.54955,74.67793,37639,1915.1010082327225,1911.698486328125,0.5694476017329031,0.2249831745062798,1.5330659886035205,-0.5277547470567235,-0.1397656920299117,884.1022484089914,22.97487545722084,1.0,50.0,28,43,109,302.0,ATTARI
30092,Khosla (58),JALANDHAR,31.0852451,75.59602,30092,1911.610318436328,1911.6978759765625,0.5993983118374584,0.2395725194926205,1.7269426151220044,-0.568167012968571,-0.1599789534399164,821.2975802829163,22.77606139731529,1.0,60.0,0,4,4,34.0,NURMAHAL
33705,Leel (355),LUDHIANA,30.7027035,75.7117538,33705,1913.273536682783,1911.697021484375,0.6743680089242303,0.3154633563808538,1.8625594560273613,-0.6225468781459991,-0.2376834949216746,759.1378333976166,22.9943307142168,1.0,484.0,440,470,551,484.0,PAKHOWAL
34262,Mannu Machhi Chak (217),FIROZEPUR,31.27928,74.54743,34262,1913.078545670799,1911.69580078125,0.6364644805299531,0.3089906038796418,1.7439032973431354,-0.6036657653488632,-0.2177518967631073,729.2441966941254,23.069153166359456,1.0,92.0,0,0,2,119.0,MAKHU
34495,Dhindsa (198),FIROZEPUR,30.8828831,74.78305,34495,1909.670898782087,1911.6956787109375,0.6200644665837712,0.2700271274284433,1.67226427895699,-0.5768222124697812,-0.1871124581909542,656.1184449128208,23.591985112234408,1.0,153.0,200,0,108,421.0,GHALL KHURD
39458,Ibrahimpura (57),SANGRUR,30.522522,75.88475,39458,1911.0628770672567,1911.6932373046875,0.6637792392136743,0.3275375120250843,1.7392155489073555,-0.6159999458053477,-0.2344022238035647,744.6301522662537,22.99865686411482,1.0,75.0,15,0,80,84.0,AHMEDGARH
29545,Bharowana (186),KAPURTHALA,31.2697964,75.25877,29545,1910.196333585751,1911.6922607421875,0.556987988965541,0.2522373061320933,1.6371461425101388,-0.523218783198462,-0.1640621610495056,816.9662448575394,22.834234023093245,1.0,2.47,1,1,1,366.0,SULTANPUR LODHI
39602,Rangian (34),SANGRUR,30.4144154,75.7378845,39602,1912.3039525379047,1911.69091796875,0.6308632269894271,0.3202621131879025,1.6600560896164676,-0.5897420655008714,-0.2248419651399592,685.8089065177429,23.44894894051924,1.0,713.0,738,273,699,824.0,SHERPUR
37919,Palasaur (71),Tarn Taran,31.4759026,74.9105,37919,1911.806171790651,1911.68896484375,0.5273657691224567,0.1870833865131498,1.4398989193455611,-0.5055379948768618,-0.1064269110148769,826.6054611543466,22.805851151925992,1.0,100.0,100,100,100,1310.0,TARN TARAN-12
38320,Rakh Gagrewal (157),Tarn Taran,0.0,0.0,38320,1911.480591345621,1911.688232421875,0.5236050979320944,0.2126410551559028,1.5426228676342113,-0.5035132305765798,-0.1265387793280464,953.4446242263216,22.404917930807244,0.9887832100222718,190.0,15,10,23,216.0,KHADUR-SAHIB-10
39821,Shafipur Khurd (133),SANGRUR,30.09009,75.96721,39821,1914.297289134489,1911.688232421875,0.6287354137864841,0.2894138677671348,1.6939668266705552,-0.5775681239556769,-0.2014297359281982,678.6249819209473,23.415548694258007,1.0,312.0,65,134,234,300.0,DIRBA
34666,Gandhu Kilcha Uttar (285),FIROZEPUR,30.9592838,74.60875,34666,1913.6603213309047,1911.6878662109375,0.5637234852589766,0.1896843165655069,1.4410109852575204,-0.5370891922623402,-0.1114008009599389,643.0541321135852,23.675807923539228,1.0,300.0,100,100,190,365.0,FIROZPUR
34736,Mamdot Hithar (341),FIROZEPUR,30.9369373,74.46819,34736,1914.292358051476,1911.686279296875,0.607471789835332,0.2633702764496325,1.4988336184826754,-0.5800820805519179,-0.1701725839939104,652.1934512069123,23.726463778742986,1.0,300.0,540,510,521,800.0,MAMDOT
39807,Gujran (110),SANGRUR,30.09009,75.96721,39807,1911.700691990128,1911.6827392578125,0.6618368746910744,0.3088282546278985,1.7317240777688814,-0.6072038566757503,-0.2253449673671779,655.4952941043755,23.53103075958336,0.9734793447349914,1750.0,702,750,1500,1751.0,DIRBA
39435,Shergarh (23),SANGRUR,30.3783779,75.85614,39435,1910.142686566184,1911.6796875,0.6251392786400999,0.275564076227715,1.5778574451071774,-0.5921874570405098,-0.190857458493996,722.9823289051918,23.11079935307474,0.912868432815287,218.0,30,0,249,244.0,AHMEDGARH
30442,Naranwali (417),JALANDHAR,31.3873882,75.4562759,30442,1915.1178376032865,1911.6763916015625,0.5586681977271256,0.1869461686056838,1.7396644591998642,-0.5273373510780478,-0.1212189668686028,952.5549708199976,22.401088010534632,1.0,2.0,0,0,27,204.0,JALANDHAR - WEST
33652,Phagla (133),LUDHIANA,30.7150917,76.2017059,33652,1911.347654026874,1911.6759033203125,0.610263263290712,0.2558783817865259,1.7594701084854842,-0.5787297914279248,-0.1805138567272321,819.4311651399033,22.722257702118725,1.0,122.0,69,12,183,410.0,LUDHIANA-1
39839,Rogla (114),SANGRUR,30.1261253,75.93243,39839,1910.8813411501185,1911.6754150390625,0.6309675558688163,0.2842359337915618,1.682034419049225,-0.5915268042276409,-0.1998334357881477,650.9794504579636,23.71447138185136,1.0,258.0,610,25,2165,630.0,DIRBA
33409,Bhaini Nathu (22),LUDHIANA,30.9189186,75.84033,33409,1911.79318145856,1911.6744384765625,0.5477109106296093,0.2659476336350185,1.4977506348788752,-0.5340400958414532,-0.164127039460748,835.0816782576223,22.79565446147892,1.0,25.0,25,0,81,156.0,LUDHIANA-2
34692,Kakar (278),FIROZEPUR,0.0,0.0,34692,1913.4681469674808,1911.674072265625,0.6070770264474904,0.3167947500634095,1.4377006077910308,-0.5922906155591968,-0.203837042845446,633.4915700366395,23.7499090722734,1.0,116.33,170,100,110,123.0,MAMDOT
29178,Majorwala (41),KAPURTHALA,31.4954948,75.35319,29178,1915.600903438467,1911.67333984375,0.5524562025207401,0.2428558709079012,1.5733869255544326,-0.5281022697084474,-0.1519509227674061,897.5934627463715,22.45076415034606,1.0,160.0,25,15,20,166.0,DHILWAN
39746,Gagarpur (55),SANGRUR,30.2522526,75.842,39746,1912.1419234313023,1911.6710205078125,0.640232188397366,0.3058649921642436,1.6021285535353071,-0.5949776985218059,-0.2140565073665377,664.920950215091,23.390750384608737,1.0,2.47,62,55,545,753.0,SANGRUR
33456,Kohara (224),LUDHIANA,30.8828831,75.853775,33456,1910.3211784667085,1911.670654296875,0.3981822388154448,0.0838168329591999,1.2843580000409032,-0.401712401628843,-0.0227276872733981,835.0397142579453,22.79578354606297,0.9363091773257932,19.0,50,50,543,370.0,LUDHIANA-2
34904,Mahmud Khanke (342),FAZILKA,30.6126118,74.25945,34904,1915.50508116532,1911.67041015625,0.6354694784618319,0.29748149786384,1.6414356843418314,-0.5973115586999284,-0.2051329472020635,612.9598262717622,23.949725210937288,1.0,283.29,20,0,55,54.0,GURU HAR SAHAI
33783,Sohian (113),LUDHIANA,30.7747746,75.6425858,33783,1911.091992889996,1911.668701171875,0.6679161294029771,0.3215996869828019,1.954760134942551,-0.610803013660748,-0.244087644490294,737.7689629977268,22.975861610836965,1.0,588.0,191,191,509,588.0,SUDHAR
39843,Toor Banjara (119),SANGRUR,30.1261253,75.8074341,39843,1913.159097533328,1911.6683349609375,0.6334787721331149,0.2895474881398587,1.613349472580173,-0.5923809711147883,-0.2025256922042402,655.4111739345994,23.52842963825528,1.0,22.0,248,2,525,574.0,DIRBA
30057,Shadipur (97),JALANDHAR,31.0990982,75.33151,30057,1913.5231169801025,1911.667724609375,0.6009324848451534,0.269381640860268,1.822808723611224,-0.5734293413387951,-0.1868657896431669,821.7297798357641,22.77208506428228,1.0,225.0,60,60,204,256.0,NURMAHAL
34636,Khilchi Qadim (94),FIROZEPUR,30.9189186,74.58018,34636,1912.1849497085009,1911.6671142578125,0.5075508304278762,0.1640434305488983,1.1582673964272516,-0.5152661223564858,-0.077352678158631,630.8803054501908,23.741871670056355,0.1069021401733925,50.0,250,60,352,135.0,FIROZPUR
39620,Buggra (56),SANGRUR,30.3783779,75.85614,39620,1912.440064338304,1911.6669921875,0.6429894874951324,0.3115515146932039,1.7495290212059955,-0.5973594740191841,-0.2255094760708643,690.7284007012437,23.37043240362229,1.0,721.0,1564,379,602,818.0,DHURI
40005,Moom (25),BARNALA,30.522522,75.57101,40005,1909.037368976377,1911.666748046875,0.6732514350099075,0.320822561404367,1.8861078699982647,-0.6132850388091353,-0.2419067749861045,685.2261137202989,23.33643285817413,1.0,1246.0,400,400,758,1433.0,MEHAL KALAN
29552,Mand Ahli Kalan (176),KAPURTHALA,31.2072067,75.18575,29552,1911.074247594556,1911.6663818359375,0.6086985155831778,0.2851287093037239,1.691674690619085,-0.5771534744850404,-0.1948927360080654,816.9662448575394,22.834234023093245,1.0,110.1,0,0,1,114.0,SULTANPUR LODHI
34834,Haji Betu (296),FIROZEPUR,30.62713,74.2025,34834,1911.9551064724644,1911.664794921875,0.6175437837260059,0.2859812503698777,1.589401608126397,-0.5851766160571826,-0.191021724412872,619.9077907016175,24.001903930906963,1.0,101.2,126,0,123,265.0,GURU HAR SAHAI
39399,Dehliz Khurd (11),SANGRUR,30.3603611,75.84216,39399,1909.3941247711737,1911.66259765625,0.6719113004009067,0.3253546784686183,1.8517050583230183,-0.619302794461503,-0.2453778520597193,751.5431095943821,22.97952422295976,1.0,196.0,110,100,171,196.0,AHMEDGARH
34426,Jhanda Bagga Purana (176),FIROZEPUR,31.27928,74.54743,34426,1915.2763305792687,1911.660888671875,0.6730563394996903,0.3483070234724844,1.99631735076636,-0.6120542346668884,-0.2643633049836986,693.6538162639039,23.19813426734248,1.0,372.0,180,95,140,403.0,ZIRA
34041,Mubarakpur (297),MOGA,30.9369373,75.1404,34041,1910.2483146110624,1911.66064453125,0.5993581298992244,0.2702370446238124,1.7417589034325685,-0.5681731349058278,-0.1866113178098097,700.0099661757844,23.03865430387191,1.0,170.0,95,98,169,193.0,KOT-ISE-KHAN
39444,Bhudan (71),SANGRUR,30.3603611,75.8630447,39444,1911.107630347464,1911.6593017578125,0.6294173054679955,0.306881645355562,1.6554688420484431,-0.5924066211333286,-0.214531232916703,710.6126490046876,23.17487815991421,1.0,940.0,200,0,750,1086.0,AHMEDGARH
29814,Dhandowal (78),JALANDHAR,31.0270271,75.29548,29814,1915.8693937362264,1911.6591796875,0.5951720852949988,0.2617161594288036,1.8743554704948744,-0.550401585319551,-0.1845046416414137,803.6765154684376,22.716628152167885,1.0,597.0,80,50,399,640.0,SHAHKOT
36643,Randhawa (186),PATIALA,30.1621628,76.31444,36643,1911.728481042756,1911.658935546875,0.4646308788956271,0.1601342377772647,1.152902458277084,-0.4770249904148779,-0.0677490117612138,755.7026240041154,23.223474533372325,1.0,243.0,25,60,231,268.0,PATIALA
34809,Chak Megha Wiran (324),FIROZEPUR,30.8648643,74.41215,34809,1912.7132010977523,1911.656982421875,0.6108324118881657,0.2693573423251005,1.5740502399820362,-0.577007722416337,-0.1797155954088428,623.6712488035442,23.916186008187942,1.0,350.0,110,220,270,377.0,MAMDOT
29699,Chak Bundala (231),JALANDHAR,31.1531525,75.206,29699,1909.345312363261,1911.654296875,0.6224968883479237,0.3072273157734781,1.7853286265963932,-0.5866383242187984,-0.2187476816833184,733.4969072690795,22.98084285056916,1.0,122.0,25,25,121,131.0,LOHIAN
34098,Chugga Kalan (295),MOGA,30.8648643,74.95791,34098,1911.346074280779,1911.65283203125,0.6324624723743488,0.292415336284647,1.864949774359728,-0.5928488497158791,-0.2138747927667296,700.0099661757844,23.03865430387191,1.0,428.0,245,256,462,544.0,KOT-ISE-KHAN
29243,Dhaliwal Dona (148),KAPURTHALA,31.333334,75.24414,29243,1913.1158102500704,1911.651123046875,0.5765169488534552,0.2161310411400746,1.8466298238953789,-0.5343467269775287,-0.1458981053297654,919.9326186081496,22.40258379420332,1.0,2.47,48,0,325,288.0,KAPURTHALA
34680,Tibbi Khurd (281),FIROZEPUR,30.8828831,74.40514,34680,1912.0323767464963,1911.6507568359375,0.6206710836937598,0.3080600958025818,1.4644578905365324,-0.5979512133319701,-0.2033426854535233,633.4915700366395,23.7499090722734,1.0,150.0,50,52,62,294.0,MAMDOT
39610,Kanjla (52),SANGRUR,30.2882881,75.7237854,39610,1912.1732186003912,1911.649658203125,0.6402677802772485,0.3061629543311635,1.7279574646944638,-0.5990671006261603,-0.218390216420879,678.5104366948502,23.42093000177232,1.0,1380.0,3347,714,1152,1548.0,DHURI
30425,Dhaliwal (278),JALANDHAR,31.3153152,75.58828,30425,1912.4103171889017,1911.6492919921875,0.4468019941423904,0.0954955626293398,1.380670893963754,-0.4477324735238214,-0.0375114177255212,958.2364502360718,22.3924562069638,0.378058072874826,2.5,10,5,500,162.0,JALANDHAR - WEST
33981,Langiana Nawan (77),MOGA,30.6846848,75.09003,33981,1911.729300437784,1911.6484375,0.6465145560969361,0.2966154890596206,1.7567805208841103,-0.5990330312856843,-0.2150763832205059,644.9799737424765,23.556172560168225,1.0,1860.0,545,840,1140,2041.0,BAGHAPURANA
33760,Manuke (150),LUDHIANA,30.666666,75.47403,33760,1911.938657187084,1911.6483154296875,0.6814957721755407,0.331490630607301,1.940616078392704,-0.6248594546369399,-0.2545132378497057,708.4332898180276,23.11166802358651,0.9841755464748744,1747.0,1000,700,1564,1927.0,JAGRAON
34846,Gatti Ajaib Singhwala (330),FIROZEPUR,30.7148647,74.40943,34846,1914.5745842876413,1911.648193359375,0.6363378375265493,0.2854434209303547,1.6653441835562457,-0.5923209099906014,-0.1973137332563966,612.9598262717622,23.949725210937288,1.0,110.0,165,10,55,129.0,GURU HAR SAHAI
33871,Malsian Bajan (31),LUDHIANA,30.666666,75.47403,33871,1910.98124851152,1911.6478271484375,0.6649447570529988,0.3248400007937118,1.978317104231281,-0.6120427787327817,-0.2485991812580153,765.7625320365327,22.862048050066,1.0,650.0,280,100,400,558.0,JAGRAON
38265,Fatehabad (326),Tarn Taran,31.3873882,75.09746,38265,1912.6667511217831,1911.646728515625,0.4809029335823202,0.1512017081223388,1.332338975620946,-0.4698544014565,-0.0735355562872345,903.7928602120498,22.61112593801712,1.0,1074.0,312,152,1471,1237.0,CHOHLA SAHIB-8
39428,Farwali (8),SANGRUR,30.522522,75.88475,39428,1911.2108084781887,1911.6455078125,0.6176553545456657,0.2562836047628206,1.5806293612320943,-0.5877272715518432,-0.1746798269852672,732.1018817832368,23.108114059784786,1.0,281.0,32,0,316,324.0,AHMEDGARH
30073,Uppal Khalsa (73),JALANDHAR,31.0990982,75.33151,30073,1911.470561207169,1911.6448974609375,0.598267421516296,0.2514831577070364,1.7647935137204598,-0.5651707429823504,-0.176362333098556,821.2975802829163,22.77606139731529,1.0,250.6,150,220,335,536.0,NURMAHAL
36645,Ram Nagar Alias Bakshiwala (187),PATIALA,30.1621628,76.33527,36645,1911.958085782192,1911.6409912109375,0.4647225647881751,0.1671915695083269,1.171240149065761,-0.4752527445607116,-0.074065328332476,755.7026240041154,23.223474533372325,1.0,435.0,35,35,351,435.0,PATIALA
36647,Dharam Heri (188),PATIALA,30.1621628,76.33527,36647,1912.1237852462489,1911.63916015625,0.452064693110015,0.1942847865954834,1.1345122495848012,-0.4769610162277571,-0.0859306228404522,755.7026240041154,23.223474533372325,1.0,411.0,25,25,234,465.0,PATIALA
29300,Sidhpur (210),KAPURTHALA,31.36937,75.3996,29300,1914.6361824394749,1911.6390380859375,0.5909157695982973,0.2228013229360362,1.8485800744192304,-0.5526606846682834,-0.1511517557436308,942.3733892848388,22.416556765311952,1.0,2.6,12,12,120,113.0,KAPURTHALA
40017,Hamidi (20),BARNALA,30.3063068,75.63335,40017,1910.450328722716,1911.638671875,0.6410407785121781,0.3090588986440605,1.6351580073976502,-0.6132191964831012,-0.2179170162334697,683.021531655894,23.42438173885757,1.0,1268.0,65,435,957,1431.0,BARNALA
33905,Takhtupura (162),MOGA,30.5765762,75.3410339,33905,1910.653317123901,1911.635009765625,0.6385160081686443,0.2846870569530855,1.8705894507112293,-0.5952808502886349,-0.2062058316443134,669.539898388341,23.48311814515548,1.0,2047.0,718,731,918,1278.0,NIHAL SINGH WALA
39654,Ruldu Singhwala (91),SANGRUR,30.4864864,76.003,39654,1912.28871512476,1911.6343994140625,0.5845251970669052,0.2531404032221056,1.42371389736015,-0.5582766624472351,-0.1576533882788983,701.7093542029755,23.24478113269879,1.0,320.77,598,134,223,321.0,DHURI
30217,Bansian (230),JALANDHAR,31.1687775,75.08532,30217,1908.7058646227497,1911.6334228515625,0.6366072660993946,0.2750640769542752,1.8037807432793576,-0.5945754189113137,-0.1965348573404125,831.9011124780076,22.70811725901973,1.0,17.0,25,25,168,287.0,RURKA KALAN
35190,Ramsara (80),FAZILKA,30.1441441,74.21693,35190,1912.8540839767184,1911.633056640625,0.5146007427056402,0.0971943512082939,1.2584486233300076,-0.5014335483766147,-0.0309723278415362,420.4365161924747,24.89306038562366,0.9996853469944468,1680.0,306,652,1121,1810.0,ABOHAR
34752,Rao Ke Hithar (334),FIROZEPUR,0.0,0.0,34752,1913.553855512427,1911.632080078125,0.6017038915467355,0.2587451096549379,1.507016397809054,-0.5749080950813138,-0.1677394412564219,634.6124204804795,23.884184272387643,1.0,552.3,300,400,500,428.0,MAMDOT
33738,Dhurkot (27),LUDHIANA,30.3423424,75.76557,33738,1910.480933532917,1911.6318359375,0.6805488924448572,0.3124424197658034,1.85279190601682,-0.6269085547691815,-0.2338137506124955,691.6006448676484,23.26709664117152,1.0,2.57,559,100,175,393.0,RAIKOT
34847,Balalke Kamalwala (337),FAZILKA,30.61647,74.26365,34847,1913.8327841496289,1911.630859375,0.6147942000312109,0.2848898685147976,1.6092355564938223,-0.5797469859902706,-0.1913151469426246,612.9598262717622,23.949725210937288,1.0,2.47,15,0,230,322.0,GURU HAR SAHAI
39757,Deh Kalan (239),SANGRUR,30.216217,75.83506,39757,1908.949429672364,1911.63037109375,0.6166164945528084,0.2936982962351439,1.5103911047926952,-0.5761848931040077,-0.1948945876401565,682.0104661395447,23.32451465486116,1.0,40.0,76,70,180,535.0,SANGRUR
36646,Sassa Gujran (190),PATIALA,30.1621628,76.33527,36646,1912.065030128654,1911.6297607421875,0.4290197293459065,0.1644612576744467,1.005943309508864,-0.4699920555472852,-0.0567849638621638,755.7026240041154,23.223474533372325,1.0,50.0,70,70,140,320.0,PATIALA
29166,Nurpur Januhan (31),KAPURTHALA,31.405405,75.0485458,29166,1912.770765685218,1911.629638671875,0.5603972129357296,0.2386506366586225,1.581821941943404,-0.5360139251526778,-0.1478925954057728,902.4367714372668,22.41998419702538,1.0,2.47,35,0,135,283.0,DHILWAN
29898,Dhadda Hundal (123),JALANDHAR,31.18919,75.40312,29898,1912.381876115022,1911.629150390625,0.6178487477418141,0.2534472927669474,1.8583113569485856,-0.5713747746225362,-0.1786206937471114,883.6240711619752,22.543239515608548,1.0,111.0,10,10,64,123.0,NAKODAR
29867,Mallian Kalan (156),JALANDHAR,31.18919,75.40312,29867,1912.6762525986512,1911.62890625,0.5835205317931248,0.2307806683141971,1.7433791410006292,-0.5502586272958182,-0.1572647771523561,883.6240711619752,22.543239515608548,1.0,0.98,50,28,32,200.0,NAKODAR
29388,Sherpur dogran (92),KAPURTHALA,31.18919,75.23463,29388,1913.8880613100853,1911.62890625,0.5354490451525074,0.2022581294515013,1.5348348768433862,-0.5085237593833862,-0.1239517945697274,868.9469787289994,22.74958406038064,1.0,2.47,0,0,55,254.0,SULTANPUR LODHI
40013,Sehjra (36),BARNALA,30.3783779,75.7726,40013,1912.1301188430675,1911.6285400390625,0.649924682513068,0.3158608584814415,1.7564423057759753,-0.6088273932073016,-0.2287049800820737,679.3664355795087,23.438946275064865,1.0,977.0,356,398,800,1055.0,MEHAL KALAN
39650,Lohar Majra (80),SANGRUR,30.3783779,75.85614,39650,1910.3780515475607,1911.6282958984375,0.6179909179980908,0.2875430320140707,1.5491557219999628,-0.5794923446945014,-0.1907737875784267,714.5722336879617,23.12997930891441,1.0,210.0,450,70,130,263.0,DHURI
34800,Bahadar Ke (301/303),FIROZEPUR,30.7027035,74.45443,34800,1916.9940759936685,1911.6270751953125,0.6309861034435416,0.2905696937878368,1.60837939054264,-0.5934612215560185,-0.1981874502488113,654.3776336123841,23.88725093582366,1.0,5.79,280,7,204,618.0,GURU HAR SAHAI
38281,Kallah (111),Tarn Taran,31.477478,75.0217743,38281,1909.4956952907417,1911.62548828125,0.5100018529826817,0.1832681082267217,1.4656042700925922,-0.4889480152951728,-0.1019257918486037,862.0621470168644,22.69529965164734,1.0,12.0,75,200,1000,986.0,KHADUR-SAHIB-10
29756,Kakar Khurd (238),JALANDHAR,31.45946,75.4297943,29756,1911.437971788128,1911.623291015625,0.5936743297327766,0.271323131415068,1.7474430651071329,-0.5610435670090248,-0.1872363289848194,733.9174094607728,22.97211084760505,1.0,66.0,0,0,3,70.0,LOHIAN
39623,Ladda (58),SANGRUR,30.2882881,75.7237854,39623,1910.8823125684555,1911.621826171875,0.6374929734227385,0.303658470055251,1.7446412916866287,-0.5905509379344998,-0.2169397709474576,678.5104366948502,23.42093000177232,1.0,951.0,1721,577,931,1090.0,DHURI
34844,Khereke Hithar (325),FIROZEPUR,30.62713,74.2025,34844,1910.510916844027,1911.6214599609375,0.6025284902648597,0.275607237148924,1.5665221168340386,-0.5765861613039044,-0.1827369033325913,618.7303972287993,23.993061789452447,1.0,292.0,51,50,67,299.0,GURU HAR SAHAI
34079,Chuhar Chak (318),MOGA,30.81081,75.04157,34079,1910.548724340086,1911.6204833984375,0.6604136516488143,0.329847008427708,1.919676050237693,-0.6044430566941835,-0.2447399076874594,703.6740425228364,23.234092800394368,1.0,252.0,0,130,335,574.0,KOT-ISE-KHAN
29988,Baloki (316),JALANDHAR,31.0450459,75.4779739,29988,1912.2658556529047,1911.6204833984375,0.578351157742659,0.2597720531625088,1.6222765715743066,-0.557856792935892,-0.1698488701249881,779.5787545850175,22.745722600675435,1.0,2.47,0,0,235,514.0,MEHATPUR
34598,Gillanwala (121),FIROZEPUR,0.0,0.0,34598,1912.4952340792568,1911.619140625,0.588553114866316,0.2732777898643214,1.4912171761776636,-0.5688049118528615,-0.1733870530807678,665.9990045239823,23.53292379469844,1.0,250.0,140,140,171,273.0,FIROZPUR
39460,Matoi (99),SANGRUR,30.522522,75.88475,39460,1911.757057841374,1911.619140625,0.6086782851114247,0.2685861104559274,1.5501937376513075,-0.5825828688897939,-0.1824765037516622,758.7607945036191,22.9340170387276,1.0,50.0,50,0,305,389.0,AHMEDGARH
34597,Khane Ke Ahal (48),FIROZEPUR,30.9543781,74.61657,34597,1913.5525908503853,1911.6190185546875,0.5459691246750821,0.241412833349406,1.395769141278161,-0.5339855062549714,-0.1436527045939705,658.511437654897,23.5686589359251,1.0,120.0,30,25,40,113.0,FIROZPUR
37937,Gorkha (244),Tarn Taran,31.4759026,74.9105,37937,1912.091159647128,1911.61865234375,0.5839118652261452,0.2407610541015869,1.59344312164297,-0.550237210482331,-0.1561007201025887,812.7280267884629,22.83291248283939,1.0,80.0,45,50,80,238.0,TARN TARAN-12
34374,Baggi Patni Alias Mohkamwala (164),FIROZEPUR,30.9729729,75.00063,34374,1914.3632447907123,1911.6182861328125,0.6762208385612293,0.3599287612901897,1.9708577099335127,-0.6234722185023978,-0.2735434291823205,693.6538162639039,23.19813426734248,1.0,400.0,40,25,50,162.0,ZIRA
34821,Megha Panjgrain Hithar (311),FIROZEPUR,30.72072,74.4054642,34821,1916.51626787414,1911.6180419921875,0.6048984033070863,0.2624309759340739,1.5728285095899657,-0.5701482641758425,-0.1734767879912906,619.9077907016175,24.001903930906963,1.0,250.0,50,120,150,360.0,GURU HAR SAHAI
35591,Houses &amp; Rice Shellers (Bholowal - Road) (OG),FARIDKOT,30.5765762,74.83876,35591,1910.4605827812463,1911.6175537109375,0.5482947143640439,0.2679146484481855,1.4897417780605255,-0.5218414746805816,-0.163591307878522,601.8972042014497,23.760153261378434,1.0,100.0,0,110,114,0.0,FARIDKOT
37947,Rasulpur (98),Tarn Taran,31.6576576,74.87052,37947,1907.1143072813693,1911.6171875,0.5854389697301302,0.2325088598312029,1.4102179121232887,-0.5535255477364013,-0.1493754283002696,833.6358855815001,22.772332212618604,1.0,277.0,100,50,503,329.0,NAUSHEHRA PANNUAN-11
39993,Thulewal (26),BARNALA,30.2782,75.679924,39993,1912.620501669888,1911.6153564453125,0.6762323680793557,0.334238176567772,1.695669376041196,-0.6286737819547618,-0.2412050451754382,685.9742048194306,23.44681634021498,1.0,372.0,220,220,314,404.0,BARNALA
40025,Sahore (425),BARNALA,30.522522,75.55009,40025,1910.1652905140604,1911.6148681640625,0.6332811859733155,0.31053221374664,1.6070805715589602,-0.6048614986353931,-0.214794943698165,685.7142838647263,23.39645509748334,1.0,790.0,250,300,350,839.0,MEHAL KALAN
33729,Mohamadpura (90),LUDHIANA,30.64865,75.58562,33729,1913.60469656722,1911.6146240234375,0.6968933034220376,0.3222368417621639,1.8420143041199253,-0.6482426272476858,-0.2424083047757168,724.3865500549852,23.146480578014845,1.0,365.0,20,0,95,390.0,RAIKOT
34780,Theh Gujjar (230),FIROZEPUR,30.666666,74.38475,34780,1910.139328241972,1911.6142578125,0.6254265471109458,0.2941438400466767,1.496645243069932,-0.5876570200730495,-0.1969509336584657,616.3843068292039,23.812034812580865,1.0,120.0,160,60,103,232.0,MAMDOT
30063,Nahal (77),JALANDHAR,31.0851917,75.59603,30063,1911.581953388039,1911.61181640625,0.6646100737393411,0.3267808185099769,2.0625244938036302,-0.6093494355912364,-0.2462726622745372,821.2975802829163,22.77606139731529,1.0,302.9,55,100,141,333.0,NURMAHAL
30032,Ramgarh (131),JALANDHAR,31.0270271,75.77908,30032,1912.6996735039413,1911.6112060546875,0.4989527938010148,0.136760257290846,1.4948904481810474,-0.4851106357256096,-0.0784688191346401,864.273304026355,22.76681682189809,0.4443498524016879,241.0,60,60,567,241.0,PHILLAUR
33724,Tajpur (194),LUDHIANA,30.3783779,75.7726,33724,1913.794692429404,1911.6102294921875,0.6435673092048508,0.2779098802610909,1.6271963555881983,-0.60505525758819,-0.1964826057632172,730.2595248644626,23.083928359561025,1.0,396.0,300,300,457,434.0,RAIKOT
29212,Dulowal (103),KAPURTHALA,31.333334,75.24414,29212,1910.4745226294924,1911.609619140625,0.5909095439317203,0.280665998995426,1.835973988804035,-0.5549731606998651,-0.1936610855425414,901.4108160081742,22.465388606948068,1.0,298.0,45,60,226,287.0,KAPURTHALA
37642,Achint Kot (404),AMRITSAR,31.6576576,74.87052,37642,1912.141321809812,1911.60888671875,0.5522803172384543,0.2241087430144063,1.474795126838597,-0.5230847586966655,-0.1373328366095319,919.3578007628817,22.93058248781449,1.0,318.0,0,58,200,342.0,ATTARI
29252,Ibban (202),KAPURTHALA,31.27928,75.49614,29252,1913.387953347493,1911.6087646484375,0.5295180959655927,0.1649708930875857,1.6784760270870025,-0.4993540892140674,-0.1005722149399372,952.5984865934984,22.40271589841021,1.0,98.0,75,0,234,286.0,KAPURTHALA
33941,Nathoke (108),MOGA,30.666666,75.13886,33941,1912.641362813888,1911.6080322265625,0.6308398367610969,0.3045130177306805,1.852421570195579,-0.5750189070146936,-0.2239762631500463,651.09308844079,23.53271752585161,1.0,702.0,260,260,488,506.0,BAGHAPURANA
33447,Budhewal (187),LUDHIANA,30.9189186,75.84033,33447,1912.490559939762,1911.607177734375,0.5860956065343172,0.2500381543145051,1.7140217534072604,-0.5571033164138282,-0.1692902401472644,835.0397142579453,22.79578354606297,1.0,20.0,59,0,279,443.0,LUDHIANA-2
39822,Samuran (134),SANGRUR,30.09009,75.96721,39822,1914.2927985252995,1911.60400390625,0.655124093210868,0.3003553085102614,1.7794263273034938,-0.5969995021602862,-0.2176322684762921,665.5529464944847,23.479101081971592,1.0,352.0,322,325,572,493.0,DIRBA
29214,Kulian Wala (104),KAPURTHALA,31.333334,75.24414,29214,1910.995414869784,1911.6038818359375,0.5978310319781039,0.2817983596126753,1.890057610238308,-0.5557814232811741,-0.1974595316783371,901.9938477173412,22.46762222834556,1.0,2.47,38,0,195,83.0,KAPURTHALA
30076,Sangha Jagir (70),JALANDHAR,31.0270271,75.3165054,30076,1913.63291218642,1911.60302734375,0.6207006643318841,0.2875090117426986,1.791059131290666,-0.5823503883801125,-0.2022958446867372,831.2658979968029,22.68919344630036,1.0,183.9,120,100,410,199.0,NURMAHAL
30080,Chuheki (66),JALANDHAR,31.092865,75.5875,30080,1910.8849306450663,1911.601806640625,0.6004918301215952,0.2482538571189924,1.687191324209688,-0.572864548575055,-0.1676395793567685,821.2975802829163,22.77606139731529,1.0,690.6,155,150,412,452.0,NURMAHAL
29383,Fateh Ali Khanwala (75),KAPURTHALA,31.1711712,75.22031,29383,1912.5928635323016,1911.6009521484375,0.5629115944168896,0.2012797689758952,1.5606867886165083,-0.5383397780981696,-0.1237243070488241,894.9785204310696,22.705750050409065,1.0,2.47,0,0,25,66.0,SULTANPUR LODHI
29147,Dhaliwal Bet (24),KAPURTHALA,31.4954948,75.35319,29147,1913.997608908045,1911.6002197265625,0.5284296428702984,0.2214382156465912,1.4856977230146573,-0.5120249699591134,-0.1291659075779335,904.3606760909456,22.40775749432817,0.9946506736846924,1109.0,236,240,750,1156.0,DHILWAN
33969,Lande (116),MOGA,30.64865,74.55938,33969,1912.717921844173,1911.60009765625,0.6490722351171088,0.3271275186478775,1.9005401961252624,-0.6033208679095663,-0.2413010024900485,624.661317568676,23.64881319482252,1.0,1783.0,291,450,1050,1909.0,BAGHAPURANA
34589,Rajiwala (46),FIROZEPUR,0.0,0.0,34589,1911.8857910616607,1911.60009765625,0.5630421488707072,0.2490897715614983,1.4598205379173854,-0.5438868676974667,-0.1522305288877813,665.9990045239823,23.53292379469844,1.0,200.0,48,45,80,260.0,FIROZPUR
33966,Panj grain Khurd (118),MOGA,30.6846848,75.09003,33966,1912.537488067558,1911.5972900390625,0.6285387763030339,0.3138533698010896,2.0386889940873827,-0.5731268726127497,-0.2308928137158055,591.7839975992246,23.801951639093247,1.0,520.0,365,364,664,697.0,BAGHAPURANA
33477,Jamalpur Leli (84),LUDHIANA,30.9189186,75.84033,33477,1915.7582028313248,1911.5966796875,0.4707295275563818,0.1928577900951805,1.2955359647491766,-0.4671284004283267,-0.1024919516758226,862.3705744129362,22.71896052943857,0.8773933897912206,10.0,10,0,306,323.0,LUDHIANA-2
39824,Dharamgarh Chhanna (137),SANGRUR,30.072073,75.9742,39824,1911.8771452050096,1911.595947265625,0.6269354794290389,0.2865084335328146,1.6649520810421223,-0.5785340518424806,-0.2025657762656641,654.4317850085896,23.55946852943565,1.0,13.0,4,4,180,146.0,DIRBA
36197,Fatehpur (11),PATIALA,30.18018,76.20333,36197,1907.9243368742384,1911.593017578125,0.4796494737808854,0.1560923500114053,1.2771046918794446,-0.4781025711130922,-0.0732456098386954,762.7116831948655,23.10110317520452,1.0,398.0,118,112,293,483.0,SAMANA
29910,Khursheidpur (61),JALANDHAR,31.0630627,75.47123,29910,1912.5254909214648,1911.592529296875,0.6372790649721769,0.2867703844067107,2.030363387796143,-0.5861338780900941,-0.214674320817632,814.5788702180283,22.679460124891307,1.0,88.0,115,130,215,281.0,MEHATPUR
34900,Mida (264),FAZILKA,30.72072,74.4054642,34900,1911.5003925428628,1911.592041015625,0.5945249598371276,0.2730856230772707,1.6419454152499944,-0.561144812249373,-0.1869781999761202,611.5277029581222,23.958061180939463,1.0,141.0,85,50,180,154.0,GURU HAR SAHAI
30136,Nurewal (149),JALANDHAR,31.0270271,75.77908,30136,1912.7521365127784,1911.591064453125,0.6056375264724613,0.2540456980327629,1.8297413079505664,-0.5651423629643434,-0.1792599089437504,864.273304026355,22.76681682189809,1.0,106.0,28,28,42,106.0,PHILLAUR
33666,Baraich (139),LUDHIANA,30.7747746,75.6425858,33666,1914.1132813802888,1911.589599609375,0.6614583875975404,0.3088948297878759,2.0038538437063944,-0.6083199111393132,-0.2384068724013182,813.6669648809097,22.72074515405152,1.0,250.0,116,116,192,347.0,SUDHAR
33780,Mirpur (114),LUDHIANA,30.666666,75.47403,33780,1912.1353395074675,1911.5885009765625,0.6828231385251855,0.3294224021495685,1.992948136704742,-0.6238452679896938,-0.252903277527365,733.4537896325486,22.989663174797386,1.0,175.0,50,20,181,202.0,JAGRAON
34654,Bhure Kalan (83),FIROZEPUR,30.8658314,74.41647,34654,1909.5767649093225,1911.588134765625,0.6160691740544426,0.2901183775412337,1.5315892004915743,-0.5842265892499396,-0.1926435667524209,633.4915700366395,23.7499090722734,1.0,2.47,40,85,125,256.0,MAMDOT
30015,Buraj Hassan (88),JALANDHAR,31.0450459,75.33076,30015,1915.2044381125588,1911.5870361328125,0.4836753512837569,0.2091507285956081,1.287975214261948,-0.4806738249985403,-0.1136541328634254,828.8223537614243,22.70683178993221,0.956918331584008,342.0,132,132,160,375.0,NURMAHAL
39747,Kheri (47),SANGRUR,30.1723766,75.9148941,39747,1912.953671526741,1911.5848388671875,0.6353221562111823,0.30270663970278,1.6253155090469766,-0.5870260111845179,-0.2130340884725276,664.920950215091,23.390750384608737,1.0,2.47,150,0,630,840.0,SANGRUR
29531,Mundi (170),KAPURTHALA,31.2072067,75.18575,29531,1914.110452158831,1911.584716796875,0.5788473924189284,0.272880420631133,1.673087210047118,-0.5413506625692841,-0.1793555791768135,812.1998073777074,22.85614249808207,1.0,1.0,1,1,1,91.0,SULTANPUR LODHI
33683,Sudhar (90),LUDHIANA,30.7747746,75.6425858,33683,1914.1395392562133,1911.5838623046875,0.5685060517837611,0.213767426748973,1.6331743033216497,-0.5362708160536463,-0.1486901365175572,756.6487911976469,22.91559960797579,0.9410302894084256,401.0,401,510,1202,865.0,SUDHAR
37551,Rakh Devi Dasspura (154),AMRITSAR,31.5675678,75.0518646,37551,1911.5284682786744,1911.58251953125,0.373097275269325,0.0407199414221405,1.077942141566771,-0.3765227834001339,0.0161957356482875,933.436656277408,22.53343531145123,1.0,101.0,0,10,235,308.0,JANDIALA GURU
30430,Kutlupur (405),JALANDHAR,31.36937,76.13819,30430,1913.74267074898,1911.5811767578125,0.3701492830214616,0.0578457545403192,1.215304814638936,-0.3829111662511441,-0.0063632420343758,958.2364502360718,22.3924562069638,0.0,2.5,0,5,15,123.0,JALANDHAR - WEST
39845,Sullar (112),SANGRUR,30.1261253,75.93243,39845,1911.4444358501391,1911.5809326171875,0.6091313608752962,0.2684838940247054,1.579118233748798,-0.5744431720452811,-0.1826753661793737,658.0253931691544,23.609265202746712,1.0,2.47,115,0,605,420.0,DIRBA
34121,Chak Kanian Khurd (303),MOGA,30.6831226,75.05608,34121,1909.988359613224,1911.580810546875,0.6398269565349863,0.3259865261985049,1.8455664543367647,-0.6001531629684567,-0.2350137684805918,779.5787545850175,22.745722600675435,1.0,48.0,30,52,82,80.0,KOT-ISE-KHAN
36311,Ramgarh (195),PATIALA,30.3423424,76.41278,36311,1908.70096827342,1911.58056640625,0.5613946631508593,0.2394778711221644,1.4153328631387827,-0.5424004509361869,-0.145800096528872,733.8665219952958,23.116596925856413,1.0,438.0,52,48,99,475.0,NABHA
30428,Chogawan (277),JALANDHAR,31.333334,75.58166,30428,1912.7753836303616,1911.580322265625,0.5611394382663941,0.1913047555877419,1.6374681689941528,-0.5340250063901036,-0.1202639845237473,958.2364502360718,22.3924562069638,1.0,0.04,10,5,244,263.0,JALANDHAR - WEST
29885,Awan Chaharmi (141),JALANDHAR,31.18919,75.40312,29885,1914.4375443425863,1911.579833984375,0.6003722929260168,0.2304140061140857,1.693734301281105,-0.5670515078614174,-0.1550012413547348,892.3655989577668,22.53479004222732,1.0,1.0,4,0,89,203.0,NAKODAR
39756,Fatehgarh Chhanna (238),SANGRUR,30.2522526,75.842,39756,1909.6713593554723,1911.5784912109375,0.6365076530854455,0.305459953144506,1.5826536419879589,-0.5940341799069832,-0.2094755471334425,682.0104661395447,23.32451465486116,1.0,2.47,16,16,336,346.0,SANGRUR
33637,Burj Man Kaur (128),LUDHIANA,30.7164288,76.1967239,33637,1912.629532645084,1911.5765380859375,0.6186961966639231,0.2940952991257569,1.6929768169426065,-0.5851360138395185,-0.201492102402007,846.9622078349488,22.80621523879904,1.0,118.0,12,45,123,165.0,LUDHIANA-1
39388,Jalwana (3),SANGRUR,30.522522,75.88475,39388,1911.2903305902923,1911.57568359375,0.6356289727774513,0.2884814476792134,1.5804977033232488,-0.610103892334272,-0.1998847730398115,732.1018817832368,23.108114059784786,1.0,359.0,50,100,265,446.0,AHMEDGARH
34707,Chak Dona Rahime Ke (344),FIROZEPUR,0.0,0.0,34707,1915.5202810869887,1911.575439453125,0.5988044868327382,0.2643364767005591,1.4482409601593285,-0.5762570314926482,-0.1648274339799482,652.1934512069123,23.726463778742986,1.0,150.0,100,100,125,104.0,MAMDOT
39454,Man Majra (64),SANGRUR,30.522522,75.88475,39454,1912.3164386383835,1911.5750732421875,0.5953559806633926,0.2573156064885585,1.5130812803624736,-0.5691395777964745,-0.1649864651688316,731.380544642495,23.064614549386835,1.0,219.0,28,0,109,233.0,AHMEDGARH
33943,Chanuwala (141),MOGA,30.4864864,75.06211,33943,1911.154880716202,1911.5750732421875,0.6623121692117625,0.3188627870383322,2.0265855303084765,-0.6013087841205446,-0.2430775237063707,621.3131639172929,23.6750863302056,1.0,585.9,237,237,537,668.0,BAGHAPURANA
30386,Lohar (264),JALANDHAR,31.2432442,75.53054,30386,1914.4122745588345,1911.5745849609375,0.4787128239370044,0.1243576774840638,1.4068450073941734,-0.4657071657195873,-0.0610301669650349,892.3655989577668,22.53479004222732,1.0,13.6,32,32,452,249.0,JALANDHAR-EAST
34781,Sham Singhwala (232),FIROZEPUR,30.666666,74.36381,34781,1909.807351460141,1911.5736083984375,0.5976617445416836,0.263208271790177,1.456921884761129,-0.5659390631867812,-0.1685779157735545,616.3843068292039,23.812034812580865,1.0,200.0,250,80,127,261.0,MAMDOT
37897,Kaironwal (62),Tarn Taran,31.3873882,74.99193,37897,1911.481289170288,1911.5733642578125,0.5204786754336476,0.1786455865948003,1.3942660337279695,-0.50374142843122,-0.0972728906673477,857.3961350133317,22.745808597055657,1.0,96.0,55,15,132,241.0,TARN TARAN-12
39447,Mehbubpura (72),SANGRUR,30.522522,75.88475,39447,1911.653742134148,1911.5728759765625,0.5906575486096819,0.2532285924711039,1.4987211660412103,-0.56224833046015,-0.1666851581409965,710.6126490046876,23.17487815991421,1.0,128.0,16,0,421,144.0,MALERKOTLA
34156,Kot Sardar Khan (245),MOGA,30.9369373,75.1404,34156,1911.7036184841136,1911.5723876953125,0.6801559445719282,0.3588552040692772,2.056619435990932,-0.6183546592289796,-0.2755663009160536,695.8962460340138,23.061551047196733,1.0,720.0,218,218,450,811.0,KOT-ISE-KHAN
40022,Mangewal (9),BARNALA,30.3423424,75.55679,40022,1910.3643603802288,1911.57080078125,0.632286104793628,0.3107833307883015,1.5876591184535291,-0.6111839532256692,-0.21627322406714,691.2899184540117,23.34332273741152,1.0,585.0,123,300,536,660.0,BARNALA
30037,Ganna Pind (124),JALANDHAR,31.0270271,75.77908,30037,1914.38487684198,1911.5706787109375,0.5938804845949449,0.2473817362044356,1.8053584384579384,-0.5586387668234297,-0.1707586928452308,857.5342035249053,22.78215437696397,0.9681119424750494,889.0,35,35,63,873.0,PHILLAUR
33288,Ramgarh Sardaran (401),LUDHIANA,30.3783779,75.85614,33288,1912.336315949668,1911.5704345703125,0.5910643913045563,0.2681580431782546,1.450886802966516,-0.5761335910367966,-0.1732669364781691,763.2764642472599,22.920622133489392,1.0,0.5,0,0,74,851.0,Maloud
34775,Chak Sadhuwala (229),FIROZEPUR,30.666666,74.38475,34775,1910.771954165564,1911.5704345703125,0.5959091659934234,0.2681303610005814,1.4616266235333166,-0.5650046003222652,-0.171043334189682,616.2835639528502,23.81101868678325,1.0,180.0,67,30,52,242.0,MAMDOT
29762,Nawanpind Khalewal (199),JALANDHAR,31.45946,75.45092,29762,1911.535929336809,1911.5701904296875,0.5879687697224757,0.2696955498986827,1.7681915542216804,-0.5552677791708028,-0.1815689204418446,733.9174094607728,22.97211084760505,1.0,192.0,56,56,185,210.0,LOHIAN
30010,Qaimwala (338),JALANDHAR,31.3153152,75.5461044,30010,1915.2390545873127,1911.5667724609375,0.5581410049096133,0.2435239098628375,1.5416264229733296,-0.5415238780550359,-0.1535294649992759,826.5787741887435,22.69919599215842,1.0,61.0,47,46,72,246.0,MEHATPUR
33792,Sidhwan Kalan (61),LUDHIANA,30.666666,75.47403,33792,1912.4633882695884,1911.56591796875,0.6359137704531526,0.2928017913338828,1.9335389929910936,-0.5888768980665455,-0.2179057226628314,738.2821374419187,22.974220283985108,1.0,788.0,700,250,801,788.0,JAGRAON
34785,Chak Haraj (233),FIROZEPUR,30.666666,74.38475,34785,1909.017921385167,1911.564453125,0.6171557831312993,0.2855987866284188,1.5647628531530255,-0.5792889141624612,-0.1909314750714923,616.3843068292039,23.812034812580865,1.0,2045.0,300,96,180,412.0,MAMDOT
34607,Dulchi Ke (56),FIROZEPUR,30.959095,74.6075058,34607,1913.270080290782,1911.5643310546875,0.6430180738873563,0.3088095085828121,1.6697333148038422,-0.6084263283254414,-0.2154822890265681,650.0806900670426,23.60889549887736,1.0,1440.0,100,300,1000,1724.0,FIROZPUR
29858,Pandher (176),JALANDHAR,31.0990982,75.33151,29858,1912.189580421784,1911.564208984375,0.6225846006814989,0.2540656212088741,1.86734781839762,-0.5789162552575324,-0.1814869402383126,883.6240711619752,22.543239515608548,1.0,2.47,61,60,108,216.0,SHAHKOT
35090,Miani Basti (293),FAZILKA,30.4144154,74.02464,35090,1909.97230331288,1911.563720703125,0.5670200805766962,0.2375671032682123,1.3953226039900126,-0.5428629424958901,-0.149127537712347,480.6878739548448,24.46012298964413,1.0,292.0,800,104,354,330.0,FAZILKA
39698,Rajpura (31),SANGRUR,30.2882881,76.0785141,39698,1910.7014415157296,1911.5621337890625,0.581113322381544,0.2540883632685388,1.4888997457608186,-0.5532942080542754,-0.1635997003601914,733.8665219952958,23.116596925856413,1.0,1295.0,75,100,260,290.0,BHAWANI GARH
34865,Chugha (164),FIROZEPUR,30.72072,74.42642,34865,1910.9615360728048,1911.5599365234375,0.6219152140585195,0.3010287075291909,1.7685273635797607,-0.5752499891028462,-0.2126794333896373,589.0005323102372,23.95004577035394,1.0,721.98,30,125,252,818.0,GURU HAR SAHAI
29186,Chak Gaziwal (49),KAPURTHALA,31.2972965,75.1942749,29186,1913.0716515589725,1911.5594482421875,0.5153196901982672,0.2154136015814746,1.5328283269529497,-0.498242147823911,-0.1278123114779017,897.5934627463715,22.45076415034606,1.0,27.0,0,4,6,71.0,KAPURTHALA
33240,Rohnon Khurd (265),LUDHIANA,30.63063,76.09503,33240,1906.5934857164195,1911.55859375,0.575458363512702,0.2473910576643502,1.7155693227073177,-0.5412474986228321,-0.1653795864704658,811.9808659884418,22.80143357942072,1.0,2.47,0,0,370,214.0,KHANNA
30538,Chuhan (383),JALANDHAR,31.3988743,75.44616,30538,1913.0608414959884,1911.5574951171875,0.5847457770005906,0.2150506848587034,1.8509383445576448,-0.5298016901997102,-0.1520872374164511,928.179264770663,22.4443759123109,1.0,28.0,0,0,10,28.0,JALANDHAR - WEST
37931,Aima Malian (203),Tarn Taran,0.0,0.0,37931,1913.406016345064,1911.555419921875,0.5580615707528811,0.2362773699237462,1.5191905150884115,-0.533186996453914,-0.1443767384850633,799.0572246720689,22.93620046453458,1.0,95.0,1,75,105,120.0,TARN TARAN-12
37969,Sahabpur (250),Tarn Taran,0.0,0.0,37969,1909.9679897791848,1911.553955078125,0.5856267870981849,0.2416017131575689,1.5613458862447198,-0.556721304769925,-0.1553669166642067,812.7280267884629,22.83291248283939,1.0,10.0,126,126,226,271.0,NAUSHEHRA PANNUAN-11
39721,Kheri Chandwan (45),SANGRUR,30.2882881,76.09938,39721,1912.389302255265,1911.5528564453125,0.6215081086155917,0.2772133484035926,1.5803835232412615,-0.58213378545142,-0.1865284788839595,697.4079254081147,23.226396516607792,1.0,455.0,25,80,180,214.0,BHAWANI GARH
29960,Muhem (41),JALANDHAR,31.2072067,75.52281,29960,1913.5251029272329,1911.5521240234375,0.6306126414276277,0.2881636012408019,1.9694996931702529,-0.5812427314901935,-0.2104552272495221,834.8475488831895,22.65798149232063,1.0,391.0,105,35,325,431.0,NAKODAR
40088,Patti Mohar Singh (9),BARNALA,30.4324322,75.39662,40088,1911.0139964790608,1911.5472412109375,0.6805504491439558,0.3116672790725134,2.0070725049454885,-0.6153948698033714,-0.2380590939161196,633.3372930838327,23.766235925628923,1.0,405.0,100,95,151,1437.0,SEHNA
37170,Tanana (26),AMRITSAR,31.7160053,74.61437,37170,1912.2608366641948,1911.5467529296875,0.5094449530804231,0.1691345422101254,1.2294331099068383,-0.5141467023060681,-0.0815481446964827,879.0007027795212,22.974869686455293,1.0,48.0,91,91,287,65.0,CHOGAWAN
33295,Ber Khurd (397),LUDHIANA,30.3783779,75.85614,33295,1907.501566146741,1911.5452880859375,0.6044550683290901,0.2749540232025885,1.601855021385152,-0.5678031571336463,-0.1832977370835808,809.2690538927038,22.7980749861379,1.0,197.0,200,70,182,515.0,Maloud
34161,Jasspur Alias Gehliwala (181),MOGA,30.81081,75.10451,34161,1912.6873433556468,1911.54345703125,0.6768837939883802,0.3417152648896854,2.062887825571276,-0.61322937806411,-0.2622462942866376,693.6538162639039,23.19813426734248,1.0,190.0,41,41,66,212.0,KOT-ISE-KHAN
33924,Gholia Khurd (90),MOGA,30.6846848,75.09003,33924,1910.490170511948,1911.5433349609375,0.6880555410509467,0.3293903794694767,2.007480539631039,-0.620849583329391,-0.2551707941878886,672.8228184360167,23.43966039175928,1.0,1460.0,1052,670,980,1665.0,BAGHAPURANA
37972,Naushehra Pannuan (269),Tarn Taran,31.4954948,74.84605,37972,1912.9872496199696,1911.5400390625,0.5642532309846982,0.2295019764781125,1.5295058570507698,-0.5454028947553441,-0.1434812063922671,794.5354603726587,22.86942418551197,1.0,1404.0,150,150,1650,1578.0,NAUSHEHRA PANNUAN-11
32258,Jhungian (285),Shahid Bhagat Singh Nagar,31.0261,76.0150452,32258,1913.8562315381173,1911.5382080078125,0.5156772976226691,0.2232129258829758,1.4220099469171412,-0.4975134040222131,-0.1302125697863079,848.1584730555909,22.68394309940942,0.9101806311556402,45.0,20,10,40,254.0,AUR
33560,Ballowal (305),LUDHIANA,30.7027035,75.7117538,33560,1908.660822361085,1911.5367431640625,0.6507204948850526,0.3101028235171531,1.9147786380305567,-0.5995783210969812,-0.2334766699100524,798.8424277713661,22.79254590482058,1.0,10.0,300,0,435,522.0,PAKHOWAL
30054,Sherpur 95),JALANDHAR,31.0270271,75.35856,30054,1913.768889276082,1911.536376953125,0.6005520013316482,0.2609736453553068,1.866341537034231,-0.56345247599043,-0.1841307833290917,828.6912826496593,22.70803767362337,1.0,2.49,12,0,218,223.0,NURMAHAL
34522,Butewala (116),FIROZEPUR,30.9279537,74.61745,34522,1911.7032024783744,1911.5360107421875,0.6266528637539643,0.2917054149806224,1.554240643425275,-0.5819058672980237,-0.2014083401479449,640.798375966752,23.695736083774985,0.9741375857383046,200.0,28,100,158,218.0,FIROZPUR
33863,Patti Multani (37),LUDHIANA,30.6846848,75.4671555,33863,1909.077650593722,1911.5360107421875,0.7018985752535067,0.3607532523258345,2.079485666108763,-0.6436274429126962,-0.2820107011313002,773.7215156438284,22.79503752374013,1.0,338.0,75,50,138,338.0,JAGRAON
29922,Kotla Jangan (137),JALANDHAR,31.2252254,75.41079,29922,1914.2570230272229,1911.53515625,0.5614427332422937,0.2151745200834871,1.54508538674498,-0.5389197556321291,-0.1390155770455658,892.3655989577668,22.53479004222732,1.0,2.5,50,50,190,243.0,NAKODAR
39838,Ubha (148),SANGRUR,30.1261253,75.9116,39838,1911.7955885246668,1911.53466796875,0.5979395636627938,0.2749841007689619,1.5217657811636178,-0.575403629571931,-0.1792396483327085,649.9757021116108,23.720768072908925,1.0,2.0,210,0,775,758.0,DIRBA
34784,Lohra Nawab Sahib (235),FIROZEPUR,30.666666,74.38475,34784,1909.061250078803,1911.5338134765625,0.5942433740356629,0.2725024091879849,1.4830838263695292,-0.5639733320354506,-0.173498430419949,616.3843068292039,23.812034812580865,1.0,130.0,150,55,61,197.0,MAMDOT
29831,Laksian (111),JALANDHAR,31.0328445,75.32224,29831,1914.9084682384728,1911.53369140625,0.5277834985865922,0.2005845306326149,1.7066509337438351,-0.4958695614451334,-0.1344455570866529,809.4568315541148,22.696922047306,1.0,2.47,20,1,260,238.0,SHAHKOT
34848,Badalke Hithar (333),FAZILKA,30.6052761,74.2536545,34848,1911.234950717732,1911.532958984375,0.60563971342558,0.2788907984598018,1.5753396946704197,-0.5724407400836271,-0.1841414105042985,616.4236473129112,23.975738261228106,1.0,40.0,45,0,42,37.0,GURU HAR SAHAI
39697,Nakta (33),SANGRUR,30.2882881,76.09938,39697,1909.4669758496968,1911.5308837890625,0.6132923285666922,0.2902965738134487,1.5287703962294994,-0.5831181565091771,-0.1929822843752143,733.8665219952958,23.116596925856413,1.0,510.0,50,205,295,343.0,BHAWANI GARH
37634,Bhakna Khurd (409),AMRITSAR,31.6576576,74.87052,37634,1911.4201828266607,1911.52880859375,0.5400539363447816,0.2186031523697508,1.4486439700083178,-0.5125977608540647,-0.130838145580251,919.3578007628817,22.93058248781449,1.0,423.0,171,155,268,423.0,ATTARI
30069,Shamsabad (80),JALANDHAR,31.0990982,75.33151,30069,1911.7745997736115,1911.5272216796875,0.6236844599007365,0.2820539426154522,1.997313437915872,-0.5772821849968286,-0.2049436767157285,834.2945822622238,22.6628002670335,1.0,577.0,200,200,302,609.0,NURMAHAL
33855,Parjian Biharipur (181),LUDHIANA,30.81081,75.48213,33855,1913.9518510317,1911.5262451171875,0.5201661819432613,0.248814594423751,1.4423826449029529,-0.5020487290744016,-0.1572040040516619,792.0463632239988,22.6908210991838,0.957287059050688,460.0,70,40,240,460.0,JAGRAON
39412,Kup (33),SANGRUR,30.3783779,75.85614,39412,1911.837213378815,1911.5240478515625,0.5956698595343475,0.2521728521184402,1.5150548256628231,-0.5759444870884868,-0.1689934528699741,760.2889480998414,22.927026586350337,0.953422624205542,782.0,33,0,860,862.0,AHMEDGARH
39617,Ghanaur Khurd (66),SANGRUR,30.4378757,75.70873,39617,1911.2429588224984,1911.5225830078125,0.6246391481033093,0.2902492526160695,1.5569602934636737,-0.5909756763321601,-0.1962906317456685,692.9895821025269,23.36108680154888,1.0,562.0,230,230,420,563.0,SHERPUR
38253,Bhail Dhaiwala (345),Tarn Taran,31.343668,75.0804138,38253,1911.988557199288,1911.5220947265625,0.554811390483056,0.2528352143624114,1.5060753279993613,-0.5385715188599859,-0.1567175634231945,868.9469787289994,22.74958406038064,1.0,1015.0,0,167,645,1147.0,CHOHLA SAHIB-8
29730,Fakhruwal (283),JALANDHAR,31.0810814,75.3382645,29730,1914.0519085546944,1911.521240234375,0.5996616291603438,0.2756060515429075,1.7671941177988264,-0.5613457895842369,-0.190518724081291,755.7284506836411,22.84068518864079,1.0,2.47,20,0,65,111.0,SHAHKOT
33963,Sekha Khurd (127),MOGA,30.6846848,75.09003,33963,1912.6395831031248,1911.5206298828125,0.6658669802051308,0.3336315088124791,2.102492578652916,-0.6035984001671572,-0.2524018246643517,593.2724717070954,23.793807309023407,1.0,835.0,142,142,240,443.0,BAGHAPURANA
30537,Parapind (382),JALANDHAR,31.3916321,75.49929,30537,1912.7139103984373,1911.5196533203125,0.5603897294246172,0.196826709737408,1.843167001074784,-0.5165860757576964,-0.1317123780650412,928.7443551232712,22.4461244842264,1.0,110.0,0,0,230,123.0,JALANDHAR - WEST
29236,Talwandi Bakha (194),KAPURTHALA,31.2972965,75.51057,29236,1912.8015343300603,1911.51953125,0.55490512948177,0.1859757824656884,1.7796345913838216,-0.5185155992311229,-0.1206627640089486,928.7443551232712,22.4461244842264,1.0,1.0,0,0,3,47.0,KAPURTHALA
37593,Basarke Gillan (417),AMRITSAR,31.6396389,74.81368,37593,1910.230680768094,1911.5184326171875,0.4774766043822019,0.1129425934397084,1.2752624080747752,-0.4581671468219024,-0.0450694054089926,897.8451188910742,22.815219129429494,0.951598919268648,546.0,63,198,623,567.0,ATTARI
33891,Rasulpur Malla (140),LUDHIANA,30.666666,75.47403,33891,1912.104427420304,1911.517822265625,0.6877326184758145,0.3244272112900971,1.9965836738778653,-0.6302352781382958,-0.2514707153512376,704.9448135306733,23.12469863387713,1.0,1680.0,1000,500,1259,1843.0,JAGRAON
34127,Gati Jattan (299),MOGA,30.9437447,75.14082,34127,1914.87336201486,1911.517333984375,0.6395146230182386,0.3345992426124711,1.8074735561218016,-0.5952422608933854,-0.2424206685155715,731.4165028741257,22.937485862209485,1.0,195.0,47,100,120,216.0,KOT-ISE-KHAN
29821,Saleman (57),JALANDHAR,31.044,75.47535,29821,1911.8309441549425,1911.51708984375,0.6382888004094807,0.2902211884557154,2.0314663014820784,-0.5865183289254547,-0.21438060892596,814.5788702180283,22.679460124891307,1.0,75.0,45,35,80,238.0,MEHATPUR
39562,Mehdevi (90),SANGRUR,30.522522,75.88475,39562,1913.2861119466968,1911.5167236328125,0.5444682704267313,0.196296605700571,1.3447498859468068,-0.5294660394070161,-0.1146826162189956,722.4705342720863,23.084877878843635,0.9004031079120671,468.0,150,15,289,470.0,AHMEDGARH
40076,Chung (436),BARNALA,30.4324322,75.3757248,40076,1911.4850274978933,1911.516357421875,0.6573950695498513,0.3147466426571237,1.910751308512315,-0.6046312556766705,-0.2346934577269619,652.8270809838396,23.627258569751326,1.0,325.0,50,100,289,325.0,SEHNA
33688,Rajoana Khurd (96),LUDHIANA,30.7747746,75.6425858,33688,1914.619851199931,1911.514892578125,0.669541292548671,0.3039517924149713,1.7414969994031853,-0.6265744265340084,-0.2236133598014996,730.1558348348038,23.084250067546748,1.0,497.0,304,305,350,562.0,SUDHAR
29810,Sadarpur (86 ),JALANDHAR,31.0329132,75.3222351,29810,1916.944614444405,1911.5147705078125,0.4866515669690098,0.130602253419469,1.3898324088225371,-0.4784788454005629,-0.0668818944962555,766.9331672599213,22.841892629407766,0.9865027698815404,2.47,10,3,50,41.0,SHAHKOT
39655,Bararwal (92),SANGRUR,30.4864864,76.003,39655,1912.825744549057,1911.5145263671875,0.5841493806286643,0.2541279301163352,1.3730440279591736,-0.5644549808225676,-0.1570927481366125,701.7093542029755,23.24478113269879,0.9991315302672704,360.0,146,146,231,1164.0,DHURI
33779,Bir Gagra (117),LUDHIANA,30.7747746,75.6425858,33779,1912.2962144334435,1911.5145263671875,0.6846239526025025,0.3534124815307941,1.9887224285554528,-0.62689662876198,-0.2707786403685203,733.4537896325486,22.989663174797386,1.0,142.0,95,75,168,142.0,SUDHAR
33798,Ramgarh (53),LUDHIANA,30.666666,75.47403,33798,1912.6264723094769,1911.5142822265625,0.671935597806552,0.3197746763399847,2.0062035020884483,-0.616982911317013,-0.2448106063559376,746.688231558183,22.91313157213281,1.0,584.0,450,120,558,620.0,JAGRAON
39463,Malerkotla (R ) (58),SANGRUR,30.5238075,75.88622,39463,1913.428369446814,1911.513916015625,0.5553616001893731,0.1974131447609027,1.4705894529781487,-0.5280763889396938,-0.1202041815381672,751.9595002242972,22.959390788887724,0.9065718230487656,2.47,0,0,1,2112.0,MALERKOTLA
29720,Naurangpur (307),JALANDHAR,31.0450459,75.4779739,29720,1912.5739174190885,1911.51318359375,0.5438738309052542,0.2254748249449811,1.575360508950456,-0.5245474955144743,-0.1436746452777638,779.5787545850175,22.745722600675435,1.0,2.48,45,1,250,126.0,MEHATPUR
33567,Dolon Khurd (287),LUDHIANA,30.9009018,75.80505,33567,1906.3628609617183,1911.5123291015625,0.6188258774933143,0.2667964123257769,1.856614373267334,-0.5789334487393698,-0.1924687390967806,808.5676672866242,22.77318496325944,1.0,173.0,83,23,127,172.0,LUDHIANA-1
36581,Sheikhupur (50),PATIALA,0.0,0.0,36581,1918.3748893239824,1911.5113525390625,0.4246354739592316,0.1146567224628832,1.0789365174862056,-0.4386670273805539,-0.0388965066565471,794.9772702444355,23.05994706612702,1.0,207.0,147,14,206,238.0,BHUNER HERI
34023,Kili Chahal (37),MOGA,30.82183,75.17439,34023,1910.5933677433363,1911.5113525390625,0.5966122517791216,0.2600465062046759,1.777654882305702,-0.5631760676245038,-0.183535372820264,729.9527469088929,23.01460955951262,1.0,278.0,250,242,307,309.0,MOGA-I
33759,Lakha (172),LUDHIANA,30.666666,75.47403,33759,1911.1709133919944,1911.510986328125,0.6729999136105009,0.3142881911061181,1.9692831493355192,-0.6153676923299959,-0.239963431750996,688.574526452687,23.297674679878213,1.0,1533.0,600,460,1051,1676.0,JAGRAON
34576,Tega Singhwala (34),FIROZEPUR,30.9729729,74.6013641,34576,1911.8461716429315,1911.5057373046875,0.6381026621147882,0.30264242024474,1.5836985100373968,-0.6076664390180027,-0.205175637090303,665.9990045239823,23.53292379469844,1.0,99.0,40,50,58,106.0,FIROZPUR
33922,Raniana (92),MOGA,30.6889248,75.24037,33922,1908.855356600998,1911.50439453125,0.6628488118107472,0.3036633623804465,1.983011215391723,-0.5987458618478984,-0.2289191530751564,687.0211788821751,23.345808942398914,1.0,1669.0,0,667,1224,1754.0,NIHAL SINGH WALA
39565,Bahadurgarh (75),SANGRUR,30.3783779,75.85614,39565,1911.3454194319816,1911.501708984375,0.6247985131915674,0.2964460515359758,1.555536976447475,-0.5950838609389417,-0.2032760837644139,710.6126490046876,23.17487815991421,1.0,128.0,202,0,82,138.0,AHMEDGARH
34530,Bage Ke Pipal (123),FIROZEPUR,30.9512558,74.66101,34530,1911.7848345479044,1911.5001220703125,0.647834373582755,0.3045745449939503,1.733368641830284,-0.6085232803549082,-0.2178972015519968,665.5041535016152,23.536476398656543,1.0,700.0,250,95,124,679.0,FIROZPUR
34764,Alfooke (247),FIROZEPUR,30.81081,74.41221,34764,1909.910865770266,1911.499755859375,0.5922028352443125,0.2740511997137254,1.4505403226352542,-0.5687860356769904,-0.1734083576900185,634.6124204804795,23.884184272387643,1.0,830.0,120,245,456,493.0,MAMDOT
39805,Gobindpura Nagri (51),SANGRUR,30.09009,75.96721,39805,1912.140283656388,1911.497802734375,0.6610797392764639,0.3138511572526311,1.6748436982602162,-0.6123645436038206,-0.2234883920950222,665.7231173957186,23.417441521525262,1.0,285.0,522,410,700,526.0,DIRBA
40012,Chuhanke Khurd (38),BARNALA,30.522522,75.57101,40012,1912.1685010019328,1911.4967041015625,0.6318633673642591,0.2849564979592675,1.7617722572829304,-0.588123979606789,-0.204307982008667,671.5821332307389,23.49105277770788,1.0,414.0,98,292,390,460.0,MEHAL KALAN
38256,Bhajowali (324),Tarn Taran,31.3264427,75.0821,38256,1911.5795130529984,1911.4957275390625,0.5954201306807501,0.2702233340430668,1.63248759084385,-0.5700742148763005,-0.1794708606568809,868.9469787289994,22.74958406038064,1.0,570.0,4,16,34,84.0,CHOHLA SAHIB-8
35091,Salem Shah (294),FAZILKA,30.1441441,74.27943,35091,1911.36867039114,1911.4954833984375,0.5503150875987003,0.2286529804825652,1.4022063385528607,-0.526186208977185,-0.1481482810737473,480.2901688029664,24.46139456905496,0.6823479984126277,60.0,56,21,233,917.0,FAZILKA
33993,Doudhar Garbi (97),MOGA,30.6883984,75.097435,33993,1911.4238633620728,1911.4949951171875,0.685477230145153,0.3282765670794531,1.9934817656464168,-0.6257897315497096,-0.2532818477077576,699.522578995456,23.227174339053647,0.9713939096849348,2723.0,439,439,747,1986.0,MOGA-I
36298,Chupki (78),PATIALA,30.216217,76.2520752,36298,1907.318325372264,1911.494140625,0.5337645395173803,0.2427055281832142,1.5549705318108853,-0.5109977089667936,-0.1498922390561058,710.5211856772797,23.303076809958327,1.0,100.0,300,80,140,311.0,SAMANA
33853,Shafipura (29),LUDHIANA,30.666666,75.47403,33853,1911.695252879528,1911.4931640625,0.685548272580878,0.3514807723196697,2.0323318931295864,-0.6310085843082308,-0.2697578033183482,771.4053019887536,22.77391504081926,1.0,182.0,40,10,90,182.0,JAGRAON
39846,Taranji Khera (59),SANGRUR,30.1261253,75.9116,39846,1910.0961444983045,1911.4925537109375,0.6461058470866442,0.2905638522252692,1.7037126312491817,-0.5962609595556806,-0.209236901605266,658.0253931691544,23.609265202746712,1.0,22.0,280,2,435,480.0,DIRBA
29986,Adraman (348),JALANDHAR,31.043705,75.46161,29986,1913.7184380475069,1911.4921875,0.5908005913267222,0.2628218867861309,1.651539103881941,-0.5658943964405769,-0.1770575182876187,804.308912193917,22.63658369920908,1.0,2.47,201,201,453,690.0,MEHATPUR
39452,Hakimpura (68),SANGRUR,30.522522,75.88475,39452,1911.121969654812,1911.48974609375,0.6218931642108785,0.3008341562994153,1.5861464200124942,-0.5809613590331763,-0.2054426573444344,710.6153472048743,23.174864182394533,1.0,192.0,100,0,170,212.0,AHMEDGARH
33850,Khurshedpur (183),LUDHIANA,30.8828831,75.93776,33850,1913.3093437929288,1911.488037109375,0.5739213470506259,0.2586284276428933,1.555170436237094,-0.5510742310420267,-0.1707609197707481,803.0808502596499,22.641339569268787,0.9837528357327876,81.0,130,135,208,242.0,SIDHWAN BET
32785,Basantpura (343),FATEHGARH SAHIB,30.5638371,76.43328,32785,1905.295810389664,1911.4873046875,0.5709360661571284,0.2692979656784065,1.5625405821111242,-0.5397371469268923,-0.1725638739010664,829.1068965250446,22.91679425208919,1.0,182.7,25,25,72,390.0,SIRHIND
39828,Dewangarh Alias Kaimpur (116),SANGRUR,29.9459457,75.96084,39828,1911.9671649264324,1911.486328125,0.6405359295168928,0.2982334427571766,1.681728005365536,-0.6004251407797512,-0.2100244208774131,651.4569841602556,23.65150655322475,1.0,113.3,251,120,475,363.0,DIRBA
34637,Piranwala (92),FIROZEPUR,30.9189186,74.58018,34637,1911.260166093621,1911.4862060546875,0.5355440752872888,0.1823937027632132,1.3114588757962418,-0.5262140217606498,-0.09708946823542,630.8803054501908,23.741871670056355,0.9841332019104456,35.0,15,112,200,91.0,FIROZPUR
30533,Basrampur (391),JALANDHAR,31.405405,75.4285355,30533,1912.570614766012,1911.4859619140625,0.5616956272641878,0.1903765128809318,1.838882661227489,-0.5217340001227446,-0.1261093868591429,928.7443551232712,22.4461244842264,1.0,200.0,0,0,228,205.0,JALANDHAR - WEST
39744,Hakikatpura (43),SANGRUR,30.1981983,75.8420258,39744,1911.219213101912,1911.48583984375,0.6609581611783749,0.3281011288875866,1.7035064066597745,-0.6090524754082829,-0.2346020872137766,664.920950215091,23.390750384608737,1.0,2.47,0,8,77,287.0,SANGRUR
37861,Dhand (34),Tarn Taran,31.5315323,74.74808,37861,1913.631651849431,1911.483642578125,0.5311313242642526,0.186328289280287,1.4054758854946348,-0.5057498024859108,-0.1051377855891023,857.40264892317,22.894709757484858,1.0,870.0,0,191,570,870.0,GANDIWIND-9
33547,Chhapar (340),LUDHIANA,30.7027035,75.6907959,33547,1910.398478048468,1911.483642578125,0.6283456747813521,0.2794800581671954,1.6638812929903952,-0.5898781599518914,-0.2003521478493148,782.3198976924317,22.894344868499104,0.8074970472862807,690.0,27,1201,1609,803.0,PAKHOWAL
36187,Fatehgarh Urf Retgarh(76),PATIALA,30.216217,76.18953,36187,1910.3735906823133,1911.483154296875,0.5176510839586747,0.1829385371952899,1.431275802830352,-0.500556428894945,-0.1031143103003518,710.5211856772797,23.303076809958327,1.0,363.0,30,30,54,408.0,SAMANA
36634,Tarain (170),PATIALA,30.216217,76.35633,36634,1910.5328858189348,1911.483154296875,0.5308725291939301,0.2314816555838787,1.3212869709088086,-0.528103167467676,-0.1294358398571795,807.036930601825,23.076397794994136,1.0,200.0,100,100,307,798.0,PATIALA
39813,Khanal Khurd (121),SANGRUR,30.072073,75.99502,39813,1913.016935851528,1911.48291015625,0.6623954730394961,0.3196367492707267,1.6966515685668375,-0.6063861028884785,-0.2321967013891358,655.4105523040192,23.52841041651033,1.0,283.0,30,154,450,576.0,DIRBA
34988,Lamochar Khurd (243),FAZILKA,30.522522,74.2741852,34988,1911.6408393397207,1911.482421875,0.5670265432000884,0.2574485744902803,1.5695901341809255,-0.544068397408273,-0.1619458322254707,537.4957564284699,24.18442140124921,1.0,145.0,63,71,122,309.0,JALALABAD
35585,Chak Bhuria (122),FARIDKOT,30.78199,74.69663,35585,1910.5689842187207,1911.479736328125,0.6628440599786007,0.3240566736821682,1.883966173845636,-0.6169117873735929,-0.2369345278585599,618.8784929921525,23.680006817638287,1.0,144.0,28,15,15,144.0,FARIDKOT
34693,Mehmad Khan Niazi (279),FIROZEPUR,30.9009018,74.48214,34693,1911.6280613564468,1911.4779052734375,0.6266582954477958,0.3213226105250422,1.4542172901988613,-0.6040043560711019,-0.2116162792769361,633.4915700366395,23.7499090722734,1.0,80.26,150,55,70,80.0,MAMDOT
39745,Sajuma (56),SANGRUR,30.18018,76.03658,39745,1911.296179849105,1911.4776611328125,0.6514493300726347,0.3060777078179185,1.6623642335385418,-0.6057436023102719,-0.216393925070594,666.4820417097817,23.38408814855679,1.0,180.0,47,35,150,235.0,BHAWANI GARH
39540,Banbhaura (150),SANGRUR,30.54054,75.89883,39540,1911.512684922321,1911.4759521484375,0.6294090005715256,0.3028843856771915,1.5674568791712948,-0.5895238824291783,-0.206792987133338,725.0970252940382,23.071610604262585,1.0,820.0,60,102,772,911.0,MALERKOTLA
39842,Janal (118),SANGRUR,30.09009,75.96721,39842,1913.2668995855504,1911.47509765625,0.6519976189410651,0.3014729835205268,1.6895484585648954,-0.6058270668167767,-0.2143459793534912,655.7057999001116,23.53753991329268,1.0,352.0,65,385,1321,573.0,DIRBA
30414,Abadan (273),JALANDHAR,31.4234238,75.50637,30414,1912.224147985775,1911.4744873046875,0.5272673399245682,0.1837937239551673,1.524407333935664,-0.5134489615322269,-0.1061627506759847,958.2364502360718,22.3924562069638,1.0,2.1,10,3,57,77.0,JALANDHAR - WEST
34166,Shadiwala (239),MOGA,30.9549541,75.2176,34166,1909.0933797238893,1911.4715576171875,0.6876320780747965,0.3615419545356999,2.064787105489457,-0.6196746250543189,-0.2780746392001949,694.4905462672608,23.069375095900625,1.0,121.0,21,40,56,130.0,KOT-ISE-KHAN
38279,Lalpur (316),Tarn Taran,31.45946,75.02846,38279,1908.973929634582,1911.470458984375,0.5636012235842967,0.2236620383283303,1.6139871540595618,-0.5355015425364306,-0.1429387561534482,855.9307250192063,22.707733182606887,1.0,441.0,60,1,580,516.0,NAUSHEHRA PANNUAN-11
33980,Langiana Purana (78),MOGA,30.4864864,75.06211,33980,1913.1561422077632,1911.4703369140625,0.6955211590255251,0.3395075881638787,1.9713060705481475,-0.6296546049285716,-0.2619635546378687,639.7040325579704,23.57989884212595,1.0,800.0,800,325,601,904.0,BAGHAPURANA
29258,Kotli (204),KAPURTHALA,0.0,0.0,29258,1913.9502155327773,1911.469482421875,0.5304824945336877,0.1514629986693978,1.6863526851149504,-0.4935298919199115,-0.0926852572095618,958.2364502360718,22.3924562069638,1.0,17.0,0,15,20,49.0,KAPURTHALA
34441,Haraj (164/165),FIROZEPUR,30.8664646,74.93531,34441,1913.211853384881,1911.4686279296875,0.595980116413826,0.2566994959179266,1.534864351793393,-0.5687661550743428,-0.1706231368736193,680.2076044490235,23.4222539006542,1.0,852.22,255,255,727,997.0,GHALL KHURD
39928,Surjan Bhaini (103),SANGRUR,29.837225,75.92357,39928,1911.343229681407,1911.468505859375,0.5491526169352026,0.2189881757056301,1.3892190333918726,-0.5240150711701987,-0.1293725734740105,633.4779950787919,24.113163681595665,1.0,20.2,200,50,54,247.0,ANDANA
33588,Dad (279),LUDHIANA,30.3603611,75.7377548,33588,1910.2344084757449,1911.4649658203125,0.420289445964737,0.0787584313407633,1.2844192823053726,-0.4201804201148003,-0.0225810228774569,839.1158971002,22.783892110549857,0.4764994781888554,124.0,0,23,358,529.0,LUDHIANA-1
38285,Verowal (332),Tarn Taran,0.0,0.0,38285,1913.9180035796096,1911.4644775390625,0.4887608210231735,0.1543748984464125,1.4485748118042123,-0.4711969154248358,-0.080234750071277,920.5141395685888,22.546993888549025,0.977823778574078,2.5,200,280,530,1304.0,KHADUR-SAHIB-10
36205,Fatehgarh Chhana (55),PATIALA,30.2342339,76.12006,36205,1912.8365115722488,1911.4639892578125,0.6018490505755575,0.2725471760139867,1.5366561564085952,-0.5761663948441349,-0.1794249543169885,721.770355384578,23.19777535708772,1.0,721.0,167,205,1205,813.0,SAMANA
39657,Dhura (97),SANGRUR,30.3783779,75.85614,39657,1911.4067812638943,1911.4639892578125,0.5944832832602016,0.2569583130804441,1.507353106716691,-0.5636886754016159,-0.1679582103866973,692.7145709619406,23.281188555624627,1.0,361.0,188,272,439,469.0,DHURI
37219,Awanlakha Singh (159),AMRITSAR,31.7074623,74.6538849,37219,1912.8969372068625,1911.4632568359375,0.5162836132228334,0.1775650669175343,1.257556065232874,-0.5101197565805414,-0.0884944975226612,879.0007027795212,22.974869686455293,1.0,368.0,63,73,143,233.0,CHOGAWAN
34840,Nure Ke (285/323),FIROZEPUR,30.5045052,74.0931244,34840,1908.8198773610973,1911.4630126953125,0.6421598806683605,0.3027326643349132,1.70602948045474,-0.5972502338929842,-0.2122257242915042,619.9077907016175,24.001903930906963,1.0,144.0,125,112,139,151.0,GURU HAR SAHAI
34412,Rotal Rohi (335),FIROZEPUR,30.8625088,74.93586,34412,1913.0785510995047,1911.462158203125,0.6225707700079731,0.2856505724085993,1.7015430709223427,-0.5787914728943859,-0.2017003834974023,689.3774126238097,23.3743917369304,1.0,331.98,450,450,852,400.0,ZIRA
39987,Patti Sekhwan (42),BARNALA,30.3603611,75.54982,39987,1913.59902904594,1911.4615478515625,0.6934077344392782,0.3128518305342554,1.849171868588381,-0.6298537271079365,-0.2388815121508613,659.597286861171,23.619301732261363,1.0,378.0,866,195,245,426.0,BARNALA
34034,Chak Bijassar (35),MOGA,30.8468475,75.17468,34034,1911.997143741928,1911.460205078125,0.6875545125413883,0.3503304184849674,2.14351928771854,-0.6230351007186249,-0.2712336460902054,745.6278446128266,22.94287039083514,1.0,187.0,4,3,9,212.0,MOGA-I
34114,Kot Mohamad Khan (272),MOGA,30.9369373,75.1404,34114,1911.5135607544385,1911.4599609375,0.6807235504264809,0.3547614367437118,2.052121126731667,-0.6215401587912891,-0.2728151486292518,734.8721665797317,22.93879517701388,1.0,529.0,169,205,290,573.0,KOT-ISE-KHAN
33309,Rosiana (387),LUDHIANA,30.3783779,75.85614,33309,1909.565588369802,1911.4598388671875,0.6306118147452575,0.2993453002907597,1.814817704722412,-0.5876205828573584,-0.2169414317502769,798.1422933747666,22.84587891937236,1.0,20.0,150,70,250,225.0,Maloud
33975,Mahla Kalan (70),MOGA,30.72072,74.9923248,33975,1910.838586765308,1911.458740234375,0.6545750416885098,0.3029640016680575,1.7688085625643195,-0.6122184496863184,-0.2202712399635693,647.0103478998786,23.58182422553912,1.0,3475.0,166,509,995,1569.0,BAGHAPURANA
38318,Bhalojala (161),Tarn Taran,31.54955,75.01623,38318,1913.688843217259,1911.45849609375,0.3779678513241895,0.1565858072098413,1.081354263274953,-0.3732948134106293,-0.0579665376077103,919.9742642521036,22.406854230082,0.8012167945578105,122.0,40,170,489,965.0,KHADUR-SAHIB-10
37580,Varpal (266),AMRITSAR,31.5315323,74.68466,37580,1910.7187770791925,1911.4581298828125,0.4870921000333137,0.1567299820020103,1.2579982443455582,-0.4866000268485145,-0.0735792310860432,879.6774284845957,22.70638402336393,0.971646644407658,1150.0,250,250,800,1356.0,ATTARI
34721,Karman (265),FIROZEPUR,30.8648643,74.41215,34721,1909.5515686909969,1911.45703125,0.6011624529562212,0.2724947114881594,1.5070612873129745,-0.5741550962235288,-0.1782113989848537,633.4894990133118,23.74991659327964,1.0,500.0,202,95,100,832.0,MAMDOT
34662,Rodewala (77),FIROZEPUR,30.9549541,74.6293,34662,1912.0018132492128,1911.455078125,0.5432838242531818,0.2349454038911333,1.2975304793697735,-0.5358554288992153,-0.1322242175478354,633.4915700366395,23.7499090722734,1.0,250.0,60,60,75,282.0,FIROZPUR
34125,Jindera (270),MOGA,30.6780624,75.02204,34125,1911.54475128385,1911.4549560546875,0.6545127614449449,0.3391271191832122,1.9178153597821048,-0.5986669673584947,-0.2544024365976122,731.4165028741257,22.937485862209485,1.0,255.0,159,159,259,277.0,KOT-ISE-KHAN
30105,Kang Araian (126),JALANDHAR,31.0270271,75.77908,30105,1910.9968625745528,1911.454345703125,0.6856339498417144,0.3135984948793364,2.071715968625632,-0.6271713322662201,-0.2447292306685231,833.8036457737869,22.682102709648102,1.0,265.0,48,45,265,225.0,PHILLAUR
35094,Kotha Alias Lukmanpura (284),FAZILKA,30.4144154,74.02464,35094,1912.5034388888453,1911.45361328125,0.6425252449202578,0.3101466575707292,1.5894565140965893,-0.5882575591227615,-0.2198192660832594,480.2901688029664,24.46139456905496,1.0,329.0,95,109,137,340.0,FAZILKA
36200,Samana(Rural) (87),PATIALA,30.2342339,76.12006,36200,1909.6246921002664,1911.4517822265625,0.4972755500927521,0.1801969733794228,1.2829908664783276,-0.4932294613811699,-0.0940932419842718,758.5832776333099,23.11706469853102,0.9616251548879742,28.0,67,63,84,1894.0,SAMANA
34086,Singhpur Urf Munan (314),MOGA,30.9549541,75.2176,34086,1914.1103959890388,1911.45166015625,0.680440060584293,0.3586169430955501,1.9677380745247333,-0.6177061413200656,-0.2740430343165993,707.786932008115,23.16260391030485,1.0,327.0,140,171,248,364.0,KOT-ISE-KHAN
29926,Rasulpur (26),JALANDHAR,31.3316689,75.2393341,29926,1914.63291761182,1911.4478759765625,0.6013730414670427,0.2646404690178657,1.676591090411524,-0.5711399986373502,-0.1792481819091965,847.0121414450838,22.631927518035912,1.0,63.8,0,12,128,72.0,NAKODAR
39975,Kattu (63),BARNALA,30.3063068,75.63335,39975,1911.6501144561064,1911.4478759765625,0.6265056048006622,0.3165271786056432,1.6403990261433208,-0.5860645406596563,-0.2201002306644015,670.222645677018,23.62972178200213,1.0,1204.0,56,453,633,1341.0,BARNALA
29905,Bhodipur (66),JALANDHAR,31.3299828,75.23742,29905,1912.5057209177355,1911.44775390625,0.622742796328079,0.2778758377448362,1.988097167457436,-0.5771304420472492,-0.2045619240800912,814.5788702180283,22.679460124891307,1.0,1.5,18,20,200,132.0,NAKODAR
34626,Suba Jadid (103),FIROZEPUR,30.9189186,74.58018,34626,1911.9037551955864,1911.445556640625,0.5946914833014205,0.2364135025351958,1.536644009026112,-0.5491098987651724,-0.1556358769941799,630.9077373059863,23.74168168515701,1.0,90.0,50,45,70,109.0,FIROZPUR
39974,Bhathlan (64),BARNALA,30.3783779,75.54286,39974,1910.661576777325,1911.4444580078125,0.6299678061779814,0.3116055606002607,1.789873152451395,-0.5759634292168384,-0.2243888247121253,669.5615175434597,23.63644979643477,1.0,475.0,68,70,476,511.0,BARNALA
34097,Chuga Khurd (298),MOGA,30.9549541,75.15457,34097,1911.7188296049787,1911.4434814453125,0.6011704778010563,0.2665807602776231,1.699209251547378,-0.5766291875696342,-0.187446519696335,700.0099661757844,23.03865430387191,1.0,104.0,55,18,63,132.0,KOT-ISE-KHAN
34531,Yare Shahwala (130),FIROZEPUR,30.9729729,74.6223755,34531,1910.6803746340413,1911.442138671875,0.6229016234027598,0.302491672795376,1.6480041717937892,-0.5940036262604961,-0.2082431000614527,665.9990045239823,23.53292379469844,1.0,418.0,150,80,290,340.0,GHALL KHURD
39769,Kular Khurd (51),SANGRUR,30.24569,75.90077,39769,1912.66925661962,1911.4417724609375,0.6512500914491506,0.3239717632714808,1.7034929568009187,-0.5992877444509879,-0.2320655056790466,664.9007796106594,23.394986821082107,1.0,2.47,300,0,745,1186.0,SANGRUR
37635,Bhakna kalan (408),AMRITSAR,31.6576576,74.87052,37635,1911.820065407331,1911.440185546875,0.5338232856227716,0.1895906779622101,1.4015387212051738,-0.5077117240545036,-0.1080039171261361,919.3578007628817,22.93058248781449,1.0,524.0,480,456,689,524.0,ATTARI
29282,Jalal Bhulana (126),KAPURTHALA,31.36937,75.3784943,29282,1913.3098724248173,1911.4398193359375,0.5307934958515087,0.1938548377771683,1.5875232546618718,-0.5050194310610505,-0.1245906329279879,923.7338992764847,22.55090936966161,0.8605085733968542,2.47,0,0,220,131.0,KAPURTHALA
34467,Mohkamwala (156),FIROZEPUR,30.8828831,74.78305,34467,1909.5914161359487,1911.4393310546875,0.5310132442891238,0.2470624720874761,1.385396137038733,-0.5094106349250953,-0.145526816384188,663.8614776542084,23.52512561971713,1.0,169.23,170,172,235,511.0,GHALL KHURD
38223,Nadohar (288),Tarn Taran,31.2298679,74.87087,38223,1917.6572124669808,1911.4388427734375,0.6043223442229239,0.2650788033407795,1.6022477294796675,-0.5714611208917945,-0.1749837962627182,769.256440316345,22.93673831007522,1.0,276.0,1,0,280,313.0,PATTI-14
40016,Bazidke Khurd (45),BARNALA,30.522522,75.57101,40016,1910.1511540133065,1911.4384765625,0.6841949626719254,0.3418623900176645,1.7615048229278782,-0.64236111964913,-0.2533221324006544,681.0629788987276,23.444693968212643,1.0,1002.0,300,235,495,1051.0,MEHAL KALAN
34104,Badduwala (289),MOGA,30.6780281,75.02211,34104,1913.498754919162,1911.437744140625,0.6655515592722605,0.3383349861651,2.025338802283064,-0.609338245644078,-0.2583807024278136,734.6969038223035,22.93872877178972,1.0,904.0,425,425,773,1013.0,KOT-ISE-KHAN
38331,Devlanwal (145),Tarn Taran,0.0,0.0,38331,1914.8162502044,1911.4371337890625,0.5138343980172044,0.1968096879537073,1.5457518504992929,-0.4968604205809253,-0.1140517729463556,952.5405950276688,22.407994083668687,1.0,182.0,135,135,233,171.0,KHADUR-SAHIB-10
30088,Jago Sangha (16),JALANDHAR,31.0874062,75.5948,30088,1911.2855597613093,1911.436279296875,0.6476109103852019,0.2966349200472628,1.8860018590493144,-0.60442868674919,-0.2149204814685923,821.2975802829163,22.77606139731529,1.0,96.0,32,20,62,103.0,NURMAHAL
29316,Jalowal (226),KAPURTHALA,31.36937,75.4207,29316,1914.2734424021849,1911.4359130859375,0.5960106041150087,0.2273150198459199,1.75819385968318,-0.5595444504562527,-0.1568232581613588,883.6240711619752,22.543239515608548,1.0,1.3,12,0,500,89.0,KAPURTHALA
37568,Gilwali Alias Guruwali (277),AMRITSAR,31.54955,74.67793,37568,1913.931374611488,1911.4342041015625,0.3843994502685787,0.0549238281153491,0.958284421834879,-0.4112037657395916,0.0113136401312046,897.981772105922,22.67399627419917,0.8011906297672918,559.0,98,209,1290,562.0,ATTARI
36282,Kalbano (185),PATIALA,29.9819813,76.1756058,36282,1910.1631831685063,1911.43359375,0.5606654422563552,0.2836981022135432,1.63333608973844,-0.5347564249697212,-0.1858309602273267,653.4251587361287,23.652574377977714,1.0,172.9,40,40,120,1660.0,PATRAN
33702,Toosa (94),LUDHIANA,30.63063,75.5506058,33702,1914.8244857918348,1911.43310546875,0.6094667487671125,0.2538708113578616,1.6762895003783014,-0.5735579857326106,-0.1790624477274295,759.1378333976166,22.9943307142168,1.0,555.0,50,159,3191,628.0,SUDHAR
33979,Nathuwala Garbi (73),MOGA,30.738739,74.98538,33979,1911.5779720750616,1911.4327392578125,0.673497712221266,0.3250641852059004,1.9105936135238544,-0.6213645173924294,-0.2441965335190247,639.1473862772737,23.582063408153232,1.0,526.0,560,144,623,1770.0,BAGHAPURANA
39559,Dalelgarh (84),SANGRUR,0.0,0.0,39559,1912.0431432349635,1911.43115234375,0.6138150741073382,0.2736055457827354,1.5043443905004457,-0.5855093104584221,-0.1815286001338141,725.4119747709442,23.06255261040984,1.0,135.0,50,205,386,154.0,MALERKOTLA
39827,Rampura Gujran (117),SANGRUR,30.09009,75.96721,39827,1911.7471646483748,1911.4302978515625,0.5440669695784376,0.2139543655872647,1.3709972028463464,-0.529902508778119,-0.1281427393243867,654.0032338058955,23.57222791603131,1.0,185.0,65,21,157,164.0,DIRBA
37820,Butala (52),AMRITSAR,31.6036034,75.22898,37820,1907.697273890047,1911.429931640625,0.5643741956085606,0.2489738156976005,1.685900210751911,-0.5328511152836545,-0.1619760860157252,936.1196401526826,22.40871888290445,1.0,567.0,180,180,560,644.0,RAYYA
29110,Muzafarpur (84),KAPURTHALA,31.6756763,75.24497,29110,1912.2729805015504,1911.4295654296875,0.5377852661899193,0.2299921848253363,1.597842456885564,-0.5220563961853479,-0.1387339472426567,855.3183767011063,22.46012897505409,1.0,109.0,20,10,20,125.0,DHILWAN
29367,Mullan Baha (59),KAPURTHALA,31.2252254,75.26329,29367,1914.269399948403,1911.4295654296875,0.5451354616633789,0.2398618620369542,1.4880607152684766,-0.5279815586532095,-0.1466493179059191,906.0876770953192,22.6560938344636,1.0,190.0,60,0,94,232.0,SULTANPUR LODHI
29980,Dhuggar (317),JALANDHAR,31.0450459,75.4779739,29980,1911.6748839751608,1911.428955078125,0.5514678069287371,0.2358303540121775,1.557475928751429,-0.5382242346052294,-0.1463032697990934,779.5787545850175,22.745722600675435,1.0,1.0,0,0,45,95.0,MEHATPUR
33413,Dholanwal (31),LUDHIANA,30.9189186,75.84033,33413,1910.4818478579432,1911.427001953125,0.5711358626371936,0.2244974964435052,1.6223282039086746,-0.5503975082486754,-0.1380122700527306,842.6295093594216,22.72239683925268,1.0,23.0,159,0,341,192.0,LUDHIANA-2
33793,Pona (60),LUDHIANA,30.6846848,75.4671555,33793,1912.681496689192,1911.4261474609375,0.661395453168013,0.3025852148378584,2.014172301685456,-0.6044409495003077,-0.2321841499076302,733.4537896325486,22.989663174797386,1.0,478.0,340,70,300,518.0,JAGRAON
34085,Raniala (315),MOGA,10.6846848,77.3409042,34085,1911.757399995359,1911.42431640625,0.6717750659818134,0.3480342058508051,1.951888304453218,-0.6115536157006286,-0.2627382319945747,707.8110220839875,23.16254334835986,1.0,528.0,125,130,276,576.0,KOT-ISE-KHAN
34831,Panj Ke Uttar (294),FIROZEPUR,30.7027035,74.39156,34831,1913.039164712549,1911.42236328125,0.6122169082187026,0.2867089408631556,1.6237748070339182,-0.5794676893422299,-0.1966109180987053,619.9077907016175,24.001903930906963,1.0,60.0,45,40,95,631.0,GURU HAR SAHAI
39826,Khetla (140),SANGRUR,30.0180187,75.95356,39826,1910.25318525776,1911.4215087890625,0.6199661186065732,0.2810753778819775,1.5901392740390798,-0.5836675942407051,-0.1919265827449113,649.5504154573582,23.71086843423405,1.0,765.0,100,1,850,469.0,DIRBA
29984,Lohgarh (327),JALANDHAR,31.0990982,75.28943,29984,1914.029851373639,1911.4202880859375,0.5680492809668405,0.248604632391102,1.528612927845574,-0.5574605458121943,-0.1549757875767041,781.0661960430824,22.739158237872427,1.0,2.47,0,0,240,324.0,MEHATPUR
37841,Naurangpura (53),AMRITSAR,31.6036034,75.22898,37841,1908.5576941639,1911.419921875,0.5411037695699851,0.226070147797095,1.70172998593512,-0.5120690265061559,-0.1432289481840004,936.1196401526826,22.40871888290445,1.0,156.0,140,140,295,163.0,RAYYA
37543,Bundala (138),AMRITSAR,31.6694088,74.89939,37543,1910.8642341150896,1911.4190673828125,0.4933923516778984,0.172916438457006,1.3129772800924535,-0.4848989419296642,-0.0880286928216284,901.2728422347556,22.563776162115,1.0,100.0,55,67,92,2034.0,JANDIALA GURU
36349,Khurd (160),PATIALA,30.3818817,76.15173,36349,1906.0429476029835,1911.417724609375,0.5729012993369221,0.2456244979095453,1.4916650456707594,-0.5481416193612108,-0.1503408889721747,775.7920234369844,23.00811376839909,1.0,142.0,40,28,86,158.0,PATIALA RURAL
29765,Jamsher (205),JALANDHAR,31.45946,75.4297943,29765,1910.6693210223425,1911.416748046875,0.5936604488089484,0.2818697184386086,1.7531249491340128,-0.5607687148117494,-0.1917662362873776,734.2657483342525,22.97145118848352,1.0,147.0,17,16,100,159.0,LOHIAN
34586,Patti Gairabad (44),FIROZEPUR,30.9369373,74.6152344,34586,1910.181421906504,1911.416259765625,0.5987379168299403,0.2758290685540547,1.5269948796860284,-0.572701868554009,-0.1785618932059882,665.9990045239823,23.53292379469844,1.0,18.0,18,10,18,86.0,FIROZPUR
34841,Sawaya Rai Uttar ( 286),FIROZEPUR,30.7148647,74.40936,34841,1912.245372655576,1911.4158935546875,0.6397755243455013,0.2953293175965608,1.693412210229036,-0.596404751224524,-0.2065111559199946,619.9077907016175,24.001903930906963,1.0,240.0,155,325,345,259.0,GURU HAR SAHAI
30360,Kasampur (233),JALANDHAR,31.3153152,75.58828,30360,1911.8632845872685,1911.4158935546875,0.4103628328731031,0.0811125407926424,1.5705810280122126,-0.4004286834518579,-0.029699634693331,896.4396015884738,22.43180285780289,0.7286948545297612,0.89,7,0,96,14.0,JALANDHAR-EAST
29177,Khangah (42),KAPURTHALA,31.4908638,75.3555145,29177,1913.4342764259,1911.41552734375,0.5655672413033561,0.2623289146418175,1.672968533911818,-0.5365211803471142,-0.170084039745356,897.5934627463715,22.45076415034606,1.0,131.0,62,30,125,141.0,DHILWAN
34225,Buh Gujran (112),FIROZEPUR,31.0990982,74.97379,34225,1909.9818871674424,1911.4146728515625,0.6434193486427607,0.3359868569857078,1.881474306028565,-0.5950585425147161,-0.2444496980711054,729.2441966941254,23.069153166359456,1.0,224.0,0,0,160,247.0,MAKHU
36318,Nabha (Rural) (204),PATIALA,30.5045052,76.2471161,36318,1909.136227453763,1911.4141845703125,0.5497451717003947,0.1887539706610026,1.4632918548143234,-0.5301980434616721,-0.1113414625270269,741.2127885335946,23.05308512807966,0.9561944016630952,466.0,35,65,432,1180.0,NABHA
38263,Tanda (319),Tarn Taran,31.4234238,74.93627,38263,1911.0413486287096,1911.412841796875,0.5553115560949453,0.2315438148990009,1.530548077210098,-0.5335935744611492,-0.1432544596656649,879.7713594693753,22.659388236421588,1.0,145.0,90,90,150,184.0,CHOHLA SAHIB-8
33766,Bhamipura (147),LUDHIANA,30.6846848,75.4462051,33766,1912.553454482236,1911.4124755859375,0.6802304169764108,0.3247250244686031,1.8894180095860045,-0.62808513152627,-0.2473177682772072,710.0470258889239,23.104834473595147,1.0,1190.0,782,50,456,1219.0,JAGRAON
34916,Parbhat Singhwala Hithar (347),FAZILKA,30.6126118,74.25945,34916,1913.4296199589248,1911.4111328125,0.5918119142861337,0.2515054637958245,1.644914535621034,-0.5540879581173359,-0.1658816415150964,573.5514933644845,24.17910956481304,1.0,637.0,205,201,290,684.0,JALALABAD
36195,Dullar (170),PATIALA,30.1981983,76.21727,36195,1906.9709987409528,1911.4105224609375,0.5074633607664878,0.2036449287886226,1.326973023024843,-0.5036647672284564,-0.1087787778778853,807.036930601825,23.076397794994136,1.0,325.0,135,131,242,346.0,SAMANA
39798,Bharur (9),SANGRUR,30.1366367,75.81145,39798,1911.2610629084083,1911.408447265625,0.6294014649516568,0.2896625381550946,1.6044638072814998,-0.5821016089624966,-0.2011267387689762,664.369711559047,23.50652716030657,1.0,2.47,0,0,245,303.0,SUNAM
34053,Rattian (18),MOGA,30.8288288,75.18155,34053,1910.862193925244,1911.405029296875,0.644826089247077,0.2975617420660522,1.7932734273111035,-0.5988177723446835,-0.2146341991578145,699.0698577017191,23.26906301565125,1.0,286.16,0,110,349,312.0,MOGA-II
40079,Bhila (18),BARNALA,30.522522,75.57101,40079,1910.2807077697696,1911.4046630859375,0.6456786765528194,0.3100227887356385,1.7654806118505029,-0.5991383677767139,-0.2260877170360384,658.547532308459,23.581803653822867,1.0,800.0,500,130,210,1367.0,MEHAL KALAN
39829,Kheri Naga (115),SANGRUR,0.0,0.0,39829,1910.3315335401253,1911.4036865234375,0.5936951241270695,0.2717282479292264,1.5069768410056672,-0.572756799558098,-0.1753167833673088,649.5287212541001,23.711543893087253,1.0,2.0,100,2,223,293.0,DIRBA
33972,Bhaloor (115),MOGA,30.6846848,75.09003,33972,1912.315774943332,1911.4036865234375,0.6285771993894411,0.2919637990970283,1.765856607159182,-0.5921689054094552,-0.2065261319807105,621.8957731714523,23.66539448553439,1.0,5700.0,166,654,1154,2614.0,BAGHAPURANA
30534,Khusropur (379),JALANDHAR,31.405405,75.449646,30534,1911.285983993716,1911.403564453125,0.558335429780544,0.1886550538567116,1.839595875772621,-0.5186725878487184,-0.1241081858261316,928.7443551232712,22.4461244842264,0.998526513830276,254.0,0,0,285,254.0,JALANDHAR - WEST
36199,Kutbanpur (86),PATIALA,30.2342339,76.12006,36199,1910.4894208736416,1911.402587890625,0.5552318516548128,0.2473018493654677,1.4214318261115138,-0.5373836946600064,-0.1510502871904835,762.7116831948655,23.10110317520452,1.0,455.0,180,185,240,282.0,SAMANA
39844,Dhandoli Khurd (111),SANGRUR,30.0180187,75.93275,39844,1911.6746250164624,1911.402099609375,0.6153379271705748,0.2656871766158664,1.558219108915638,-0.5818237436107361,-0.1810972322038616,656.9502598856192,23.57602047532264,1.0,2.47,100,2,366,468.0,DIRBA
40086,Patti Bir Singh (7),BARNALA,30.420372,75.38248,40086,1912.1753871654896,1911.40185546875,0.7015448343941653,0.3459492625075143,2.035869852315927,-0.6408603491314803,-0.2685878230817535,632.9524592587532,23.73244180323686,1.0,276.0,71,71,80,2762.0,SEHNA
33791,Sidhwan Khurd (62),LUDHIANA,30.666666,75.47403,33791,1912.734799822202,1911.4013671875,0.6157987117694469,0.2681974129394078,1.8288092107679537,-0.5737538908706722,-0.1959745824981006,754.7335067291497,22.921602554348635,1.0,280.0,500,170,380,326.0,JAGRAON
37904,Bagrian (81),Tarn Taran,31.4484577,74.92336,37904,1910.0659069700464,1911.4012451171875,0.5163642941222062,0.1724566865088068,1.3787759771711503,-0.4939288420887798,-0.091863470971205,896.61962715887,22.56292476641289,1.0,141.0,84,90,100,598.0,TARN TARAN-12
34519,Nurpur (213),FIROZEPUR,30.9729729,74.97962,34519,1912.455809388373,1911.3997802734375,0.6045564750911028,0.2697754066249817,1.49372460235394,-0.5778371955753473,-0.1753481348403718,632.4193838022098,23.734712386204585,1.0,346.0,50,40,80,973.0,FIROZPUR
33765,Randhirgarh (146),LUDHIANA,30.666666,75.47403,33765,1912.1723917845352,1911.39892578125,0.6716777244158004,0.3136365895167636,1.8756030587075887,-0.6212174661579272,-0.2365258692342367,710.6089386155503,23.10264680995272,1.0,194.0,80,70,127,211.0,JAGRAON
39998,Thikriwala (43),BARNALA,30.2782,75.679924,39998,1911.6083792478064,1911.3988037109375,0.679798395427408,0.3217450989763163,1.8333619137588888,-0.6238666331301456,-0.2422106849385684,662.9531766892615,23.58609565989121,0.9815768337966074,6600.0,6540,1224,2040,2454.0,BARNALA
34026,Jhandeana Sharki (43),MOGA,30.8288288,75.16057,34026,1907.6493956806928,1911.3966064453125,0.6565956299318488,0.2980662767752528,1.9424047884015472,-0.6066944630009403,-0.2247622720488002,728.6343666722672,23.032413850028888,1.0,288.0,231,231,451,445.0,MOGA-I
39978,Rajgarh (60),BARNALA,30.2782,75.679924,39978,1912.643925982524,1911.395751953125,0.671849011328955,0.3037183764545572,1.6560312112107336,-0.6246829117227364,-0.2190764143454467,666.6751000096696,23.665823616486648,1.0,416.0,121,200,232,450.0,BARNALA
34215,Mundi Jamal (106),MOGA,30.45045,74.0937958,34215,1910.1707181180973,1911.3935546875,0.6806711890960854,0.3592429466644561,2.0154525729591883,-0.6160728502984832,-0.2738313650765219,693.6538162639039,23.19813426734248,1.0,315.0,48,40,196,344.0,KOT-ISE-KHAN
40026,Mahal kalan (34),BARNALA,30.522522,75.57101,40026,1911.019899939892,1911.3935546875,0.6353637068889595,0.2986132891002794,1.6847419188320352,-0.6002740708828507,-0.2115427870386287,681.4441444959585,23.424995660137704,1.0,1200.0,750,250,450,2568.0,MEHAL KALAN
37908,Rakh Sheikh Fatta (85),Tarn Taran,31.45946,74.9228439,37908,1913.8805564274032,1911.3909912109375,0.5295516830495628,0.1850170137743455,1.5277984891063676,-0.5034953178703395,-0.1060603875661229,896.61962715887,22.56292476641289,1.0,50.0,50,40,70,176.0,TARN TARAN-12
39776,Lidran (17),SANGRUR,30.27027,76.147995,39776,1912.5580258584407,1911.389892578125,0.6458210612591401,0.3045269958918877,1.80710141081846,-0.5930505416676073,-0.2217274556195945,678.5104366948502,23.42093000177232,1.0,196.0,136,132,242,221.0,SANGRUR
29866,Mallian Khurd (155),JALANDHAR,31.1171169,75.472084,29866,1911.8096667752616,1911.388916015625,0.5394063171688752,0.2060918067871987,1.6297135980912014,-0.5090992277587678,-0.1327879696940749,883.6240711619752,22.543239515608548,1.0,122.0,50,60,268,143.0,NAKODAR
33420,Machhian Kalan (41),LUDHIANA,30.9009018,75.84705,33420,1912.9100023163392,1911.3876953125,0.5798648289108173,0.220003444061496,1.6217459332057051,-0.5624230644229572,-0.1351678964095078,848.1584730555909,22.68394309940942,1.0,500.0,0,0,785,377.0,LUDHIANA-2
34436,Pandori Khatrian (333),FIROZEPUR,30.88134,74.91751,34436,1911.081932385692,1911.387451171875,0.648472146734746,0.3253464736252601,1.8730553462764588,-0.5952116833880714,-0.2372329119894362,698.2351931741135,23.3281582133003,1.0,566.8,325,150,277,577.0,ZIRA
33774,Agwar Ladhai (128),LUDHIANA,30.6846848,75.4671555,33774,1912.4189415798544,1911.3873291015625,0.6664595975017668,0.3159184440298702,1.880312864461948,-0.6106637359949685,-0.2369331389756162,729.9116924077248,23.007181302634883,1.0,583.0,42,42,142,737.0,JAGRAON
34643,Fatuwala (89),FIROZEPUR,30.9549541,74.6083,34643,1910.911935124036,1911.3829345703125,0.577945604138275,0.229362781922762,1.370163960095489,-0.5573617950740104,-0.1422946038146655,630.8803054501908,23.741871670056355,0.959508273418892,97.16,211,201,291,416.0,FIROZPUR
30413,Kurali (272),JALANDHAR,31.3153152,75.56719,30413,1911.7497456568187,1911.382080078125,0.556769122548156,0.2062829772064031,1.5909411185014808,-0.5308571624913127,-0.1266366043696187,958.2364502360718,22.3924562069638,1.0,93.0,10,0,169,122.0,JALANDHAR - WEST
29768,Nahl (206),JALANDHAR,31.1711712,75.22031,29768,1911.3968896962845,1911.380615234375,0.5889436652039122,0.2801586525966296,1.7262522218812688,-0.5508525255846614,-0.1898333513745251,764.1903535876562,22.91478212182636,1.0,368.0,280,280,400,405.0,LOHIAN
33422,Salkiana (42),LUDHIANA,30.9369373,75.7916,33422,1912.6764851721184,1911.3795166015625,0.546304170780937,0.2565976875869958,1.365632553396134,-0.5421220447800636,-0.1496170456683113,847.6062401594802,22.688651012308743,1.0,20.0,2,0,120,206.0,LUDHIANA-2
35208,Raipura (112),FAZILKA,30.1441441,74.21693,35208,1913.6492757314447,1911.37890625,0.5501416098755161,0.1300949474022521,1.375053941576972,-0.5211694503782539,-0.0613210699678134,422.8996875693696,24.87223820546859,1.0,1372.0,692,660,873,1467.0,ABOHAR
39996,Amla Singhwala (47),BARNALA,30.522522,75.57101,39996,1911.773670256389,1911.37890625,0.6884400939493566,0.3398842181165371,1.8067180467054345,-0.6360281981305879,-0.2567556837099054,673.2835861852067,23.525374362684204,1.0,583.0,250,240,460,652.0,MEHAL KALAN
36310,Kalhana (194),PATIALA,30.3603611,76.15539,36310,1909.8439917076,1911.37841796875,0.6157491329792595,0.2754961487890969,1.6683458112186946,-0.5720094232358417,-0.1888691673038554,734.2440106475821,23.116019084413587,1.0,266.0,199,50,110,306.0,NABHA
33898,Kussa (167),MOGA,30.6126118,75.348114,33898,1912.355048542698,1911.3780517578125,0.6594020749546994,0.3022542240410867,1.944041754635671,-0.6090150539605915,-0.2266883942587188,676.6835331507639,23.41530364141475,1.0,742.0,536,511,540,833.0,NIHAL SINGH WALA
34640,Naurang Ke Lelli (91),FIROZEPUR,30.9189186,74.55917,34640,1911.2758390992644,1911.3779296875,0.5339342349872689,0.2100204253770849,1.2405784438996528,-0.53683544375862,-0.1114988169600297,630.8803054501908,23.741871670056355,1.0,25.0,40,30,250,245.0,FIROZPUR
37703,Tong (18),AMRITSAR,31.6036034,75.22898,37703,1912.9467447509471,1911.3753662109375,0.5382277119802819,0.2053013187214038,1.729590491280446,-0.5077779846970935,-0.1302939940341873,953.4446242263216,22.404917930807244,1.0,119.0,120,120,240,219.0,RAYYA
30041,Sangatpur (115),JALANDHAR,31.0270271,75.80011,30041,1911.9133528318064,1911.3753662109375,0.6753265459983924,0.3124695248473361,2.102264487546745,-0.6135158666925834,-0.2413667337222644,836.8705616723597,22.740484953070933,1.0,201.0,60,60,212,201.0,PHILLAUR
35565,Tehna (92),FARIDKOT,30.666666,74.78275,35565,1911.2936524017125,1911.375,0.517599529512912,0.185401346705227,1.3933708975147467,-0.5121032468058455,-0.1042328901680519,601.8972042014497,23.760153261378434,1.0,69.0,15,0,75,646.0,FARIDKOT
33402,Miani (18),LUDHIANA,30.8828831,75.853775,33402,1910.2695094806893,1911.374755859375,0.5561020531128612,0.2342043355422355,1.5007540094965637,-0.5428612769067584,-0.1401544913218142,840.4909315516846,22.737270569515545,1.0,23.0,50,40,190,664.0,LUDHIANA-2
29872,Shahpur (162),JALANDHAR,31.1171169,75.472084,29872,1911.981064215072,1911.3746337890625,0.5841196440883173,0.2325764044492796,1.7775521982463776,-0.5516511898344046,-0.1597490406724847,883.6240711619752,22.543239515608548,1.0,141.0,40,30,50,110.0,NAKODAR
33586,Dugri (277),LUDHIANA,30.9009018,75.80505,33586,1910.92373849368,1911.3724365234375,0.2384907463338865,0.0157676907451269,0.8965940012864423,-0.2595095255765486,0.030007856545733,839.1158971002,22.783892110549857,0.0,21.0,2,0,1228,319.0,LUDHIANA-1
34218,Maujewala (167),MOGA,30.5045052,74.26042,34218,1911.2683473375128,1911.370849609375,0.6649244886249318,0.3603929331279157,2.0125289642175668,-0.6062926159252952,-0.2715266036505547,693.6538162639039,23.19813426734248,1.0,248.0,70,65,140,273.0,KOT-ISE-KHAN
40021,Manal (4),BARNALA,30.3063068,75.65422,40021,1911.4687131722312,1911.3701171875,0.6297501755173043,0.3106776490364021,1.534162989266241,-0.6102163927180085,-0.2131754346116841,698.2272210528748,23.277214520720065,1.0,502.0,48,95,136,554.0,BARNALA
29786,Nawanpind Donawala (189),JALANDHAR,31.1711712,75.19925,29786,1916.688237876435,1911.3701171875,0.6070994647101116,0.2791532969474742,1.8578782055601053,-0.567297300005205,-0.1992888009611788,763.6571403548675,22.892851401598588,1.0,305.0,201,201,372,338.0,LOHIAN
37716,Nijjar (19),AMRITSAR,31.6036034,75.22898,37716,1912.147344748358,1911.3697509765625,0.5345831541879097,0.1956071714272582,1.7053922668019852,-0.5037035316089495,-0.1217067345340858,953.4446242263216,22.404917930807244,1.0,181.0,85,85,175,151.0,RAYYA
34753,Khundar Uttar (312),FIROZEPUR,30.9189186,74.47517,34753,1911.485781721744,1911.36865234375,0.6227754238052667,0.2817452144429103,1.6069191206475386,-0.5832811589924972,-0.1923627581191409,634.6124204804795,23.884184272387643,1.0,161.0,250,230,240,175.0,MAMDOT
37988,Bathal Sehja Singh (277),Tarn Taran,31.2252254,74.98938,37988,1911.0017811507923,1911.3682861328125,0.6072894734865497,0.2641621346709442,1.7094911540148556,-0.572862596357014,-0.1796064080687517,819.9415448119538,22.811163704387354,1.0,379.0,46,46,124,193.0,CHOHLA SAHIB-8
33728,Bhaini Baringan (195),LUDHIANA,30.6495152,75.58951,33728,1913.5533598257423,1911.3670654296875,0.6491605700395916,0.2858490145241573,1.6463932078043328,-0.613555449813029,-0.2051208555186602,711.71262321391,23.20814699017592,1.0,575.5,400,400,614,630.0,RAIKOT
39724,Harkishanpura (47),SANGRUR,30.2882881,76.09938,39724,1912.244750684921,1911.366455078125,0.6224109426976463,0.2848612861776641,1.5056586002343253,-0.5915459544103143,-0.1905650979899921,694.7736967985267,23.24174136118204,1.0,541.0,75,154,350,801.0,BHAWANI GARH
30527,Fateh Jalal (392),JALANDHAR,31.405405,75.449646,30527,1911.2596210608715,1911.365966796875,0.5367702728862106,0.1736685866948537,1.763980423033907,-0.5042985129739451,-0.1094719858965511,928.7443551232712,22.4461244842264,1.0,521.0,0,0,310,586.0,JALANDHAR - WEST
33929,Didarewala (150),MOGA,30.594595,75.27131,33929,1911.357361303707,1911.3658447265625,0.6182168755016046,0.2998160994017874,1.6535438145071453,-0.58620812955495,-0.2126418446281024,648.7571838309663,23.58814228496766,1.0,182.0,145,100,165,197.0,NIHAL SINGH WALA
39603,Kumbarwal (47),SANGRUR,30.522522,75.88475,39603,1911.589830064427,1911.365478515625,0.6630044132650474,0.3419288718024211,1.801535415995106,-0.612038646148008,-0.2510902568174855,677.811778912993,23.552124074893705,1.0,961.0,669,441,769,1044.0,SHERPUR
34765,Alike Jhungian (248),FIROZEPUR,30.8828831,74.42614,34765,1910.246183479372,1911.3653564453125,0.591961182877482,0.2706207218655097,1.4933942141022003,-0.5602509338327798,-0.1753012376990342,625.6086503508425,23.848546072873443,1.0,144.51,72,71,142,162.0,MAMDOT
36393,Bir Dosanjhan (207),PATIALA,30.3603611,76.13451,36393,1908.1331962778315,1911.364501953125,0.5865822395555557,0.1895272344502015,1.75348627962809,-0.5444203182263284,-0.1247471601927073,761.6593690397373,23.011519181156093,1.0,182.0,16,0,24,785.0,NABHA
29864,Khanpur Dhadda (168),JALANDHAR,31.18919,75.40312,29864,1912.798376660848,1911.364501953125,0.610651599843346,0.2382971580126624,1.8019728024261017,-0.5694864165264731,-0.165708681797935,883.6240711619752,22.543239515608548,1.0,318.0,0,100,323,365.0,NAKODAR
29105,Bhaini (93),KAPURTHALA,0.0,0.0,29105,1914.633412383783,1911.362548828125,0.3175430061273192,0.1302253491801875,0.9875695388290322,-0.3171271721340103,-0.0275466988958835,893.4850727778315,22.42117830510548,0.3972781491747164,2.47,2,0,2,123.0,DHILWAN
33960,Bhambia Bhai (122),MOGA,30.4684677,75.04822,33960,1912.854444736088,1911.3619384765625,0.6513631693832227,0.3186008732230135,2.0487615062168447,-0.5867674500111301,-0.2398951487627595,567.5733078145913,23.965261420826703,1.0,516.5,110,120,513,584.0,BAGHAPURANA
34163,Mastewala (183),MOGA,30.8288288,75.09762,34163,1911.15984346192,1911.3602294921875,0.6890206134604534,0.3653483425350546,2.05377255455006,-0.6220199772421228,-0.2824840903871989,693.6538162639039,23.19813426734248,1.0,110.0,40,40,66,127.0,KOT-ISE-KHAN
34194,Bhaini (211),MOGA,30.8648643,74.9789,34194,1908.5738877432475,1911.3594970703125,0.5506833357694653,0.2992674396738005,1.5848579406449077,-0.5131563999767078,-0.1981952147919435,702.3967490241637,23.04987085930404,1.0,229.0,66,63,115,255.0,KOT-ISE-KHAN
33907,Baude (165),MOGA,30.63063,75.32027,33907,1912.9442002747835,1911.3592529296875,0.615402660725512,0.2835619473685344,1.8006356381043045,-0.5793494765351387,-0.201889110432426,669.5332172324555,23.48318156934971,1.0,563.0,300,300,460,586.0,NIHAL SINGH WALA
34485,Wan (207),FIROZEPUR,30.8828831,74.78305,34485,1912.3495279794515,1911.3585205078125,0.6057603728838242,0.268727302605331,1.5654313543920528,-0.5702073134524981,-0.181180847219901,629.7660042629896,23.67486795343409,0.8690164676628543,309.0,45,40,115,336.0,GHALL KHURD
34759,Bodal (314),FIROZEPUR,30.9189186,74.45416,34759,1911.189087221856,1911.3585205078125,0.5852742272135766,0.2682467926670607,1.455596644418697,-0.5681316212051446,-0.1689473728073799,634.6124204804795,23.884184272387643,1.0,150.0,100,130,145,104.0,MAMDOT
35470,Jalaleana (110),FARIDKOT,30.6846848,74.75481,35470,1910.9671446566545,1911.3583984375,0.5724174374423039,0.2690034665693677,1.6145081099613738,-0.550973945038834,-0.1743562635866849,558.576876204242,23.970800862113776,1.0,283.0,198,200,352,309.0,KOT KAPURA
38290,Bhut Wind (140),Tarn Taran,31.5675678,75.0095749,38290,1911.6774080351013,1911.3580322265625,0.539168080360227,0.2073216433933468,1.571669241633722,-0.5168711769487578,-0.1257165025221583,912.7742672497048,22.57570186948295,1.0,190.0,300,300,502,400.0,KHADUR-SAHIB-10
38322,Ghagge (152),Tarn Taran,31.54955,75.01623,38322,1912.099574080288,1911.3565673828125,0.5312047722857968,0.2088571220048971,1.6203328759566948,-0.5060200585764766,-0.126931781425408,953.4446242263216,22.404917930807244,1.0,1.9,90,50,178,123.0,KHADUR-SAHIB-10
33861,Mand Tihara (35),LUDHIANA,30.6846848,75.4671555,33861,1910.95227222368,1911.355224609375,0.6959128045535229,0.3774055202139521,1.960226169658,-0.6406202768500421,-0.2877071108733174,778.9458520903175,22.751051312402268,1.0,299.0,40,5,43,299.0,JAGRAON
29902,Kangna (70),JALANDHAR,31.3299828,75.23742,29902,1912.0899029663524,1911.3524169921875,0.6501185025053927,0.3023101349232797,1.97864522118638,-0.5966421731096816,-0.2249684690781683,828.0138521965761,22.652953989697,1.0,55.0,110,110,502,484.0,NAKODAR
30536,Bhikhu Nangal (380),JALANDHAR,31.405405,75.4285355,30536,1913.2544628031724,1911.352294921875,0.5493612840641072,0.186832542607324,1.839018404595208,-0.5096282670892198,-0.1219220870222496,928.7345706683736,22.446128246482274,0.9941011368668096,155.0,0,82,243,155.0,JALANDHAR - WEST
36412,Khokh (168),PATIALA,30.3603611,76.2597961,36412,1906.261242675908,1911.349609375,0.5126650084059952,0.187422695392009,1.4246644784454574,-0.4966333223641586,-0.1048276903764931,777.8048332445251,23.00104215177505,1.0,486.0,120,62,280,498.0,NABHA
34624,Dulewala (72),FIROZEPUR,30.9549541,74.6083,34624,1911.4407595872487,1911.3494873046875,0.5549089265242386,0.2277090507427902,1.3361145821708686,-0.5478105882370381,-0.1297922649850705,632.476030558373,23.746783269052344,1.0,50.0,45,50,120,161.0,FIROZPUR
34955,Ratta Khera (48),FAZILKA,30.594595,74.24564,34955,1913.28587038288,1911.3450927734375,0.610356760203317,0.259369033556135,1.5215842606694463,-0.582628481561877,-0.1683112717400703,539.314746040634,24.243978144862226,0.9782410987496588,110.0,450,350,550,1556.0,JALALABAD
34505,Changali Qadim (136),FIROZEPUR,30.9242916,74.6227646,34505,1908.7063732058143,1911.3450927734375,0.6042605969748737,0.2730018719972211,1.5890866281977971,-0.5794834999727282,-0.1808563295486461,684.4847592522996,23.46220865201116,1.0,228.0,203,179,279,622.0,GHALL KHURD
34472,Bhambawala Urf Landa (151),FIROZEPUR,30.9592838,74.60875,34472,1909.8199935145728,1911.3447265625,0.5912781479815785,0.2552828615713194,1.5589052319522805,-0.5577446829597446,-0.1659321489420394,663.8614776542084,23.52512561971713,1.0,485.0,670,185,305,422.0,GHALL KHURD
36181,Bhagwanpura Alias Khatriwala (95),PATIALA,30.2522526,76.11317,36181,1911.103658663487,1911.34423828125,0.6112730829530729,0.2888519207214684,1.6038797827038118,-0.5731964605458331,-0.1947719323811828,720.5575560990217,23.20389687896871,1.0,610.0,120,155,423,654.0,SAMANA
33396,Satiana (6),LUDHIANA,30.9189186,75.84033,33396,1908.444322897791,1911.3441162109375,0.5715208774364259,0.2985252634034243,1.4426934184065423,-0.5620715071663891,-0.186582901594136,840.4909315516846,22.737270569515545,1.0,24.0,38,0,76,231.0,LUDHIANA-2
34740,Khundar Hithar (336),FIROZEPUR,30.9189186,74.47517,34740,1913.219862667912,1911.3436279296875,0.6443748655593143,0.3082071566190211,1.6404419722703831,-0.6059461383118757,-0.2149707694230757,634.6124204804795,23.884184272387643,1.0,326.0,200,70,110,341.0,MAMDOT
33440,Mangli Khas (50),LUDHIANA,30.9189186,75.81933,33440,1914.7935659563304,1911.3421630859375,0.5478209474373578,0.2025978544701255,1.6527356649409772,-0.5277941903591471,-0.1280898216860527,848.1584730555909,22.68394309940942,1.0,108.0,0,0,117,104.0,LUDHIANA-2
33778,Bardeke (115),LUDHIANA,30.6846848,75.4671555,33778,1912.1002284869323,1911.3409423828125,0.6790356212625884,0.3434789659098917,1.9035374859497864,-0.6191132079318877,-0.2618655215543895,733.4537896325486,22.989663174797386,1.0,253.0,170,45,272,308.0,JAGRAON
29123,Murar (230),KAPURTHALA,31.4954948,75.35319,29123,1908.9542542307493,1911.3409423828125,0.6122435741156803,0.2819516281535815,2.012262499654508,-0.5570822032456701,-0.2019559599988277,853.0049879681977,22.463731731029647,1.0,88.0,69,35,103,280.0,DHILWAN
39634,Balamgarh (70),SANGRUR,30.4144154,75.88413,39634,1911.3715343417969,1911.339599609375,0.6056107567709592,0.3014387964128889,1.4692667080386113,-0.5809859316631092,-0.1937367584958887,701.7093542029755,23.24478113269879,1.0,400.0,475,99,159,189.0,DHURI
34160,Nasirpur Janian (309),MOGA,30.9549541,75.13356,34160,1911.482393385694,1911.3385009765625,0.67480631844599,0.3471073695921514,2.0471852858405293,-0.617420864396228,-0.264865083765024,696.032648228947,23.0859429346828,1.0,141.0,15,141,309,167.0,KOT-ISE-KHAN
33886,Agwar Lopon Kalan (134),LUDHIANA,30.6846848,75.4462051,33886,1911.95533512938,1911.3358154296875,0.6990923096136539,0.3439437239076046,1.956901380657888,-0.6378653516375654,-0.2661207437039859,730.7581249637068,23.00887090609338,1.0,395.0,300,135,320,678.0,JAGRAON
39742,Kalodi (32),SANGRUR,30.216217,75.7308044,39742,1909.9838709418163,1911.3349609375,0.6412663821834517,0.3040518008702415,1.703420987651768,-0.5908073952174859,-0.2143993464383057,670.2495211930219,23.368009758710112,1.0,175.0,175,175,410,448.0,SANGRUR
34244,Mohamad Shahwala (90),FIROZEPUR,31.27928,74.54743,34244,1914.882030782671,1911.333984375,0.5736401667594286,0.2684397617997758,1.560968822734403,-0.5523530325594217,-0.172816044826368,729.2441966941254,23.069153166359456,1.0,67.0,20,30,43,75.0,MAKHU
34514,Machhiwara Alias Kamagar (200),FIROZEPUR,30.6846848,74.79671,34514,1912.7646497857857,1911.332763671875,0.6451677631361663,0.2954057555756298,1.7218162194889284,-0.5993418052977,-0.209725164550985,647.9622664859193,23.662412032628083,1.0,284.0,34,72,165,337.0,GHALL KHURD
29232,Daburji (142),KAPURTHALA,31.333334,75.24414,29232,1915.5138040987088,1911.3314208984375,0.5394866200712726,0.1688575991692126,1.6634626419520515,-0.5062605617105169,-0.102443488750906,913.34825186037,22.398483972158942,1.0,47.77,151,15,192,130.0,KAPURTHALA
34461,Jhanjian (166),FIROZEPUR,30.8648643,74.8109741,34461,1910.9350245510527,1911.330810546875,0.6597660812953084,0.3092244670967691,1.775075793162014,-0.6070188511130408,-0.2238744612673669,680.2076044490235,23.4222539006542,1.0,130.4,60,60,70,155.0,GHALL KHURD
35058,Ramnagar Urf Jatwali (300),FAZILKA,30.4144154,74.02464,35058,1910.5744983950408,1911.33056640625,0.5631019224955842,0.2187745645529669,1.416718889532273,-0.535317540530538,-0.1362029914720945,493.8636304304214,24.417996251837565,1.0,329.0,800,67,195,309.0,FAZILKA
34212,Fateh Ullah Shahwala (99/105),MOGA,30.9369373,75.1404,34212,1908.8220478980104,1911.330322265625,0.6305314990083218,0.3115019398324321,1.8787990129921044,-0.5811174079146736,-0.2249920219567604,693.6538162639039,23.19813426734248,1.0,367.0,41,43,135,399.0,KOT-ISE-KHAN
34795,Wadi (320),FIROZEPUR,30.72072,74.34258,34795,1914.499007555191,1911.3292236328125,0.6011766782752386,0.235884576633883,1.5699634434148733,-0.5566946633443873,-0.1555305140413148,634.6124204804795,23.884184272387643,1.0,160.0,30,40,80,150.0,MAMDOT
37641,Lahorimal (405),AMRITSAR,31.5315323,74.68466,37641,1913.394176779308,1911.3265380859375,0.5471667333332644,0.2149213282391533,1.3710437487199227,-0.5223907429390359,-0.1245952458056392,919.3578007628817,22.93058248781449,1.0,420.0,100,80,316,477.0,ATTARI
36273,Burar (179),PATIALA,29.8558559,75.99606,36273,1910.8250051204025,1911.3260498046875,0.5408884995202986,0.2474821329587906,1.474627082405839,-0.5190002964502545,-0.1516192055401546,649.1584870030778,23.67709703389056,1.0,400.0,38,33,66,228.0,PATRAN
40077,Talewal (17),BARNALA,30.3603611,75.52894,40077,1910.8625311874944,1911.3258056640625,0.6411199558007528,0.3062749627231529,1.8117940874233056,-0.59587463493697,-0.222435400623892,655.7878761548961,23.601112520211224,1.0,487.0,100,100,1187,1968.0,SEHNA
33770,Sujapur (102),LUDHIANA,30.7747746,75.6425858,33770,1912.029254068457,1911.324462890625,0.6628981150603708,0.3009361580542278,1.8574395840202216,-0.6108111538507459,-0.2255313678921224,742.9129362956265,23.00052033539296,1.0,318.0,84,84,306,318.0,SUDHAR
37171,Jhunj (25),AMRITSAR,31.6216221,74.73572,37171,1912.7979369265584,1911.32421875,0.5288419726445932,0.1877850859529683,1.2399160256674495,-0.520929740075158,-0.0953418133968874,879.0007027795212,22.974869686455293,1.0,133.0,32,32,98,94.0,CHOGAWAN
35216,Bhagsar (67),FAZILKA,30.1441441,74.21693,35216,1913.2276858183488,1911.320556640625,0.4929433462156411,0.0614514792978272,1.1779918854332605,-0.4950101344920083,0.0026517595385171,415.7513993613376,24.962745696902417,1.0,1357.0,416,453,805,1524.0,ABOHAR
34698,Inayat Ke (295),FIROZEPUR,30.9009018,74.48214,34698,1913.0581831785848,1911.3173828125,0.6127861566071491,0.2882605317476854,1.4244380282446023,-0.5978728017249755,-0.1859844793089777,633.4915700366395,23.7499090722734,1.0,150.0,0,0,18,53.0,MAMDOT
33534,Assi Kalan (283),LUDHIANA,30.4043159,75.7493744,33534,1907.5482785813065,1911.3170166015625,0.6648958317151472,0.3356252900691368,1.994443574296617,-0.6102988772575042,-0.2545631172176718,808.5676672866242,22.77318496325944,1.0,594.0,180,280,460,845.0,DEHLON
29322,Gaunspur (177),KAPURTHALA,31.36937,75.3996,29322,1914.8719191220048,1911.3157958984375,0.5747135178708772,0.2099367161126166,1.718085677776766,-0.5393410338129501,-0.13934441383079,942.3733892848388,22.416556765311952,1.0,1.5,0,2,10,24.0,KAPURTHALA
33493,Bholapur (238),LUDHIANA,30.9189186,75.84033,33493,1912.2774457964304,1911.315185546875,0.3648129174853087,0.0704225322489496,1.0322256294779124,-0.3822674699139416,-0.0075581550357678,836.0069084335206,22.82140423416576,0.5130956689380701,73.0,50,0,241,356.0,LUDHIANA-2
30467,Fazilpur (319),JALANDHAR,31.405405,75.449646,30467,1908.291017221979,1911.3134765625,0.5755866986690693,0.2197391256668081,1.7537750812102566,-0.5412562189382396,-0.1439708041946425,866.5677848269837,22.48811818547273,1.0,99.0,0,0,90,111.0,JALANDHAR - WEST
33704,Abuwal (92),LUDHIANA,30.63063,75.52966,33704,1913.254676179382,1911.313232421875,0.6393114677407066,0.2861950830713342,1.780877488297865,-0.6007088718014851,-0.2077479764230795,782.3003532149299,22.83684269858237,0.9845557474745624,480.0,200,200,500,491.0,SUDHAR
30406,Hussainpur (269),JALANDHAR,31.2432442,75.53054,30406,1913.350060738794,1911.31298828125,0.4846704921780896,0.1267273795522445,1.4001547656064688,-0.4753924036223915,-0.0629647435998316,958.2364502360718,22.3924562069638,1.0,13.6,19,19,295,119.0,JALANDHAR-EAST
30038,Bhaini (123),JALANDHAR,31.0270271,75.77908,30038,1914.4389054708408,1911.312744140625,0.6417626652286198,0.311148647950869,1.8544047914230144,-0.5922110943407068,-0.2236434639940236,846.9622078349488,22.80621523879904,1.0,167.0,40,42,166,167.0,PHILLAUR
34658,Sodhiwala (79),FIROZEPUR,30.8828831,74.42614,34658,1911.3219243033643,1911.312255859375,0.62753826603272,0.3374757718984227,1.5082076985505004,-0.6058100249403277,-0.2264429610954261,633.4915700366395,23.7499090722734,1.0,4.0,105,105,408,44.0,MAMDOT
36180,Alampur (61),PATIALA,30.1981983,76.19643,36180,1912.1226036430285,1911.3092041015625,0.6168164856238523,0.2936104454903108,1.582598416517213,-0.5776345256832055,-0.1988977579017138,680.8264209782457,23.40443708039064,1.0,280.0,204,210,272,299.0,SAMANA
30114,Bajar (156),JALANDHAR,31.0270271,75.77908,30114,1911.430093985609,1911.307373046875,0.5994499898693846,0.2369177366574726,1.7423691946347646,-0.5618899925154953,-0.163364357982575,864.273304026355,22.76681682189809,1.0,92.0,16,16,21,91.0,PHILLAUR
39778,Bhamabaddi (65),SANGRUR,30.1570873,75.90118,39778,1914.522801582444,1911.3072509765625,0.6916441685533157,0.3450153650451084,1.8169835944801715,-0.6294808719948157,-0.2587535761533178,664.4026706799422,23.530085645931017,1.0,2.47,150,0,210,431.0,SANGRUR
34004,Patti Sandhuan (53),MOGA,30.6882381,75.09704,34004,1911.4822864395148,1911.30517578125,0.5483138170248838,0.2054351645670268,1.504185625721718,-0.5241651027067951,-0.1331524117576187,704.806250563496,23.19008139640618,0.8268947096851196,270.0,126,126,216,326.0,MOGA-I
33411,Gujjarwal Bet (20),LUDHIANA,30.9189186,75.84033,33411,1911.9000399747845,1911.3043212890625,0.523604670168016,0.2327192768619275,1.441735146246056,-0.5094329730432323,-0.1360502773576289,845.1116523469275,22.734044937878743,1.0,25.0,80,0,126,170.0,LUDHIANA-2
33994,Buttar (96),MOGA,30.55856,75.09687,33994,1908.7757804298503,1911.3043212890625,0.6706453820129055,0.3192084310395982,1.919569313511904,-0.6086252760932452,-0.2422300603590436,697.8111468770484,23.24386717667616,0.9848669491538712,1158.2,98,98,106,2770.0,MOGA-I
40087,Patti Deep Singh (8),BARNALA,30.4324322,75.39662,40087,1911.979070871599,1911.3038330078125,0.6763811770147039,0.3213202954232318,1.9610475464841388,-0.6179126919615215,-0.2439433495663099,645.0848506827404,23.65379594916754,0.9908993906238366,1443.0,120,120,199,1820.0,SEHNA
39635,Babanpur (71),SANGRUR,30.3783779,75.85614,39635,1911.873136233004,1911.302490234375,0.5882880488995537,0.2455657501587353,1.5141921961951337,-0.5560231578975317,-0.1598114434464226,701.7093542029755,23.24478113269879,0.9961270482457733,512.0,956,198,319,572.0,DHURI
33877,Sherpur Khurd (46),LUDHIANA,30.666666,75.47403,33877,1912.1088564957088,1911.3023681640625,0.6367124949548295,0.2937776052229454,1.8575897283254628,-0.5936642984589071,-0.2182384598367761,753.4750575203054,22.912226001442807,1.0,391.0,280,70,309,391.0,JAGRAON
39729,Ramgarh (99),SANGRUR,30.18018,76.03658,39729,1911.1471217956328,1911.302001953125,0.5828074498237938,0.2317381506257962,1.4348719531031118,-0.5495630403488116,-0.1473448028466567,680.9007319619553,23.3225538193102,1.0,394.0,56,56,95,223.0,BHAWANI GARH
33794,Malak (120),LUDHIANA,30.6846848,75.4462051,33794,1912.04046233782,1911.3011474609375,0.5819540046738141,0.2385673425273603,1.730623131507498,-0.5498432488673661,-0.1705111716591655,733.4537896325486,22.989663174797386,0.8817587986305826,648.0,456,400,565,791.0,JAGRAON
33758,Chakkar (173),LUDHIANA,30.8648643,75.8815,33758,1912.072717373803,1911.3009033203125,0.6728380039750409,0.3093844271083878,1.9623669244511943,-0.6164028565768023,-0.2353849833656869,688.2853484078656,23.300322421250616,1.0,1833.0,1200,155,1228,2035.0,JAGRAON
39659,Dhandra (99),SANGRUR,30.3783779,75.85614,39659,1913.0192003956583,1911.30029296875,0.6208057739383086,0.2856421143203592,1.5194565592727085,-0.584014446621271,-0.1909483813575223,701.7093542029755,23.24478113269879,1.0,286.0,1252,174,290,410.0,DHURI
34073,Mehasari (7),MOGA,30.8288288,75.09762,34073,1910.15258321148,1911.2999267578125,0.6625919051381962,0.3229121519549813,1.788374126223107,-0.6108949567453075,-0.2374251959850613,691.8360788055687,23.360581821614712,1.0,295.0,0,151,691,1051.0,MOGA-II
38340,Ekal Gadda (88),Tarn Taran,31.5675678,75.0307159,38340,1911.0896807626427,1911.29541015625,0.4665815347764695,0.1220250877203957,1.3630843825051164,-0.4561889582177816,-0.0520058296585227,940.791333000888,22.44797346272628,1.0,1.47,60,220,574,761.0,KHADUR-SAHIB-10
37903,Kadgill (66),Tarn Taran,31.477478,74.91614,37903,1910.9789338724336,1911.294189453125,0.4901108236303846,0.1443544081566461,1.326156656631848,-0.4755990598067391,-0.0693749964612761,868.3642688045632,22.694668471254285,0.9964372250825564,27.0,250,155,448,495.0,TARN TARAN-12
37849,Baba Bakala (CT),AMRITSAR,31.6036034,75.2078247,37849,1913.478028555667,1911.2930908203125,0.4998010201907281,0.1887603644033796,1.559413936757101,-0.4831023173418616,-0.1107716146720979,944.7307112968332,22.41137828563843,0.8544338767229809,378.0,225,205,1834,0.0,RAYYA
34484,Sappanwali (206),FIROZEPUR,30.8288288,75.1186,34484,1911.3309534900168,1911.292724609375,0.6314745903496992,0.2996675115072179,1.5986420022498284,-0.5926670059986633,-0.2071683231553638,629.2644431172332,23.675211288006384,0.9599562001711596,398.0,60,35,135,431.0,GHALL KHURD
34773,Malhuwala (223),FIROZEPUR,30.9729729,74.68542,34773,1909.440746368884,1911.2916259765625,0.5797775742360884,0.2589813015087709,1.418771643014607,-0.556559889260147,-0.1588654198010191,615.7744292883914,23.805883387038804,1.0,5.0,0,0,68,311.0,FIROZPUR
39607,Batuha (49),SANGRUR,30.3603611,75.8630447,39607,1911.435050102687,1911.2911376953125,0.6562979096314417,0.3129371352408531,1.836664250514928,-0.6047080609965398,-0.2317094665894512,677.6773276736634,23.55385871474158,1.0,307.0,823,62,275,339.0,DHURI
34488,Rukna Begu (209),FIROZEPUR,30.9189186,74.6221848,34488,1913.1684415112609,1911.2901611328125,0.5795406267046472,0.2455916444840034,1.437214660335652,-0.5572990998391874,-0.1535679996401749,642.505970830866,23.67175486669901,1.0,293.0,312,180,400,347.0,GHALL KHURD
35649,Dyalpura Bhaika (25),BATHINDA,30.4864159,75.1824341,35649,1910.215197034442,1911.28955078125,0.6705903657006668,0.3201710575876395,1.9313210534365013,-0.6092239895971657,-0.2408176629043577,617.5116690804856,23.71487105591785,1.0,1525.0,617,112,234,2043.0,BHAGTA BHAIKA
34893,Duleke Ghairabad (269/ 334),FAZILKA,30.5045052,74.0931244,34893,1910.8989904096995,1911.2891845703125,0.5702328046658338,0.2639890774230267,1.4553247479964788,-0.5523731273327641,-0.168902984080772,619.1678975413606,23.99634738576192,1.0,92.1,92,110,117,97.0,GURU HAR SAHAI
39449,Sikandarpura (73),SANGRUR,30.3783779,75.85614,39449,1910.9490258854664,1911.2889404296875,0.5986445480674664,0.268789414399022,1.47059333414951,-0.5727730820886844,-0.1744532939274532,710.6126490046876,23.17487815991421,1.0,217.0,155,0,297,237.0,AHMEDGARH
34214,Mandar (185),MOGA,31.0270271,75.21137,34214,1911.4864155617315,1911.2877197265625,0.6929438209182541,0.3718272993568611,2.123785484277819,-0.6226249067455506,-0.2899800353189232,693.6538162639039,23.19813426734248,1.0,518.0,76,76,425,572.0,KOT-ISE-KHAN
34171,Maujgarh (249),MOGA,30.9549541,75.2176,34171,1912.0324088194373,1911.283935546875,0.6625132176693491,0.343982967362069,1.961841798093308,-0.6083952455052419,-0.2580248482690036,694.4905462672608,23.069375095900625,1.0,248.0,78,68,176,276.0,KOT-ISE-KHAN
34625,Haste Ke (99),FIROZEPUR,30.9189186,74.58018,34625,1911.552714650348,1911.2830810546875,0.5648411597999383,0.2275928229690542,1.566233340683607,-0.528526968547799,-0.1425196208749713,630.8803054501908,23.741871670056355,1.0,2.0,20,20,100,195.0,FIROZPUR
33619,Talwandi Kalan (94),LUDHIANA,30.7150917,76.2017059,33619,1909.880307446481,1911.281982421875,0.452744078127666,0.1851081936997364,1.3576206728191669,-0.4428277059096731,-0.0968718333372883,864.273304026355,22.76681682189809,0.758998370731046,188.0,252,42,478,243.0,LUDHIANA-1
39723,Julan (233),SANGRUR,30.2882881,76.09938,39723,1912.7605920892431,1911.281494140625,0.630569924851845,0.2873280321923385,1.572263902198216,-0.5921516260523664,-0.195086969295988,697.4079254081147,23.226396516607792,1.0,546.0,250,150,282,486.0,BHAWANI GARH
39647,Kandhargarh (185),SANGRUR,30.3423424,75.9325943,39647,1909.04666963674,1911.2802734375,0.5925933901673125,0.2641364471038029,1.4247198492143365,-0.5701845676844783,-0.164597353919908,717.1626779248612,23.10685946835593,1.0,221.0,60,200,298,257.0,DHURI
30002,Bitlan (343),JALANDHAR,30.8288288,75.6851349,30002,1914.9670291987704,1911.2784423828125,0.5663376936078036,0.2344205674520462,1.58269988814643,-0.5467229827118143,-0.14926208738293,805.9951904227631,22.629141831819368,1.0,60.0,82,118,153,153.0,MEHATPUR
35507,Kauni (31),FARIDKOT,30.7820168,74.69665,35507,1910.879918525192,1911.2784423828125,0.5794211609699603,0.2431589044891635,1.4433621362715372,-0.5508860061102966,-0.150064103839432,591.7049430258244,23.915075770694017,1.0,1500.0,152,270,559,1362.0,FARIDKOT
29286,Dhudianwal(130),KAPURTHALA,0.0,0.0,29286,1914.54803593052,1911.2784423828125,0.5241645314273972,0.1811678786363432,1.6053983999464128,-0.4987648501821514,-0.1180763747182601,932.7083297391194,22.48622207914673,0.7152779579105027,110.0,200,350,700,381.0,KAPURTHALA
39707,Turi (37),SANGRUR,30.2882881,76.09938,39707,1909.797765512116,1911.27587890625,0.574728718207002,0.2427037123222042,1.6215058385683594,-0.5556959190181117,-0.1502533436711996,733.8665219952958,23.116596925856413,1.0,110.0,6,280,335,197.0,BHAWANI GARH
39674,Gehlan (44),SANGRUR,30.2882881,76.09938,39674,1910.2355312233567,1911.2713623046875,0.5785245624837126,0.2465197458117088,1.442527099681559,-0.5533856321664772,-0.1535172946864524,697.4079254081147,23.226396516607792,1.0,246.0,58,101,185,293.0,BHAWANI GARH
39740,Balian (28),SANGRUR,30.1635971,75.90175,39740,1910.3291351482835,1911.2703857421875,0.621439056511903,0.2870630188062415,1.604801156477787,-0.5806635476830874,-0.196215583689157,682.0104661395447,23.32451465486116,1.0,3.47,300,400,810,1012.0,SANGRUR
37585,Sangna (270),AMRITSAR,31.6576576,74.87052,37585,1911.485566260344,1911.269775390625,0.4747748839152602,0.1210378693485136,1.238556865938642,-0.4652487935775351,-0.0475556159980679,897.8450241496461,22.815218621373333,1.0,607.0,361,444,737,607.0,ATTARI
36325,Ramgarh Chhanna (97),PATIALA,30.27027,76.2314453,36325,1914.3122378269345,1911.2679443359375,0.5137570716196395,0.2201082490026971,1.3054775990848024,-0.5102003017141914,-0.1211348610507108,780.7712088642704,23.01709017419132,1.0,167.0,150,50,145,205.0,PATIALA RURAL
37895,Johal Raju Singh (59),Tarn Taran,31.3873882,74.99193,37895,1913.8498055384048,1911.2647705078125,0.5444024277106717,0.2105735593996437,1.4699084376644362,-0.5185638804946092,-0.1251568963218859,856.1837696125801,22.761182248399425,1.0,190.0,25,40,332,389.0,TARN TARAN-12
39466,Phalaud Khurd (31),SANGRUR,30.522522,75.88475,39466,1911.292912296879,1911.262939453125,0.6360059405583033,0.3025169312705587,1.609024274959841,-0.6026436631393165,-0.2101489706009775,760.2889480998414,22.927026586350337,1.0,175.0,20,12,138,197.0,AHMEDGARH
35193,Basian (113),FAZILKA,30.1441441,74.19609,35193,1911.623019869808,1911.261474609375,0.5259883123187352,0.1948194794128921,1.2743574126944888,-0.4927945525224464,-0.1068411960088613,424.4168431712522,24.848056755201146,1.0,607.0,69,503,779,1568.0,ABOHAR
40038,Lohgarh (4),BARNALA,30.522522,75.57101,40038,1913.3676399345293,1911.260986328125,0.6487637618264267,0.3035851185670252,1.601145306685434,-0.627501858322922,-0.2161877515508525,732.1018817832368,23.108114059784786,1.0,480.0,98,98,509,459.0,MEHAL KALAN
40019,Gumti (16),BARNALA,30.3423424,75.55679,40019,1913.247770949872,1911.2598876953125,0.6787771790436059,0.3352459823767642,1.8366235693757715,-0.6269643670108782,-0.2508942464922059,697.905887220774,23.280813396164938,1.0,304.0,811,200,459,524.0,BARNALA
39971,Harigarh (54),BARNALA,30.3783779,75.54286,39971,1909.786180831828,1911.259765625,0.644594327613453,0.3117133124717636,1.854557473854448,-0.5918644601671635,-0.2283029131194916,667.336744652353,23.66798805663312,0.9945786709993516,5.0,2536,356,566,859.0,BARNALA
37702,Jallupur Khera (16),AMRITSAR,31.54955,75.22766,37702,1912.882074402325,1911.259033203125,0.542827544834706,0.2101856504616349,1.6969124539702778,-0.5171419917239074,-0.1325145669434528,953.4446242263216,22.404917930807244,1.0,258.0,188,188,390,295.0,RAYYA
30526,Kahlwan (327),JALANDHAR,31.405405,75.449646,30526,1910.713503909884,1911.2589111328125,0.5371288635274538,0.1738605522928871,1.7402499418558228,-0.5036689237627802,-0.1087678838913079,928.7443551232712,22.4461244842264,1.0,379.0,100,40,468,439.0,JALANDHAR - WEST
34095,Chima (308),MOGA,30.81081,75.04157,34095,1910.4812779411889,1911.2589111328125,0.5903371663136934,0.2615656422758342,1.6912678812641897,-0.5611653654809843,-0.1809702166838929,700.0099661757844,23.03865430387191,1.0,332.4,112,112,234,381.0,KOT-ISE-KHAN
30370,Pholriwala (252),JALANDHAR,31.2972965,75.57383,30370,1912.3874958709223,1911.258544921875,0.43382306071774,0.0795213175084894,1.3090062707731005,-0.4343939170883494,-0.0209303634411299,894.3982787263038,22.43792988087665,0.9686727392847986,12.0,61,61,880,640.0,JALANDHAR-EAST
39543,Binjoki Khurd (119),SANGRUR,30.4866142,75.95732,39543,1913.3738225135871,1911.2578125,0.5815240775953181,0.2363742108389095,1.4372304300361378,-0.5586644067844935,-0.1473689823121654,725.414940994014,23.062530097044885,1.0,202.0,312,0,415,233.0,MALERKOTLA
34102,Jalalabad (East) (291),MOGA,30.81081,75.04157,34102,1912.919644609564,1911.256591796875,0.6223258624422908,0.291771513850533,1.8856072660383687,-0.580336409089418,-0.2135184068301907,720.8974929411012,22.99479673934261,1.0,1594.0,454,908,1115,2117.0,KOT-ISE-KHAN
29207,Khanpur (80),KAPURTHALA,31.4954948,75.35319,29207,1912.521271294364,1911.256103515625,0.5572556988222159,0.2432970060092325,1.610568847856813,-0.5308134699816779,-0.1543784235124182,931.265303771724,22.505780148381405,1.0,200.0,0,70,150,134.0,DHILWAN
34144,Manjhli (223-A),MOGA,30.9549541,75.13356,34144,1912.0066295412653,1911.2552490234375,0.6752782948506696,0.3557498413535216,2.0427036138374977,-0.6165880433801672,-0.2696586076573373,720.3518222081954,22.977005820205505,1.0,89.0,50,76,109,107.0,KOT-ISE-KHAN
39608,Natt (50),SANGRUR,30.4864864,76.003,39608,1911.655156928739,1911.2535400390625,0.6811068260958776,0.3261905542242157,1.894697111407433,-0.6205901852276132,-0.2467803564469442,677.6773276736634,23.55385871474158,1.0,601.0,1071,190,302,623.0,DHURI
39696,Phumanwal (32),SANGRUR,30.2882881,76.09938,39696,1909.571582719272,1911.253173828125,0.5831529570853082,0.2650737485600967,1.46792219885643,-0.5587011348600783,-0.1688587461864429,733.8665219952958,23.116596925856413,1.0,526.0,50,95,350,579.0,BHAWANI GARH
37980,Thathian Mahantan (281),Tarn Taran,31.4954948,75.16301,37980,1915.685966060596,1911.25146484375,0.5519954304364972,0.2179372001336509,1.4359571957847943,-0.5416969962403001,-0.1318003992853827,798.247840272428,22.8612985792761,1.0,331.0,425,425,690,520.0,NAUSHEHRA PANNUAN-11
33709,Nangal Khurd (351),LUDHIANA,30.7027035,75.7117538,33709,1911.686193885316,1911.2509765625,0.6549219838530189,0.3028775372841682,1.7376809628531713,-0.6136076881355016,-0.2195204289350605,759.1450298620035,22.994299675369778,1.0,555.0,185,186,286,240.0,PAKHOWAL
34438,Sekhwan (336),FIROZEPUR,30.8625088,74.93586,34438,1913.0741174247648,1911.2496337890625,0.6055993388678563,0.2706010908025296,1.5990209521268752,-0.5757599949403267,-0.1848726462361184,683.8246119436253,23.403374791997447,1.0,728.74,650,400,527,768.0,ZIRA
38015,Jandoke (241),Tarn Taran,31.3339,74.95675,38015,1909.8902682226644,1911.2489013671875,0.5903426466535465,0.2315124819725454,1.560551148755571,-0.5634847246649085,-0.1470832141381998,812.7280267884629,22.83291248283939,1.0,177.5,145,145,225,220.0,NAUSHEHRA PANNUAN-11
29318,Sandhu Chatha (227),KAPURTHALA,31.36937,75.4207,29318,1914.998409572808,1911.248291015625,0.5998616895906579,0.2304692230512183,1.7731313720369108,-0.5639172494438331,-0.1579664257093431,927.2511950010668,22.449165163563656,0.9996287450231348,2.5,30,30,300,309.0,KAPURTHALA
39977,Uppali (61),BARNALA,30.3603611,75.52894,39977,1912.7024761223383,1911.24609375,0.6594386551203641,0.3213424209623158,1.6206403470952544,-0.617928633651097,-0.2279427323363302,666.6783048644074,23.665755504146205,1.0,3.0,196,267,578,1024.0,BARNALA
30443,Desalpur (415),JALANDHAR,31.405405,75.449646,30443,1915.3078701161544,1911.244873046875,0.5508818577301289,0.1812698593758498,1.7622641464921287,-0.5180346865345787,-0.1160473066371644,954.3402777775171,22.398375615075253,1.0,80.0,0,0,130,109.0,JALANDHAR - WEST
34449,Chander (177),FIROZEPUR,30.6773281,75.8238449,34449,1908.6564803793328,1911.2445068359375,0.5661996356684388,0.2288371372590378,1.4264901786053783,-0.550930406401876,-0.1381622973501464,653.3122579122445,23.55547848089746,1.0,450.0,240,0,235,490.0,GHALL KHURD
33869,Lodhiwala (33),LUDHIANA,30.666666,75.47403,33869,1910.7597409798227,1911.2427978515625,0.6920724090902364,0.3525449136159366,1.984651994779126,-0.6340072854385581,-0.2720220789752109,767.4878254175914,22.847521971960106,1.0,277.0,40,18,53,277.0,JAGRAON
33753,Pheru Raien (170),LUDHIANA,30.64865,75.58562,33753,1910.292471889056,1911.2420654296875,0.6500920333138239,0.2987577507847124,1.7406526656007233,-0.5963735099998526,-0.2158379852576016,691.6006448676484,23.26709664117152,1.0,520.0,1034,180,345,548.0,RAIKOT
34498,Kadabora (148),FIROZEPUR,30.9369373,74.6362457,34498,1910.023967888958,1911.2415771484375,0.6353116993249244,0.2974121306553574,1.7233282245995325,-0.5929223071819042,-0.2082808985833269,663.9391313962751,23.52488871571428,1.0,285.0,650,80,210,317.0,GHALL KHURD
33472,Khawajke (65),LUDHIANA,30.9009018,75.84705,33472,1915.0851526067004,1911.2406005859375,0.4771525284515611,0.1348889772758095,1.4016557438999755,-0.4740226509696924,-0.0666428220407676,861.4481481721299,22.69576022833502,0.9531765197853166,20.0,20,23,185,240.0,LUDHIANA-2
39737,Ghabdan (30),SANGRUR,30.1634369,75.9024353,39737,1911.530620814184,1911.240234375,0.5544086953943268,0.2252360573196909,1.3970073808255925,-0.5303751404070179,-0.1371598439677995,694.4715474743355,23.24510793730317,1.0,3.47,700,0,675,1242.0,SANGRUR
34462,Sulhani (162),FIROZEPUR,30.81081,75.16745,34462,1910.726936312422,1911.239990234375,0.6302916139444714,0.2892740245304729,1.6877585808211522,-0.5855120141468687,-0.2025516544847303,680.2076044490235,23.4222539006542,1.0,276.4,320,315,422,740.0,GHALL KHURD
30232,Sundar Tatar (55),JALANDHAR,31.0922642,75.587,30232,1909.7558511691047,1911.2366943359375,0.6089290589290478,0.2572340145134418,1.6706012562817272,-0.5817093816840041,-0.1713555365909521,823.0794221760717,22.76464390833455,1.0,107.0,20,20,50,270.0,NURMAHAL
30535,Dittu Nangal (378),JALANDHAR,31.405405,75.4285355,30535,1911.8844321184488,1911.22900390625,0.3623583604398296,0.0353846150800073,1.18112862464425,-0.3703160801292244,0.007669583737434,928.7443551232712,22.4461244842264,0.2707238587211171,114.0,0,0,82,114.0,JALANDHAR - WEST
30110,Garha (152),JALANDHAR,31.0270271,75.77908,30110,1912.775433225377,1911.22802734375,0.4391657787040701,0.0665334375318303,1.320665031373358,-0.4383573934301295,-0.0134240675952859,864.273304026355,22.76681682189809,0.91625377301906,186.0,208,208,612,106.0,PHILLAUR
34603,Bhagwanpura (51),FIROZEPUR,0.0,0.0,34603,1912.2067205630503,1911.2274169921875,0.5731593724046906,0.2596285234220852,1.4668051451958342,-0.5453805022912765,-0.1670686013315476,650.0806900670426,23.60889549887736,1.0,159.0,12,15,15,178.0,FIROZPUR
36511,Lang (336),PATIALA,30.3658428,76.377,36511,1904.2358289778792,1911.2271728515625,0.5679760293443233,0.2436423900277602,1.5994833129645014,-0.538017011469605,-0.1562466028041898,832.722023861272,22.936411322867023,1.0,5.6,175,205,805,1353.0,PATIALA RURAL
29240,Wadala Kalan (193),KAPURTHALA,0.0,0.0,29240,1913.2729779676456,1911.2261962890625,0.5596766976501959,0.1973668814037181,1.805954717495,-0.5195824595453911,-0.1328683300089692,922.2643206910964,22.426073166480258,1.0,114.0,35,250,365,311.0,KAPURTHALA
36308,Ageti (190),PATIALA,30.3243237,76.12736,36308,1911.307649319175,1911.2259521484375,0.4574064473531466,0.1847008309630511,1.221148172092664,-0.4688966631045418,-0.0872151631838183,773.5693099906342,23.055821810602424,1.0,348.0,45,65,197,371.0,NABHA
36300,Kheri Nagahiya (128),PATIALA,30.18018,76.26586,36300,1909.44527761571,1911.2220458984375,0.6403016698887217,0.3104479971842019,1.709910475843022,-0.5864709176720008,-0.2212256533902587,678.6249819209473,23.415548694258007,1.0,209.0,245,245,280,44.0,SAMANA
39507,Binjoki Kalan (111),SANGRUR,30.4914837,75.95985,39507,1912.6905849838504,1911.2220458984375,0.5988180177869059,0.2834691368020405,1.413526321278827,-0.5761777821886568,-0.179893096594627,727.4694063237325,23.04949022600638,1.0,235.0,196,0,335,261.0,MALERKOTLA
39981,Dhanaula Khurd (59),BARNALA,30.3603611,75.52894,39981,1912.1823742414456,1911.220947265625,0.6635857463698318,0.3190413347016871,1.6916893490878475,-0.6095993634257008,-0.2306986931231241,657.1203992027247,23.717041218886305,1.0,108.0,556,104,500,660.0,BARNALA
39767,Kanoi (46),SANGRUR,30.1733437,75.914505,39767,1914.4427277442064,1911.220947265625,0.6105070063419262,0.2802457553119634,1.5268252358743664,-0.5693481465059755,-0.1889679257844654,664.8711610028272,23.40120762377387,1.0,2.47,300,0,295,492.0,SANGRUR
33944,Kotla Mehar Singhwala (130),MOGA,30.5765762,74.8178253,33944,1911.960361002448,1911.220703125,0.6354754814715776,0.3149515121942406,1.846367082829797,-0.5925001534674142,-0.2280706733862093,624.2551050189597,23.661036358405934,1.0,730.0,295,297,648,730.0,BAGHAPURANA
33721,Shahidgarh (201),LUDHIANA,30.3783779,75.7726,33721,1911.988706754788,1911.218017578125,0.6994863236152534,0.3352492485919541,1.8650178545421063,-0.6438530972570503,-0.2529310389102465,759.1378333976166,22.9943307142168,1.0,3.0,16,12,52,266.0,RAIKOT
34520,Jhok Harihar (215),FIROZEPUR,30.9279537,74.61745,34520,1912.353811174568,1911.2176513671875,0.5864024728681805,0.2260018646550092,1.4345856468695797,-0.559888386159099,-0.1421991019037612,624.8686953571256,23.74352083682289,0.9633195823726676,642.0,80,100,250,2202.0,FIROZPUR
37933,Jeobala (216),Tarn Taran,31.44144,74.92956,37933,1912.978374190256,1911.2174072265625,0.5388703176168925,0.2157231355258581,1.4053029962585937,-0.5226993331459454,-0.1238702569496966,799.0572246720689,22.93620046453458,1.0,840.0,1200,350,795,893.0,TARN TARAN-12
33681,Badhel (87),LUDHIANA,30.63063,75.52966,33681,1912.0151501284024,1911.2169189453125,0.6364026445589465,0.2804463521845791,1.8253475031670967,-0.5964829107264468,-0.2030622414839347,784.6638801505463,22.82077246227169,1.0,153.0,50,85,210,153.0,SUDHAR
33946,Veroke (129),MOGA,30.4864864,75.06211,33946,1913.295947230369,1911.216796875,0.6516940710315658,0.3164274719503989,2.0017446934308087,-0.5976317483511782,-0.2377111486070162,604.7674280812031,23.74513902145109,1.0,2175.0,223,424,740,982.0,BAGHAPURANA
29962,Haripur (44),JALANDHAR,30.8288288,75.6851349,29962,1913.682103007559,1911.2166748046875,0.6584868013167934,0.3302900895660954,2.0259761221573456,-0.6077520607852536,-0.2482761795075751,834.7191876979756,22.657853187625363,1.0,150.0,140,140,395,408.0,MEHATPUR
33978,Chhota Ghar (74),MOGA,30.9369373,75.32946,33978,1909.9405712549208,1911.21630859375,0.708869222389561,0.3599600054866312,2.015252963719496,-0.639733707258283,-0.2792258421768195,669.4764318708086,23.464126355481767,1.0,1.0,51,0,247,505.0,MOGA-II
34228,Sharaf Ali Shahwala (100),FIROZEPUR,30.9571877,74.6173,34228,1910.1823913425724,1911.2156982421875,0.66054887102309,0.349558910103488,1.8398301615322143,-0.6118643637057811,-0.2592817779307145,729.2441966941254,23.069153166359456,1.0,116.0,30,0,85,127.0,MAKHU
36595,Fatehpur (179),PATIALA,30.1621628,76.14772,36595,1918.1609994003752,1911.21533203125,0.3897551413460365,0.0904366958803979,1.1486966183614005,-0.395295323183346,-0.020207247829261,807.488927524318,23.062358028345614,1.0,368.0,2,60,163,422.0,PATIALA
34031,Puran wala (32),MOGA,30.8288288,75.18155,34031,1910.1599165773623,1911.2149658203125,0.6800028601964355,0.3543707717627183,2.0997242820231703,-0.6181781373512325,-0.2741178771274632,728.6343666722672,23.032413850028888,1.0,153.0,106,106,204,199.0,MOGA-I
34154,Kaila (247),MOGA,30.9369373,75.1404,34154,1913.4654033490813,1911.2149658203125,0.6685258177837833,0.3521672411727871,2.090077628229043,-0.6080895657969916,-0.2683394408396237,694.4905462672608,23.069375095900625,1.0,384.0,122,94,178,429.0,KOT-ISE-KHAN
36268,Dugal Khurd (142),PATIALA,29.9819813,76.02999,36268,1909.638920768969,1911.2138671875,0.5289760349510599,0.203739882782289,1.5203365771527912,-0.5034225077649361,-0.1235575138938246,649.0919533248432,23.720509259442924,0.829826048239769,701.21,200,200,469,700.0,PATRAN
34600,Bahadurwala (52),FIROZEPUR,30.9549541,74.6083,34600,1913.6224985358024,1911.212646484375,0.6222580732877143,0.2994831989331273,1.6128222808657091,-0.5898016793247193,-0.2056967939124821,657.1057677814953,23.575367632131453,1.0,170.0,70,65,100,197.0,FIROZPUR
40070,Sehna (438),BARNALA,30.3621922,75.53048,40070,1910.7669284191009,1911.2095947265625,0.663379394843942,0.3103593774664714,1.9344289580008247,-0.604176128828294,-0.232329647308387,642.1892709133334,23.73139853336071,0.9945892022347014,3868.0,1980,1985,3890,4488.0,SEHNA
39714,Balial (56),SANGRUR,30.2882881,76.09938,39714,1911.7689751711544,1911.208984375,0.5646772804209305,0.242908106577164,1.46423557561742,-0.5432846166984837,-0.1517780043144529,709.9729472102987,23.23379385510383,1.0,1041.0,450,450,950,1079.0,BHAWANI GARH
33948,Ladhaike (131),MOGA,30.4864864,75.06211,33948,1910.7948945700448,1911.2088623046875,0.6520838036645767,0.3243318063037474,1.9248337420084431,-0.6064869145275561,-0.2402241886156892,621.3131639172929,23.6750863302056,1.0,560.0,175,250,375,603.0,BAGHAPURANA
34074,Chotian Kalan (2),MOGA,30.8288288,75.18155,34074,1912.8365761054288,1911.2078857421875,0.645277850083753,0.3176563840260414,1.710547776469608,-0.6075143783755507,-0.2255673440649475,695.6905778045442,23.34141611667848,1.0,1420.0,120,80,439,926.0,MOGA-II
33639,Nurpur Bet (123),LUDHIANA,30.9007187,75.80894,33639,1912.112646163931,1911.206787109375,0.5297908973749085,0.1998713387832468,1.5371359854501234,-0.5215138485887153,-0.1220402816164268,838.4660201405949,22.78030561387548,1.0,161.0,12,24,75,1292.0,LUDHIANA-1
34092,Datewal (313),MOGA,30.9369373,75.1404,34092,1913.101114021598,1911.20556640625,0.6850872472402807,0.3592849549333315,2.078830364199268,-0.618604563739964,-0.2770581859419649,707.8110220839875,23.16254334835986,1.0,513.0,324,222,308,513.0,KOT-ISE-KHAN
38300,Mandiala (126),Tarn Taran,31.477478,75.0217743,38300,1912.9222243960955,1911.2052001953125,0.5222317696305001,0.1983081656759228,1.541116267746247,-0.500721348763704,-0.1177298717048514,940.791333000888,22.44797346272628,1.0,30.5,200,40,290,223.0,KHADUR-SAHIB-10
38014,Sarhali Khurd (252),Tarn Taran,31.36937,74.93534,38014,1909.6825687518835,1911.204345703125,0.5893733611513812,0.2332658610470611,1.574793752322205,-0.556410768381302,-0.1495971080809732,812.7280267884629,22.83291248283939,1.0,10.0,295,295,405,507.0,NAUSHEHRA PANNUAN-11
34565,Gulamwala (19),FIROZEPUR,30.9729729,74.6223755,34565,1915.6534106649167,1911.203857421875,0.5994641092081479,0.2772041719348359,1.5904777948653217,-0.5722416721998409,-0.1831538752454373,684.4847592522996,23.46220865201116,1.0,235.0,78,75,135,260.0,FIROZPUR
33776,Agwar rahlan (130),LUDHIANA,30.6846848,75.4671555,33776,1912.957153484682,1911.2034912109375,0.6753954493433264,0.3302661351260342,1.9273320762793136,-0.6149361196573014,-0.2504967318112243,731.0121481061577,23.001738785848804,0.97526474442598,404.0,200,125,275,444.0,JAGRAON
39442,Iltfatpura (63),SANGRUR,30.3603611,75.8630447,39442,1910.5593569878465,1911.203125,0.6088943849420391,0.2728693358294435,1.4683163524030616,-0.5833768548658831,-0.1807028094804217,728.4941924273438,23.08224617782616,1.0,92.0,100,0,350,113.0,AHMEDGARH
32262,Dodhala (216),Shahid Bhagat Singh Nagar,31.0450459,75.96167,32262,1910.3581947817097,1911.202392578125,0.6243242233824937,0.2729205103869099,1.7505766131881215,-0.584878155361735,-0.1874619250991873,839.8946788314714,22.630371571302312,1.0,215.0,30,0,202,260.0,AUR
39681,Bakhopir (16),SANGRUR,30.2882881,76.09938,39681,1909.951845904381,1911.201904296875,0.5656116622133187,0.231485167174041,1.4111947871729722,-0.549645354829954,-0.1410549263269387,733.8665219952958,23.116596925856413,1.0,400.0,150,175,325,235.0,BHAWANI GARH
35542,Khilchi (11),FARIDKOT,30.6846848,74.73386,35542,1910.7178696241704,1911.2017822265625,0.6063738251914801,0.2630255293722089,1.469704713857988,-0.5783450688995321,-0.1671989002494252,625.7476898839371,23.67761861755929,1.0,24.0,3,0,3,150.0,FARIDKOT
34003,Nawan Moga Urf Tarewala (54),MOGA,30.72072,75.180954,34003,1910.06695341212,1911.20068359375,0.6123342728040523,0.2642245974602411,1.6628239338571331,-0.5680870936752863,-0.1811434854591575,705.3326852685165,23.18289134764279,1.0,327.6,150,151,331,377.0,MOGA-I
39649,Manah (87),SANGRUR,30.3783779,75.85614,39649,1910.4198636039573,1911.199951171875,0.5904277205983807,0.2659306966414224,1.5103349186933566,-0.5617212900143121,-0.1711602169020354,707.7639584039232,23.190743496307206,1.0,135.0,81,117,186,218.0,DHURI
29887,Mundh (139),JALANDHAR,31.1171169,75.49313,29887,1913.696710352732,1911.1990966796875,0.5963344200630878,0.2360385024211807,1.697821525031437,-0.557928172174094,-0.1603351370826062,892.3655989577668,22.53479004222732,1.0,499.0,60,70,396,563.0,NAKODAR
39551,Kishangarh (95),SANGRUR,0.0,0.0,39551,1914.662799159995,1911.1961669921875,0.6086916203290753,0.2920559643363635,1.4244298179900408,-0.5836452801711017,-0.1890114882461979,725.414940994014,23.062530097044885,1.0,156.0,100,90,250,173.0,MALERKOTLA
35540,Ghoniwala (10),FARIDKOT,30.6846848,74.75481,35540,1911.2815497418871,1911.196044921875,0.6099114968482794,0.26278373920179,1.50911227728007,-0.578462971250595,-0.1719182685668452,625.5972267756086,23.67828710357304,1.0,125.0,0,0,75,146.0,FARIDKOT
33908,Beer Rouke (104),MOGA,30.63063,75.299324,33908,1910.9054880274105,1911.195068359375,0.6704673829217149,0.3121667944042748,1.9841831707448656,-0.61603451967206,-0.2358735577509189,662.8864595540703,23.51676105148498,1.0,688.0,285,295,460,827.0,NIHAL SINGH WALA
36257,Hamjheri (171),PATIALA,29.9459457,75.79449,36257,1909.0406622875885,1911.1925048828125,0.5456457565273521,0.2508887240651875,1.6257490562618369,-0.519016036032487,-0.1594500184314511,639.5276278679927,23.86486604253989,1.0,257.085,205,205,547,719.0,PATRAN
29185,Tayabpur (47),KAPURTHALA,31.2972965,75.1942749,29185,1912.8002023962472,1911.1922607421875,0.5259961650664724,0.2052918121449198,1.54568506621344,-0.4975927852300393,-0.1241755180680111,897.5934627463715,22.45076415034606,1.0,89.0,90,70,105,232.0,KAPURTHALA
29269,Arianwala (153),KAPURTHALA,31.36937,75.3784943,29269,1916.133043488268,1911.1900634765625,0.5392874859636727,0.1896430841484943,1.6846977553712927,-0.5150236525875181,-0.1214951769253613,942.3733892848388,22.416556765311952,1.0,257.0,100,100,160,258.0,KAPURTHALA
33707,Dangon (352),LUDHIANA,30.7027035,75.6907959,33707,1912.498312563687,1911.1898193359375,0.6549572286150477,0.2948309996152745,1.862628584517224,-0.6080726506236618,-0.2206405731542327,759.1378333976166,22.9943307142168,1.0,2.0,400,10,428,525.0,PAKHOWAL
34534,Sudh Singhwala (11),FIROZEPUR,30.9595,74.60765,34534,1911.363277782438,1911.1878662109375,0.5868074432264437,0.2628904686846702,1.5737909988165917,-0.5630458706181223,-0.1710753311316663,684.4847592522996,23.46220865201116,1.0,158.0,110,170,316,435.0,GHALL KHURD
33742,Ramgarh Sibian (167),LUDHIANA,30.64865,75.58562,33742,1910.0592703626608,1911.187744140625,0.6763769994540592,0.3091433255248709,1.8060566110395952,-0.6303846941660657,-0.2324181405666072,691.6006448676484,23.26709664117152,1.0,402.0,300,150,312,436.0,RAIKOT
39781,Duggan (67),SANGRUR,30.2522526,75.73771,39781,1912.7427665137416,1911.1871337890625,0.6644407230100426,0.3250793578849302,1.795910306486492,-0.611614340666453,-0.2431214166585998,670.2728733282412,23.624406759285566,1.0,1375.0,375,375,525,1514.0,SANGRUR
37597,Mulla Behram (361),AMRITSAR,31.54955,74.67793,37597,1910.448402078731,1911.1859130859375,0.5422682787461911,0.2032375156342563,1.4814258974911323,-0.5079600116153783,-0.1212211699855228,918.2277006751976,22.92452224194632,1.0,361.0,89,140,170,247.0,ATTARI
30157,Jaja Kalan (228),JALANDHAR,31.1171169,75.68255,30157,1908.2640415851447,1911.185791015625,0.6307183430596582,0.2815537216875001,1.763356788468087,-0.5965044912506579,-0.2008559811009247,831.9011124780076,22.70811725901973,1.0,140.0,32,38,232,140.0,RURKA KALAN
37862,Jagatpura (33),Tarn Taran,31.6216221,74.77804,37862,1912.9710629489905,1911.1824951171875,0.5619903120467493,0.2168827205598739,1.5207966962573176,-0.529911466772626,-0.1343314501751074,864.5360563514024,22.880688754572567,1.0,2.5,160,90,395,431.0,GANDIWIND-9
33985,Pathangarh (81),MOGA,30.72072,74.59409,33985,1907.84618031838,1911.18115234375,0.7139444824186293,0.36628220109844,2.045493138660879,-0.6422668634021236,-0.2855806218429055,692.7619967207304,23.31866447913881,1.0,264.0,0,9,16,278.0,MOGA-II
34496,Ugoke (150),FIROZEPUR,30.9369373,74.6152344,34496,1911.156927411251,1911.180908203125,0.6199883135917229,0.2781332593845523,1.610312070949251,-0.5828952088699589,-0.191343978168217,662.144713056743,23.53994952833241,1.0,162.0,85,85,187,458.0,GHALL KHURD
39803,Mard Khera (52),SANGRUR,30.2488155,75.83926,39803,1913.5841345691776,1911.1807861328125,0.6405631270628382,0.2966212686634373,1.6210730781426703,-0.5953628956813052,-0.2083312518216326,660.7833219288216,23.5218685939818,1.0,2.47,0,0,167,225.0,SUNAM
33594,Pamali (299),LUDHIANA,30.7027035,75.7117538,33594,1906.9692852694827,1911.1806640625,0.6050660033696269,0.2637422013377016,1.7843496893714883,-0.5734649917688034,-0.1849589143847257,790.9818374483066,22.808194715283776,1.0,10.0,250,10,372,246.0,PAKHOWAL
35543,Nathe wala (117),FARIDKOT,30.59516,74.8122559,35543,1910.4473637651224,1911.1802978515625,0.6095193655959271,0.2584381537388687,1.4851807963612456,-0.5791425199030381,-0.1677676773489355,625.7476898839371,23.67761861755929,1.0,203.0,225,200,230,591.0,KOT KAPURA
39772,Badrukhan (16),SANGRUR,30.2882881,75.84898,39772,1914.505197876785,1911.178955078125,0.6303083662166669,0.279553129232083,1.65754370482142,-0.5873217018949184,-0.200001525070964,668.4155086834431,23.482036992050325,0.9417976449292926,1847.0,4582,1200,1750,2084.0,SANGRUR
30415,Rasulpur Khurd (274),JALANDHAR,31.3989449,75.44612,30415,1911.768940670824,1911.178955078125,0.5415658655645789,0.1811017534579774,1.5817397925279046,-0.5179388607500598,-0.1108420335817364,958.2364502360718,22.3924562069638,1.0,4.0,0,3,60,51.0,JALANDHAR - WEST
33951,Kotla Raika (138),MOGA,30.6846848,75.11098,33951,1909.2588400898533,1911.1783447265625,0.6408215160608464,0.3022598473543187,1.911482981048707,-0.5938775017491358,-0.2216834739244593,621.3131639172929,23.6750863302056,1.0,842.0,198,198,452,744.0,BAGHAPURANA
39438,Nathoheri (54),SANGRUR,30.3783779,75.87703,39438,1909.687157598934,1911.17724609375,0.6758576695483717,0.3158576829471087,1.7166050162046154,-0.6341158279512182,-0.2312993766632634,744.6301522662537,22.99865686411482,1.0,309.0,105,0,246,313.0,AHMEDGARH
39550,Rustamgarh (96),SANGRUR,0.0,0.0,39550,1913.8587231707056,1911.1771240234375,0.5846009998747185,0.2792398505341202,1.3601821889811485,-0.5658911490860321,-0.1731130528420462,725.1954764872497,23.0642173631724,1.0,120.0,37,38,85,135.0,MALERKOTLA
34649,Nasira Khilchi (221),FIROZEPUR,30.8828831,74.6360855,34649,1909.479256948165,1911.177001953125,0.6199025674825591,0.2804708730706855,1.5667196005506137,-0.581779259101128,-0.1878848008860326,609.9960598161118,23.74760085130731,1.0,330.0,60,60,210,375.0,FIROZPUR
30451,Wariana (315),JALANDHAR,31.3153152,75.58828,30451,1912.125809718616,1911.1756591796875,0.3917264277467608,0.0644225529699753,1.260573257089555,-0.3972294919621676,-0.0118733671172063,938.9951191914012,22.42746777379208,0.4906261263037993,429.0,7,30,700,684.0,JALANDHAR - WEST
33563,Saraba (354),LUDHIANA,30.7027035,75.7117538,33563,1913.363046892615,1911.174560546875,0.6084065558632894,0.2532537847131804,1.701883503882108,-0.5781187271823289,-0.1766299223578542,774.6421060261077,22.88891311935389,1.0,710.0,1456,655,729,809.0,PAKHOWAL
33775,Bir Akhara (129),LUDHIANA,30.6846848,75.4671555,33775,1913.104027541558,1911.174560546875,0.6704762525672462,0.3315886333635667,1.9366014453926323,-0.6048105784524039,-0.2541419415359014,729.077420376261,23.011307356543103,0.8542660094921066,101.0,10,8,15,109.0,JAGRAON
37581,Chabba (267),AMRITSAR,31.54955,74.67793,37581,1913.238367264264,1911.17333984375,0.4565029971161394,0.127283709535126,1.171320863636365,-0.4588032543873068,-0.0514873881053944,893.8421500019743,22.68132093140174,0.8801058095268731,100.0,193,296,1232,871.0,ATTARI
33713,Rajgarh (357),LUDHIANA,30.7027035,75.7117538,33713,1912.719228033666,1911.172119140625,0.6523099332015868,0.2859602538999162,1.7394245242374715,-0.6088203744641797,-0.2079301333388688,759.1378333976166,22.9943307142168,1.0,10.0,200,10,273,328.0,PAKHOWAL
39564,Ahan Kheri (86),SANGRUR,30.3783779,75.85614,39564,1911.974531946195,1911.1717529296875,0.6012584484643116,0.2728502843205873,1.4361043352883722,-0.5774235099708235,-0.1775672149959158,710.6126490046876,23.17487815991421,1.0,202.0,280,0,250,227.0,AHMEDGARH
29138,Hambowal (106),KAPURTHALA,31.36937,75.14636,29138,1912.352445404412,1911.1715087890625,0.5497179213515001,0.2360774406004315,1.5440788488136976,-0.5211251213755503,-0.1450409224835475,855.3183767011063,22.46012897505409,1.0,300.0,130,126,170,353.0,DHILWAN
34766,Dilaram (249),FIROZEPUR,30.8648643,74.41215,34766,1909.0691262091284,1911.1708984375,0.6161354199225848,0.2884186250940854,1.5609214670436575,-0.5789298293843069,-0.1936985063409273,616.3843068292039,23.812034812580865,1.0,100.0,40,50,91,652.0,MAMDOT
39396,Maherna Khurd (12),SANGRUR,30.522522,75.88475,39396,1909.256941229072,1911.166259765625,0.6757258893351001,0.3296196074437945,1.8237074126324355,-0.6307270112520389,-0.24770067499529,756.8106703706313,22.96494546233508,1.0,307.0,150,0,268,399.0,AHMEDGARH
33716,Rachhin (380),LUDHIANA,30.7027035,75.6907959,33716,1910.4184496032376,1911.1658935546875,0.674604809925166,0.318891803038754,1.7838764186334344,-0.6233527900599918,-0.2374731112666484,755.2545349963156,22.99552025604204,1.0,2.0,200,10,656,1029.0,PAKHOWAL
37869,Khair Dinke (41),Tarn Taran,31.4954948,74.69813,37869,1913.8051464896807,1911.1656494140625,0.5254309487217699,0.1787471912638026,1.4187412064880185,-0.5044272189460306,-0.0986292505614883,851.4583617129446,22.906393496164387,1.0,510.0,510,220,455,384.0,GANDIWIND-9
35747,Chak Jandanwala (156),BATHINDA,30.27027,74.93797,35747,1911.2330140421773,1911.163330078125,0.5475181289342347,0.217575915968373,1.3386785784357684,-0.5381678020439835,-0.1241558205119413,555.4043898536212,24.122907833944723,1.0,2550.0,750,800,950,43.0,GONIANA
39474,Sarwarpur (108),SANGRUR,0.0,0.0,39474,1913.8912033217773,1911.162841796875,0.5887409409446674,0.261797478083183,1.412614092411945,-0.5675490768345335,-0.1667344252925078,725.414940994014,23.062530097044885,1.0,210.0,85,87,210,248.0,MALERKOTLA
33624,Bounker Dogran (109),LUDHIANA,30.9006786,75.80899,33624,1911.31142945677,1911.1612548828125,0.4913021820358662,0.156140542915136,1.4908674201697123,-0.4860589157163014,-0.0834689397302641,864.273304026355,22.76681682189809,1.0,152.0,72,23,468,242.0,LUDHIANA-1
33802,Barsal (64),LUDHIANA,30.6846848,75.4462051,33802,1912.7634784149573,1911.1602783203125,0.6833649005182963,0.3366568484038806,1.9960121660523704,-0.6256985410882394,-0.2590779706533982,756.3741832825968,22.85712003700576,1.0,582.0,750,170,396,582.0,JAGRAON
29484,Mewa Singhwala (140),KAPURTHALA,31.35135,75.80712,29484,1916.660646200716,1911.15869140625,0.6519572094638967,0.3138374577781074,1.9058383906998468,-0.60172432148565,-0.2297225285453325,817.6976385524171,22.81345387128846,1.0,200.0,80,80,140,92.0,SULTANPUR LODHI
34850,Khere Ke Uttar (384),FIROZEPUR,30.7148647,74.4094238,34850,1907.219892904769,1911.1583251953125,0.6353473075629146,0.2826136311543087,1.6350193476686656,-0.5894566420923159,-0.1952789541596858,619.9077907016175,24.001903930906963,1.0,137.6,175,155,187,150.0,GURU HAR SAHAI
29969,Pandori Khas (60),JALANDHAR,31.0630627,75.47123,29969,1912.189959052056,1911.1571044921875,0.6446080299666057,0.298632594986887,2.075894185518265,-0.5918071341791351,-0.2218390214448158,816.53192510899,22.6773904809316,1.0,2.47,0,0,550,422.0,MEHATPUR
39985,Khudi Kalan (57),BARNALA,30.3783779,75.54286,39985,1912.1366305197475,1911.1561279296875,0.6608329526714852,0.2955105143054429,1.749306280792345,-0.6149206856357954,-0.2173112734107704,656.5839687449718,23.672468628870583,1.0,672.0,470,470,990,1831.0,BARNALA
35545,Golewala (7),FARIDKOT,30.666666,74.76181,35545,1911.0078186320225,1911.1556396484375,0.5962555355387515,0.2513241032548822,1.4856005557388905,-0.5681688694479603,-0.1613453001153258,624.9773754738827,23.68114508440017,0.9750337149701668,1254.0,298,257,325,2595.0,FARIDKOT
29863,Paraliwala (218),MOGA,30.9369373,75.1404,29863,1910.0193188976389,1911.1553955078125,0.4032587306143548,0.2287637983167791,1.14291491418504,-0.3901951736242457,-0.1147514933122913,694.4905462672608,23.069375095900625,1.0,106.0,42,11,18,249.0,KOT-ISE-KHAN
35428,Mukand Singhwala (153),SRI MUKTSAR SAHIB,30.4864864,74.5603,35428,1910.318284490157,1911.154541015625,0.5802105156783024,0.2450455454502806,1.5850464810488918,-0.5559045759080397,-0.1566262990677022,583.3244740616916,23.97957771228536,1.0,1163.0,210,210,490,950.0,MUKTSAR
39639,Isra (78),SANGRUR,30.3783779,75.85614,39639,1911.6747290482328,1911.1544189453125,0.6249857757578944,0.2911255787501038,1.5816417073128883,-0.5874885288680326,-0.1975554679540186,706.7456341838564,23.199832089402427,1.0,315.0,1009,194,323,482.0,DHURI
37307,Chawinda Khurd (338),AMRITSAR,31.6396389,74.6867,37307,1913.499659749004,1911.153076171875,0.5152240652017216,0.1987016922110994,1.3399979227720211,-0.5060529704401501,-0.1099695451820868,910.8517462810272,22.9363660238286,1.0,370.0,123,66,293,421.0,CHOGAWAN
39644,Burj Seda (83),SANGRUR,30.4864864,76.003,39644,1907.9472125700177,1911.1527099609375,0.6146004178424114,0.2795827473393544,1.4999385555462783,-0.5749993160700025,-0.1871592706064327,717.1626779248612,23.10685946835593,1.0,129.0,38,46,77,142.0,DHURI
33452,Chak Sarwan Nath (216),LUDHIANA,30.9189186,75.84033,33452,1908.7799130970463,1911.1517333984375,0.5029628487318623,0.1730640457746936,1.6365807937198482,-0.4827033209031329,-0.1008003235036145,835.5717135244419,22.789782320959706,1.0,23.0,78,0,146,166.0,LUDHIANA-2
34076,Kali wala (9),MOGA,30.81081,75.18842,34076,1911.3127667767608,1911.151611328125,0.6167549801116913,0.2966844804495732,1.717746753849637,-0.5795503984420023,-0.2075448929149935,698.2351931741135,23.3281582133003,1.0,456.0,0,110,400,537.0,MOGA-II
35573,Bagiana (121),FARIDKOT,30.58544,74.81651,35573,1910.124728872508,1911.1514892578125,0.6284239207049188,0.2891390249714326,1.738942248104181,-0.5927749599862933,-0.2018134830278156,618.6363529456676,23.68119772432115,1.0,237.0,37,37,123,740.0,KOT KAPURA
34723,Killi (263),FIROZEPUR,30.8648643,74.39116,34723,1909.5839900348333,1911.1500244140625,0.6032965987830766,0.2783054499463106,1.5421497604290495,-0.5757474328698351,-0.181879786230238,619.4344629527582,23.800958043320364,1.0,84.0,150,100,300,239.0,MAMDOT
30091,Cheema Kalan (57),JALANDHAR,31.0810814,75.59072,30091,1911.13670592989,1911.1495361328125,0.5874439521002254,0.2477114915842448,1.6398292073892995,-0.5642528366770548,-0.1642529882345569,821.2975802829163,22.77606139731529,1.0,250.6,200,212,345,370.0,NURMAHAL
33700,Dhalian (358),LUDHIANA,30.7027035,75.7117538,33700,1913.2954591996336,1911.1483154296875,0.655816853083768,0.2907199148973239,1.7423405054501884,-0.6143231344464019,-0.212854577006897,759.1378333976166,22.9943307142168,1.0,236.0,155,180,226,282.0,PAKHOWAL
39465,Balewal (32),SANGRUR,30.3603611,75.8630447,39465,1911.3216524135607,1911.1473388671875,0.6338741718617021,0.2954707061961627,1.6280758477713455,-0.5958349252620969,-0.205540878466855,760.2889480998414,22.927026586350337,1.0,266.0,100,0,256,293.0,AHMEDGARH
39601,Sultanpur (35),SANGRUR,30.3423424,75.7238159,39601,1912.6447306212497,1911.1470947265625,0.6148496562222479,0.3112943321345489,1.652588541093872,-0.5735344153665399,-0.2154511040716307,685.9742048194306,23.44681634021498,1.0,465.0,422,186,474,512.0,SHERPUR
36622,Dandoa (209),PATIALA,30.2812157,76.43925,36622,1906.6018264771203,1911.1463623046875,0.5503819425994844,0.2280922929175732,1.5588139562967664,-0.5297705997426326,-0.139555222587758,855.5401804854768,23.039179985216663,1.0,195.0,88,106,205,213.0,SANOUR
34817,Nunari Khokhar (299),FIROZEPUR,30.62707,74.20261,34817,1912.304469765678,1911.1463623046875,0.5723742744165189,0.246947849698199,1.4560573010771796,-0.5577366034717731,-0.1542255330355563,600.097382347812,23.98513700067548,1.0,154.0,121,50,76,190.0,GURU HAR SAHAI
33568,Beela (284),LUDHIANA,30.9009018,75.80505,33568,1906.40926639727,1911.14599609375,0.6313099723303689,0.2827057532608697,1.9533502427322027,-0.586065845495348,-0.2072935648184164,808.5676672866242,22.77318496325944,1.0,142.0,0,56,236,372.0,LUDHIANA-1
39445,Takhar (73),SANGRUR,30.3783779,75.85614,39445,1911.2821352270337,1911.1458740234375,0.5981257552571746,0.2564059298204228,1.5219240362315876,-0.570547043602583,-0.1700187848610951,710.6126490046876,23.17487815991421,1.0,287.0,150,0,251,297.0,AHMEDGARH
30384,Khun Khun (262),JALANDHAR,31.261261,75.52388,30384,1913.54263600076,1911.1448974609375,0.5912585962983278,0.2293538134162263,1.7046131204666253,-0.5603556326660818,-0.153947191586753,892.3655989577668,22.53479004222732,1.0,7.69,10,10,158,287.0,JALANDHAR-EAST
39760,Akoi (21),SANGRUR,30.2882881,75.82812,39760,1910.736273715692,1911.144287109375,0.5906256399624247,0.2395562749028825,1.5176910928014808,-0.5576115307680738,-0.1556198654295646,679.4651078444484,23.394631665850245,1.0,404.0,130,152,345,485.0,SANGRUR
37964,Dyal (249),Tarn Taran,31.35135,74.81548,37964,1909.3591881817129,1911.141845703125,0.5869451964613644,0.2196688721182777,1.594145808067133,-0.5557435269793901,-0.1396433441887827,812.7280267884629,22.83291248283939,1.0,2.47,165,120,162,211.0,NAUSHEHRA PANNUAN-11
33781,Gagra (118),LUDHIANA,30.666666,75.45308,33781,1911.9441995800744,1911.1405029296875,0.6548268384767678,0.3150074086398772,1.932443602910666,-0.6032060833121147,-0.2372516394181499,733.4537896325486,22.989663174797386,1.0,329.0,294,220,337,374.0,JAGRAON
38319,Aniatpur (160),Tarn Taran,31.4954948,75.01509,38319,1912.970038297834,1911.138671875,0.5217393034846212,0.2040907967590697,1.4870813519024615,-0.5035602703197769,-0.1184412897689203,953.4446242263216,22.404917930807244,1.0,1.47,8,39,40,95.0,KHADUR-SAHIB-10
29978,Akbarpur Khurd (291),JALANDHAR,31.18919,75.1925,29978,1911.647019130864,1911.138427734375,0.6183344269283798,0.2704046184222886,1.9003153602271123,-0.5769181992097335,-0.1922723481469425,797.2768868098624,22.712216366860247,1.0,110.0,22,0,60,114.0,MEHATPUR
37218,Mujaffarpura (157),AMRITSAR,31.6216221,74.6934,37218,1913.253328517873,1911.13525390625,0.5140372094360786,0.1786831286990295,1.2967925370751392,-0.5097600762713481,-0.0926485309329749,879.0007027795212,22.974869686455293,1.0,40.0,10,10,52,73.0,CHOGAWAN
37573,Manawala (259),AMRITSAR,31.6396389,74.85601,37573,1911.7962182865272,1911.1348876953125,0.3750398894200629,0.0279962422476852,1.000262998410627,-0.3908629749007826,0.0309227183221967,933.436656277408,22.53343531145123,1.0,726.0,38,0,1047,837.0,VERKA
34151,Ferozewal Bada (253),MOGA,30.8471928,75.15715,34151,1913.2701906797847,1911.134765625,0.611555435267645,0.2863974354344923,1.8781091821051408,-0.5665694831672269,-0.2080155059696223,731.4165028741257,22.937485862209485,1.0,285.0,68,63,291,309.0,KOT-ISE-KHAN
37911,Bath (92),Tarn Taran,31.45946,74.9228439,37911,1910.091329407001,1911.1334228515625,0.5319438174734626,0.1852970918611952,1.4940489276466522,-0.5047501366402253,-0.1066511367502925,894.8541901049305,22.56920780995213,1.0,35.0,35,35,45,756.0,TARN TARAN-12
33718,Lohat Badi (2),LUDHIANA,30.64865,75.58562,33718,1909.5708615318624,1911.13330078125,0.6467263602052696,0.2956004844794314,1.6295272831775982,-0.6201126810388887,-0.2085233870441241,732.1018817832368,23.108114059784786,1.0,1173.0,500,500,823,1274.0,RAIKOT
39457,Bir Amamgarh (56),SANGRUR,30.522522,75.86384,39457,1910.6386255819864,1911.1329345703125,0.6183721526457796,0.2674339751044686,1.574730209546655,-0.588706444279132,-0.1803861938181815,744.6301522662537,22.99865686411482,1.0,100.0,100,0,25,121.0,AHMEDGARH
33423,Garcha ( 35),LUDHIANA,30.9189186,75.84033,33423,1912.0570844116,1911.1317138671875,0.5507125156971014,0.2138780107838948,1.4585736127265194,-0.5416458908396835,-0.1242414653476821,848.1584730555909,22.68394309940942,1.0,32.0,19,0,66,142.0,LUDHIANA-2
34015,Khera Sawad (39),MOGA,30.8288288,75.18155,34015,1909.171639980828,1911.131591796875,0.6454599671557087,0.2900295981153921,1.8750815538553007,-0.5938059947775856,-0.2135642202086922,709.653491060962,23.123877752892497,1.0,101.0,6,6,9,133.0,MOGA-I
34638,Naurang Ke Sial (93),FIROZEPUR,30.9189186,74.58018,34638,1912.6113001057377,1911.13134765625,0.4418944906789689,0.0668495346117627,1.062784500626018,-0.4579726027204677,0.0001787934660752,630.8803054501908,23.741871670056355,0.1700132920188714,25.0,12,10,200,119.0,FIROZPUR
39625,Manwala (96),SANGRUR,30.4864864,76.003,39625,1910.8766549618097,1911.1298828125,0.6149979631538923,0.2836656695785868,1.5191030688893663,-0.5793104386857216,-0.1920900480346674,683.4419154905235,23.31872069846076,1.0,312.0,70,115,189,350.0,DHURI
34984,Fattuwala (354/325),FAZILKA,30.6126118,74.25945,34984,1914.4501905058085,1911.1290283203125,0.578759364540951,0.2576805116202988,1.5695011365349871,-0.5443126477594566,-0.1667507092918889,549.3523664282353,24.182744517116703,1.0,118.0,208,208,280,815.0,JALALABAD
33376,Hayatpura (10),LUDHIANA,30.9189186,75.84033,33376,1907.683888596757,1911.1282958984375,0.5514076260113407,0.2591872620848318,1.4678896884696346,-0.535590193271015,-0.1574363851454159,850.3329825040214,22.75561910699445,1.0,25.0,70,0,103,170.0,LUDHIANA-2
29154,Nabi Bakashwala (58),KAPURTHALA,31.44144,75.2041,29154,1911.2875329628769,1911.1251220703125,0.5813552811701725,0.2117748721318158,1.833009810630872,-0.5378224027769113,-0.1413194308988413,927.3029663286944,22.43428217697897,1.0,3.0,1,1,1,163.0,DHILWAN
34526,Saidanwala (125),FIROZEPUR,30.9369373,74.6152344,34526,1911.618951084452,1911.1248779296875,0.6107695260512258,0.2847502470528816,1.5508925119682406,-0.5840294570035003,-0.1876788370804132,647.9622664859193,23.662412032628083,1.0,150.0,145,145,225,324.0,GHALL KHURD
34783,Burj Makhan Singh (234),FIROZEPUR,30.666666,74.38475,34783,1909.916329454613,1911.1240234375,0.5855051207133969,0.2631297773418063,1.479195447884756,-0.5540938322607997,-0.1660528398438717,616.3843068292039,23.812034812580865,1.0,250.08,210,83,128,383.0,MAMDOT
36411,Kotli (169),PATIALA,30.3603611,76.2597961,36411,1907.658854410716,1911.1221923828125,0.5056871235031876,0.2054760426765028,1.3496621183289002,-0.4999843597341458,-0.1118740555224211,775.388428848018,23.00953171966017,1.0,112.0,25,60,83,119.0,NABHA
39992,Jhaloor (27),BARNALA,30.37904,75.54815,39992,1913.5389495099,1911.12158203125,0.638924448547177,0.3134948788633881,1.5596258824085705,-0.6078884794803435,-0.2183525905416002,679.4326587430319,23.48731010481876,1.0,1248.0,399,401,815,1340.0,BARNALA
36203,Gajewas (93),PATIALA,30.2342339,76.12006,36203,1911.388212604744,1911.1207275390625,0.6122554148333939,0.2835154443933735,1.6067155405130131,-0.5726410737693358,-0.1933918648272806,721.770355384578,23.19777535708772,1.0,1032.0,390,388,697,1036.0,SAMANA
34083,Bankhandi (316),MOGA,30.8288288,75.09762,34083,1911.8844523401683,1911.1202392578125,0.6950630513042566,0.3475427025501034,2.0621542588686,-0.6267882743128468,-0.271479482440183,707.8110220839875,23.16254334835986,1.0,405.0,179,155,225,495.0,KOT-ISE-KHAN
34473,Feroze Shah (153),FIROZEPUR,30.8648643,74.8109741,34473,1908.86679279105,1911.1195068359375,0.6039478749378172,0.2622631797259237,1.5932516389454598,-0.5688404438752938,-0.1742341582042378,663.8614776542084,23.52512561971713,1.0,426.72,2265,395,675,1245.0,GHALL KHURD
39418,Bazidgarh (35),SANGRUR,30.3783779,75.85614,39418,1910.517342942337,1911.11767578125,0.606099027399464,0.2741421686251045,1.6944561167593313,-0.5747562666248438,-0.1887575419500651,760.2889480998414,22.927026586350337,1.0,118.0,35,0,120,132.0,AHMEDGARH
33796,Swaddi Khurd (122),LUDHIANA,30.666666,75.47403,33796,1912.5075170729,1911.117431640625,0.6216652218469312,0.2755099721153871,1.820444568706456,-0.5794779061305819,-0.1996162313244816,733.4537896325486,22.989663174797386,1.0,187.0,90,120,219,187.0,JAGRAON
39506,Sehke (141),SANGRUR,30.522522,75.88475,39506,1910.277329471156,1911.1170654296875,0.6061399658064361,0.2882743384907181,1.4219117994906507,-0.5803936866612862,-0.1839842826619755,738.7929147429178,22.9776189282327,1.0,280.0,52,102,192,302.0,MALERKOTLA
34150,Kisna (250),MOGA,30.738739,75.04827,34150,1912.4736482710464,1911.11669921875,0.6758117018288564,0.3514009923083574,1.9491313013529568,-0.6206587890132145,-0.2652857879877153,719.8686507984241,22.978731573925323,1.0,57.0,27,30,33,631.0,KOT-ISE-KHAN
30383,Miranpur (261),JALANDHAR,0.0,0.0,30383,1912.9346173708468,1911.11669921875,0.5895326163735871,0.2310615360948035,1.7667301602056462,-0.5561369317587906,-0.1545654696583257,876.9468133765519,22.552423051418167,1.0,18.4,15,10,65,246.0,JALANDHAR-EAST
29995,Tandaura (45),JALANDHAR,31.0630627,75.47123,29995,1915.2105361421943,1911.116455078125,0.6370485219140846,0.3282436086159615,1.8320335330874684,-0.5950401159827938,-0.2360811232643774,813.5568112098067,22.63670012472675,1.0,141.0,215,205,234,355.0,MEHATPUR
39648,Mimsa (86),SANGRUR,30.3783779,75.85614,39648,1909.3465634488723,1911.1163330078125,0.6190222338094199,0.2822771001675236,1.5437289689224565,-0.5817691230027682,-0.1893917290662252,717.0121866420736,23.1082026103604,1.0,1075.0,500,500,830,1179.0,DHURI
39666,Palasaur (105),SANGRUR,30.3603611,75.8630447,39666,1910.034225638728,1911.11328125,0.6256020476880666,0.28812333170575,1.6085469790939022,-0.5826394130108155,-0.1972987489906617,682.042355065127,23.32431144717756,1.0,674.0,1823,333,529,751.0,DHURI
39673,Dittupur (229),SANGRUR,30.3423424,76.45454,39673,1909.9648550681404,1911.113037109375,0.6028514790567946,0.259461700781619,1.4938726828505178,-0.5736593322496814,-0.1673989088587205,697.4079254081147,23.226396516607792,1.0,145.0,50,45,85,168.0,BHAWANI GARH
35042,Gulam Rasul (305),FAZILKA,30.4144154,74.02464,35042,1911.849593049585,1911.110595703125,0.6441612634716248,0.32266429443489,1.611609930435765,-0.5940050969708182,-0.2277077138952525,519.8260152954205,24.34519978055732,1.0,446.0,205,337,502,515.0,FAZILKA
33641,Rajjowal (112),LUDHIANA,30.7150917,76.2017059,33641,1912.978405213496,1911.1102294921875,0.5218359405057734,0.1868513638908973,1.523975336182893,-0.5116195604325969,-0.1091701847765882,857.1349442875244,22.77166189807672,1.0,223.0,72,58,423,342.0,LUDHIANA-1
34483,Bhangar (205),FIROZEPUR,30.6773281,75.8238449,34483,1910.331738874505,1911.1099853515625,0.6025515376564181,0.2642019621271301,1.4857308174683692,-0.5771105573970576,-0.171532679501813,625.7476898839371,23.67761861755929,1.0,1200.0,180,0,2522,833.0,GHALL KHURD
35493,Mani Singhwala (46),FARIDKOT,30.6846848,74.75481,35493,1910.0209186944955,1911.109375,0.5485383813861502,0.219456992714938,1.4635634912827675,-0.5324331359751547,-0.1306527059627292,584.0395930220978,23.898064460755563,1.0,142.0,85,117,195,553.0,FARIDKOT
40011,Kalala (39),BARNALA,30.3783779,75.7099457,40011,1911.5946052492573,1911.109130859375,0.6704049977626507,0.3270205515625072,1.8669017507265333,-0.6198447216680415,-0.2422091363779842,670.0968387534516,23.50099503035227,1.0,545.0,200,400,450,602.0,MEHAL KALAN
30362,Jamsher (245),JALANDHAR,31.2072067,75.5438843,30362,1911.6755457138968,1911.1064453125,0.5350964976741968,0.187491389899312,1.642241970728817,-0.5085478778911888,-0.1142489704719024,854.6403957453377,22.555069041292736,1.0,4.8,400,400,1776,1130.0,JALANDHAR-EAST
33374,Bhaman Kalan (205),LUDHIANA,30.9189186,75.84033,33374,1906.6083641804023,1911.10595703125,0.5440444025727238,0.2156516036302342,1.513242986962843,-0.5328092669534649,-0.1295121728566043,849.1459134032624,22.75239176079907,1.0,23.0,100,0,214,721.0,LUDHIANA-2
39609,Kanjli (51),SANGRUR,30.3603611,75.84216,39609,1912.151327050612,1911.1051025390625,0.6826103334042233,0.3387284036416483,1.8884311252238368,-0.6224228106097475,-0.2560461578615639,677.9622396214871,23.50839890387977,1.0,439.0,230,885,1428,477.0,DHURI
34172,Basti Chirag Shahwala (229),MOGA,30.9369373,75.1404,34172,1911.1097122381395,1911.09765625,0.7000376616564721,0.3680268711455849,2.0677853993259627,-0.6365124156416786,-0.2862352452919776,694.4905462672608,23.069375095900625,1.0,78.0,33,33,34,78.0,KOT-ISE-KHAN
29761,Jalalpur Khurd (200),JALANDHAR,31.0810814,75.3382645,29761,1911.9554012867115,1911.0963134765625,0.584407841880228,0.2567571446075308,1.7030797003141998,-0.5519042367980305,-0.1712163100845817,733.9174094607728,22.97211084760505,1.0,128.0,22,22,147,133.0,LOHIAN
34226,Lalleh (110),FIROZEPUR,31.0990982,74.97379,34226,1909.7764548379744,1911.095458984375,0.6595203457685573,0.3503567342126584,1.9447118076987704,-0.6078025272536107,-0.2606040096532093,729.2441966941254,23.069153166359456,1.0,121.0,0,0,150,229.0,MAKHU
35550,Mallewala (4),FARIDKOT,30.666666,74.78275,35550,1910.3263898280093,1911.0950927734375,0.635551065533401,0.2890769243706057,1.6395834878793845,-0.5954190436927069,-0.1981603366907865,636.4029114692021,23.611332215302163,1.0,99.0,12,0,66,285.0,FARIDKOT
38254,Manak Deke (344),Tarn Taran,31.4438629,74.9944,38254,1912.9871698017344,1911.09423828125,0.484866423087785,0.2236678831617103,1.346977558446116,-0.4782328256222525,-0.1206107131437578,868.9469787289994,22.74958406038064,0.984623320017384,611.0,55,55,125,268.0,CHOHLA SAHIB-8
36522,kheri Gorian (9),PATIALA,30.1441441,76.17548,36522,1912.3408941236687,1911.090087890625,0.5546202514464935,0.249896869745705,1.3970949878819126,-0.5436947240255241,-0.150498760529311,806.5782567412414,23.01640241255564,1.0,265.0,50,50,170,294.0,PATIALA
34728,Lakho Ke Behram (252),FIROZEPUR,30.7027035,74.41252,34728,1908.9383331281288,1911.0875244140625,0.6011780929174318,0.2681734492736841,1.4992747034707117,-0.5688118145835828,-0.1740337709888422,619.60325661917,23.824775872513808,1.0,300.0,50,78,90,792.0,MAMDOT
37588,Thande (273),AMRITSAR,31.6216221,74.9261551,37588,1912.8772466656344,1911.087158203125,0.445633079888367,0.0897100834469017,1.1419798180083502,-0.4407784738503929,-0.0193872634119273,897.8450241496461,22.815218621373333,0.9483688175542854,308.0,34,0,200,346.0,VERKA
34758,Daryeke (244),FIROZEPUR,30.9369373,74.46819,34758,1909.617029784216,1911.0867919921875,0.6163018246666855,0.2957710729031414,1.5505714628235223,-0.5784918714950419,-0.1963214058259578,634.6124204804795,23.884184272387643,1.0,115.0,90,75,90,126.0,MAMDOT
34176,Sherpur Taiban (230),MOGA,30.9369373,75.18241,34176,1910.593148378952,1911.0859375,0.6612635831087219,0.3354713424925966,1.9398439689107745,-0.6048409783487753,-0.2526433964481512,694.4905462672608,23.069375095900625,1.0,90.0,36,36,60,462.0,KOT-ISE-KHAN
34096,Karyal (299),MOGA,30.9369373,75.1404,34096,1911.8517443367464,1911.0858154296875,0.6730726594573878,0.3366961515417426,2.047142142814957,-0.6162811997748825,-0.2594089092244221,699.673329552919,23.040528005068108,0.9985278867910612,605.0,287,250,352,1191.0,KOT-ISE-KHAN
32271,Khoja (284),Shahid Bhagat Singh Nagar,31.0261,76.0150452,32271,1914.0860420951008,1911.0833740234375,0.4565312446880759,0.2070173444550957,1.2391533607723333,-0.4440506636914197,-0.1027110204012722,848.1584730555909,22.68394309940942,0.7790766311290434,41.0,28,35,146,455.0,AUR
34180,Dharam Singhwala (189),MOGA,30.9369373,75.1404,34180,1908.5145143613304,1911.0819091796875,0.6837009466083994,0.3623376660630625,2.0330104256909425,-0.6168128695598527,-0.2778747076880775,694.0753606398384,23.13326542751341,1.0,605.0,171,172,251,629.0,KOT-ISE-KHAN
39430,Mithewal (123),SANGRUR,30.522522,75.88475,39430,1913.533944517033,1911.0810546875,0.6274692839074638,0.3214448475508581,1.5335065995161823,-0.6127148744086567,-0.2179000557256259,698.2272210528748,23.277214520720065,1.0,423.0,80,0,277,456.0,AHMEDGARH
33218,Raipur (155),LUDHIANA,30.63063,76.0741,33218,1908.6554519353376,1911.077880859375,0.5716188497525446,0.2418912610497327,2.0475890272372435,-0.5201733666212497,-0.1686914977451472,838.7049581031756,22.706995591062785,1.0,2.47,0,0,170,211.0,KHANNA
40083,Chhiniwal Khurd (22),BARNALA,30.3603611,75.7377548,40083,1908.6657383691825,1911.0762939453125,0.6673645489524479,0.3241414969059998,1.9852990523355565,-0.6068709980211722,-0.2445557225658914,686.6957257399728,23.31773843337212,1.0,486.0,97,97,426,555.0,MEHAL KALAN
37913,Bhullar (93),Tarn Taran,0.0,0.0,37913,1908.6384612214024,1911.0750732421875,0.5676422676389856,0.2257036502944973,1.542508235465662,-0.5415890602276671,-0.1402077034009115,891.4583067304126,22.581293476243943,1.0,364.0,155,150,386,332.0,TARN TARAN-12
34905,Bodel Pire Ke (343),FAZILKA,30.5045052,74.0931244,34905,1914.8395049539995,1911.074951171875,0.6350123362074142,0.2649732962826632,1.746726320188205,-0.5842694515019828,-0.1860863251757416,612.9598262717622,23.949725210937288,1.0,90.0,10,12,100,242.0,GURU HAR SAHAI
34843,Bilimar (324/278),FAZILKA,30.5045052,74.0931244,34843,1909.4209438557268,1911.07421875,0.6375567945314151,0.2979973688514492,1.6428529766005229,-0.6009016700233377,-0.2044427317628607,619.9077907016175,24.001903930906963,1.0,1.0,15,15,60,94.0,GURU HAR SAHAI
39671,Nandgarh (231),SANGRUR,30.3423424,76.45454,39671,1911.7216553647952,1911.072265625,0.6062289549126394,0.2632971877532546,1.5419211812213156,-0.5731492975808365,-0.1744173189316223,697.4079254081147,23.226396516607792,1.0,116.0,6,64,194,226.0,BHAWANI GARH
40001,Cheema (430),BARNALA,30.4324322,75.3757248,40001,1911.1945652769969,1911.0716552734375,0.6650601757222123,0.2893938042291333,1.833058068555249,-0.607320693534813,-0.2148110829260607,657.9564924139852,23.63049136416407,1.0,5000.5,5500,556,1136,1544.0,SEHNA
33617,Kadian (91),LUDHIANA,30.7152538,76.20202,33617,1914.9983558895665,1911.0687255859375,0.5437618564974941,0.1814722149235863,1.5928067314130523,-0.5231355167716334,-0.1123663805445113,864.273304026355,22.76681682189809,0.9561001347394706,122.0,42,7,29,214.0,LUDHIANA-1
34596,Khushal Singhwala (49),FIROZEPUR,0.0,0.0,34596,1913.06738918966,1911.0677490234375,0.5516490701064987,0.2357550778308108,1.36906004827249,-0.5437557163801604,-0.1390268248304857,657.0917412751201,23.575434574997185,1.0,200.0,50,350,380,112.0,FIROZPUR
40020,Thuliwal (19),BARNALA,30.3423424,75.55679,40020,1910.476147394278,1911.0660400390625,0.6302181864154592,0.2997063901249387,1.674203609146537,-0.5973897290552064,-0.2099698299765203,687.9691982087635,23.37496737696804,1.0,950.0,840,560,925,1384.0,BARNALA
37916,Malia (67),Tarn Taran,31.45946,74.9228439,37916,1910.3012601963983,1911.0643310546875,0.4221817449072121,0.0665327616882507,1.1265185941399989,-0.425079008085174,-0.0059038925383563,857.3961350133317,22.745808597055657,0.3417219683486259,135.0,22,22,148,269.0,TARN TARAN-12
30230,Pasli (25),JALANDHAR,31.3198643,75.56992,30230,1908.920447283715,1911.064208984375,0.6603049226072242,0.3216854292717405,1.887437110009564,-0.6136152173544344,-0.2366046087084711,831.9011124780076,22.70811725901973,1.0,50.6,10,2,14,240.0,NURMAHAL
37958,Dugri (104),Tarn Taran,31.3873882,74.9497147,37958,1909.047247720175,1911.0623779296875,0.5410746750506478,0.2158530606652081,1.4676884940918449,-0.5280464682563484,-0.1317788084704907,855.9307250192063,22.707733182606887,1.0,10.0,122,122,202,134.0,NAUSHEHRA PANNUAN-11
39797,Namol (11),SANGRUR,30.2488155,75.83926,39797,1911.6940906787183,1911.0618896484375,0.6916563343206615,0.3314218654019214,1.885907638241505,-0.6319795539752195,-0.2557390273328436,664.5223120196404,23.615602756379683,1.0,2.47,0,0,120,1416.0,SUNAM
33973,Nathewala (114),MOGA,30.6846848,75.09003,33973,1912.72478151079,1911.060791015625,0.659581607272675,0.3235361311043276,1.8738547238521088,-0.61278980608352,-0.2390499950459426,635.8669432711395,23.59773375625392,1.0,1100.0,42,150,313,552.0,BAGHAPURANA
29731,Fazalwal (284),JALANDHAR,31.0810814,75.3382645,29731,1915.380117921508,1911.0589599609375,0.5902679259425263,0.2729649302283998,1.7939647887967292,-0.5528666512823102,-0.1913684421314476,760.5775091776555,22.82137813302874,1.0,100.41,47,47,132,111.0,SHAHKOT
39994,Nangal (22),BARNALA,30.3833866,75.54532,39994,1912.467775236687,1911.0582275390625,0.6378698216038572,0.3035452963762343,1.5905309098250422,-0.6049232857139212,-0.2126773850171739,677.3053602589292,23.50047860092786,1.0,656.0,92,305,437,718.0,BARNALA
35056,Gagan Ke (295),FAZILKA,30.4144154,74.02464,35056,1910.0346537461944,1911.0572509765625,0.6664974068044052,0.3313324844083398,1.6612766498836442,-0.6112356408554145,-0.240304795160527,482.8184188181612,24.44958788770786,1.0,170.0,45,79,115,175.0,FAZILKA
37817,Shahpur (60),AMRITSAR,31.6036034,75.22898,37817,1906.012562967127,1911.056884765625,0.5298556182037182,0.2169093409898975,1.8752005437480304,-0.5058979093107039,-0.1354947268546187,936.1196401526826,22.40871888290445,1.0,132.0,95,95,208,148.0,RAYYA
40008,Chananwal (427),BARNALA,30.522522,75.57101,40008,1911.2402744697383,1911.0560302734375,0.6553035261778932,0.3202901616749438,1.8128204112754536,-0.6097548510304501,-0.2347052776957864,670.0968387534516,23.50099503035227,1.0,1137.0,700,400,510,1269.0,MEHAL KALAN
34690,Chhanga Makhna (276),FIROZEPUR,30.9189186,74.45416,34690,1909.153573475283,1911.0548095703125,0.5567609627317439,0.2523645714461939,1.355381447301787,-0.5494435394538169,-0.1496332061137479,633.4915700366395,23.7499090722734,1.0,200.0,5,10,10,49.0,MAMDOT
37957,Warana (105),Tarn Taran,31.4954948,74.84605,37957,1908.705538868711,1911.05419921875,0.570505195027794,0.2366957482353426,1.5595889599876718,-0.5517007735489282,-0.1500914097805825,855.9307250192063,22.707733182606887,1.0,276.0,60,90,270,324.0,NAUSHEHRA PANNUAN-11
39984,Jodhpur (431),BARNALA,30.42037,75.3824844,39984,1912.0312475662995,1911.053466796875,0.6606000106297557,0.2961058666486919,1.788163999122639,-0.6078513694814798,-0.2189841076795633,659.3928595321851,23.620695853607096,1.0,1100.2,8,32,50,996.0,SEHNA
29165,Bhandal Bet (37),KAPURTHALA,31.3873882,75.2241,29165,1912.6537889057404,1911.05224609375,0.5371195255058946,0.2236994450534015,1.5435600231335511,-0.5174574607535937,-0.1362173805935652,902.7425452372064,22.41804095865473,1.0,1105.0,300,300,765,425.0,DHILWAN
34013,Bahona (52),MOGA,30.7747746,75.2021942,34013,1907.68265669612,1911.0521240234375,0.6383785242230734,0.2938732497344815,1.8521363739609769,-0.5784544430872495,-0.2141956228390096,709.653491060962,23.123877752892497,1.0,566.8,300,300,629,534.0,MOGA-I
34091,Talwandi Naubahar (312),MOGA,30.9369373,75.1404,34091,1913.195656176604,1911.0511474609375,0.5852576444201395,0.2578326645488777,1.741586316823439,-0.5479665562557152,-0.1825032981229451,703.1934228181005,23.17415189622129,0.8361984268557008,295.0,100,200,277,346.0,KOT-ISE-KHAN
39413,Jitwal Kalan (29),SANGRUR,30.522522,75.88475,39413,1911.2384860450816,1911.051025390625,0.6640352914337513,0.3167962412640993,1.754515490679594,-0.6284147445496748,-0.2341382742516453,756.8173097618587,22.942907399989533,0.9129986976115134,246.0,100,0,734,338.0,AHMEDGARH
34082,Attari (317),MOGA,30.8288288,75.09762,34082,1910.383524003293,1911.0504150390625,0.6969346971920146,0.3590589315961958,2.064009400602769,-0.6296414995239085,-0.2786257609340807,707.8110220839875,23.16254334835986,1.0,335.0,200,200,272,371.0,KOT-ISE-KHAN
30135,Burj Pukhta (150),JALANDHAR,31.0270271,75.77908,30135,1913.0684307088743,1911.050048828125,0.5731501002991898,0.2152393105256215,1.7169080046669334,-0.5435670044142318,-0.1455978731315912,864.273304026355,22.76681682189809,0.9107649785260328,228.0,31,28,116,228.0,PHILLAUR
39770,Chatha Sekhwan (8),SANGRUR,30.216217,75.81421,39770,1913.0129350260488,1911.0498046875,0.6951225592473603,0.340313614582407,1.8753789735299329,-0.6244998454402315,-0.2589295972549368,664.369711559047,23.50652716030657,1.0,191.0,305,297,741,1072.0,SANGRUR
39391,Kasba Bhural (6),SANGRUR,30.3603611,75.8630447,39391,1911.2769239269523,1911.049072265625,0.6317058087658842,0.2755113944478721,1.5851290034048495,-0.606576094790065,-0.1892178311208503,732.1018817832368,23.108114059784786,1.0,1128.0,50,0,470,1212.0,AHMEDGARH
39624,Benra (95),SANGRUR,30.3783779,75.85614,39624,1911.3754917388048,1911.048828125,0.5923774357915349,0.26954712781454,1.5044044153398863,-0.557952365569273,-0.1768494550321157,681.3442424154612,23.35959223597586,1.0,1527.0,2509,587,917,1726.0,DHURI
39834,Dhandial (157),SANGRUR,30.0360355,75.92574,39834,1908.522896243106,1911.048095703125,0.6149278215930493,0.2863015908430221,1.6374083554420749,-0.5754525727187212,-0.1954509255638833,649.0507779096766,23.722694509719872,1.0,514.0,525,2,370,587.0,DIRBA
29320,Manan (182),KAPURTHALA,31.3873882,75.39295,29320,1915.457969145648,1911.0474853515625,0.5764534934165425,0.211445944738566,1.6988080623066826,-0.5489803842231711,-0.1385246070471775,942.3733892848388,22.416556765311952,1.0,2.6,22,22,135,242.0,KAPURTHALA
35475,Chak Dhimanwali (69),FARIDKOT,30.64865,74.7688141,35475,1907.306919302611,1911.046875,0.5223380458274127,0.2522566820443707,1.5012768059331825,-0.498610799135024,-0.1507543132255434,555.2153530528443,24.0456105442222,1.0,200.0,370,89,492,227.0,KOT KAPURA
39670,Mehsampur (228),SANGRUR,30.2882881,76.09938,39670,1911.021150984353,1911.045654296875,0.6509037033560614,0.3042551545406451,1.5843271354764623,-0.6097998374551087,-0.208918862903661,697.4079254081147,23.226396516607792,1.0,425.0,150,150,250,398.0,BHAWANI GARH
33925,Manuke (105),MOGA,30.666666,75.09697,33925,1910.5791482482296,1911.0435791015625,0.6486952869675521,0.3034410680747479,1.826099563810796,-0.6054341186606038,-0.2228793574250538,648.7571838309663,23.58814228496766,1.0,2220.0,751,0,1902,2458.0,BAGHAPURANA
33739,Chak Bhai Ka (26),LUDHIANA,30.6496162,75.58923,33739,1910.4120439985584,1911.04052734375,0.6711732049133318,0.3121275901760252,1.8740344179512085,-0.6127138237121638,-0.2340003818810378,691.6006448676484,23.26709664117152,1.0,3.0,1058,205,353,543.0,RAIKOT
33748,Binjal (153),LUDHIANA,30.64949,75.58906,33748,1912.951391320692,1911.0404052734375,0.6641784360980294,0.303884456349575,1.8459780619015225,-0.6104491682506143,-0.2294842547874811,710.6089386155503,23.10264680995272,1.0,2.0,50,200,400,352.0,RAIKOT
37561,Chhapa Ramsingh (255),AMRITSAR,31.6216221,74.8838348,37561,1911.324916920268,1911.0401611328125,0.4114661861256298,0.0665450965742895,1.2055021024101202,-0.4008168847407893,-0.006714451906573,937.344945858882,22.51682933742805,1.0,15.0,5,5,67,372.0,JANDIALA GURU
29940,Chanian (6),JALANDHAR,31.1171169,75.472084,29940,1910.070923738589,1911.039794921875,0.6561465142985532,0.2944706569221875,1.855798415120148,-0.6115084439970783,-0.2163583416923625,843.5361943033316,22.590631621744127,1.0,368.0,80,80,458,411.0,NAKODAR
35586,Jeonwala (124),FARIDKOT,30.594595,74.81081,35586,1911.294810926948,1911.038330078125,0.6381595081159189,0.3067502055403079,1.8691184432754189,-0.5946335288619735,-0.2229552674291001,606.328068902555,23.74151393462793,1.0,1417.0,375,352,883,1214.0,KOT KAPURA
30090,Cheema Khurd (56),JALANDHAR,31.0810814,75.59072,30090,1911.2139521965485,1911.0380859375,0.5958651472371956,0.2482315691508365,1.7020312083531832,-0.5677011382686575,-0.1672414812505661,821.2975802829163,22.77606139731529,1.0,20.03,152,0,260,271.0,NURMAHAL
34103,Lohgarh (288),MOGA,30.9549541,75.13356,34103,1913.7374945383183,1911.0377197265625,0.6673458269549656,0.3249304056728523,2.1169462734990505,-0.6073113661314286,-0.2519008560543173,745.6278446128266,22.94287039083514,1.0,1045.0,383,151,668,1208.0,KOT-ISE-KHAN
34204,Boghewal (201),MOGA,30.9369373,75.16141,34204,1906.7103390844816,1911.0369873046875,0.6121868701477033,0.3166775650576936,1.7989761102766737,-0.5667028752540967,-0.2243611637122903,729.2444402246373,23.06914810929,1.0,117.0,55,55,255,125.0,KOT-ISE-KHAN
37596,Heir (410),AMRITSAR,31.54955,74.67793,37596,1911.915195227613,1911.03564453125,0.5510991514891999,0.21264719398315,1.4031175278014894,-0.5215858683114554,-0.1249924021180153,919.3578007628817,22.93058248781449,1.0,89.0,179,45,73,113.0,ATTARI
30441,Bagota (416),JALANDHAR,31.3873882,75.4562759,30441,1915.8649629437325,1911.0345458984375,0.4608613957586871,0.0966465452958971,1.3809118598063708,-0.4635853286906183,-0.0369467040714571,958.2364502360718,22.3924562069638,1.0,10.55,0,0,14,136.0,JALANDHAR - WEST
33958,Cheeda (125),MOGA,30.564188,75.02913,33958,1912.5367025572275,1911.03369140625,0.6537566899256294,0.318947747436718,1.9779442126715363,-0.5930310838049647,-0.2377693899323333,583.7170100348058,23.876152035432128,1.0,1100.0,220,220,420,618.0,BAGHAPURANA
33976,Mahla Khurd (71),MOGA,30.6846848,75.11098,33976,1910.2116665060585,1911.032470703125,0.677199382895374,0.315531031344435,1.874387876262376,-0.6259339381542357,-0.2379771037126618,667.2901491033888,23.48388315481329,1.0,1382.0,73,221,413,627.0,BAGHAPURANA
33741,Boparai Khurd (168),LUDHIANA,30.6495876,75.58939,33741,1910.2761410577173,1911.0316162109375,0.6512428964479183,0.277758281353555,1.7960901411968524,-0.607563989935706,-0.2019714428954841,696.1790818821639,23.25437478543396,1.0,473.0,113,65,566,518.0,RAIKOT
39651,Issi (79),SANGRUR,30.3783779,75.85614,39651,1910.883991619,1911.029541015625,0.5995501265416204,0.2687779493502071,1.5170629943320717,-0.5666031072687738,-0.1756778066889485,704.2375725233055,23.22221666146781,1.0,548.0,250,280,340,611.0,DHURI
34509,Jamaitpur Dheru (133),FIROZEPUR,30.9369373,74.65725,34509,1910.7584126097508,1911.0286865234375,0.6080324982959981,0.285422135746154,1.5638752547243953,-0.5839651670059858,-0.1907892876196347,654.6592635099231,23.60470788501612,1.0,317.0,82,0,196,338.0,GHALL KHURD
29774,Bara Budhsingh (193),JALANDHAR,31.1711712,75.19925,29774,1915.8737076512489,1911.0286865234375,0.5748955700001623,0.2604503337700549,1.5971544026006192,-0.5511531373971025,-0.1682209228156386,817.6976385524171,22.81345387128846,1.0,129.0,19,42,120,141.0,LOHIAN
39979,Pharwahi (52),BARNALA,30.3688774,75.54319,39979,1913.4864922727384,1911.02734375,0.6804344124016527,0.322186185853992,1.739370029030231,-0.6265094814375116,-0.2386836097553957,666.9477335005625,23.660029374152906,1.0,3564.0,56,532,902,1285.0,BARNALA
33880,Galib Ran Singh (44),LUDHIANA,30.81081,75.48213,33880,1910.711002561514,1911.0257568359375,0.7234509805367927,0.3747506370088478,2.3112364824080283,-0.6549793676684694,-0.3039786288455552,759.3082579348661,22.88954538901574,1.0,239.0,300,100,225,326.0,JAGRAON
39876,Rorewala (151),SANGRUR,29.927927,75.80155,39876,1911.797853284944,1911.0255126953125,0.5920048960972867,0.2617531814157182,1.502310580186785,-0.5677338547954863,-0.1680063375474316,652.1042379548447,23.76469388549134,1.0,1200.0,1256,125,400,472.0,LEHRAGAGA
34726,Dona Nawab Sahib (256),FIROZEPUR,30.9189186,74.47517,34726,1909.9087971515496,1911.0242919921875,0.6023311302700732,0.2765382509662891,1.4902181668842924,-0.5705065085642423,-0.1822709208684557,616.3843068292039,23.812034812580865,1.0,17.57,25,10,14,19.0,MAMDOT
39576,Alipur Khalsa (20),SANGRUR,30.4864864,75.856636,39576,1910.9166933345032,1911.02392578125,0.6076056673946781,0.2931070998339337,1.520959942250617,-0.589838884613231,-0.1967984180359258,709.3248465583265,23.185518810872868,1.0,200.0,40,100,292,410.0,SHERPUR
34072,Daulatpur Niwan (11),MOGA,30.81081,75.18842,34072,1910.268451121413,1911.0233154296875,0.5968148435230488,0.2764145719648934,1.6076911577809845,-0.56468138345901,-0.186640707853741,698.2351931741135,23.3281582133003,1.0,6843.0,25,160,750,865.0,MOGA-II
33881,Galib Kalan (124),LUDHIANA,30.666666,75.47403,33881,1910.919307241396,1911.0223388671875,0.6714071271534967,0.3354859031671862,1.992802530137592,-0.6206880653664052,-0.2569372325035713,730.1608166830154,23.013723113567384,1.0,2165.0,1200,1200,1316,2165.0,JAGRAON
30115,Jhungian Mahansingh (157),JALANDHAR,31.0270271,75.77908,30115,1911.8941578491776,1911.02197265625,0.6157917211483078,0.2681272560049732,1.713629369053672,-0.5782210151107915,-0.1844822783316416,863.2564389460174,22.74124125281292,1.0,308.0,11,11,38,308.0,PHILLAUR
34656,Waryamwala (80),FIROZEPUR,30.9538326,74.61797,34656,1910.9898394813904,1911.0189208984375,0.605917317889994,0.2622870928370429,1.496153063369447,-0.5766976785553232,-0.1708997172061545,633.4915700366395,23.7499090722734,1.0,50.0,80,30,70,131.0,FIROZPUR
37821,Gaggar Bhana (43),AMRITSAR,31.6036034,75.2078247,37821,1905.8765320217824,1911.0186767578125,0.5003168051653303,0.1883029280089165,1.540851027510287,-0.4814866900376591,-0.109649815422677,936.1196401526826,22.40871888290445,1.0,1160.0,200,280,810,675.0,RAYYA
39411,Dilawargarh (32),SANGRUR,30.522522,75.88475,39411,1911.807659264036,1911.018310546875,0.6198117683405392,0.2779926952985034,1.634331627535205,-0.5876198071898013,-0.1938872487546991,760.2889480998414,22.927026586350337,0.9794039063726804,256.0,155,20,414,288.0,AHMEDGARH
35502,Ahel (35),FARIDKOT,30.54054,74.8318939,35502,1912.886644752416,1911.0162353515625,0.5711201190455183,0.2511336961971227,1.5202639408230032,-0.5423962205832443,-0.158511653807861,589.0005323102372,23.95004577035394,1.0,700.0,60,60,222,286.0,FARIDKOT
33559,Narangwal (306),LUDHIANA,30.3948956,75.74166,33559,1907.9170444512863,1911.0155029296875,0.635568116823833,0.2816662728122613,1.8419221045798704,-0.5935989214072922,-0.2064027873836026,808.5676672866242,22.77318496325944,1.0,389.5,230,52,546,491.0,DEHLON
30528,Pattar Kalan (390),JALANDHAR,31.3988247,75.446106,30528,1912.9028766264528,1911.0150146484375,0.5799850019063548,0.2080239338721361,1.845707961487044,-0.5352118744087891,-0.1406418929218315,928.3154461323936,22.44479730139184,1.0,508.0,0,0,600,570.0,JALANDHAR - WEST
34027,Nathu wala zadid (46),MOGA,30.8183422,75.33598,34027,1907.5598071588213,1911.014892578125,0.6512683530607927,0.2954116036972624,1.8600301915223527,-0.6032584678688592,-0.2199473772730871,728.6343666722672,23.032413850028888,1.0,296.4,150,150,424,362.0,MOGA-I
34494,Misriwala (197),FIROZEPUR,30.9369373,74.6152344,34494,1908.7323877741087,1911.014404296875,0.5904607108301385,0.244940022850251,1.594640536214471,-0.5577783305563635,-0.1616981082715975,663.8614776542084,23.52512561971713,1.0,140.0,50,167,350,390.0,GHALL KHURD
34169,Bajeke (244),MOGA,30.9549541,75.2176,34169,1911.1205729373632,1911.01416015625,0.6831541437900197,0.3650289588809744,2.124549281534471,-0.6159225184453214,-0.2823073485589263,694.4905462672608,23.069375095900625,1.0,467.0,180,180,215,523.0,KOT-ISE-KHAN
37640,Hoshiar Nagar (406),AMRITSAR,31.54955,74.67793,37640,1913.822107220585,1911.0140380859375,0.5383250276462018,0.19635054769741,1.3810511683977145,-0.5067938406616772,-0.1118867481615903,919.3578007628817,22.93058248781449,1.0,550.0,100,100,270,655.0,ATTARI
33955,Sukha Nand (124),MOGA,30.564188,75.02913,33955,1912.572386959624,1911.0133056640625,0.617319680974867,0.2779845821855224,1.7629849257043992,-0.5765351553939329,-0.196101726012374,579.8657111119804,23.902879587765835,1.0,260.0,290,290,1112,1660.0,BAGHAPURANA
33343,Bhathal (227),LUDHIANA,30.738739,76.01257,33343,1906.967392649088,1911.012451171875,0.5920281612559148,0.2956596652218128,2.0287067296745493,-0.536820920168907,-0.2080189551262199,834.8539173779586,22.723665914812333,1.0,25.0,25,0,152,189.0,DORAHA
39618,Jahangir (61),SANGRUR,30.3783779,75.85614,39618,1911.4518047842507,1911.0107421875,0.6097665380131023,0.2868989480400217,1.5773342301819957,-0.569103834538202,-0.1949642818208422,692.9895821025269,23.36108680154888,1.0,399.0,1267,287,463,618.0,DHURI
29361,Dariewal (52),KAPURTHALA,31.2252254,75.2422256,29361,1912.136120851518,1911.00830078125,0.5604647926879432,0.1722206216194898,1.6588587449874552,-0.5249047131466753,-0.1035591215222888,898.8669755866425,22.699202355922864,1.0,113.29,60,0,120,125.0,SULTANPUR LODHI
39455,Dhadewari (60),SANGRUR,30.3603611,75.8630447,39455,1911.6508099019904,1911.0072021484375,0.621132847990935,0.2773854674135034,1.5596328366768817,-0.5849810648021115,-0.1824729465519908,744.2423112587771,23.000666001717203,1.0,110.0,100,20,97,119.0,AHMEDGARH
30653,Bhulpur (531),HOSHIARPUR,31.72973,75.79725,30653,1911.048204612233,1911.003662109375,0.5358210823211235,0.2227335219145168,1.6106095928647042,-0.510838415339645,-0.1365059803009738,922.9710065814952,22.39567018383143,1.0,0.1,0,0,395,417.0,TANDA
30795,Mannowal (494),HOSHIARPUR,31.8378372,75.73746,30795,1902.423939427632,1911.0030517578125,0.5304209796141977,0.2346898748409844,1.5617337674307967,-0.5126860015177298,-0.1414629138869049,941.5719135066676,22.4098734897142,1.0,50.0,2,16,64,167.0,DASUYA
35557,Bhagthala Khurd (81),FARIDKOT,30.594595,74.81081,35557,1907.483283612452,1911.0013427734375,0.5453134549700792,0.2363983901481023,1.407177140078954,-0.5250143172544794,-0.141285524259025,640.7798620870011,23.5841030951018,1.0,101.2,70,70,153,320.0,FARIDKOT
29306,Chak (215),KAPURTHALA,31.36937,75.3784943,29306,1915.105802165436,1910.999755859375,0.6071845081716765,0.23611891732735,1.871465241336741,-0.5647418508212568,-0.1662155025819418,942.3733892848388,22.416556765311952,1.0,1.0,0,0,2,149.0,KAPURTHALA
33961,Thathi Bhai (126),MOGA,30.54054,75.10386,33961,1911.6545544586213,1910.998779296875,0.6571160513183675,0.3208655393084751,1.9465518607072747,-0.6002756549282375,-0.2403299249763446,593.0209779443971,23.79549308583654,1.0,1166.3,271,215,889,1166.0,BAGHAPURANA
36221,Saidipur (16),PATIALA,30.216217,76.27293,36221,1909.618683719271,1910.998779296875,0.5083659926150974,0.2112290251689647,1.3880529606841996,-0.5044086831337664,-0.1181645053045274,807.036930601825,23.076397794994136,1.0,250.0,21,21,23,76.0,SAMANA
36649,Sasi Brahmanan (191),PATIALA,30.2342339,76.34947,36649,1912.213048754676,1910.997802734375,0.4058415224121753,0.1526925137913401,0.9523853140292526,-0.4523194245881491,-0.0432669631895307,765.8743115625186,23.212723577732355,1.0,25.0,30,30,60,262.0,PATIALA
39777,Bahadarpur (66),SANGRUR,30.2522526,75.86286,39777,1913.1807111961805,1910.9976806640625,0.6532366310419558,0.3138537090259163,1.747083335814764,-0.6037703981265324,-0.2285262424410835,676.9030345849752,23.46018377913609,0.963345663265349,2.47,50,0,1050,1462.0,SANGRUR
33284,Chak Slhandaud (418),LUDHIANA,30.3243237,75.83512,33284,1907.40972576378,1910.99755859375,0.6529736845619886,0.3195601639189063,1.534700860049205,-0.6187517133469409,-0.2198762068101268,760.2889480998414,22.927026586350337,1.0,700.0,200,200,430,203.0,Maloud
33906,Lohara (169),MOGA,30.594595,75.29224,33906,1911.7119861477368,1910.9970703125,0.6465837976883452,0.2914934743640433,2.019459556292386,-0.5961668035554827,-0.2188823879842037,673.925568535071,23.441484991381195,1.0,458.0,0,212,380,525.0,NIHAL SINGH WALA
33762,Lamma (152),LUDHIANA,30.666666,75.47403,33762,1913.3364931206645,1910.9970703125,0.66370861467613,0.308539803099401,1.8567922491303288,-0.6062923896359588,-0.2334969974732857,710.6089386155503,23.10264680995272,1.0,780.0,500,250,580,780.0,JAGRAON
33549,Latala (378),LUDHIANA,30.8648643,75.86051,33549,1911.994261655408,1910.996826171875,0.6538373445283723,0.2906624052543159,1.754805923552032,-0.6075242981682771,-0.21329580228196,777.2379691393492,22.916263577628552,1.0,10.0,100,0,1225,865.0,PAKHOWAL
29882,Rasulpur Kalan (144),JALANDHAR,31.2252254,75.41079,29882,1913.0356266617937,1910.99609375,0.6060415019732863,0.23861922936683,1.7339903297868884,-0.5725424477841201,-0.1660735899739513,891.7781629420792,22.535357852006427,1.0,2.47,250,160,360,472.0,NAKODAR
33931,Khai (148),MOGA,30.55856,75.24334,33931,1911.3828472368257,1910.9959716796875,0.6799513188208313,0.3254492964866586,1.996282244250924,-0.6156444630838976,-0.2504017467856786,646.4254443147825,23.59594592004616,1.0,786.0,310,310,638,932.0,NIHAL SINGH WALA
29944,Panjgrain (13),JALANDHAR,31.1351357,75.48642,29944,1910.562438444185,1910.9959716796875,0.663543260481387,0.3134685507483388,1.89782756858167,-0.6134228751510694,-0.2323993092937941,842.5791057755845,22.591726153523496,1.0,268.0,5,5,5,284.0,NAKODAR
33935,Samadhbhai (142),MOGA,30.6846848,75.11098,33935,1910.3539249507064,1910.995361328125,0.6361660234915034,0.3006669895734264,1.8341138556484515,-0.5955277908819085,-0.2180629025128393,634.2652673491407,23.63405341045611,1.0,1850.0,848,848,1122,2624.0,BAGHAPURANA
34729,Khamba (253),FIROZEPUR,30.6846848,74.35673,34729,1908.687933205367,1910.994384765625,0.6238873949412173,0.2875769768288725,1.5335063338300805,-0.5860834626505943,-0.1912580788300883,634.6124204804795,23.884184272387643,1.0,55.5,500,80,132,62.0,MAMDOT
33643,Barewal Dogran (107),LUDHIANA,30.9020481,75.8312149,33643,1913.6910490637008,1910.99365234375,0.5181569289530529,0.2007187214012241,1.485282561819475,-0.517547335242356,-0.1148832170558414,864.273304026355,22.76681682189809,1.0,120.0,35,16,63,126.0,LUDHIANA-1
29336,Bhano Langa (167),KAPURTHALA,31.36937,75.3784943,29336,1913.7294449149988,1910.9927978515625,0.5932493660685328,0.2298286190804513,1.8686399907209013,-0.5530938279504412,-0.1621013672863487,923.7338992764847,22.55090936966161,1.0,176.0,60,257,480,212.0,KAPURTHALA
34510,Gadodoo (131),FIROZEPUR,30.946207,74.6239548,34510,1911.3917133791847,1910.991943359375,0.6458556278988675,0.3242175940999749,1.7118214663815234,-0.6081884689752375,-0.2297568982002929,660.102857520342,23.57525304982637,1.0,158.0,21,41,43,161.0,GHALL KHURD
39426,Dulwan (27),SANGRUR,30.522522,75.88475,39426,1910.5446753260608,1910.99169921875,0.6494519592460656,0.306111618513229,1.667634052772638,-0.6083173396595121,-0.2167210351567694,744.6301522662537,22.99865686411482,1.0,282.0,100,8,219,306.0,AHMEDGARH
37905,Khabe Dogran (82),Tarn Taran,31.4757462,74.91092,37905,1910.0225920339967,1910.991455078125,0.5044453263626621,0.1743305046919794,1.3338087824446774,-0.486056709282889,-0.0910323988522023,896.61962715887,22.56292476641289,1.0,40.0,60,60,60,439.0,TARN TARAN-12
40030,Gangohar (31),BARNALA,30.522522,75.57101,40030,1909.9769841075447,1910.9901123046875,0.6398873602454697,0.2942216458991951,1.6916265416380485,-0.6042016306076583,-0.2097715779002135,694.1974093960281,23.33487360536363,1.0,342.0,97,97,358,389.0,MEHAL KALAN
39853,Sansarpura (29),SANGRUR,30.2488155,75.83926,39853,1911.0435215577168,1910.9901123046875,0.6045042236914169,0.2738506661807902,1.5494021637791011,-0.5643856032473542,-0.1872511171494959,659.4500186850922,23.70719257325942,1.0,2.47,0,0,12,116.0,SUNAM
34894,Thara Singhwala Uttar (268),FAZILKA,30.6228428,74.20344,34894,1910.8680454046528,1910.987060546875,0.5689309528427753,0.2554261173153823,1.4539058212965394,-0.5521622620621133,-0.1608106934404481,594.8401434240724,24.063794828907582,1.0,270.0,220,225,235,93.0,GURU HAR SAHAI
39972,Badbar (69),BARNALA,30.3783779,75.54286,39972,1909.801431077276,1910.9866943359375,0.6490316407896837,0.300399931593316,1.7955690939933904,-0.6010179758619283,-0.2193765504126415,671.3411446812172,23.62293197222495,0.978709296647868,1746.0,2145,1150,1950,2066.0,BARNALA
38024,Gulalipur (228),Tarn Taran,31.477478,74.91614,38024,1912.1212188512047,1910.9832763671875,0.5365125926647895,0.2081947398148888,1.474679293500688,-0.5211117659424138,-0.12521600007028,795.6073522064079,22.944066786038466,1.0,70.0,70,70,248,265.0,TARN TARAN-12
35592,Burj Harika (146),FARIDKOT,30.3963966,75.01367,35592,1909.743793507226,1910.981201171875,0.6257523119021886,0.2943414007158121,1.9406797032946288,-0.5693633664155306,-0.2113825366354844,562.93491324936,23.97190884991156,1.0,566.0,223,248,462,618.0,Jaitu
34722,Sodhiwala (266),FIROZEPUR,0.0,0.0,34722,1908.7354386802024,1910.9788818359375,0.5859802495469583,0.2496572105571065,1.5075902418432523,-0.5541579913443561,-0.1586638986186395,627.0652546789777,23.77324650469554,1.0,205.0,40,115,156,271.0,FIROZPUR
34521,Rukna Mungla (115),FIROZEPUR,30.9279537,74.61745,34521,1911.6988498478795,1910.978759765625,0.5495193693932638,0.1732517929010409,1.3624380627282873,-0.5356561417146309,-0.0967959448077144,630.8803054501908,23.741871670056355,0.7727098727363557,200.0,60,40,80,112.0,FIROZPUR
38301,Ghasitpura (127),Tarn Taran,31.477478,75.0217743,38301,1911.8106513633284,1910.977294921875,0.5118317365756138,0.1879744871226981,1.4347257942617209,-0.5005824641478241,-0.1037977350444638,917.6368221181908,22.52529501661626,1.0,30.0,200,40,290,187.0,KHADUR-SAHIB-10
33217,Sarai Lashkri Khan (152),LUDHIANA,30.63063,76.09503,33217,1908.368424871528,1910.9766845703125,0.512133306923864,0.1938962164189272,1.91781559948304,-0.4746588382646501,-0.1251075691469462,847.0776420120101,22.682638088177125,1.0,2.47,0,0,1,8.0,KHANNA
35555,Bholuwala (78) (Part),FARIDKOT,30.594595,74.81081,35555,1907.8873644357536,1910.9764404296875,0.5298125531449527,0.2717794134848864,1.4601119998295788,-0.5009048248617249,-0.1624788553934543,601.8972042014497,23.760153261378434,1.0,162.0,80,145,225,212.0,FARIDKOT
37546,Nawan Kot (145),AMRITSAR,31.6396389,75.00416,37546,1910.899613487116,1910.97607421875,0.3618100751574206,0.0370705282400296,1.0322528627376608,-0.364133139177252,0.0146452252691001,933.436656277408,22.53343531145123,0.8809977744057149,129.0,0,35,200,110.0,JANDIALA GURU
29932,Chak Vendal (9),JALANDHAR,31.18919,75.5294952,29932,1912.7492177555755,1910.9739990234375,0.6001718769055019,0.2441413507049085,1.7212331468500328,-0.5648399811384963,-0.1684880851006334,892.3655989577668,22.53479004222732,1.0,472.0,82,82,387,526.0,NAKODAR
39567,Mubarakpur (79),SANGRUR,30.522522,75.88475,39567,1911.3010889146103,1910.973876953125,0.6255429283461332,0.2995875006162218,1.5690801113139574,-0.597708843344424,-0.204086194646119,710.6126490046876,23.17487815991421,1.0,345.0,250,0,453,445.0,AHMEDGARH
37560,Nizampura (253),AMRITSAR,31.6216221,74.90499,37560,1909.939342177152,1910.97119140625,0.3691087042409347,0.0319008013312153,1.058975258687254,-0.3731283087544557,0.0245503546985986,966.5752825225434,22.392632242713216,1.0,349.15,304,304,706,393.0,JANDIALA GURU
35535,Chak Bodla (17),FARIDKOT,30.54054,74.8318939,35535,1912.061994082188,1910.97021484375,0.615056183595187,0.2313254349684904,1.4532554990061866,-0.5858207942876372,-0.1486495113289341,609.9960598161118,23.74760085130731,1.0,15.0,0,2,5,251.0,FARIDKOT
29288,Lodhi Bhulana (125),KAPURTHALA,31.333334,75.22305,29288,1914.376125307756,1910.9656982421875,0.3698182909669873,0.0404115480116841,0.8775075536358226,-0.3719088325702724,0.0005744260528535,923.7338992764847,22.55090936966161,0.0561739108174693,2.5,20,50,260,285.0,KAPURTHALA
38316,Gagrewal (158),Tarn Taran,0.0,0.0,38316,1911.4808925496327,1910.96337890625,0.3899016359820934,0.1246257643545734,1.1216038694663304,-0.372293659538075,-0.0372094168077234,952.7160108441368,22.408231357907795,0.8735343018837095,1.44,50,255,279,725.0,KHADUR-SAHIB-10
34730,Jatala (255),FIROZEPUR,27.36937,77.70748,34730,1908.5137229802144,1910.9625244140625,0.5791747180321122,0.2530294397080929,1.4416956710623934,-0.5532796574426541,-0.1617571861424822,632.5868059264418,23.87616660261419,1.0,172.0,59,59,91,175.0,MAMDOT
34448,Jandwala (176),FIROZEPUR,30.6773281,75.8238449,34448,1907.8601596232604,1910.9622802734375,0.5947022734378332,0.2515792957240744,1.5452658956415088,-0.5676485212943178,-0.1652462195123862,637.9110345996023,23.613582254853664,1.0,180.0,160,0,256,272.0,GHALL KHURD
38312,Fazilpur (143),Tarn Taran,31.5629711,75.02916,38312,1912.975186377707,1910.9609375,0.5101600989030207,0.1657362521469738,1.53784564107213,-0.4832871760730827,-0.0930155089211871,953.4446242263216,22.404917930807244,1.0,2.47,50,50,203,281.0,KHADUR-SAHIB-10
36185,Kotli (67),PATIALA,30.1981983,76.1755753,36185,1912.157143526492,1910.9591064453125,0.6125327374415134,0.2815008586586852,1.6214694294313767,-0.5708699757247226,-0.1908035609559648,679.7128518524092,23.411712664678568,1.0,241.0,151,131,182,266.0,SAMANA
34493,Badhni Gulab Singh (196),FIROZEPUR,30.9369373,74.65725,34493,1908.406523473448,1910.9578857421875,0.6650793020678888,0.3081391151721264,1.823875476124397,-0.6105914001943177,-0.2269452936563644,654.8051864716701,23.60332482831827,1.0,500.0,40,0,107,264.0,GHALL KHURD
33956,Daluwala (134),MOGA,30.54054,75.10386,33956,1910.7778531024696,1910.9571533203125,0.6379796998844469,0.3106543346629504,1.9630503927878968,-0.5932414795133544,-0.227658992877595,608.3834505541463,23.745138087120345,1.0,500.0,145,145,246,445.0,BAGHAPURANA
34446,Phide (173),FIROZEPUR,30.8625813,74.9359,34446,1912.9495315271388,1910.956298828125,0.6236204237950681,0.2700576594914025,1.6604953365375692,-0.587566839595952,-0.188606157531723,656.9214555432694,23.54723489433718,1.0,485.83,215,215,310,559.0,GHALL KHURD
36519,Mundkhera (7),PATIALA,30.3658161,76.37687,36519,1911.1632948476845,1910.9560546875,0.5735095033247158,0.2733896198166771,1.4700279887764798,-0.5529589252997843,-0.1723880212425937,806.3507172276871,23.00491997713073,1.0,340.0,25,25,200,383.0,PATIALA
29766,Jalanpur Kalan (204),JALANDHAR,31.45946,75.45092,29766,1912.1428245090667,1910.954833984375,0.5755692998111026,0.2650106628932317,1.6421595824465929,-0.5492463408816468,-0.1737932964637795,733.9174094607728,22.97211084760505,1.0,143.0,18,10,159,152.0,LOHIAN
30098,Kandola Khurd (43),JALANDHAR,31.1562843,75.6998444,30098,1910.5045232819425,1910.9537353515625,0.6506391987185782,0.296834524004082,1.968800712417024,-0.598342528223172,-0.2212482400424237,831.9011124780076,22.70811725901973,1.0,149.0,60,59,179,167.0,NURMAHAL
33726,Bhaini Darera (199),LUDHIANA,30.6495266,75.5894,33726,1912.3111941074883,1910.9537353515625,0.6511175311472269,0.2940038739373036,1.7332857985482075,-0.6053857023559137,-0.2122818966971739,756.9930226179853,23.00335735214071,1.0,435.0,180,180,339,475.0,RAIKOT
29689,Kutbiwal (212),JALANDHAR,31.0810814,75.3382645,29689,1909.732771500013,1910.953125,0.5663178829579907,0.2736516802865807,1.726672456331232,-0.5331592410546963,-0.1784644074736192,803.2231627596151,22.8710379183498,1.0,125.0,21,21,57,139.0,LOHIAN
29204,Khera Bet (67),KAPURTHALA,31.45946,75.1552,29204,1911.6350894960533,1910.9530029296875,0.5749525015162064,0.2622991086550424,1.6458508446655344,-0.5445498019942246,-0.1743359291635218,925.911474498634,22.49703259399036,1.0,126.0,100,100,251,276.0,DHILWAN
34661,Waghewala (75),FIROZEPUR,30.9583225,74.60948,34661,1912.7801503817293,1910.9522705078125,0.5691487912994447,0.2344235985363608,1.3817174291258412,-0.5534598825469763,-0.1398131333502709,633.4915700366395,23.7499090722734,1.0,114.0,180,180,247,306.0,FIROZPUR
34012,Mehron (51),MOGA,30.81081,75.16745,34012,1907.3217073027413,1910.9520263671875,0.6459323511582082,0.2944233703657027,1.8740830021096453,-0.584128562265122,-0.2163860764368136,705.1456501702129,23.167971923563563,1.0,527.93,358,72,683,793.0,MOGA-I
37595,Chak Heir (411),AMRITSAR,31.54955,74.67793,37595,1912.744329229361,1910.949462890625,0.543668866798209,0.1870817813443182,1.406246880813361,-0.5145157308548398,-0.106801961271503,919.3578007628817,22.93058248781449,1.0,40.0,69,102,162,44.0,ATTARI
34659,Luther (98),FIROZEPUR,30.9189186,74.58018,34659,1910.4620868056973,1910.9453125,0.515541176632336,0.2045777772115652,1.3411300951971017,-0.5070308040139953,-0.1086290260518645,630.8803054501908,23.741871670056355,1.0,90.0,50,30,150,111.0,FIROZPUR
36256,Haryaoo Khurd (160),PATIALA,29.8738747,75.98901,36256,1911.225697371988,1910.943115234375,0.5789388914997173,0.2672506460915105,1.607881843116417,-0.5490507702402231,-0.1756199854069399,642.0864555051224,23.88517504247796,1.0,477.0,22,352,930,1308.0,PATRAN
33899,Rama (168),MOGA,30.63063,75.38309,33899,1911.192398981249,1910.9429931640625,0.6813205110242218,0.3202861906397361,2.0831863591595825,-0.6224454064748504,-0.2482258614835064,683.6663874795335,23.34901542585584,1.0,1097.0,601,500,801,1138.0,NIHAL SINGH WALA
33947,Mari Mustfa (132),MOGA,30.4864864,75.06211,33947,1911.1257591334984,1910.94140625,0.6513693682319313,0.3175978219908184,1.9174021405254824,-0.6063437942823847,-0.2356620539237814,616.7806050986812,23.6942766488839,1.0,2200.0,465,742,1792,1843.0,BAGHAPURANA
37934,Manochahal (222),Tarn Taran,31.477478,74.91614,37934,1911.729698283761,1910.941162109375,0.5854613694296807,0.2473436542761785,1.5840594060963058,-0.5562173562825942,-0.1606966288300415,802.1015995395511,22.91319908298533,1.0,422.0,0,15,428,1500.0,TARN TARAN-12
29958,Sohal Khurd (39),JALANDHAR,31.0990982,75.28943,29958,1913.040555787978,1910.940673828125,0.5856405589320883,0.2404755226397672,1.8058446877177288,-0.551171544566744,-0.1660544375254851,834.8475488831895,22.65798149232063,1.0,2.47,7,0,170,71.0,MEHATPUR
40010,Raisar(Patiala) (40),BARNALA,30.522522,75.57101,40010,1911.4239902024285,1910.9354248046875,0.6780397971250545,0.3310134734605702,1.8859264675235865,-0.6242649107068423,-0.2487756987135329,670.0968387534516,23.50099503035227,1.0,584.0,500,350,450,728.0,MEHAL KALAN
37952,Begampur (106),Tarn Taran,31.35135,74.81548,37952,1909.441975521984,1910.9334716796875,0.563169232618675,0.2194269795430736,1.5602692819088613,-0.5292200645214745,-0.1347217300641589,855.9307250192063,22.707733182606887,1.0,50.0,30,23,90,159.0,NAUSHEHRA PANNUAN-11
34197,Mandar Kalan (207),MOGA,30.81081,75.04157,34197,1908.435833990268,1910.932861328125,0.5436000125744654,0.298137406892023,1.554340950061701,-0.512890641618025,-0.1931104237755143,733.9174094607728,22.97211084760505,1.0,248.0,0,73,165,276.0,KOT-ISE-KHAN
38273,Hansawala (337),Tarn Taran,31.5675678,75.0095749,38273,1914.3808398247104,1910.93212890625,0.494832936992038,0.1567679786286958,1.4815413913513829,-0.4761651078307253,-0.0847858634140521,909.2489752599506,22.590178007590104,1.0,406.0,225,225,340,450.0,KHADUR-SAHIB-10
34644,Bukan Khanwala (216),FIROZEPUR,30.8828831,74.6360855,34644,1910.088867734045,1910.9317626953125,0.5703596971465591,0.262001374434941,1.4041576017812076,-0.5614852352958265,-0.1595997828510008,626.7304324469451,23.743010105939376,0.9351318952345584,240.0,60,80,300,622.0,FIROZPUR
29201,Saiflabad (75),KAPURTHALA,31.4954948,75.37432,29201,1911.4067097785123,1910.9310302734375,0.5880298999943034,0.2475468689310873,1.6673158983902645,-0.5564221277335075,-0.1618224704313987,931.265303771724,22.505780148381405,1.0,2.47,52,280,430,338.0,DHILWAN
34062,Sosan Basti Sandhuwan Dabhli (65),MOGA,30.81081,75.10451,34062,1908.1311212031069,1910.9288330078125,0.6515639350650436,0.3272326465188133,1.744711052845363,-0.6055655765332967,-0.2372948289643132,677.7504625728028,23.431952089010625,1.0,385.0,27,108,251,440.0,MOGA-II
30039,Haripur (125),JALANDHAR,31.0270271,75.77908,30039,1912.736409579912,1910.9285888671875,0.6295819044903875,0.272363519265319,1.8136316380986253,-0.5879534108452592,-0.1968440711446843,843.3253851554339,22.773228759999245,1.0,412.0,62,62,460,412.0,PHILLAUR
34005,Sandhuan Wala Urf Chupkiti (4),MOGA,30.7918053,75.11399,34005,1909.6081559598297,1910.92822265625,0.6248580350602457,0.269842094238124,1.7363077933508564,-0.5762409866736937,-0.1898433978832025,704.7184382042261,23.172150766117497,1.0,327.1,198,198,327,248.0,MOGA-I
34504,Faridewala (141),FIROZEPUR,30.9241676,74.6227646,34504,1909.6038243274668,1910.9276123046875,0.6332213328885451,0.3080295976150759,1.7614553392519532,-0.596217948895623,-0.2192787836775032,684.4847592522996,23.46220865201116,1.0,210.52,110,119,219,573.0,GHALL KHURD
29544,Kutubpur (190),KAPURTHALA,31.2072067,75.18575,29544,1908.8239111732423,1910.92724609375,0.5457145176437596,0.291870392183897,1.5613039725724078,-0.5089291379283756,-0.1865900148560871,816.9662448575394,22.834234023093245,1.0,2.47,0,0,1,102.0,SULTANPUR LODHI
34515,Badhni Jaimal Singh (199),FIROZEPUR,30.7027035,74.78972,34515,1912.0829502726729,1910.9249267578125,0.6128753603296686,0.266050093432841,1.5887434047184466,-0.5789763340502433,-0.178598097836425,647.9622664859193,23.662412032628083,1.0,402.0,40,45,209,480.0,GHALL KHURD
29151,Tukra No.3 (35),KAPURTHALA,31.4954948,75.35319,29151,1914.1949524776671,1910.924560546875,0.4913926866282012,0.1539979301903799,1.4709780453827714,-0.4748474649825903,-0.0793382059188065,904.3606760909456,22.40775749432817,1.0,34.0,0,0,2,34.0,DHILWAN
34776,Machhiwara (227),FIROZEPUR,30.8627949,74.80882,34776,1911.6703999227464,1910.9224853515625,0.6112879802817855,0.2767354489440595,1.4997058637859944,-0.5725288708138775,-0.1820975996383444,616.3843068292039,23.812034812580865,1.0,240.0,56,87,100,277.0,GHALL KHURD
40003,Malian (433),BARNALA,30.4144154,75.3827,40003,1911.2962155462333,1910.9217529296875,0.6755861447628241,0.3179167742429236,1.982620172284861,-0.6156436196563964,-0.2417744470395722,643.4816065242188,23.729204914304944,1.0,150.5,186,153,253,210.0,SEHNA
39775,Changal (18),SANGRUR,30.2882881,75.82812,39775,1911.1989275876024,1910.9205322265625,0.6807421977119587,0.3406630515373692,1.7778061450818148,-0.6254896609341679,-0.2503518654458828,678.5104366948502,23.42093000177232,1.0,699.0,250,270,457,748.0,SANGRUR
34468,Bhangali (160),FIROZEPUR,30.8648643,74.8109741,34468,1909.1289948678257,1910.9200439453125,0.5602765444145574,0.2352548336439132,1.4733024070720906,-0.5367980453911841,-0.1526862106313118,663.8614776542084,23.52512561971713,1.0,200.0,152,182,210,214.0,GHALL KHURD
30432,Zinokot (407),JALANDHAR,31.36937,76.13819,30432,1914.067335660272,1910.919921875,0.5281207255850613,0.1761337576379409,1.672170622477795,-0.5007657236936357,-0.1078670656426493,958.2364502360718,22.3924562069638,1.0,2.0,5,2,15,31.0,JALANDHAR - WEST
29432,Jhanduwala Rajputan (87),KAPURTHALA,31.2252254,75.20008,29432,1915.410114822364,1910.9190673828125,0.5499409832977754,0.1994608218486406,1.6364493145355476,-0.5128167121262831,-0.1294889041059302,872.9957841732125,22.742766355142585,1.0,2.47,0,0,3,51.0,SULTANPUR LODHI
39774,Khilrian (19),SANGRUR,30.27027,76.147995,39774,1910.995599464492,1910.916259765625,0.6676150292740827,0.3257704791952872,1.8291531062669089,-0.6138813151552108,-0.2421109834468669,678.5104366948502,23.42093000177232,1.0,326.0,72,87,169,354.0,SANGRUR
40035,Kutba (1),BARNALA,30.522522,75.57101,40035,1910.205591985652,1910.9140625,0.6566234211264932,0.3016179608311157,1.7229183548849043,-0.6166219729408237,-0.217185566675047,710.692541795841,23.215130609441747,1.0,904.0,396,396,490,997.0,MEHAL KALAN
34010,Dhurkot Tahli (50),MOGA,30.8288288,75.18155,34010,1907.3654046821928,1910.9129638671875,0.6811408019533982,0.3293696038124942,1.9462560251324048,-0.6193938432988965,-0.2479843814722862,704.2405238692328,23.176825562048275,1.0,317.0,116,116,226,363.0,MOGA-I
34727,Kari Khurd (251),FIROZEPUR,30.8648643,74.93691,34727,1909.3931356945209,1910.9111328125,0.5882635206234822,0.2536979210701512,1.4350956509974238,-0.5563147537622704,-0.1609727017618531,616.3843068292039,23.812034812580865,1.0,2.5,25,20,30,114.0,MAMDOT
36276,Bishanpur Alias Banwala (174),PATIALA,29.9459457,75.79449,36276,1909.6265386942248,1910.9110107421875,0.5171516583361769,0.230465959402225,1.477954311163134,-0.5017804076712635,-0.1352479673311472,648.6635019131802,23.68612684268924,1.0,1500.0,220,200,350,380.0,PATRAN
33407,Ghumait (194),LUDHIANA,30.9189186,75.84033,33407,1911.0355343463264,1910.9110107421875,0.5533763839212705,0.2328875932671707,1.636037819085176,-0.5286605448768806,-0.1477466676596658,842.9185880671332,22.77154750650892,0.9940798756025334,200.0,20,0,119,216.0,LUDHIANA-2
34469,Karmuwala (155),FIROZEPUR,30.9242916,74.6227646,34469,1909.349932538937,1910.9105224609375,0.583381244802337,0.2709937997113057,1.560019464898557,-0.5486926078617951,-0.1769578798447474,663.8614776542084,23.52512561971713,1.0,471.0,312,350,410,1193.0,GHALL KHURD
33408,Karaur (193),LUDHIANA,29.5135136,74.61961,33408,1911.7439054352576,1910.9091796875,0.5699411396898454,0.2449141781161876,1.682052498600773,-0.5431327734320441,-0.1590986156056106,835.0397142579453,22.79578354606297,1.0,20.0,10,15,36,218.0,LUDHIANA-2
33749,Jatpura (164),LUDHIANA,30.3783779,75.7726,33749,1913.047414539408,1910.90869140625,0.6963228287848047,0.3437462460753145,1.917599659504942,-0.6367084929010617,-0.264114160961607,709.4952545652465,23.11228182278169,1.0,20.0,250,250,350,563.0,RAIKOT
34057,Dagru (14),MOGA,30.9369373,75.32946,34057,1907.4824275471708,1910.9085693359375,0.5704024596561218,0.2482476684067891,1.540428001186052,-0.5458016494616789,-0.1608518405598526,687.30361938541,23.35982494747853,1.0,187.0,32,0,567,709.0,MOGA-II
29748,Reru (253),JALANDHAR,31.0329132,75.3222351,29748,1913.884776171894,1910.908447265625,0.5888755506296443,0.2724666393533064,1.728487206722319,-0.5525216455530192,-0.1864466431018387,749.6208945173789,22.89796200395799,1.0,2.57,10,0,144,238.0,SHAHKOT
34675,Rohela Haji Uttar (287),FIROZEPUR,30.9009018,74.50314,34675,1912.8152996605663,1910.907958984375,0.5418132322066356,0.1682263520242307,1.339605631864912,-0.5208104958348336,-0.0914521819189015,633.4915700366395,23.7499090722734,1.0,87.0,150,120,170,80.0,MAMDOT
35672,Ghureli (448),BATHINDA,30.27027,75.23005,35672,1908.706376946204,1910.90771484375,0.6765480323371696,0.3301408783939092,1.7827836953183136,-0.6248754471302519,-0.2450239508561471,632.3540850428154,23.892107146024323,1.0,280.0,350,186,216,316.0,RAMPURA
30216,Dhindsa (229),JALANDHAR,31.1171169,75.72464,30216,1908.5105329802943,1910.9075927734375,0.6423186772374666,0.2817165638739115,1.8548435561942629,-0.5960872981994416,-0.204942198811991,831.9011124780076,22.70811725901973,1.0,109.0,152,40,245,110.0,RURKA KALAN
35656,Bhai Rupa (32),BATHINDA,30.1981983,74.9455948,35656,1911.1476026772573,1910.9068603515625,0.6598667095544064,0.3009389727826366,1.9158823037432269,-0.6000366350615253,-0.2246635395574586,610.9881672668067,23.82217886049086,0.9886648214671272,900.0,112,115,116,4567.0,PHUL
39733,Nagra (109),SANGRUR,30.18018,76.03658,39733,1911.5090731655496,1910.9066162109375,0.6359550420192615,0.2985353731513944,1.622947052114155,-0.592382695175178,-0.2069375943614418,676.6350948655287,23.34973784509103,1.0,1803.0,50,560,815,1429.0,BHAWANI GARH
34856,Thatheran Wala (182),FAZILKA,30.64865,74.3499451,34856,1907.8539160131163,1910.90625,0.6092783273332436,0.286003214685825,1.5968868847827729,-0.5774921467688016,-0.1941513613569498,600.097382347812,23.98513700067548,1.0,112.5,41,0,117,406.0,GURU HAR SAHAI
39759,Banganwali (20),SANGRUR,30.27027,76.147995,39759,1909.921383732924,1910.905517578125,0.6138725611875315,0.2807785432001857,1.599767838898608,-0.5725039215647113,-0.1910981661961194,678.5104366948502,23.42093000177232,1.0,248.0,100,150,250,283.0,SANGRUR
33747,Umarpura (154),LUDHIANA,30.3963966,75.7865753,33747,1912.95447828253,1910.903564453125,0.7201726437824025,0.353779050283853,1.9467713231315047,-0.6504981480526163,-0.2765757943935708,713.1823549252665,23.10022481536039,1.0,120.0,143,20,48,115.0,RAIKOT
29955,Bir Pind (36),JALANDHAR,31.1351357,75.3811646,29955,1913.9573589203733,1910.9024658203125,0.5833721267036119,0.234887582853045,1.766491343524518,-0.5514008592601456,-0.1594885933930588,834.8475488831895,22.65798149232063,1.0,394.45,35,45,344,454.0,NAKODAR
34837,Jiwa Arain (292),FIROZEPUR,30.7148476,74.40911,34837,1907.1587456367413,1910.9000244140625,0.6369060076999484,0.307780893385363,1.7180490629150946,-0.5927369999867552,-0.2160955318990113,613.79268618888,23.996728291471108,1.0,192.0,312,251,267,630.0,GURU HAR SAHAI
36285,Dhur (138),PATIALA,29.9459457,76.044014,36285,1910.978575997574,1910.8990478515625,0.6109021169218197,0.28837162065321,1.6341877550571189,-0.568003590777637,-0.1956212948023419,649.3168232607744,23.691828752414,0.9542724148131266,5928.0,310,250,680,815.0,PATRAN
33730,kalsian (1),LUDHIANA,30.4144154,75.75877,33730,1912.3844412100727,1910.8988037109375,0.6534749234625336,0.2900524516483151,1.682146493386347,-0.618177707900085,-0.2073077998682981,732.1018817832368,23.108114059784786,1.0,900.0,600,500,750,970.0,RAIKOT
37711,Chhapianwali (32),AMRITSAR,31.6036034,75.22898,37711,1915.7677118047047,1910.8985595703125,0.4384473294136085,0.1210129318290497,1.3556635355497266,-0.4358396499228783,-0.0536914019112281,912.1679673082468,22.407993832030165,1.0,178.0,125,150,390,204.0,RAYYA
34039,Dosanjh (26),MOGA,30.81081,75.16745,34039,1910.3562935174537,1910.8984375,0.6053095774282289,0.2708877984089258,1.8644317212314927,-0.5655311559425791,-0.1953078555794757,704.5967427526567,23.079189370086898,1.0,327.1,10,201,358,395.0,MOGA-I
34652,Gamewala (85),FIROZEPUR,30.9549541,74.6083,34652,1909.1279418040776,1910.8970947265625,0.5628238700073634,0.2533955296080902,1.3890067369002257,-0.544549641921706,-0.1528115415700099,631.4800573345367,23.743718464619583,1.0,50.0,50,40,200,546.0,FIROZPUR
37712,Umra Nangal (22),AMRITSAR,31.6036034,75.2078247,37712,1914.5445672829685,1910.8961181640625,0.5068804929996619,0.1744441808718384,1.6964027298858138,-0.4849237610596117,-0.1034086754921482,920.5920547144552,22.40781118090694,1.0,115.0,80,65,150,189.0,RAYYA
30636,Sarai Khas (CT),JALANDHAR,31.3989639,75.4462,30636,1909.6442372662527,1910.893310546875,0.5067324856408997,0.1483833089561536,1.6006205972095284,-0.4874124808264617,-0.0841885554630964,928.7443551232712,22.4461244842264,1.0,2.47,0,0,710,0.0,JALANDHAR - WEST
29707,Miani (221),JALANDHAR,31.1531525,75.22706,29707,1910.4878842137512,1910.8927001953125,0.5718714022941347,0.2760704494815142,1.691295427898909,-0.537492325226556,-0.1838165382406905,721.0576451997413,23.00383529136846,1.0,284.0,23,29,132,314.0,LOHIAN
33595,Chhokar (300),LUDHIANA,30.7027035,75.7117538,33595,1906.6619983499268,1910.891845703125,0.5968722930011315,0.2580080502007815,1.6660396596171831,-0.578485986535595,-0.1758365919982774,784.6638801505463,22.82077246227169,1.0,5.0,0,15,132,112.0,PAKHOWAL
33243,Fatehpur (177),LUDHIANA,30.63063,76.0741,33243,1906.9760410800336,1910.8916015625,0.5866417332288804,0.2761278097191981,1.743855399887075,-0.5550463314098415,-0.1846368653187584,798.4225252877317,22.849399864193053,1.0,2.47,0,0,60,180.0,KHANNA
39762,Nanakpura (26),SANGRUR,30.216217,75.81421,39762,1910.0212621949183,1910.890380859375,0.592283825996626,0.2587491550087183,1.4827729413570958,-0.5592344240709128,-0.1701209562350006,682.0104661395447,23.32451465486116,1.0,202.0,25,20,55,154.0,SANGRUR
34050,Mothanwai (59),MOGA,30.6846848,74.5872,34050,1908.9357319776816,1910.8885498046875,0.6369070463696195,0.2844214729162335,1.75818664977213,-0.5853313448141653,-0.2043042907961109,698.6392083575623,23.27431090058525,1.0,222.0,33,130,191,260.0,MOGA-II
34213,Killi Gandran (186),MOGA,30.8288288,75.09762,34213,1908.971732669464,1910.8875732421875,0.6642365979661858,0.3353725927941051,1.993779589800473,-0.6001668791730248,-0.2528523358060666,693.6538162639039,23.19813426734248,1.0,294.0,70,70,87,315.0,KOT-ISE-KHAN
39726,Jhuneri (107),SANGRUR,30.2882881,76.09938,39726,1911.050093045929,1910.8857421875,0.6404137576198371,0.3064840574327758,1.5885746135911003,-0.5997227038800064,-0.2101661009647389,680.9007319619553,23.3225538193102,1.0,440.0,127,347,794,1260.0,BHAWANI GARH
39637,Banbhori (73),SANGRUR,30.3783779,75.85614,39637,1912.8293428474155,1910.8824462890625,0.6136679640013187,0.2931773524913191,1.5391551583735943,-0.5787511868076475,-0.1967473371960893,709.3231116306948,23.186245767654107,1.0,310.0,255,255,464,313.0,DHURI
35113,Pacca Chishti (264),FAZILKA,30.3963966,74.03187,35113,1915.1632922339825,1910.88232421875,0.6004270765514005,0.2890103567207158,1.4109952036580593,-0.5630336930539566,-0.1852670074730161,465.5212378370561,24.492670511032863,1.0,947.0,255,214,427,967.0,FAZILKA
34738,Hazara Singhwala (339),FIROZEPUR,30.9369373,74.46819,34738,1911.33492493562,1910.882080078125,0.5856732041388134,0.2370496516177489,1.4853134906822234,-0.556668582387526,-0.1510616948104789,645.8925315522077,23.7829897113708,1.0,200.0,600,590,600,623.0,MAMDOT
36250,Khang (164),PATIALA,29.8738747,76.00979,36250,1908.9854349165776,1910.8809814453125,0.5059575345640941,0.233337959147942,1.4787602164819975,-0.4965709777924987,-0.1366208448807448,641.0261434320079,23.876759517527045,1.0,769.0,358,350,552,509.0,PATRAN
33982,Jaimalwala (79),MOGA,30.8218155,75.17436,33982,1910.4734485386712,1910.8800048828125,0.6704515258503965,0.3130708953570008,1.9239974167019624,-0.6077910100492676,-0.2364006910884292,665.2493216867523,23.4688611682424,1.0,598.0,0,128,643,670.0,MOGA-II
36167,Mardan Heri (85),PATIALA,30.0180187,76.18246,36167,1909.58824530582,1910.879150390625,0.5052095958177991,0.2245442779421704,1.3853076649028806,-0.4965557488879558,-0.1257423766608582,710.5211856772797,23.303076809958327,1.0,332.0,110,108,394,382.0,SAMANA
33648,Jainpur (148),LUDHIANA,30.7156048,76.20065,33648,1910.890087673807,1910.8778076171875,0.4469737865743344,0.0939679878190564,1.3413155386103428,-0.4529301022186979,-0.0318696666856067,829.3568509759713,22.75333578720499,0.953803807683442,155.0,182,27,158,270.0,LUDHIANA-1
33862,Shahbazpura (36),LUDHIANA,30.6846848,75.4671555,33862,1909.8685203629936,1910.8773193359375,0.6918057473771494,0.3699142801320485,2.003879221197791,-0.6329551098056919,-0.2827082797465595,779.5787545850175,22.745722600675435,1.0,299.0,40,10,43,168.0,JAGRAON
34475,Kaliewala (185),FIROZEPUR,30.9592381,74.60838,34475,1906.585536483195,1910.8753662109375,0.6265336237000947,0.2908281186568217,1.6353196129741896,-0.588129782194918,-0.2013712745381708,676.6178649403515,23.444313273922063,1.0,369.0,59,125,225,412.0,GHALL KHURD
34732,Sawai Bhokhari (307),FIROZEPUR,30.666666,74.42665,34732,1909.3300628246973,1910.875244140625,0.62497809345449,0.2798943415797002,1.5543880548003746,-0.588667576300602,-0.187648523862341,639.1509125753437,23.843469184362736,1.0,226.0,35,50,126,243.0,MAMDOT
37557,Nawan Pind (170),AMRITSAR,31.6396389,75.00416,37557,1909.607855358361,1910.8740234375,0.3792259823709878,0.0419805020544064,1.1545426243615622,-0.382079538920491,0.012004551967152,952.976790446089,22.450411023294155,1.0,289.0,150,403,603,320.0,JANDIALA GURU
33952,Gulab Singh wala (137),MOGA,30.54054,75.10386,33952,1910.5856101915176,1910.8681640625,0.619380833966098,0.2798524327364223,1.7954968539393168,-0.5820528736039212,-0.1991523685514176,621.3131639172929,23.6750863302056,1.0,362.0,145,164,266,407.0,BAGHAPURANA
33949,Sangatpura (140),MOGA,30.5318661,75.1118851,33949,1910.2421421156075,1910.867431640625,0.6370524060899239,0.2991596007226695,1.884125550809085,-0.5947462806073965,-0.2180372856134322,621.3131639172929,23.6750863302056,1.0,583.0,123,296,597,650.0,BAGHAPURANA
35501,Chak Seman (36),FARIDKOT,30.666666,74.76181,35501,1912.5737332776523,1910.866943359375,0.5889640106290924,0.2778194042479288,1.6623147626492327,-0.5548571073861336,-0.1821752774567563,589.0005323102372,23.95004577035394,1.0,1500.0,60,60,180,266.0,FARIDKOT
37846,Sheron Nigah (2),AMRITSAR,31.6036034,75.2078247,37846,1913.8295072527787,1910.8658447265625,0.3857480776204722,0.1741144663874511,1.1023280311287815,-0.3774881748141275,-0.0705618107591538,867.273408832179,22.40928195188093,0.7210398732043413,362.0,85,85,180,444.0,RAYYA
33954,Dhilwan Wala (135),MOGA,30.7027035,75.10405,33954,1911.8621451283263,1910.86572265625,0.6467319737334256,0.3055546456183118,1.8127857079337184,-0.6009880421704561,-0.2228044327207398,588.9279636552232,23.85054576327304,1.0,581.3,380,347,649,581.0,BAGHAPURANA
39920,Badalgarh (96),SANGRUR,29.8371544,75.92374,39920,1910.8107765095265,1910.8648681640625,0.5738258026892055,0.2574157878880816,1.5379723157022576,-0.5534162306224282,-0.1655903602296155,642.0864555051224,23.88517504247796,0.9969841555613036,22.0,600,300,366,757.0,ANDANA
39995,Karamgarh (48),BARNALA,30.3688774,75.54319,39995,1912.39116150014,1910.86181640625,0.6612573208107834,0.3163302822383704,1.6955608337060837,-0.613746289794739,-0.2317654151529279,673.2835861852067,23.525374362684204,1.0,750.0,560,560,734,1058.0,BARNALA
29921,Malri (28),JALANDHAR,31.18919,75.40312,29921,1915.017138938711,1910.8612060546875,0.5382122523414832,0.1990488371405039,1.4997335976651889,-0.5220493941229125,-0.1241504248141252,857.7205554739623,22.608992368970164,0.9992615182450798,278.9,25,20,515,318.0,NAKODAR
37825,Thattian (36),AMRITSAR,31.6036034,75.22898,37825,1912.8093692564148,1910.8599853515625,0.5245108599626058,0.2123145874308353,1.6845693295325876,-0.5016059065028949,-0.1321353906885072,936.654247835192,22.40888398862836,1.0,725.0,354,354,604,370.0,RAYYA
37134,Dhian Singhpura (46),AMRITSAR,30.9909916,74.99378,37134,1913.5612915685824,1910.8585205078125,0.5813272425722054,0.1931990799839786,1.5096325428342214,-0.5563234609747569,-0.1179650822961606,917.5402614285844,22.767377350587992,1.0,20.0,10,10,20,275.0,AJNALA
33996,Ramuwala Kalan (94),MOGA,30.78851,75.1126251,33996,1909.4849117096903,1910.8564453125,0.6479042859005236,0.290474514746151,1.8881251829501235,-0.5882947421791382,-0.2148196035435963,685.1387414147752,23.36367271927469,1.0,455.46,311,311,471,521.0,MOGA-I
36253,Haryaoo Kalan (161),PATIALA,29.8738747,75.98901,36253,1910.8592997355763,1910.85498046875,0.5814405236861354,0.2752135702582081,1.5887992084607456,-0.5555995630505901,-0.1799676247753985,642.0864555051224,23.88517504247796,1.0,5928.0,255,229,550,706.0,PATRAN
29723,Parjian Khurd (319),JALANDHAR,31.0810814,75.3382645,29723,1912.1081195675083,1910.85302734375,0.5377071676215178,0.2093849541212736,1.5926000631339443,-0.5166165872820624,-0.1318569633355972,779.5787545850175,22.745722600675435,1.0,2.47,20,1,300,186.0,SHAHKOT
40082,Diwana(21),BARNALA,30.522522,75.57101,40082,1910.030917119516,1910.8529052734375,0.6579310352107016,0.3080156695598847,1.887035636718748,-0.604432244777497,-0.228553921864356,683.6663874795335,23.34901542585584,1.0,710.0,110,109,570,790.0,MEHAL KALAN
33957,Maur Nauabad (133),MOGA,30.531992,75.1120758,33957,1911.1046305085224,1910.852294921875,0.6536610247344049,0.315965019744178,1.950071322326746,-0.6019783560555416,-0.2359748770167395,616.9150919042925,23.69370724763377,1.0,480.0,223,220,345,474.0,BAGHAPURANA
34767,Sharinwala (250),FIROZEPUR,30.9189186,74.47517,34767,1910.2683557501643,1910.8507080078125,0.6113679736761664,0.2792105686135025,1.5020864391519295,-0.5771641768059645,-0.1845864839380134,616.3843068292039,23.812034812580865,1.0,253.22,120,90,100,276.0,MAMDOT
33236,Rohnon Kalan (264),LUDHIANA,30.63063,76.0741,33236,1906.913178813945,1910.8507080078125,0.5885647265139058,0.2638536114491055,1.7243461946619945,-0.550731478160667,-0.1781242426105387,822.7415163572413,22.763364878292965,1.0,2.47,0,0,435,635.0,KHANNA
33885,Agwar Lopon Khurd (133),LUDHIANA,30.7027035,75.46029,33885,1912.7014984295315,1910.8492431640625,0.6095214962659871,0.2747287647411734,1.7281373787432854,-0.5730831905689736,-0.1957120470405027,729.9527469088929,23.01460955951262,1.0,450.0,270,70,195,322.0,JAGRAON
37965,Piddi (248),Tarn Taran,31.3339,74.95675,37965,1908.612230633693,1910.848388671875,0.5611477826734981,0.2193827130535851,1.5272338369083591,-0.5301749268530088,-0.1386351377474234,812.7280267884629,22.83291248283939,1.0,315.0,50,51,420,365.0,NAUSHEHRA PANNUAN-11
39476,Bhaini Kamboan (107),SANGRUR,0.0,0.0,39476,1912.7649495507308,1910.8482666015625,0.5923023977029506,0.2494544993458155,1.4155961267859194,-0.5671418946055624,-0.1592023988261858,738.6678505871976,23.00951760155845,1.0,97.0,202,203,375,113.0,MALERKOTLA
39415,Bathan (28),SANGRUR,30.522522,75.88475,39415,1910.0408585412983,1910.847412109375,0.6449378131332038,0.2990389583395971,1.6976475694047388,-0.6078046359932068,-0.2139773738576,744.6301522662537,22.99865686411482,1.0,141.0,250,80,140,162.0,AHMEDGARH
33860,Bahadarke (176),LUDHIANA,30.6846848,75.4462051,33860,1911.0138825413103,1910.8470458984375,0.5546740732983562,0.2844286470561572,1.5584391165884623,-0.52695006655305,-0.1898718273050781,779.5787545850175,22.745722600675435,1.0,392.0,95,58,221,392.0,JAGRAON
36365,Bina Heri (7),PATIALA,30.3243237,76.12736,36365,1908.8395277942047,1910.846923828125,0.526072760597382,0.2070891625898213,1.3373836650068736,-0.5163166140563855,-0.1159708541387073,739.9604381302382,23.041844375070056,1.0,463.0,300,55,275,463.0,NABHA
33743,Shahjahanpur (166),LUDHIANA,30.64865,75.58562,33743,1910.2878083789967,1910.8443603515625,0.675923779234573,0.3055898845669129,1.8247146030110133,-0.6304180655045875,-0.2289269419769518,691.6006448676484,23.26709664117152,1.0,265.0,425,63,159,291.0,RAIKOT
38250,Dalawalpur (312),Tarn Taran,31.261261,74.99692,38250,1911.161521368281,1910.843994140625,0.5682487895959611,0.2308240970844469,1.603121456040564,-0.540854633539173,-0.1502136139437957,819.9415448119538,22.811163704387354,1.0,350.0,52,52,268,262.0,CHOHLA SAHIB-8
29903,Bagpur (128),JALANDHAR,31.129755,75.4866638,29903,1912.0263651165944,1910.8433837890625,0.6378265711877191,0.2854272006742205,1.989978493486287,-0.590112472078514,-0.2105070329680584,821.1103710482196,22.66657400086854,1.0,30.0,20,30,50,143.0,NAKODAR
29688,Yusafpur Allewal (215),JALANDHAR,31.1579742,75.21239,29688,1909.742206969305,1910.84228515625,0.5249113464963069,0.2503584088886229,1.5327672214014296,-0.5104745050195618,-0.1514324835213105,771.0636049688684,22.95716103018108,1.0,70.0,20,21,42,71.0,LOHIAN
35119,Rampura (245),FAZILKA,30.3963966,74.03187,35119,1910.237759446444,1910.841796875,0.5567556842325327,0.219681516824211,1.3600137667274077,-0.5313556730848794,-0.1322133722159352,490.9243173664221,24.427394093320395,1.0,720.0,175,250,415,734.0,FAZILKA
36286,Baras (130),PATIALA,30.0,76.10621,36286,1910.91691188158,1910.8414306640625,0.6162101826245822,0.2816673841046396,1.6604430224073838,-0.5732981707501323,-0.1933555665849633,658.7264196886175,23.59142309981456,1.0,1976.0,70,60,165,1149.0,PATRAN
37586,Iban Khurd (274),AMRITSAR,31.6216221,74.60876,37586,1912.953454366751,1910.84130859375,0.5048041806896207,0.1558057694929949,1.2899830163908106,-0.4930068493348155,-0.0766223623327702,897.9751870610287,22.680796781683448,1.0,5.0,109,89,345,169.0,ATTARI
34000,Khote (55),MOGA,30.6879158,75.097435,34000,1909.0416125585232,1910.839599609375,0.6568882652366872,0.3042007646364755,1.7948373787613678,-0.6076837985627292,-0.2201534470643144,661.4925059487717,23.483199884171256,1.0,199.0,44,44,74,88.0,MOGA-I
34664,Kamaldin Niazi (283),FIROZEPUR,30.72072,74.34258,34664,1913.31385846708,1910.839111328125,0.5131121467326475,0.1754850704848469,1.277316899050626,-0.506282667956888,-0.0865058786386345,633.4915700366395,23.7499090722734,1.0,64.33,200,100,109,152.0,MAMDOT
34157,Jafer wala (243),MOGA,30.81081,75.04157,34157,1910.9688738480536,1910.8382568359375,0.6762056652784538,0.3542956674995283,2.077215282079747,-0.6149957052164691,-0.2708604169289319,694.4905462672608,23.069375095900625,1.0,147.0,29,25,90,157.0,KOT-ISE-KHAN
37894,Kot Dharam Chand Khurd (199),Tarn Taran,31.4759026,74.9105,37894,1910.769905698019,1910.8375244140625,0.5510096926332264,0.2099677317340261,1.5394176884542925,-0.5225254860948523,-0.1290908002977707,850.1366556051888,22.837863933901914,1.0,145.0,0,48,480,354.0,TARN TARAN-12
34778,Jhok Tahal Singh (260),FIROZEPUR,27.36937,77.70748,34778,1912.621930084516,1910.836181640625,0.6000633373804575,0.2808330697387076,1.785767264126649,-0.5639121507402016,-0.1834699702318075,616.3843068292039,23.812034812580865,1.0,412.56,120,100,220,456.0,MAMDOT
34479,Saranwali (192),FIROZEPUR,30.9242916,74.6227646,34479,1907.362382462564,1910.8348388671875,0.6169457549693126,0.3018794496357395,1.5676648288860076,-0.5768335079143236,-0.2052035202835769,640.7798620870011,23.5841030951018,1.0,139.27,134,130,170,380.0,GHALL KHURD
35537,Sadhanwala (15),FARIDKOT,30.666666,74.76181,35537,1911.810918177202,1910.83349609375,0.5932863439334478,0.2453321684428157,1.4386562661665985,-0.567103706869287,-0.1556412457644545,613.4355245581643,23.73231980264541,1.0,70.0,12,0,50,530.0,FARIDKOT
29541,Tibbi (191),KAPURTHALA,31.2072067,75.18575,29541,1910.6378342368537,1910.8333740234375,0.589991287686643,0.2979267993987762,1.558715583148035,-0.5719860448237865,-0.1942282766511909,785.0423665544743,22.919725986604064,1.0,2.47,5,5,10,53.0,SULTANPUR LODHI
29132,Rupanpur (4),KAPURTHALA,31.2972965,75.17319,29132,1913.6194775310487,1910.8330078125,0.502405202448517,0.1928420012566215,1.5796881282665125,-0.4842699720692729,-0.1116653683948119,856.5038568553365,22.45886964221427,1.0,57.0,60,60,103,122.0,DHILWAN
37971,Jatta (264),Tarn Taran,31.333334,74.94882,37971,1910.7820038984075,1910.8323974609375,0.6205587243142386,0.2805355439698135,1.781978869860425,-0.5788174915343736,-0.1945702628088855,812.7280267884629,22.83291248283939,1.0,202.0,90,90,152,216.0,NAUSHEHRA PANNUAN-11
39713,Bhatiwal Kalan (53),SANGRUR,30.2882881,76.28718,39713,1911.7813638700293,1910.8323974609375,0.6083196500232809,0.2618764511476764,1.551933038813332,-0.573120079356085,-0.1748612665776124,689.4958982656639,23.296312040107274,1.0,561.0,350,350,500,965.0,BHAWANI GARH
34482,Shakoor (195),FIROZEPUR,30.9369373,74.6152344,34482,1909.1712213318983,1910.8321533203125,0.6188669644080846,0.2744502921499155,1.5773505846939115,-0.5833549675088229,-0.184184102731009,638.8484620669359,23.60114370931849,1.0,1055.0,216,216,476,1160.0,GHALL KHURD
36290,Buta Singhwala Urf Harigarh (93),PATIALA,30.216217,76.18953,36290,1909.943834025862,1910.8309326171875,0.5399227744367666,0.2740218332775417,1.5916495787131966,-0.5215501453648768,-0.1711763840335196,658.5121291581123,23.623337063017537,1.0,323.0,100,100,186,328.0,SAMANA
39640,Jainpur (77),SANGRUR,30.3603611,75.8630447,39640,1909.501465285923,1910.829833984375,0.6453498095842448,0.3068384473164703,1.6175950744930578,-0.6028252153352162,-0.2123608503753867,717.1636660061349,23.10685351292165,1.0,320.0,646,132,220,269.0,DHURI
29954,Nawan Pind Araian (35),JALANDHAR,31.1351357,75.3811646,29954,1913.3510619059905,1910.828125,0.615074056850198,0.2617816429191497,1.7666088389872214,-0.5736231050398143,-0.1857723711890979,834.113523765353,22.664378083981973,1.0,124.0,10,15,256,139.0,NAKODAR
39434,Ferozepur (103),SANGRUR,30.3783779,75.85614,39434,1909.9940342283824,1910.8262939453125,0.6355157478406563,0.309814996501136,1.587729662750057,-0.6060868816389229,-0.2142627645744767,706.7127695018249,23.207375148739853,0.997575196152044,1482.0,33,0,982,1594.0,AHMEDGARH
35819,Chak Attar Singhwala (103),BATHINDA,30.2145176,74.9442749,35819,1910.644549552621,1910.826171875,0.5962292033598677,0.2380392267443165,1.34731933852477,-0.5776585891208561,-0.1431991146225398,480.8278772046464,24.673595354215536,1.0,2.47,100,100,500,936.0,SANGAT
34471,Machhiwara (152),FIROZEPUR,0.0,0.0,34471,1909.384276268887,1910.824951171875,0.6240352456284063,0.281509233170577,1.678365480343078,-0.578189816445644,-0.1923148293098702,663.8614776542084,23.52512561971713,1.0,77.0,520,300,379,85.0,FIROZPUR
35055,Ganjuana (296),FAZILKA,30.4144154,74.02464,35055,1909.606015357665,1910.8248291015625,0.6195453311857281,0.2913778096317486,1.5467103492941263,-0.5795418260309159,-0.1998768541881571,484.1401532944617,24.4434155164256,1.0,121.0,420,61,114,437.0,FAZILKA
34890,Amir Khas (270),FAZILKA,30.6236134,74.2598953,34890,1909.761363767232,1910.8245849609375,0.5710077061757225,0.267919559276149,1.4204755683487822,-0.5450180119256434,-0.1689011788062302,575.0692727973359,24.12326903753388,0.9978619296102956,12.7,0,0,50,718.0,GURU HAR SAHAI
33425,Jhugian Bega (37),LUDHIANA,30.9189186,75.84033,33425,1913.177581688022,1910.8238525390625,0.5382815348001327,0.2592700708637864,1.3384631039195118,-0.528416746033454,-0.152197995267493,844.0212729419571,22.71921368527357,1.0,34.0,40,0,68,51.0,LUDHIANA-2
29790,Aliwal (103),JALANDHAR,31.1531525,75.22706,29790,1917.7257608384773,1910.8233642578125,0.6574000231631204,0.3091735978018639,1.9081615218065544,-0.6080275794322719,-0.2271195324865789,774.8490741081272,22.82700356325696,1.0,117.0,16,13,65,126.0,LOHIAN
37704,Lidhar (15),AMRITSAR,31.6036034,75.22898,37704,1913.9809856315496,1910.82275390625,0.5542485071243448,0.2135658979612062,1.745365149184266,-0.5186406243921091,-0.1390704010065136,953.4446242263216,22.404917930807244,1.0,230.0,180,180,380,261.0,RAYYA
39439,Shekhupur Khurd (52),SANGRUR,30.3783779,75.85614,39439,1909.9539948521365,1910.8203125,0.6124692156471916,0.2635774349304955,1.5149131514206566,-0.5810118608814766,-0.1785115820568574,744.6301522662537,22.99865686411482,1.0,93.0,35,0,85,107.0,AHMEDGARH
33446,Dhanansu (186),LUDHIANA,30.9189186,75.84033,33446,1912.3529026059584,1910.8192138671875,0.5133505999376289,0.1793413328701065,1.4430346826000588,-0.5040783582959396,-0.102063119570701,835.0397142579453,22.79578354606297,1.0,24.0,108,0,321,707.0,LUDHIANA-2
33419,Garhi Fazil (44),LUDHIANA,30.9189186,75.84033,33419,1914.1917358893288,1910.81689453125,0.4330392234933857,0.1413429265192738,1.1997017216098562,-0.4296371160757619,-0.053252368001466,848.1584730555909,22.68394309940942,0.7440263209193151,24.0,45,0,102,253.0,LUDHIANA-2
40024,Khiali (424),BARNALA,30.522522,75.55009,40024,1909.43260100286,1910.8157958984375,0.6365053507436108,0.3157935858474678,1.6150747872033644,-0.6109402000624199,-0.2206709826548979,685.7142838647263,23.39645509748334,1.0,410.0,255,104,262,446.0,MEHAL KALAN
33964,Sahuke (121),MOGA,30.7027035,75.08309,33964,1910.7987428491303,1910.8145751953125,0.6550370350947391,0.332376286263074,2.1003406860009046,-0.5970565558299348,-0.2497714040092271,587.5156644833115,23.83221432776929,1.0,682.0,281,281,541,755.0,BAGHAPURANA
29925,Allowal (27),JALANDHAR,31.3316689,75.2393341,29925,1915.7727240510856,1910.8134765625,0.5987902580254271,0.2533415683173201,1.7208840656503936,-0.5630323242178588,-0.1757089397676565,878.533062882862,22.564416397350136,1.0,170.2,14,0,167,198.0,NAKODAR
34646,Gulam Pattra (219),FIROZEPUR,30.72072,74.34258,34646,1911.38185070618,1910.81103515625,0.6702192996481231,0.3197574042912089,1.7079514769638091,-0.6140911967941186,-0.2310450533808542,609.9960598161118,23.74760085130731,1.0,373.0,415,102,116,374.0,GURU HAR SAHAI
37879,Pandori Takhat Mall (49),Tarn Taran,0.0,0.0,37879,1912.0189445215788,1910.810302734375,0.5299987180169307,0.1856149182482407,1.4256347688085564,-0.511520157327617,-0.1033330988189758,857.3961350133317,22.745808597055657,1.0,110.0,29,7,48,222.0,TARN TARAN-12
35850,Ramsara (122),BATHINDA,29.9819813,75.09392,35850,1912.009300266437,1910.81005859375,0.3888307005885933,0.0529867545988411,0.9314786575759232,-0.4032290179205025,0.0042077384433177,511.3807296798554,24.694121197776607,0.776034346981894,100.0,253,235,608,576.0,TALWANDI SABO
39960,Khanauri Khurd (128),SANGRUR,29.7435265,75.91369,39960,1907.383528464771,1910.8094482421875,0.5177782202966789,0.2195561020480542,1.4133082809778237,-0.498939317835152,-0.1291304281844184,634.3956681897538,23.89109672599153,1.0,192.0,150,100,210,236.0,ANDANA
33438,Mattewara (45),LUDHIANA,30.8828831,75.853775,33438,1913.3408051323145,1910.809326171875,0.5848153515487019,0.1863779171133038,1.7753079341991682,-0.5490854083604116,-0.121574073051888,852.126763918827,22.68747168865931,0.9761172349242592,15.0,100,103,282,1022.0,LUDHIANA-2
34735,Mamdot Uttar (305),FIROZEPUR,30.87013,74.4201355,34735,1909.2727190318708,1910.806884765625,0.593315424826174,0.2471779462004284,1.4837875016803257,-0.5651210391440387,-0.1612411490529489,649.6986404037282,23.745064474254868,1.0,2.47,90,80,116,737.0,MAMDOT
34685,Phularwan (271),FIROZEPUR,30.8828831,74.40514,34685,1908.5300882686424,1910.805908203125,0.5961925090813341,0.2863585313113914,1.5168931216396484,-0.5697014065986614,-0.1866150017051008,629.4542489883521,23.76457077215656,1.0,150.0,90,50,98,186.0,MAMDOT
30074,Rampur (72),JALANDHAR,31.0270271,75.35856,30074,1911.268595815078,1910.803955078125,0.5868343937157507,0.2477935856841279,1.6000769995262156,-0.5677542136516156,-0.1614022192766231,821.2975802829163,22.77606139731529,1.0,2.49,6,0,98,141.0,NURMAHAL
35549,Pehluwala (3),FARIDKOT,30.666666,74.78275,35549,1908.9511303257,1910.80224609375,0.6438039556654844,0.2946931112605031,1.6304968339475856,-0.6051775435579967,-0.2065581961912448,640.7798620870011,23.5841030951018,1.0,99.0,0,0,89,695.0,FARIDKOT
35598,Behbal Khurd (143),FARIDKOT,30.5045052,74.95054,35598,1910.3157187892427,1910.80078125,0.6355744941464856,0.3061915765152986,1.88097391107884,-0.5843079437187602,-0.2210533506933162,529.7815593888657,24.15965191765457,1.0,1400.0,17,100,528,726.0,Jaitu
35517,Chanian (25),FARIDKOT,30.78199,74.69663,35517,1910.041473063631,1910.7979736328125,0.5855318622314862,0.2387046888695618,1.4618292145643763,-0.5586457951528819,-0.1509016291706443,609.9960598161118,23.74760085130731,1.0,424.0,158,250,355,332.0,FARIDKOT
39848,Ratolan (32),SANGRUR,30.0180187,75.95356,39848,1909.930130986921,1910.79638671875,0.6538270575342703,0.3042654477279107,1.7846240658258212,-0.600908326848901,-0.2203878707476679,658.0253931691544,23.609265202746712,1.0,2.0,200,2,452,660.0,DIRBA
38018,Khehra (243),Tarn Taran,31.477478,74.91614,38018,1911.5689757620944,1910.795654296875,0.5970036691164742,0.2659444007517578,1.627456040857098,-0.5557226976539856,-0.1778727017175002,812.7280267884629,22.83291248283939,1.0,25.0,0,23,25,199.0,TARN TARAN-12
39702,Harditpura (34),SANGRUR,30.27027,76.0436859,39702,1911.229457734681,1910.79541015625,0.5802304611525901,0.2550222826675978,1.4468196538185585,-0.5569459965841359,-0.1611094155863903,733.862504912633,23.11662388485057,1.0,201.0,92,100,230,327.0,BHAWANI GARH
30433,Sehjhangi (408),JALANDHAR,31.3153152,75.50392,30433,1913.940507887198,1910.7947998046875,0.562896010614513,0.2094185925909124,1.8531213887238167,-0.5246084676776441,-0.1392819746947134,958.2364502360718,22.3924562069638,1.0,2.47,13,13,118,184.0,JALANDHAR - WEST
29239,Wadala Khurd (201),KAPURTHALA,31.27928,75.49614,29239,1913.1579533788909,1910.7940673828125,0.5201004415555882,0.1535750290883837,1.632967937333541,-0.4968289096181433,-0.0892446412974276,933.028661277135,22.438298104753983,1.0,2.5,25,20,117,370.0,KAPURTHALA
33457,Jandiali (225),LUDHIANA,30.9189186,75.84033,33457,1910.0182043572504,1910.7933349609375,0.4670635395617846,0.1363063787624843,1.4107217819343765,-0.457818407455948,-0.0690995389128958,835.0397142579453,22.79578354606297,0.9341620093876958,20.0,0,0,900,709.0,LUDHIANA-2
36297,Nirmal Kot (82),PATIALA,30.1621628,76.1894,36297,1907.5251532716948,1910.791748046875,0.5416922550953801,0.2353991695958502,1.5577031513970527,-0.512200203152678,-0.1475047576830586,698.9957975493331,23.37467629406026,1.0,511.0,124,124,193,240.0,SAMANA
29119,Ramidi (107),KAPURTHALA,31.6756763,75.24497,29119,1910.7177097761785,1910.7904052734375,0.5656909077434371,0.2312185306031442,1.6370970640037672,-0.5376005332507668,-0.1444682623859335,855.3183767011063,22.46012897505409,1.0,1300.0,1500,50,456,531.0,DHILWAN
37587,Iban Kalan (275),AMRITSAR,31.54955,74.67793,37587,1913.4820971243537,1910.790283203125,0.4300589629895323,0.0742609960729347,1.1243343000143378,-0.4336634953640103,-0.0079197020041277,897.8708229905241,22.78857564289732,1.0,208.0,45,264,940,507.0,ATTARI
35088,Badha (291),FAZILKA,30.4144154,74.02464,35088,1911.1014135509229,1910.78857421875,0.4775655689924584,0.1494434912012606,1.1966668599000927,-0.473272060863682,-0.0762458988846174,480.2901688029664,24.46139456905496,0.6676653925973265,339.0,125,50,364,250.0,FAZILKA
35643,Hakam Singhwala (18),BATHINDA,30.4257565,75.1668549,35643,1911.0166119478724,1910.78662109375,0.635868639364503,0.2923319083173922,1.907014217684518,-0.5871677063714249,-0.2139770855513727,627.8903201483996,23.654249566105182,1.0,1000.0,150,270,331,465.0,BHAGTA BHAIKA
29943,Hussainabad (16),JALANDHAR,31.18919,75.40312,29943,1911.5677055979304,1910.785400390625,0.6360287288967248,0.2782108758741533,1.8269014429373505,-0.5963168378856295,-0.1999519690915111,840.7045211622954,22.61030227311104,1.0,192.0,25,67,167,211.0,NAKODAR
30119,Rajauri (169),JALANDHAR,31.0270271,75.77908,30119,1910.436054401792,1910.7843017578125,0.5157581863848502,0.2442596574031698,1.4055407181755468,-0.5040306397617058,-0.1441836076271142,861.4481481721299,22.69576022833502,0.926301348665391,121.0,16,16,40,121.0,PHILLAUR
29101,Mirzapur (86),KAPURTHALA,31.3873882,75.41406,29101,1912.5249070626496,1910.7841796875,0.5319178736952155,0.2305741290902572,1.6075851326048782,-0.5075013335091088,-0.1425204712635886,858.3881843207545,22.428103358582096,1.0,1.0,2,1,176,206.0,NADALA
36834,Urban Estate - I (OG),PATIALA,30.34911,76.4339,36834,1911.6990684136704,1910.77978515625,0.3517047609780073,0.0502291850681909,0.9847550172718575,-0.3847906912832516,0.0112454758330973,850.5485597064393,22.973828551360043,0.0,1.0,0,0,1,0.0,SANOUR
39879,Khokhar (55),SANGRUR,29.927927,75.82234,39879,1911.076185550184,1910.7794189453125,0.5857056620217863,0.2555252702384101,1.4143040230577633,-0.5672015271674307,-0.1592119412190766,654.0033015420335,23.855170430480143,1.0,1249.0,484,697,847,1034.0,LEHRAGAGA
30444,Adagill (414),JALANDHAR,31.405405,75.449646,30444,1914.501677057389,1910.77880859375,0.5052410446978919,0.1436169119843395,1.5745447924172689,-0.4883312407838882,-0.0789448676948787,950.2758379900324,22.404550669722624,0.9069388883047564,2.47,0,0,3,62.0,JALANDHAR - WEST
34108,Kokri Behniwal (283),MOGA,30.9549541,75.2176,34108,1910.6392660770457,1910.778564453125,0.6656511036888164,0.32609528648613,2.082118693514881,-0.608747210832359,-0.2551281022909912,747.1797013287548,22.9366411065314,1.0,257.0,130,165,353,289.0,KOT-ISE-KHAN
33911,Dhurkot Ransih (163),MOGA,30.594595,75.29224,33911,1911.1986313194573,1910.7763671875,0.6264728617530774,0.2809929781715251,1.8893607158759929,-0.5856434966436768,-0.2053252990034159,669.5332172324555,23.48318156934971,1.0,1019.0,0,0,1046,1150.0,NIHAL SINGH WALA
29118,Jai Rampur (105),KAPURTHALA,31.3873882,75.11857,29118,1912.241017545577,1910.77587890625,0.5576097515213583,0.2453455661028007,1.633929821631657,-0.5375438728693429,-0.1550564089603061,855.3183767011063,22.46012897505409,1.0,167.0,67,47,133,184.0,DHILWAN
29476,Allah dad Chak (138),KAPURTHALA,31.1711712,75.24136,29476,1916.0886287688527,1910.775146484375,0.5621983106186588,0.2149797455305342,1.7142479235555594,-0.5321179815100424,-0.1432085156786025,817.6976385524171,22.81345387128846,0.7369565204987507,185.0,25,25,170,186.0,SULTANPUR LODHI
34755,Jama Rakhia Uttar (310),FIROZEPUR,30.666666,74.42665,34755,1910.3049956753,1910.7733154296875,0.633686228116972,0.2872249045049354,1.543872358627626,-0.5975208494260377,-0.191652117281324,634.6124204804795,23.884184272387643,1.0,2.47,100,100,917,123.0,MAMDOT
34812,Pindi (169),FIROZEPUR,30.72072,74.42642,34812,1911.9835882530608,1910.7725830078125,0.6077142583429249,0.2762859133348501,1.565132120882769,-0.5758591651149029,-0.1820765385980693,600.097382347812,23.98513700067548,1.0,323.0,266,266,293,351.0,GURU HAR SAHAI
33403,Balliawal (17),LUDHIANA,30.9189186,75.84033,33403,1909.361869577151,1910.7718505859375,0.5084982065062882,0.2041838346910585,1.340778746721303,-0.5084874163125128,-0.1131955093311765,841.6289346923195,22.739258784334258,1.0,20.0,58,8,379,486.0,LUDHIANA-2
35210,Dotarianwali (65),FAZILKA,30.1441441,74.21693,35210,1911.312350856979,1910.7713623046875,0.536199608645348,0.1065021112039147,1.4200201486430497,-0.5005012029209605,-0.0443226923700037,422.81813954713664,24.873270719367344,1.0,1514.0,152,356,563,1754.0,ABOHAR
37918,Kazi Kot (70),Tarn Taran,31.477478,74.91614,37918,1911.941882009205,1910.768798828125,0.5319548806819872,0.1730152689780835,1.4981375833762882,-0.5086106024896224,-0.0993430694808031,857.3961350133317,22.745808597055657,0.9117514188935356,95.0,35,25,128,195.0,TARN TARAN-12
34861,Kutti (176),FIROZEPUR,30.7148476,74.40911,34861,1909.7397605384065,1910.767822265625,0.6560219620113953,0.3152980417489874,1.8227040001189008,-0.6017920130570942,-0.2299448000901829,600.097382347812,23.98513700067548,1.0,229.1,109,89,146,251.0,GURU HAR SAHAI
33913,Madhake (158),MOGA,0.0,0.0,33913,1910.191261583883,1910.767822265625,0.6737312115547697,0.3260170295435668,1.9878015230305783,-0.6157324693858921,-0.2473578767550267,667.3884743874429,23.49677316794157,1.0,809.0,0,470,470,833.0,NIHAL SINGH WALA
40007,Chakrohi (426),BARNALA,30.522522,75.55009,40007,1909.2998426052168,1910.7652587890625,0.7103700596955289,0.3508660150423811,2.0186291808213643,-0.6452404457656825,-0.2714325869123423,670.0968387534516,23.50099503035227,1.0,106.0,1,0,1,114.0,MEHAL KALAN
33928,Barewala (151),MOGA,30.6074123,75.2258453,33928,1911.433269695767,1910.7642822265625,0.6438079170822987,0.3113182949379215,1.751263988360299,-0.6025693175879048,-0.2238904538904378,648.7571838309663,23.58814228496766,1.0,263.0,0,110,158,274.0,NIHAL SINGH WALA
35087,Panchanwali (234),FAZILKA,30.4144154,74.02464,35087,1910.7763306344448,1910.7637939453125,0.6206225801205609,0.2932422378280597,1.5719905800099414,-0.5798832640508719,-0.201073238152025,493.9088598862361,24.41785164007009,1.0,200.0,420,42,72,861.0,FAZILKA
34681,Kala Tibba (275),FIROZEPUR,30.9189186,74.45416,34681,1909.443446084114,1910.7620849609375,0.547363996922694,0.2586447496446269,1.3595754419609145,-0.5376511334607105,-0.153837145768507,633.4915700366395,23.7499090722734,1.0,300.0,170,170,180,92.0,MAMDOT
37705,Hassanpur (14),AMRITSAR,31.6036034,75.22898,37705,1914.1169023392524,1910.7607421875,0.5481174083063884,0.2253783732945484,1.626269981995535,-0.5244158906957854,-0.1409249709644059,953.4446242263216,22.404917930807244,1.0,114.0,56,52,156,132.0,RAYYA
39672,Rasulpur Chhanna (230),SANGRUR,30.3423424,76.45454,39672,1911.875899049683,1910.7584228515625,0.6344564748802974,0.2983627094575641,1.5983425357181509,-0.59305131128222,-0.2040406397013898,697.4079254081147,23.226396516607792,1.0,301.0,50,50,142,289.0,BHAWANI GARH
33936,Phulo wal (106),MOGA,30.6126118,75.1597,33936,1910.937572991012,1910.755859375,0.7021285578824917,0.3389385911869289,2.224163564365069,-0.6331493140086994,-0.2669235794145476,634.599562166434,23.63299434754161,1.0,98.38,350,350,720,520.0,BAGHAPURANA
34206,Saide Shahwala (196),MOGA,30.9369373,75.1404,34206,1906.7486759334693,1910.75537109375,0.6631673945867491,0.3475283017682517,1.9555993257252504,-0.6046004231325526,-0.2600730761756513,716.8918955613339,23.113918447891475,1.0,300.0,70,100,130,322.0,KOT-ISE-KHAN
34207,Kahnewala (198),MOGA,30.9369373,75.1404,34207,1907.41780026818,1910.755126953125,0.6576787793657206,0.3391236677955216,1.9926837697069224,-0.5958633024913926,-0.256234507655,729.2441966941254,23.069153166359456,1.0,37.0,14,20,35,40.0,KOT-ISE-KHAN
39830,Ladbanjara Kalan (147),SANGRUR,30.27027,75.85592,39830,1911.121069726574,1910.753662109375,0.6040474448523347,0.2767291584857049,1.578213267375838,-0.5703045018937464,-0.185541462126432,649.5287212541001,23.711543893087253,1.0,552.0,25,31,835,923.0,DIRBA
34790,Chak Somianwala (239),FIROZEPUR,30.62115,74.19785,34790,1910.731806334912,1910.751708984375,0.6099883283210491,0.2803680734155794,1.551406745313952,-0.5763548477563043,-0.1858692236075499,634.6124204804795,23.884184272387643,0.9340835207426058,865.97,210,150,185,919.0,GURU HAR SAHAI
39525,Bhatian Khurd (180),SANGRUR,30.4866142,75.95732,39525,1907.8323564976768,1910.7509765625,0.6264542065694705,0.2731490198688107,1.5228987281608506,-0.5941343194432286,-0.1824725687394993,717.1626779248612,23.10685946835593,1.0,230.0,135,0,231,257.0,MALERKOTLA
34478,Warabhai (189),FIROZEPUR,30.9910564,74.79451,34478,1907.4713716040148,1910.7506103515625,0.6222662508468207,0.2867728910075969,1.608798342165672,-0.5815704714100356,-0.1979754723788768,640.7798620870011,23.5841030951018,1.0,166.8,278,173,301,536.0,GHALL KHURD
39705,Kakra (41),SANGRUR,30.2882881,76.09938,39705,1909.930817707086,1910.75048828125,0.5921592982280439,0.2631045964751892,1.430978755694346,-0.5692369366391777,-0.1671693128602737,702.436780406073,23.21125149533905,1.0,1360.0,250,250,650,1365.0,BHAWANI GARH
29124,Dyalpur (231),KAPURTHALA,31.405405,75.34409,29124,1912.611951904002,1910.7501220703125,0.4453886742776872,0.1287863166002862,1.538582424506887,-0.4318882077706348,-0.0690182922418021,843.2595131052644,22.47892850503354,1.0,0.4,200,0,710,535.0,DHILWAN
34645,Dhira Pattra (217),FIROZEPUR,30.9538364,74.6158,34645,1909.9069919957933,1910.7470703125,0.6128595414622927,0.2817495224121984,1.537035279029986,-0.5803022639555673,-0.18731784893318,610.1836050689403,23.74754940196125,1.0,25.0,38,154,270,812.0,FIROZPUR
39528,Toga Heri (182),SANGRUR,30.4866142,75.95732,39528,1908.784927597928,1910.74658203125,0.6402820497370284,0.3127407113887568,1.4828936241597808,-0.6102673625497695,-0.2108627095163737,717.1626779248612,23.10685946835593,1.0,2.47,55,0,55,93.0,MALERKOTLA
34068,Khokhrana (4),MOGA,30.9369373,75.2874451,34068,1909.0164585623315,1910.7452392578125,0.6584438465542226,0.3231695743134935,1.7679385354371655,-0.6118588398048567,-0.2360450149353767,677.7504625728028,23.431952089010625,1.0,661.0,20,294,386,743.0,MOGA-II
34457,Lalle (167),FIROZEPUR,30.8664646,74.93531,34457,1911.0785144480203,1910.7447509765625,0.6313939187326,0.2949985335367374,1.6934076558345637,-0.5930510256888191,-0.2089755173510704,662.7615860302162,23.51588985250881,1.0,364.37,200,200,382,660.0,GHALL KHURD
38333,Chak Kare Khan (135),Tarn Taran,0.0,0.0,38333,1912.2260895560016,1910.7442626953125,0.4858352291121171,0.1406217524503044,1.384502301845097,-0.4741055893498733,-0.0667953562129312,940.791333000888,22.44797346272628,1.0,10.0,3,50,260,292.0,KHADUR-SAHIB-10
39851,Ramgarh Jawanda (30),SANGRUR,30.2488155,75.83926,39851,1909.845317668285,1910.743896484375,0.6302408367565839,0.2981921023725974,1.6736314304431186,-0.5819122976119036,-0.208597448918321,658.8082996544803,23.663081432067763,1.0,2.47,0,0,576,619.0,SUNAM
39419,Albelpura (36),SANGRUR,30.3603611,75.8630447,39419,1910.6727183466205,1910.74365234375,0.5916137764652364,0.2357496044804704,1.5809509098120005,-0.5575981493084947,-0.1561542566465535,750.4853972016973,22.97187237662598,1.0,50.0,200,100,155,132.0,AHMEDGARH
36659,Bathoi Khurd (24),PATIALA,30.1621628,76.33527,36659,1908.4008583811428,1910.7430419921875,0.4954969256300197,0.1932373324888795,1.2164853062914096,-0.5067538409348624,-0.0950907677831022,807.036930601825,23.076397794994136,1.0,95.0,30,30,105,419.0,PATIALA
33428,Gaddowal (191),LUDHIANA,30.9189186,75.84033,33428,1912.26304202552,1910.74267578125,0.5333696510955982,0.2306222757927404,1.4576889887028783,-0.5203865753777756,-0.1372441960573995,835.0397142579453,22.79578354606297,1.0,24.0,102,0,173,419.0,LUDHIANA-2
35268,Khane Ki Dhab (189),SRI MUKTSAR SAHIB,30.3289986,74.34525,35268,1909.191301778861,1910.7425537109375,0.6405931026651526,0.3125648751838037,1.473943403884885,-0.5938590387657561,-0.2120985670392044,474.0885695464176,24.55210914976345,1.0,700.0,80,80,421,764.0,MALOUT
30426,Gaddowali (282),JALANDHAR,31.333334,75.58166,30426,1911.433911607646,1910.7421875,0.563319385596611,0.2090241844196086,1.6484502831100138,-0.5358792272841777,-0.1323257511260192,958.2364502360718,22.3924562069638,1.0,0.05,0,5,140,84.0,JALANDHAR - WEST
34035,Bhinder Kalan (292),MOGA,30.9549541,75.2176,34035,1913.9333513957936,1910.740966796875,0.6063344748951672,0.2648128077020615,1.860504808765001,-0.5612220190417064,-0.1936828641522109,745.6278446128266,22.94287039083514,1.0,1222.0,599,601,1373,1387.0,KOT-ISE-KHAN
35430,Maan Singhwala (152),SRI MUKTSAR SAHIB,30.4684677,74.5256,35430,1910.4283994924592,1910.74072265625,0.5793208498594644,0.2405079136542578,1.595337415526772,-0.5522583838160771,-0.1537126520521483,578.3454310795978,23.955582118232005,1.0,2.0,0,200,780,975.0,MUKTSAR
32221,Pandrawal (206),Shahid Bhagat Singh Nagar,31.0450459,75.9406357,32221,1913.3488649080728,1910.739990234375,0.5619773501712441,0.2036898432672199,1.5913468916440583,-0.5415288592011894,-0.1271424295883052,848.7454024543473,22.68446499481384,1.0,156.0,0,0,153,166.0,AUR
30137,Rasulpur (146),JALANDHAR,31.0090084,75.78578,30137,1911.5521992429312,1910.7396240234375,0.6326126097721166,0.2760232077640736,1.8541485946196,-0.5840444318675327,-0.2017401324715605,853.8701092955837,22.608406356321325,1.0,231.0,57,57,350,228.0,PHILLAUR
37732,Jabbowal (123),AMRITSAR,31.6396389,75.13114,37732,1910.4555317958948,1910.7388916015625,0.385505805286256,0.0413832438815145,1.2653868206233434,-0.3734603923506688,0.0080446215563894,972.7645310571093,22.45527152660549,1.0,726.8,209,425,785,813.0,TARSIKKA
34997,Jala Lakheke Hithar (369/370),FAZILKA,30.6126118,74.25945,34997,1913.6444089811555,1910.7386474609375,0.5870635797921335,0.2895852878060436,1.7917766119883405,-0.5404992811138621,-0.1971510984291029,522.0536784522891,24.325727731049707,1.0,196.0,75,70,210,204.0,JALALABAD
40033,Nihaluwala (84),BARNALA,30.522522,75.57101,40033,1909.6160169547184,1910.7384033203125,0.667607608754998,0.3111735373791382,1.7335851977824448,-0.6253785556080077,-0.2270874865265111,710.9343799760239,23.213375035280365,1.0,490.0,101,101,427,533.0,MEHAL KALAN
34009,Ramuwala Nawan (94),MOGA,30.7950535,75.1612549,34009,1907.4432752448413,1910.7376708984375,0.6413167801269998,0.2836415659411891,1.856164852368288,-0.5855253651811033,-0.2077459727371428,685.1387414147752,23.36367271927469,1.0,818.2,372,198,500,621.0,MOGA-I
33903,Bhagike (161),MOGA,30.55856,75.34796,33903,1909.613623659921,1910.7374267578125,0.6609052510723785,0.3005772119293819,1.9223941042836248,-0.6046489596628528,-0.2258553062698676,655.0726246488304,23.57378955056041,1.0,596.0,0,125,751,687.0,NIHAL SINGH WALA
35539,Dalewala (13),FARIDKOT,30.6846848,74.73386,35539,1910.2627625711068,1910.7371826171875,0.6194865020082817,0.2720818881558962,1.540235854865042,-0.5840221093576626,-0.1830042487683788,625.7476898839371,23.67761861755929,1.0,485.0,752,120,196,291.0,FARIDKOT
32263,Mahrampur (171),Shahid Bhagat Singh Nagar,31.0810814,75.9904556,32263,1905.175825460752,1910.7359619140625,0.593161163836958,0.2545298138816232,1.61270888682839,-0.5569042078605394,-0.1688186568410082,829.1148558675868,22.626968171396737,1.0,2.47,60,0,258,333.0,AUR
38338,Khakh (117),Tarn Taran,31.54955,75.01623,38338,1910.6032655675283,1910.7357177734375,0.4831468941069086,0.1589492567913655,1.3820689208431267,-0.4738601462314181,-0.0791754806193497,940.791333000888,22.44797346272628,1.0,190.0,100,150,423,405.0,KHADUR-SAHIB-10
37700,Rattangarh (84),AMRITSAR,31.6036034,75.2078247,37700,1909.1388717616976,1910.7353515625,0.4900255049592835,0.1315721485070571,1.685491862976644,-0.4582079559685847,-0.0712271905348063,953.6798043285038,22.405057505839363,1.0,174.0,110,110,280,195.0,RAYYA
39425,Jhuner (44),SANGRUR,30.522522,75.88475,39425,1910.2014799478327,1910.7352294921875,0.6695892962807259,0.3268885621570974,1.7369775633059976,-0.6294584188681771,-0.2400920396494033,744.6301522662537,22.99865686411482,1.0,706.0,20,200,515,780.0,AHMEDGARH
39389,Kalian (4),SANGRUR,30.522522,75.88475,39389,1910.0503662305207,1910.7337646484375,0.649623584031542,0.2920526238399974,1.6741967036996357,-0.614233584587331,-0.2105525596606196,732.1018817832368,23.108114059784786,1.0,458.0,100,0,551,565.0,AHMEDGARH
39541,Bhularan (147),SANGRUR,30.5045052,75.9334259,39541,1910.2467099466533,1910.7335205078125,0.5824276980582022,0.2667243436480634,1.4302416680499177,-0.5529168450912334,-0.1731783018213253,738.7458299305496,22.97791777965272,1.0,250.0,52,50,202,295.0,MALERKOTLA
39606,Balian (48),SANGRUR,30.39244,76.1852646,39606,1910.88820298442,1910.733154296875,0.6643324891211785,0.3348440583307707,1.8726822376421188,-0.6085554987838416,-0.2487869576920942,677.6773276736634,23.55385871474158,1.0,1000.0,700,702,1205,1728.0,SHERPUR
39652,Rajinder Puri (90),SANGRUR,30.3603611,75.8630447,39652,1912.6769943311067,1910.7322998046875,0.6135517095684574,0.287092771319238,1.501747829006242,-0.5801619929567197,-0.1888907729207171,701.7093542029755,23.24478113269879,1.0,310.0,1550,190,300,511.0,DHURI
29888,Saidupur (136),JALANDHAR,31.1171169,75.49313,29888,1913.0729839676512,1910.7320556640625,0.5748334860109685,0.2222640760357921,1.5984169667397432,-0.5503651390922919,-0.1451628958867155,892.3655989577668,22.53479004222732,1.0,113.0,30,40,93,124.0,NAKODAR
29097,Lakhanke Padde (98),KAPURTHALA,31.3873882,75.3085251,29097,1909.769762327879,1910.73095703125,0.5559877084620239,0.2413370529407306,1.7393915229274703,-0.5243256325565625,-0.1570207312663676,855.3183767011063,22.46012897505409,1.0,0.4,1500,0,780,1058.0,DHILWAN
34991,Ghubhaya (242),FAZILKA,30.6126118,74.25945,34991,1909.7177648574632,1910.72998046875,0.5150003439572275,0.2426220455853737,1.4337981878673194,-0.4965553256162952,-0.1467072299773756,535.489170368523,24.2246559128958,1.0,627.28,805,800,1105,714.0,JALALABAD
35516,Chak Sahu (22),FARIDKOT,30.6846848,74.77576,35516,1909.5935798076405,1910.728515625,0.5745969090507367,0.2288028652337096,1.4033765626214874,-0.5495721431977878,-0.137081365397558,609.9960598161118,23.74760085130731,1.0,22.0,45,25,85,165.0,FARIDKOT
33920,Badhni Khurd (100),MOGA,30.7027035,75.29265,33920,1911.0276328184973,1910.7281494140625,0.6382761806552065,0.2748598659963076,1.874823480526364,-0.5848075441264113,-0.2056948204723078,699.522578995456,23.227174339053647,0.9957288555225008,275.0,0,183,378,374.0,NIHAL SINGH WALA
34642,Miran Shah Noor (87),FIROZEPUR,30.9549541,74.6083,34642,1910.875100270835,1910.724609375,0.5634981627401587,0.2371229586013444,1.3127808595828925,-0.5628334008673589,-0.134907131566326,630.8803054501908,23.741871670056355,1.0,65.0,50,42,60,68.0,FIROZPUR
33418,Shekhewal (43),LUDHIANA,30.9189186,75.77732,33418,1913.7956153782432,1910.7237548828125,0.4136210488031352,0.143046208583349,1.1041709472511787,-0.4260613858743645,-0.0526364237311023,848.1584730555909,22.68394309940942,0.8029759302798737,20.0,2,0,80,219.0,LUDHIANA-2
34769,Buttar (262),FIROZEPUR,30.8828831,74.42614,34769,1910.124236026352,1910.7237548828125,0.6343264894428081,0.291861337160607,1.5692128156139311,-0.5989284224753869,-0.1982401099380576,616.3843068292039,23.812034812580865,1.0,5.0,44,50,70,132.0,MAMDOT
34054,Salina (16),MOGA,30.7489872,75.04231,34054,1909.311111724158,1910.723388671875,0.6340170808087102,0.2958406170131299,1.796449786023677,-0.5886868521370794,-0.2120580436158377,706.6016520299927,23.177631581141625,1.0,1052.0,0,20,90,1122.0,MOGA-II
33864,Ahingran (39),LUDHIANA,30.81081,75.48213,33864,1909.3107863418688,1910.7230224609375,0.6467307723281157,0.2941536395608613,2.0468321191401544,-0.5937540880646678,-0.22209973033202,765.7625320365327,22.862048050066,1.0,237.0,35,20,92,95.0,JAGRAON
29176,Gaura (43),KAPURTHALA,31.4908447,75.35549,29176,1913.908760624748,1910.7225341796875,0.5907160812459114,0.2995050912102894,1.720795761797145,-0.5624353328357219,-0.2009835529976946,901.3992720480376,22.438135076925867,1.0,180.0,40,60,107,202.0,DHILWAN
34772,Bharoli Bhann (224),FIROZEPUR,30.9549541,75.00749,34772,1909.0877652272145,1910.7216796875,0.6257148292114684,0.3099017924551496,1.538422873846326,-0.58969488305003,-0.2107732248141351,616.3843068292039,23.812034812580865,1.0,196.0,22,23,50,215.0,MAMDOT
35265,Tarkhanwala (196),SRI MUKTSAR SAHIB,30.2114658,74.48619,35265,1911.368022866058,1910.721435546875,0.5807848736031385,0.2238301661319634,1.3719543854604657,-0.5458183105717318,-0.1330377721109213,464.9701061656373,24.57111682044564,1.0,1280.0,120,15,900,1349.0,MALOUT
39397,Rasulpur (13),SANGRUR,30.522522,75.88475,39397,1911.0368559935264,1910.719482421875,0.6525020032364642,0.3026021632172145,1.7589554087695871,-0.6118394415108527,-0.2233693119690424,782.3198976924317,22.894344868499104,1.0,232.0,108,0,255,245.0,AHMEDGARH
34071,Sada Singhwala (12),MOGA,30.8648643,75.04187,34071,1908.550867008826,1910.7191162109375,0.5696615539963081,0.2585302491215273,1.581378169880195,-0.547462366986235,-0.1664808217747448,698.8567096025562,23.30075394904625,1.0,686.0,0,150,350,787.0,MOGA-II
37646,Bhadiar (401),AMRITSAR,31.6036034,74.61547,37646,1914.7449717830127,1910.7177734375,0.5143641448400293,0.2069326484663719,1.3239820440976262,-0.5007178587138621,-0.1138954376595435,925.0394110625008,22.963722955942178,1.0,104.0,58,73,110,129.0,ATTARI
37125,Budha Warsal (54),AMRITSAR,31.6175823,74.87588,37125,1910.4013494928024,1910.7169189453125,0.6139327706094412,0.28905041442531,1.46104614030961,-0.5895963191353196,-0.1876937707922324,953.765833657016,22.6391379412903,1.0,3.0,1,1,1,67.0,AJNALA
33852,Maddepur (182),LUDHIANA,30.9369373,75.3714752,33852,1913.0659599609453,1910.7164306640625,0.4835238488047745,0.2111711204080959,1.357244862916325,-0.4680157073448013,-0.1244955157261997,805.4656435992702,22.6313796588192,0.9059262153229736,502.0,45,70,196,533.0,SIDHWAN BET
34768,Toor (258),FIROZEPUR,30.8828831,74.42614,34768,1910.9690932240217,1910.7158203125,0.626503228516709,0.3003399032722944,1.5149081953870671,-0.5877046090239135,-0.2003904804674083,616.3843068292039,23.812034812580865,1.0,9.0,45,45,77,277.0,MAMDOT
37601,Wadala Bhitewadh (354),AMRITSAR,31.6604328,74.87365,37601,1911.5264400748656,1910.7142333984375,0.4482844510863542,0.0881492133010346,1.0609606796071651,-0.4716494411723183,-0.0130730827453086,898.4490976410348,22.71468904796436,0.9452608148445396,112.0,128,70,556,940.0,VERKA
30544,Kuddowal (374),JALANDHAR,31.3873882,75.4562759,30544,1908.1409595951648,1910.7142333984375,0.5949122982989559,0.272945998307863,1.860262148970901,-0.5552403884156849,-0.1883184204529476,843.1864175012009,22.479022681880625,1.0,2.28,0,0,246,280.0,JALANDHAR - WEST
37938,Walipur (245),Tarn Taran,31.477478,74.91614,37938,1911.426818585045,1910.7127685546875,0.5862233301542041,0.2365140030750894,1.6191023010185517,-0.5524823198310186,-0.1538468735080208,812.7280267884629,22.83291248283939,1.0,350.0,120,125,530,290.0,TARN TARAN-12
35469,Dawareana (109),FARIDKOT,30.58544,74.81651,35469,1910.7865116887435,1910.7091064453125,0.5718726487536466,0.2818231924540337,1.6666782896772254,-0.5418489683128201,-0.1854814505709304,558.4910477879694,23.97271094758621,1.0,1600.0,190,118,500,462.0,KOT KAPURA
37886,Kot Siviyan (36),Tarn Taran,31.7657661,74.8519,37886,1917.9323826180805,1910.7081298828125,0.5334734132757056,0.2093583494911646,1.404816270972524,-0.5156121668199165,-0.1208497619649843,843.5004876348615,22.922050159853985,1.0,130.0,120,100,150,145.0,GANDIWIND-9
34497,Sodhi Nagar Urf Sultan Khanwala (149),FIROZEPUR,30.9369373,74.6362457,34497,1909.8010565434863,1910.7064208984375,0.623678297055842,0.2869153385844033,1.6639403712726426,-0.5871964350683755,-0.1963254376259043,663.8614776542084,23.52512561971713,1.0,320.0,20,20,25,1413.0,GHALL KHURD
39682,Bakhtri (18),SANGRUR,30.2882881,76.09938,39682,1910.1186927946285,1910.70458984375,0.5799531967216941,0.235367125274964,1.4629095866928927,-0.556531950414821,-0.1466870483689313,733.8665219952958,23.116596925856413,1.0,186.0,20,120,175,299.0,BHAWANI GARH
39833,Nihalgarh (144),SANGRUR,30.27027,75.85592,39833,1909.4372373290207,1910.7025146484375,0.6295303347694793,0.297245266225784,1.7199514469758526,-0.5824958211902962,-0.2059183698891285,649.5287212541001,23.711543893087253,1.0,940.0,25,58,294,369.0,DIRBA
29870,Khiwa (159),JALANDHAR,31.2252254,75.4318542,29870,1912.263096985452,1910.7025146484375,0.6003027447559205,0.2393431556500095,1.749113775805316,-0.5671564460386078,-0.1647409328718507,883.6240711619752,22.543239515608548,1.0,161.0,120,150,300,668.0,NAKODAR
34464,Naraingarh (161),FIROZEPUR,30.6779556,74.753006,34464,1910.134590760004,1910.7020263671875,0.6482138191803245,0.3148211064668297,1.80774793801577,-0.5985906802145452,-0.2268043951728066,677.8537430186531,23.437067548854927,1.0,200.0,150,247,253,367.0,GHALL KHURD
39468,Naro Majra (105),SANGRUR,30.3783779,75.87703,39468,1910.794453528874,1910.7010498046875,0.5927654094068131,0.2737897554102368,1.4330431935843704,-0.5634390046467905,-0.1778621329513785,760.2889480998414,22.927026586350337,1.0,355.0,100,0,270,365.0,AHMEDGARH
37909,Bhaini Sidhwan (86),Tarn Taran,31.477478,74.91614,37909,1913.5560147782885,1910.70068359375,0.4821909030360962,0.1438958894937821,1.4113024444815083,-0.4632478848945801,-0.0717602095366521,896.61962715887,22.56292476641289,1.0,730.0,28,16,148,176.0,TARN TARAN-12
33234,Chupki (243),LUDHIANA,30.63063,76.09503,33234,1908.336410539716,1910.6998291015625,0.5423185859609998,0.1910594836655968,2.071360430221021,-0.5057721544681019,-0.1215571121236589,865.374857466449,22.713122245179363,1.0,2.47,0,0,12,178.0,KHANNA
33401,Chaunta (26),LUDHIANA,30.9189186,75.84033,33401,1910.7772345431315,1910.6944580078125,0.5335522603268749,0.2033373322653112,1.4087030272930037,-0.5286516929824331,-0.1130118109956438,840.7833136385246,22.735237062819444,1.0,21.0,54,0,394,611.0,LUDHIANA-2
33950,Jita Singhwala (139),MOGA,30.64865,75.18769,33950,1909.4041426206888,1910.6937255859375,0.6639738522401062,0.3251556813705832,1.9466964275537493,-0.6122329909331204,-0.2440206454805153,621.3131639172929,23.6750863302056,1.0,445.3,0,78,120,467.0,BAGHAPURANA
36833,Kheri Gujran (OG),PATIALA,30.216217,76.35633,36833,1910.1322038175035,1910.692138671875,0.4195744361741437,0.0029149526209881,1.0650976579350393,-0.4490280609235422,0.0475881224638132,850.5485597064393,22.973828551360043,0.0,5.0,0,0,220,0.0,PATIALA
29975,Ramunwal (323),JALANDHAR,30.8288288,75.6851349,29975,1912.887378213161,1910.691650390625,0.6182076334743376,0.2970929943720387,1.8573535938466648,-0.5733215789391742,-0.211016000537411,783.2339937479358,22.734209033324472,1.0,45.0,85,50,155,323.0,MEHATPUR
34691,Tibbi Kalan (277),FIROZEPUR,30.9009018,74.46114,34691,1910.214903619936,1910.69091796875,0.614525086221435,0.3039571562819063,1.5643258133874312,-0.5841864668355344,-0.2049328112323833,633.4915700366395,23.7499090722734,1.0,202.0,80,80,90,521.0,MAMDOT
35547,Kabalwala (1),FARIDKOT,30.666666,74.78275,35547,1912.3263186844133,1910.69091796875,0.611453365886608,0.2645148113085392,1.5403992225281875,-0.5794981446580098,-0.1747060819240862,625.7476898839371,23.67761861755929,1.0,299.0,39,0,302,336.0,FARIDKOT
30061,Bhallowal (63),JALANDHAR,31.0852947,75.59613,30061,1911.0514995076576,1910.68896484375,0.5703324759906416,0.2284227920144449,1.6251609608108954,-0.5465615345959923,-0.1501063926730188,821.2975802829163,22.77606139731529,1.0,1490.0,159,27,97,166.0,NURMAHAL
34862,Mothanwala (161),FIROZEPUR,30.4684677,74.5256,34862,1911.3322189847145,1910.6884765625,0.6367134038345962,0.3142646256454207,1.6822779795996,-0.5961707839495058,-0.219881855704563,600.097382347812,23.98513700067548,1.0,220.0,333,105,327,337.0,GURU HAR SAHAI
33752,Acharwal 171),LUDHIANA,30.64865,75.58562,33752,1910.928727176504,1910.6871337890625,0.6745940366112702,0.316238674929325,1.90557804150752,-0.6202831026315673,-0.2370349336784069,691.6006448676484,23.26709664117152,1.0,475.0,123,0,358,494.0,RAIKOT
34014,Bughipura (24),MOGA,30.8288288,75.18155,34014,1907.0125711797607,1910.6871337890625,0.6044017743446803,0.2538965022315051,1.7352373063042208,-0.560352324399227,-0.1794872035217938,709.653491060962,23.123877752892497,1.0,928.0,526,526,1100,938.0,MOGA-I
35472,Virewala Khurd (96),FARIDKOT,30.522522,74.83893,35472,1909.7053211405976,1910.6865234375,0.5777422735266696,0.2650681195123082,1.6995861927727016,-0.5433762091559309,-0.1748417550355714,558.1644704188212,23.97997882826684,1.0,136.0,146,150,166,148.0,FARIDKOT
39722,Santokhpura (232),SANGRUR,30.3423424,76.45454,39722,1912.76599947038,1910.68359375,0.6119608013509017,0.278431414317538,1.5014068744909457,-0.5802519138443574,-0.1827950395164374,697.4079254081147,23.226396516607792,1.0,181.0,55,95,150,346.0,BHAWANI GARH
37921,Bakipur (219),Tarn Taran,31.477478,74.91614,37921,1912.3640768771788,1910.6832275390625,0.5699425541733169,0.2438878607469515,1.5489956125142466,-0.5430712613322985,-0.1531455020528405,803.6998566410288,22.90112365764866,1.0,238.0,0,402,499,475.0,TARN TARAN-12
34080,Umariana (321),MOGA,30.81081,75.04157,34080,1911.0167425416216,1910.6832275390625,0.6848808355437555,0.3486805999974621,2.049172576797844,-0.6152373170317785,-0.2675083466125448,701.7494461085836,23.26737887705869,1.0,750.0,2,115,119,271.0,KOT-ISE-KHAN
33694,Ruppa Patti (159),LUDHIANA,30.64865,75.58562,33694,1912.6313040336213,1910.6824951171875,0.6814496475733564,0.3130060777316342,1.7603178312747374,-0.6365987239812214,-0.2342273512460325,730.1558348348038,23.084250067546748,0.9927018557990226,116.0,80,80,120,130.0,RAIKOT
40081,Naraingarh Sohian (20),BARNALA,30.3603611,75.7377548,40081,1910.2190006421904,1910.6812744140625,0.6529181177200003,0.3168843947978493,1.78074132794062,-0.6088935392979635,-0.230421738061115,671.03237473132,23.46188076817405,1.0,222.0,95,75,241,255.0,MEHAL KALAN
36536,Kar Heri (28),PATIALA,30.3471642,76.44074,36536,1910.8316550987483,1910.68017578125,0.3783119970141393,0.0399387483935577,1.3532105326237769,-0.3878809343713107,0.0077098547053159,871.0882014816738,22.8761231817296,0.0160889779420056,75.0,20,10,374,151.0,SANOUR
34032,Chugawan (31),MOGA,30.81081,75.16745,34032,1910.392955521235,1910.67919921875,0.6763492513097378,0.326548087989625,2.125342828807855,-0.6105814320889227,-0.2537285783939105,727.4429632227913,23.038154913381952,1.0,486.2,42,0,531,627.0,MOGA-I
33531,Qilla Raipur (315),LUDHIANA,30.3948956,75.74166,33531,1907.2326113456804,1910.6783447265625,0.6335740509806891,0.3009481552027048,1.863586424931848,-0.5911694827395702,-0.220166016393581,803.8038774343877,22.795174653659743,1.0,1458.0,132,45,1368,1605.0,DEHLON
29227,Abdulapur (9),KAPURTHALA,31.333334,75.22305,29227,1914.427987981847,1910.6781005859375,0.4038844427869238,0.0284238273739343,1.1001177636260102,-0.4306348304721131,0.0253915488653443,913.34825186037,22.398483972158942,0.7710301690761332,10.0,2,0,5,87.0,KAPURTHALA
36331,Hiana kalan (164),PATIALA,30.3783779,76.25297,36331,1909.8340082901143,1910.6776123046875,0.5565783596737749,0.2521138928747911,1.4718340739642577,-0.5372083737316441,-0.1544734262493674,775.388428848018,23.00953171966017,1.0,327.0,108,75,237,369.0,PATIALA RURAL
34906,Pireke Uttar (262),FAZILKA,30.5045052,74.0931244,34906,1912.28465564503,1910.6767578125,0.598397375455918,0.2858807053543438,1.6290744757014153,-0.5598330681278811,-0.1933072584602176,595.2058903514749,24.053065667622327,1.0,2.0,45,0,250,121.0,GURU HAR SAHAI
29919,Mehmudpur (30),JALANDHAR,31.3299828,75.23742,29919,1914.4781789603448,1910.67626953125,0.5886811581108045,0.2404751049600689,1.7377689089991395,-0.5580431000182172,-0.1627347741471722,871.60339899165,22.579258265986752,1.0,85.05,12,0,57,92.0,NAKODAR
33732,Shehbazpura (80),LUDHIANA,30.64865,75.58562,33732,1911.833634440912,1910.67431640625,0.646776729263282,0.286214057513163,1.6573472360092378,-0.6075301235281461,-0.2029962078889844,710.9343799760239,23.213375035280365,1.0,577.0,65,0,518,635.0,RAIKOT
40037,Chhapa (3),BARNALA,30.522522,75.57101,40037,1910.713514141363,1910.6737060546875,0.5964738287065217,0.2816206385745622,1.5128447888315666,-0.5847834466196009,-0.1856813426485243,707.7911683550491,23.25039051912073,1.0,870.0,300,500,712,955.0,MEHAL KALAN
30409,Lallian Kalan (424),JALANDHAR,31.3153152,75.56719,30409,1914.0626927453943,1910.6734619140625,0.5262537838532091,0.1597547836482464,1.551285089756204,-0.5088596888452863,-0.0928081054663231,940.5917529528202,22.43058289559221,1.0,0.005,7,10,349,388.0,JALANDHAR - WEST
36382,Harigarh (216),PATIALA,30.3603611,76.15539,36382,1907.1214276750488,1910.6729736328125,0.5814087052607791,0.2545500475428861,1.4971388094758329,-0.5528397092999666,-0.1628533157600233,742.1264591624634,23.01527433478094,1.0,139.0,207,65,107,152.0,NABHA
36640,Devi Nagar (174),PATIALA,30.2342339,76.34947,36640,1907.7768725406168,1910.67138671875,0.5323213055004524,0.216182186675945,1.3469546314715626,-0.5275602017462087,-0.1216609359178681,807.036930601825,23.076397794994136,1.0,297.0,80,80,130,320.0,PATIALA
33927,Patto Jawaharsingh (153),MOGA,30.6126118,75.24344,33927,1911.3664709982368,1910.666748046875,0.6204313383486963,0.2776595436872776,1.7573491319594456,-0.5800279461480633,-0.199012282519109,650.342417705981,23.580133668562173,1.0,600.0,27,27,193,278.0,NIHAL SINGH WALA
33962,Sekha Kalan (128),MOGA,30.6846848,75.09003,33962,1913.2195767427847,1910.66650390625,0.6653574657107322,0.3289171532845203,2.0644468752336973,-0.6054262423116402,-0.2489350757507905,593.2724717070954,23.793807309023407,1.0,3560.0,556,357,857,1614.0,BAGHAPURANA
34782,Mohre (259),FIROZEPUR,30.8648643,74.41215,34782,1912.3877263252127,1910.666259765625,0.583400044180804,0.2670707514163528,1.4367751078719373,-0.5593263305625369,-0.169946617998699,616.3843068292039,23.812034812580865,1.0,297.4,90,100,127,364.0,MAMDOT
39802,Biggarwal (53),SANGRUR,30.13691,75.81072,39802,1912.0747303646544,1910.6661376953125,0.6477010821021492,0.2968286754869957,1.6733846072017664,-0.5974129513957523,-0.2123009506964041,658.4990053480427,23.61585453934087,1.0,2.47,0,0,757,926.0,SUNAM
36164,Shahpur (73),PATIALA,30.072073,76.11994,36164,1908.4955624159709,1910.66455078125,0.5611374080690726,0.252245409473399,1.5179380739037376,-0.533314342335133,-0.1591662202503564,699.4289261882035,23.342190158223428,1.0,538.0,142,370,476,594.0,SAMANA
29195,Kamewal (71),KAPURTHALA,31.44144,75.2674561,29195,1912.0470214684208,1910.6641845703125,0.5300870756343734,0.1884571624515294,1.5692954409965558,-0.5114983772463789,-0.1087919865253784,931.265303771724,22.505780148381405,1.0,50.0,15,15,30,104.0,DHILWAN
30419,Bajra (284),JALANDHAR,31.27928,75.51722,30419,1910.3961428427624,1910.6639404296875,0.4086298714471557,0.0624860855663173,1.3033775881324952,-0.4100547625971095,-0.0109384195599399,958.2364502360718,22.3924562069638,0.7324929844362317,3.0,0,10,187,95.0,JALANDHAR - WEST
36521,Chandanpur (8),PATIALA,30.3658981,76.37706,36521,1911.870091391372,1910.663818359375,0.6148350345100279,0.3123343943816201,1.5567094329883944,-0.589757389209336,-0.2059953835489557,806.3507172276871,23.00491997713073,1.0,48.0,0,0,4,58.0,PATIALA
30486,Bhathe (334),JALANDHAR,31.4234238,75.59083,30486,1908.052649875168,1910.6629638671875,0.5880257698522128,0.2233513119160226,1.9474764655455743,-0.5394464703837845,-0.1533233019433741,866.5677848269837,22.48811818547273,1.0,139.0,60,12,140,153.0,JALANDHAR - WEST
35260,Paniwala Fatta (185),SRI MUKTSAR SAHIB,30.3290234,74.34512,35260,1910.8552420303483,1910.6629638671875,0.5758418850693884,0.2589923707937677,1.376977539844345,-0.5466261431568956,-0.1599968078602728,463.0720197322535,24.569625394261653,0.9738401357968552,915.0,230,402,601,1012.0,MALOUT
33711,Jand (348),LUDHIANA,30.7027035,75.6907959,33711,1911.5731958527824,1910.661865234375,0.6404267961656723,0.2780749687092787,1.7148444286711753,-0.5927892956980366,-0.2024958809285779,770.9148206746237,22.943535754031323,1.0,369.0,0,10,297,416.0,PAKHOWAL
36251,Khanewal (162),PATIALA,29.9459457,75.79449,36251,1909.5030892864568,1910.659912109375,0.5469484535620243,0.2437661687235361,1.4839447553788283,-0.5277654326237495,-0.1499950024167289,642.0864555051224,23.88517504247796,0.9237851798782885,647.0,80,190,228,399.0,PATRAN
36182,Kularan (62),PATIALA,30.2522526,76.1340256,36182,1911.869941723733,1910.6590576171875,0.6256105622107383,0.2883137716487463,1.6600077612003714,-0.5796343503809873,-0.2004435103156869,689.629489804088,23.3600041894074,1.0,1051.0,528,600,1049,1840.0,SAMANA
36831,Ranjit Nagar Extension - I (OG),PATIALA,30.4864864,76.2329941,36831,1910.256730893809,1910.656982421875,0.2532804280372137,-0.0352703537629679,0.7604528673577972,-0.2870326200345233,0.0731123480146576,839.1855749299424,22.919619997673408,0.1092007656722472,18.0,40,120,1160,0.0,PATIALA RURAL
40067,Majuke (14),BARNALA,30.4144154,75.3827,40067,1912.8786785377656,1910.6558837890625,0.6571325866953802,0.3087330719482684,1.9067745096259416,-0.6005840472986927,-0.2295349111522936,654.2151513507264,23.612116620510506,1.0,160.0,450,260,460,650.0,SEHNA
34506,Rukan Shahwala (137),FIROZEPUR,30.9452629,74.62325,34506,1908.9230959870297,1910.650390625,0.5992584255400962,0.2794947398690192,1.540302239352867,-0.5814023795646468,-0.181541805636965,684.4431369428851,23.462367873399767,1.0,262.0,74,124,128,282.0,GHALL KHURD
33873,Janetpura (48),LUDHIANA,30.6846848,75.4462051,33873,1910.3942179006503,1910.64892578125,0.6191623242793098,0.2424634534211538,1.8164009433844683,-0.5855813106930182,-0.1785325096711021,765.7625320365327,22.862048050066,1.0,405.0,276,90,248,405.0,JAGRAON
33940,Budh Singhwala (109),MOGA,30.6846848,75.09003,33940,1912.578349063459,1910.647216796875,0.6417220193386577,0.3131706740111388,1.8579113077015703,-0.5894845816415862,-0.2291062378699214,641.8762886620036,23.57688201109146,1.0,306.0,212,212,525,636.0,BAGHAPURANA
37584,Bohru (269),AMRITSAR,31.54955,74.67793,37584,1912.638244545,1910.646484375,0.4421846344623032,0.0804432484632851,1.1424389007262532,-0.4419751802529615,-0.0130000328432948,883.7208916142628,22.842980179281213,1.0,397.0,189,158,875,397.0,ATTARI
37990,Sangatpur (309),Tarn Taran,31.2972965,75.02558,37990,1912.007759951554,1910.6458740234375,0.598114090469228,0.2540891840233641,1.64205528491664,-0.570372961187263,-0.1718908321919746,819.9415448119538,22.811163704387354,1.0,344.0,256,256,276,318.0,CHOHLA SAHIB-8
36287,Jawalapur Alias Bahman Majra (129),PATIALA,29.9639645,76.037,36287,1910.3820050504105,1910.6439208984375,0.6423062271730112,0.3181651810958629,1.7289665518549873,-0.5936729982013926,-0.2273776483877342,666.4118725787661,23.52395379907619,1.0,223.0,170,170,254,254.0,PATRAN
30004,Chhaula (341),JALANDHAR,31.0556679,75.47325,30004,1915.656958865025,1910.643798828125,0.3495709690457052,0.1629975143260318,1.0092346226872926,-0.3580678835673992,-0.0708940747226358,805.9951904227631,22.629141831819368,1.0,43.0,7,20,59,173.0,MEHATPUR
30468,Bansian (157),JALANDHAR,31.59663,75.6344757,30468,1908.1508874361327,1910.6431884765625,0.61279411188181,0.2383342500846152,1.950422947716632,-0.5660299618640148,-0.1678743711914061,866.5677848269837,22.48811818547273,0.9992926381308158,132.0,20,0,28,138.0,JALANDHAR - WEST
37663,Khera (420),AMRITSAR,31.5315323,74.68466,37663,1915.020377589885,1910.6417236328125,0.5312687724639308,0.1924394040903199,1.3636532285452576,-0.5012967115883329,-0.1075638103157546,912.9752017742386,22.93860120381453,1.0,184.0,30,20,108,202.0,ATTARI
36560,Sher Majra (64),PATIALA,30.3423424,76.3919,36560,1909.6932948536328,1910.6402587890625,0.4922334227797579,0.1388329045877902,1.3373839833688754,-0.4872180642450041,-0.0662205551373807,848.0940143112557,22.978875032461826,0.7313417759867413,600.0,35,50,374,577.0,PATIALA
34069,Jogewala (5),MOGA,30.8218632,75.17422,34069,1907.8685073255613,1910.6400146484375,0.6256697219994073,0.3099575389006204,1.6859829262407562,-0.5855753982560644,-0.2179385044228314,677.7504625728028,23.431952089010625,1.0,240.0,0,166,400,299.0,MOGA-II
34182,Khera Daroli (174),MOGA,30.9369373,75.1404,34182,1908.2355692695128,1910.639892578125,0.6621328117369075,0.3346066001094395,1.925903254600147,-0.6020110475708292,-0.2499268849927144,693.6538162639039,23.19813426734248,1.0,102.0,51,22,24,110.0,KOT-ISE-KHAN
33995,Ramuwala Harchoke (95),MOGA,30.6846848,75.11098,33995,1908.3655385568425,1910.638916015625,0.6420350109507414,0.2845894372103755,1.8583948256282816,-0.5817580581683619,-0.2090169502972434,685.1387414147752,23.36367271927469,1.0,221.1,33,33,272,251.0,MOGA-I
37538,Taragarh (133),AMRITSAR,31.6756763,74.86388,37538,1910.252635157602,1910.638671875,0.4456022288090388,0.0911907375309689,1.2637562388370638,-0.4343348534511568,-0.0272918897879712,947.810573449332,22.45755696498839,1.0,597.0,280,455,840,597.0,JANDIALA GURU
33857,Hayatewal (179),LUDHIANA,30.666666,75.47403,33857,1911.7573230990663,1910.636474609375,0.3824019348829529,0.1740191254074869,1.023731767052767,-0.380617803606908,-0.079812573493474,779.5787545850175,22.745722600675435,1.0,460.0,30,10,158,116.0,JAGRAON
33329,Afzullapur (230),LUDHIANA,30.738739,76.01257,33329,1907.5930266281448,1910.6361083984375,0.5593237776468598,0.2358984042890919,1.708903128083759,-0.5249974581125252,-0.1540659486724328,838.5368230750458,22.707484723278867,1.0,10.0,15,4,100,84.0,DORAHA
39646,Samundgarh (85),SANGRUR,30.3243237,75.93949,39646,1908.598244753816,1910.6351318359375,0.5563162881929627,0.2348173836252654,1.3165443523186158,-0.5415602172504184,-0.1382205638308102,717.1626779248612,23.10685946835593,1.0,327.0,120,155,230,371.0,DHURI
37602,Gaunsabad (353),AMRITSAR,31.6573219,74.87201,37602,1913.616294288596,1910.6346435546875,0.4998846338351581,0.1391074558422184,1.2208287873178538,-0.4975450922028647,-0.0603464312415155,898.4865638425248,22.708453943606344,1.0,75.0,10,75,367,181.0,VERKA
40004,Bakhatgarh (434),BARNALA,30.4144154,75.3827,40004,1911.366777492016,1910.6336669921875,0.6558296698082607,0.2993520866079509,1.9411403511794008,-0.5980877635900497,-0.2240199850602285,655.8408657137123,23.62407040657944,1.0,532.0,248,208,456,584.0,SEHNA
40075,Bhotna (435),BARNALA,30.3603611,75.52894,40075,1911.0043643828733,1910.63232421875,0.658681193474471,0.3242721085659263,1.888099760629453,-0.6083992484053858,-0.239624332853743,661.2680422243701,23.56276868730846,1.0,1449.0,600,591,1114,1630.0,SEHNA
38282,Khadur Sahib (129),Tarn Taran,0.0,0.0,38282,1910.5344153766816,1910.63134765625,0.4919037764162191,0.1665601491866666,1.3537120566274627,-0.4821336305409918,-0.0853323423572698,904.0238502433198,22.61020811230276,0.9877725471579936,1427.0,255,500,2054,1613.0,KHADUR-SAHIB-10
33310,Pandher Kheri (386),LUDHIANA,30.3783779,75.85614,33310,1910.070456059206,1910.6297607421875,0.6695850346272706,0.3378274797019601,1.825945610785084,-0.6185690739208616,-0.2497960489958717,796.7080717190375,22.84895351530184,1.0,100.0,100,90,238,325.0,Maloud
34650,Bhabra Azam Shahwala (222),FIROZEPUR,30.9539261,74.61619,34650,1908.7376954517893,1910.6282958984375,0.5869933684510226,0.2774833184814981,1.4542158654513615,-0.5651211203334249,-0.1770233100359964,619.7115967847354,23.75669670531984,1.0,80.0,85,80,165,987.0,FIROZPUR
37549,Devi Dasspura (155),AMRITSAR,31.6216221,74.8838348,37549,1910.0644841147985,1910.6279296875,0.4145983376209479,0.0859448182138066,1.175562834635836,-0.4195666666668521,-0.0191889604105703,933.436656277408,22.53343531145123,1.0,419.0,12,0,518,485.0,JANDIALA GURU
29368,Nathupur (55),KAPURTHALA,31.2697868,75.25847,29368,1914.225013067084,1910.626708984375,0.5353612312471063,0.2213415480804299,1.4727982717447383,-0.5259517990521873,-0.1338568761518671,927.3953826799132,22.528884077580948,1.0,136.26,26,0,66,148.0,SULTANPUR LODHI
39727,Batriana (106),SANGRUR,30.27027,76.16885,39727,1911.167558601624,1910.626220703125,0.6180270987791537,0.272952758111195,1.5281124406621742,-0.5847168856083454,-0.1825889160628963,680.9007319619553,23.3225538193102,1.0,256.0,0,210,310,677.0,BHAWANI GARH
35266,Shergarh Gian Singh (187),SRI MUKTSAR SAHIB,30.594595,74.45496,35266,1911.9721892910693,1910.6248779296875,0.5408055559843782,0.1458279909636904,1.2964312605163522,-0.5105624391966536,-0.0709263061395863,464.9701061656373,24.57111682044564,0.9999069011180896,739.0,80,200,351,792.0,MALOUT
35572,Kot Sukhia (120),FARIDKOT,30.78199,74.69663,35572,1910.4984735306384,1910.6243896484375,0.5962139695929317,0.2638016964448682,1.6091973731422715,-0.5708556422115465,-0.1762987131163538,618.8784929921525,23.680006817638287,1.0,1363.0,650,850,957,1468.0,FARIDKOT
34684,Sadar Dinwala (272),FIROZEPUR,30.9189186,74.45416,34684,1909.4355116973263,1910.623291015625,0.5916558794475869,0.2800612291254368,1.5536717061233054,-0.5586356840431557,-0.1833611188685052,633.4915700366395,23.7499090722734,1.0,300.0,175,175,310,204.0,MAMDOT
39806,Mauran (58),SANGRUR,30.09009,75.96721,39806,1910.762713593768,1910.6217041015625,0.6583453862681478,0.3094198130868863,1.6820723205429144,-0.6071944819165619,-0.2249781951226682,658.0269268668358,23.607120759904333,1.0,250.0,330,260,1020,1278.0,DIRBA
40068,Deepgarh (15),BARNALA,30.4324322,75.3757248,40068,1912.529462136244,1910.621337890625,0.6443536683222212,0.3128764869124981,1.731837769463024,-0.5956129311416128,-0.2236224088878249,654.2151513507264,23.612116620510506,1.0,405.0,187,187,233,351.0,SEHNA
34159,Masitan (182),MOGA,30.9369373,75.1404,34159,1911.887864984161,1910.6207275390625,0.6652028892041298,0.3385856781104808,1.984465402043115,-0.6079040010196091,-0.2565224060496934,694.4356852021946,23.077817323688908,1.0,328.0,89,165,652,828.0,KOT-ISE-KHAN
40066,Talwandi (12),BARNALA,30.4324322,75.3757248,40066,1910.6774659573848,1910.620361328125,0.6912451383877269,0.3280905659577962,2.035614998382352,-0.6272463495477193,-0.2543181180935022,637.909984697173,23.68654882427503,1.0,708.0,200,372,445,773.0,SEHNA
40069,Badhata (437),BARNALA,30.4144154,75.3827,40069,1911.7699793623776,1910.6197509765625,0.6443359481363553,0.3177940184777902,1.7633666097740062,-0.6025433438316063,-0.2299581079634692,654.2151513507264,23.612116620510506,1.0,1455.5,0,200,321,433.0,SEHNA
29727,Raunt (294),JALANDHAR,31.0828724,75.34057,29727,1914.154315997809,1910.619140625,0.536953166084277,0.2305349974926871,1.6149739143335409,-0.5133403455643812,-0.1454799334059372,779.5787545850175,22.745722600675435,1.0,222.58,62,10,209,243.0,SHAHKOT
30071,Pandori Jagir (75),JALANDHAR,31.0851917,75.59603,30071,1912.153968507627,1910.617919921875,0.6576539328756735,0.3108760833063042,2.025548670614828,-0.6046630864313908,-0.2341199016243222,834.8475488831895,22.65798149232063,1.0,2.49,12,0,155,301.0,NURMAHAL
34201,Takhtuwala (202),MOGA,30.8288288,75.09762,34201,1906.1365877927053,1910.61669921875,0.6647387424429674,0.343741535000167,1.9459028647098504,-0.6075434837490761,-0.2580749474226971,729.5368429515873,23.0630761754724,1.0,65.0,35,35,45,70.0,KOT-ISE-KHAN
34181,Qadarwala (184),MOGA,30.81081,75.10451,34181,1910.3932481248448,1910.615478515625,0.6867731830749138,0.3686933305406765,2.0621394316683515,-0.6160151324028251,-0.2845012108803662,693.6538162639039,23.19813426734248,1.0,435.0,75,75,114,473.0,KOT-ISE-KHAN
37383,Harse Chhina (311),AMRITSAR,31.6756763,74.8427048,37383,1910.183562559848,1910.6151123046875,0.5188538071187898,0.1702372097227223,1.2871898296060231,-0.5069034321514747,-0.0877475327031512,901.9149909845314,22.69963200941971,0.9825504082957538,350.0,150,150,358,1078.0,HARSHE CHHINA
35548,Hassan Bhatti (2),FARIDKOT,30.5765762,74.83876,35548,1911.3368003194485,1910.6148681640625,0.6319717468929628,0.2858017412517176,1.6102639907786418,-0.5910731317051062,-0.1965791201932527,630.9822818500752,23.645054088895712,1.0,641.0,124,250,298,702.0,FARIDKOT
30042,Khela (114),JALANDHAR,31.0270271,75.80011,30042,1912.8447897938008,1910.61328125,0.5998781496229164,0.2706679815860718,1.7588449071703975,-0.5689722503723392,-0.1847486693243175,846.9622078349488,22.80621523879904,1.0,105.0,35,35,115,105.0,PHILLAUR
33202,Kauri (324),LUDHIANA,30.63063,76.09503,33202,1910.5775124837053,1910.6131591796875,0.4510153272911595,0.117683778836852,1.3425427905418807,-0.4495156073871328,-0.0499198614725463,865.374857466449,22.713122245179363,0.5785592636649945,2.47,0,0,446,313.0,KHANNA
34140,Bassian (258),MOGA,30.847208,75.1573,34140,1914.8128098342804,1910.6129150390625,0.5056021806117169,0.2092677764986033,1.488485571382451,-0.4849568064727552,-0.1228863995149381,731.4165028741257,22.937485862209485,1.0,90.0,7,11,15,100.0,KOT-ISE-KHAN
34452,Mirze Ke (179),FIROZEPUR,30.9369373,74.6362457,34452,1908.335463575158,1910.61181640625,0.6375625381763473,0.2930302597034627,1.6013373595585865,-0.6012981594632119,-0.2030934879219642,640.7798620870011,23.5841030951018,1.0,200.0,160,288,300,412.0,GHALL KHURD
35219,Kularan (72),FAZILKA,30.0792,74.2342,35219,1912.295537740957,1910.6109619140625,0.4791295421040223,0.0469612551278376,1.1125506690205051,-0.4942697182520386,0.0160699603149286,415.4324372780839,24.966685051515142,0.9800510450301404,1841.0,420,420,531,1960.0,ABOHAR
39633,Jati Majra (69),SANGRUR,30.3783779,75.85614,39633,1910.8674149419887,1910.61083984375,0.5915512233651006,0.2797940511778174,1.4794847080857765,-0.5596350419460281,-0.1834159447884009,699.2714444843701,23.27729834956628,1.0,164.0,100,90,162,179.0,DHURI
39768,Tung (48),SANGRUR,30.1981983,75.8211746,39768,1912.1570023118848,1910.6099853515625,0.6376274442780737,0.3068095939506757,1.5944264023155283,-0.5883912993474159,-0.2137208572133309,664.5560669942879,23.467386887421338,1.0,404.0,280,270,770,689.0,SANGRUR
33984,Gajjanwala (80),MOGA,30.72072,74.59409,33984,1909.2995443868097,1910.60595703125,0.6500111187992733,0.3015176128760137,1.816177896286773,-0.5947807040732153,-0.2208953200856452,679.947412899717,23.41537235444959,1.0,358.0,0,82,287,401.0,MOGA-II
33462,Khasi Khurd (56),LUDHIANA,30.9009018,75.84705,33462,1913.12211336288,1910.60546875,0.5670108747740149,0.2463614906705175,1.4554800760619695,-0.5609443730984276,-0.1524494291664785,838.0167080196738,22.770403987133268,1.0,42.0,15,25,123,49.0,LUDHIANA-2
40065,Kharak Singhwala (13),BARNALA,30.4324322,75.3757248,40065,1911.5562097545544,1910.6051025390625,0.7111878867020063,0.3445946924618954,2.137736600781186,-0.6395199348622159,-0.2720673370081237,636.2366768529313,23.69418738406671,1.0,320.0,15,45,145,344.0,SEHNA
29090,Mehmadpur (117),KAPURTHALA,31.54247,75.4361038,29090,1910.6575681474867,1910.6043701171875,0.6462014978196324,0.2973457932755353,2.1390524448525152,-0.5864949591030645,-0.2215382333099208,843.1864175012009,22.479022681880625,1.0,79.0,90,35,60,86.0,NADALA
30118,Kariana (168),JALANDHAR,31.0270271,75.80011,30118,1911.0555693615545,1910.6038818359375,0.5540533834904693,0.2540654631327305,1.5961090092934245,-0.5276892434246014,-0.1645451464596609,861.4481481721299,22.69576022833502,0.8670446051567353,993.0,85,85,328,993.0,PHILLAUR
37695,Timmowal (132),AMRITSAR,31.5315323,75.06517,37695,1910.1582247476028,1910.603759765625,0.4843814511387442,0.1348722552436925,1.4188781186906805,-0.4659284960392366,-0.0637064862238416,940.791333000888,22.44797346272628,1.0,651.0,55,538,740,728.0,JANDIALA GURU
39645,Cheema (84),SANGRUR,30.45045,76.0166855,39645,1908.317121997244,1910.6036376953125,0.6082149344760082,0.2801169199692717,1.5081036973799775,-0.5749993784284742,-0.1868194171768947,717.1626779248612,23.10685946835593,1.0,412.0,0,180,270,233.0,DHURI
34849,Thara Singhwala Hithar (255),FAZILKA,30.6177063,74.2100449,34849,1908.23817657742,1910.603271484375,0.6471403681645087,0.3087835669156831,1.6864149937445128,-0.6020839308939941,-0.2185329337968965,619.9077907016175,24.001903930906963,1.0,26.0,120,126,146,24.0,GURU HAR SAHAI
34885,Ghulla (280),FAZILKA,30.5045052,74.0931244,34885,1906.473570222572,1910.60302734375,0.635271290015717,0.2910152670811129,1.6541756917750965,-0.592848096811164,-0.2058178417077002,619.9077907016175,24.001903930906963,1.0,102.0,52,48,82,129.0,GURU HAR SAHAI
36528,Sidhuwal (36) (Part),PATIALA,30.3659477,76.37714,36528,1909.4287495049844,1910.6026611328125,0.5028374464593925,0.1588800122459166,1.3914559123799528,-0.4901953164960914,-0.086348404553018,816.7361958811136,22.97794007900472,0.8122866815584162,4.3,0,0,555,644.0,PATIALA RURAL
35644,Koer Singhwala (19),BATHINDA,30.5492821,75.16361,35644,1910.8179190905944,1910.60205078125,0.6788610408061938,0.3376955016168321,1.962475946013552,-0.6202615079791596,-0.2552808617422801,638.4928153402112,23.62977356593065,1.0,566.0,100,215,440,583.0,BHAGTA BHAIKA
35654,Rajgarh (30),BATHINDA,30.4907265,75.07214,35654,1912.297197688157,1910.6016845703125,0.6651574913518931,0.3140666864303212,1.9883091322065496,-0.606470817080053,-0.2380619152892278,636.2361286618328,23.69418798960064,1.0,1800.0,52,82,297,667.0,BHAGTA BHAIKA
34660,Hassan Dhut (74),FIROZEPUR,30.9538288,74.61578,34660,1910.7773650043969,1910.6014404296875,0.5517952253115247,0.2553637174839951,1.376587559734327,-0.5429572639426082,-0.1506600036405309,632.8001035315317,23.747780756953595,1.0,160.0,62,62,80,170.0,FIROZPUR
34117,Nasirewala (274),MOGA,30.9549541,75.2176,34117,1910.338774901861,1910.599853515625,0.6611571376486954,0.3385939138335075,1.903897459690904,-0.6118691278984227,-0.249903575710228,731.4165028741257,22.937485862209485,1.0,235.0,342,65,614,255.0,KOT-ISE-KHAN
29517,Suchetgarh (150),KAPURTHALA,31.2072067,75.18575,29517,1914.3748801400925,1910.5997314453125,0.5572108078234889,0.2640222117195532,1.4953925940283337,-0.5505407233953423,-0.1623598866498923,817.3614088746544,22.82300673426131,1.0,305.6,18,0,92,340.0,SULTANPUR LODHI
35748,Chak Jeeda (157),BATHINDA,30.4144154,74.9648361,35748,1910.2536190059143,1910.5992431640625,0.5567597063347827,0.2340759557586291,1.429173325572879,-0.5335697526249862,-0.1423540212958093,549.3629786742656,24.13791805978237,1.0,1315.0,100,700,1200,364.0,GONIANA
33533,Jassowal (282),LUDHIANA,30.3948956,75.74166,33533,1907.3478173599328,1910.5989990234375,0.6025682795063737,0.2714995016933099,1.8076159889591976,-0.5697566893979568,-0.1911601255764724,808.5676672866242,22.77318496325944,1.0,475.0,210,45,652,555.0,DEHLON
33644,Ladian Kalan (105),LUDHIANA,30.9024258,75.81432,33644,1915.03988756502,1910.59814453125,0.4526431074001844,0.1303500663075429,1.2878258795780912,-0.4633542974950013,-0.056714430832164,859.9390324301394,22.76975865683329,0.9999180573605648,192.0,42,58,225,277.0,LUDHIANA-1
40085,Gagewal (24),BARNALA,30.522522,75.57101,40085,1909.058162224884,1910.59716796875,0.6544264353646752,0.3127418561845896,1.8294366019300143,-0.5961164476847441,-0.2290494627094155,691.6006448676484,23.26709664117152,1.0,340.0,225,94,304,361.0,MEHAL KALAN
30106,Akalpur (128),JALANDHAR,31.0270271,75.80011,30106,1911.4693323188965,1910.5968017578125,0.6611103169350945,0.2933129182505265,2.049511139604056,-0.6073419625116557,-0.2250359884295356,849.4667345745155,22.541355737956103,1.0,273.0,52,52,402,273.0,PHILLAUR
40018,Gurm (21),BARNALA,30.3423424,75.55679,40018,1911.4278191282604,1910.5966796875,0.6586546675855185,0.3240914522507352,1.6751947637341933,-0.6180382965873326,-0.2347854798721325,680.6844945334541,23.45554540843977,1.0,682.0,860,220,525,739.0,BARNALA
29183,Aloudinpur (51),KAPURTHALA,31.3747215,75.3312454,29183,1914.6796047230887,1910.595458984375,0.5691284723867983,0.2631432262969336,1.681253083492037,-0.5367501861484721,-0.1713327097240621,897.5934627463715,22.45076415034606,1.0,344.0,40,40,239,387.0,KAPURTHALA
34864,Virak Khurd (165),FIROZEPUR,30.72072,74.34258,34864,1910.6220844601644,1910.5946044921875,0.6141929219811507,0.2980036805796365,1.6871694152469443,-0.568743151622495,-0.2028298291440401,589.0005323102372,23.95004577035394,1.0,220.0,215,120,128,137.0,GURU HAR SAHAI
29518,Jabbowal (147),KAPURTHALA,31.2072067,75.18575,29518,1916.219727419413,1910.5946044921875,0.5518848583932424,0.2551596582644639,1.503553808289294,-0.5470536909236097,-0.1568279686670803,817.6618368010215,22.814471060575247,1.0,452.23,86,90,236,500.0,SULTANPUR LODHI
33200,Rasulra (237),LUDHIANA,30.63063,76.09503,33200,1909.9231369017964,1910.593505859375,0.4843635734079957,0.1601546723633655,1.67913665650513,-0.4598201150503215,-0.0911575553024586,865.374857466449,22.713122245179363,1.0,2.47,0,0,650,425.0,KHANNA
40031,Mahal Khurd (33),BARNALA,30.522522,75.55009,40031,1909.4169822238096,1910.593505859375,0.6361348312934968,0.3057388688692771,1.6277251017121324,-0.6059797556351783,-0.2136139194166854,685.7142838647263,23.39645509748334,1.0,655.0,126,126,686,734.0,MEHAL KALAN
37624,Heir (347),AMRITSAR,31.6576576,74.87052,37624,1909.9780275791363,1910.5931396484375,0.4616680207660724,0.1013213289196678,1.134823179862385,-0.4720700370047738,-0.0279779462862952,898.4865638425248,22.708453943606344,0.98990923193413,1.0,0,0,78,536.0,VERKA
33599,Jangpur (80J),LUDHIANA,30.63063,75.5506058,33599,1912.3464689580487,1910.593017578125,0.5910710016087661,0.2442763498928172,1.7324747762826689,-0.5647677986803427,-0.169207720359111,784.6638801505463,22.82077246227169,0.9998864799826368,501.0,380,401,570,1114.0,SUDHAR
33086,Dhanda (329),LUDHIANA,30.81081,76.34226,33086,1907.5114812097995,1910.5911865234375,0.5734561844181563,0.2524170328879031,1.7209148458025672,-0.5216410490787335,-0.1724563278485967,849.6859382576621,22.747336822511127,1.0,550.0,15,0,114,223.0,MACHHIWARA
38257,Khan Chhabri (321),Tarn Taran,31.32116,75.0246,38257,1911.5303727793369,1910.5902099609375,0.5493957867347888,0.2309783707008722,1.467590987323871,-0.5333056282153166,-0.1394037902971732,891.6455064987753,22.65938954542412,1.0,542.0,125,352,482,388.0,CHOHLA SAHIB-8
39734,Sangheri (105),SANGRUR,30.2882881,76.0785141,39734,1910.758178080045,1910.58837890625,0.6294025868635857,0.2994763831062993,1.559486599554487,-0.5926010487976311,-0.2035040519967788,680.9007319619553,23.3225538193102,1.0,445.0,275,275,450,697.0,BHAWANI GARH
33231,Ikolaha (236),LUDHIANA,30.63063,76.09503,33231,1909.87182954366,1910.5882568359375,0.5108350259244498,0.1735160150216697,1.6713824921682847,-0.4852032649617864,-0.1042738679089768,865.374857466449,22.713122245179363,1.0,2.47,0,0,854,683.0,KHANNA
39590,Patti Khalil (30),SANGRUR,30.4684677,75.8635,39590,1915.391088978732,1910.5880126953125,0.6556919580355979,0.3139611262672468,1.647735103497937,-0.6145267916125353,-0.2235260419459496,691.8181082187851,23.36592714276419,0.7572763450061322,117.0,199,176,325,147.0,SHERPUR
34487,Toot (214),FIROZEPUR,30.8648643,74.78998,34487,1912.7216482428664,1910.587646484375,0.599465067836602,0.237721662055559,1.4328978137040065,-0.5743304368998615,-0.1535460816219255,615.2803734640762,23.729871359925028,0.9498980885997236,830.0,58,56,398,1011.0,GHALL KHURD
34854,Tilu Arain (289),FIROZEPUR,30.72072,74.34258,34854,1905.57855953671,1910.58642578125,0.6079778768723222,0.2819740444412277,1.694106927232598,-0.5706184127258517,-0.1953066669728091,619.9077907016175,24.001903930906963,1.0,48.0,50,50,60,129.0,GURU HAR SAHAI
33192,Alaur (221),LUDHIANA,30.63063,76.0741,33192,1906.3604773306783,1910.58544921875,0.3824232215224666,0.1070736190049537,1.191949400689191,-0.3869526677531815,-0.0387075600453305,901.8612000157732,22.79804944424137,0.3517409877668092,2.47,31,0,351,302.0,KHANNA
34061,Koera Kalan (64),MOGA,30.7567558,75.04134,34061,1908.252684046011,1910.58349609375,0.6008771486337742,0.2675031307024486,1.6879266811651157,-0.5671519714785234,-0.1830544558914114,677.7504625728028,23.431952089010625,1.0,289.0,0,132,231,327.0,MOGA-II
34731,Chupati (306),FIROZEPUR,30.9549541,75.00749,34731,1907.9202546241595,1910.58349609375,0.6301245547283247,0.2929247985306488,1.5414265855726503,-0.5980554238519705,-0.1959346240540342,627.3643102926017,23.8525876615504,1.0,5.0,105,104,155,149.0,MAMDOT
34909,Chak Sukar (254),FAZILKA,30.522522,74.2741852,34909,1909.8002425100192,1910.580322265625,0.6105444299452937,0.3043045956874695,1.751378163525379,-0.5652465830259483,-0.2115718650004445,573.5140833070176,24.17932731779252,0.9997270239251986,190.0,150,152,202,198.0,JALALABAD
29920,Hussainpur (29),JALANDHAR,31.18919,75.40312,29920,1915.0854192462773,1910.57958984375,0.5931144638386592,0.2350016167344105,1.676938569013538,-0.5657044028966487,-0.1580577125630972,886.2754700984678,22.547833805087865,1.0,155.0,0,8,150,174.0,NAKODAR
34486,Sayianwala (208),FIROZEPUR,30.8648643,74.8109741,34486,1912.3999103817005,1910.5794677734375,0.6112037197371066,0.2630648115547497,1.5307611798469969,-0.5784291485809604,-0.1743975631060728,625.7476898839371,23.67761861755929,1.0,335.0,30,25,120,369.0,GHALL KHURD
35650,Gaunspura (26),BATHINDA,30.500288,75.21143,35650,1909.5747990012933,1910.5789794921875,0.6972047678100336,0.3382286535997858,1.9711863633917528,-0.63316076970968,-0.2595014214103951,617.5116690804856,23.71487105591785,1.0,341.0,0,70,127,363.0,BHAGTA BHAIKA
33566,Rattan (301),LUDHIANA,30.8648643,75.8815,33566,1906.4937470071443,1910.5772705078125,0.5973013548430712,0.2468986646223605,1.686362896078761,-0.5729773451053864,-0.1693820892941944,792.2827587144824,22.805604849957312,1.0,10.0,200,18,250,234.0,PAKHOWAL
30009,Awan Khalsa (339),JALANDHAR,31.0630627,75.4501953,30009,1915.6384546916056,1910.5740966796875,0.6040178788791262,0.2944742983088332,1.683159821786498,-0.5751629480507668,-0.2010664278121446,808.6522739404538,22.63818494874632,1.0,107.1,85,42,145,282.0,MEHATPUR
32235,Mehmudpur (185),Shahid Bhagat Singh Nagar,31.0810814,75.96941,32235,1906.1927269408664,1910.5711669921875,0.672586899526769,0.3073756202519483,1.93508288434245,-0.6142064105659115,-0.2317604042556686,833.0336305310624,22.58589359521818,1.0,2.47,90,0,215,212.0,AUR
29904,Raibwal (129),JALANDHAR,31.3299828,75.23742,29904,1912.754763436188,1910.568115234375,0.5880260574225685,0.2319749639278653,1.7595216553905637,-0.5557706900299867,-0.1612685324005508,827.987928792471,22.65300513448096,1.0,20.4,20,20,50,156.0,NAKODAR
40023,Kurar (8),BARNALA,30.522522,75.57101,40023,1909.9257881745905,1910.566162109375,0.6253189449344089,0.3054178752796018,1.564926449457147,-0.6092679088790187,-0.2100692307945197,689.1317832898691,23.36388843496363,1.0,1066.0,398,398,877,1260.0,MEHAL KALAN
34192,Mehruwala (217),MOGA,30.738739,75.04827,34192,1909.7610288111089,1910.5657958984375,0.5285970483417377,0.2478726828877754,1.51685462812658,-0.5016159287900414,-0.1601461980607806,694.4905462672608,23.069375095900625,1.0,124.0,17,20,22,147.0,KOT-ISE-KHAN
33674,Jodhan (CT),LUDHIANA,30.7027035,75.7117538,33674,1907.098169826996,1910.565185546875,0.6290259002487572,0.2822075927232705,1.8377199845637109,-0.5892273622552295,-0.2092479100351395,803.6433814225859,22.7829881985106,1.0,1075.0,429,475,800,0.0,PAKHOWAL
33745,Siloani (161),LUDHIANA,30.64865,75.58562,33745,1912.196810395947,1910.56494140625,0.6590751312564448,0.2990126481065623,1.7565679867175552,-0.6055217168881336,-0.2191271622257037,726.4339575359872,23.087752946837185,1.0,265.0,721,120,220,296.0,RAIKOT
39719,Sangatpura (42),SANGRUR,30.27027,76.0436859,39719,1910.2954635743088,1910.5631103515625,0.6192728783021205,0.2813711362321436,1.4888232042864284,-0.5936075378860125,-0.1869349953049009,697.4079254081147,23.226396516607792,1.0,263.0,45,75,150,277.0,BHAWANI GARH
39462,Bhogiwal (33),SANGRUR,30.522522,75.88475,39462,1911.120410846877,1910.56201171875,0.5917885195927167,0.2470652636813924,1.5952632764346484,-0.56677992173609,-0.1631481732827163,760.2889480998414,22.927026586350337,1.0,100.0,300,200,405,467.0,AHMEDGARH
34912,Alam Ke (255),FAZILKA,30.522522,74.2741852,34912,1910.781646858033,1910.5618896484375,0.5627782481430693,0.2483295550906367,1.688882967023182,-0.5265450228349136,-0.1620577723494613,573.5140833070176,24.17932731779252,1.0,294.0,122,125,191,311.0,JALALABAD
34733,Chak Sawai Khurd (309),FIROZEPUR,30.666666,74.42665,34733,1910.187779725334,1910.5618896484375,0.6399100703491913,0.3095823721103399,1.6183651377574686,-0.5978766344157006,-0.2120898530811164,638.6789151439073,23.847703501964503,1.0,16.0,0,10,25,18.0,MAMDOT
39626,Dhuri (R) (94),SANGRUR,30.4864864,76.003,39626,1911.8328287260351,1910.55859375,0.6080138377868152,0.2816846646637047,1.529823494095646,-0.5740935731599386,-0.1872155110107499,696.2162380597986,23.267015154047584,1.0,292.0,1924,466,803,972.0,DHURI
30112,Achan Chak (154),JALANDHAR,31.0270271,75.77908,30112,1911.051802996855,1910.55810546875,0.590451300435604,0.2462086216299873,1.7086168008002476,-0.5587953615025849,-0.164298231337492,864.273304026355,22.76681682189809,0.9818040750329058,186.0,8,8,36,186.0,PHILLAUR
34183,Khamba (193),MOGA,30.81081,75.04157,34183,1907.129634497517,1910.55712890625,0.6679323041554678,0.3484597952927411,2.009249451621088,-0.6109737642456582,-0.2660046085723562,694.1523637927933,23.12145016759915,1.0,366.0,0,105,170,472.0,KOT-ISE-KHAN
33373,Sangeh (207),LUDHIANA,30.9189186,75.84033,33373,1905.6953208436985,1910.5528564453125,0.5956991170960007,0.2403962832449793,1.7693748748032014,-0.5628850158771211,-0.1631332151069709,849.1459134032624,22.75239176079907,1.0,10.0,10,10,128,107.0,LUDHIANA-2
29968,Nakodar (Rural) (31),JALANDHAR,31.1351357,75.3811646,29968,1914.0512714345648,1910.5521240234375,0.56845164181745,0.22107396650223,1.6788687769670323,-0.5416406870542333,-0.14827448154365,832.4388846577572,22.6605339435536,0.8270921375138196,16.0,0,7,88,2080.0,NAKODAR
30532,Fazalpur (386),JALANDHAR,31.59663,75.6344757,30532,1914.176792529316,1910.55126953125,0.641112358999477,0.2670071290449493,2.144533861026059,-0.5720447214133348,-0.1985994269239837,915.9105326658848,22.406412495860504,1.0,111.0,30,50,75,120.0,JALANDHAR - WEST
39467,Phalaud Kalan (30),SANGRUR,30.522522,75.88475,39467,1911.4981277786533,1910.549560546875,0.634328000245314,0.3008415804913691,1.541363809503422,-0.6042778541269112,-0.205150231668092,760.2889480998414,22.927026586350337,1.0,240.0,20,0,256,268.0,AHMEDGARH
34451,Kailash (190),FIROZEPUR,30.9654961,74.61095,34451,1907.8118451176829,1910.5491943359375,0.6024476410040842,0.2776121831029368,1.576699174175284,-0.5696752627323368,-0.1855380791636988,640.7798620870011,23.5841030951018,1.0,240.48,180,180,280,739.0,GHALL KHURD
36264,Khaspur (172),PATIALA,29.9459457,75.79449,36264,1909.3502563369675,1910.54736328125,0.4792391967753485,0.1972959430872004,1.3921239085931387,-0.4754510311287091,-0.107802702760808,639.0663030555146,23.86120458232682,1.0,182.186,40,120,260,319.0,PATRAN
36254,Kalar Bhaini (154),PATIALA,29.9639645,76.037,36254,1911.333835006652,1910.547119140625,0.6187119922034532,0.2940756578519928,1.669751680660846,-0.5816333030742172,-0.2031486114711473,642.0864555051224,23.88517504247796,1.0,310.0,35,60,315,338.0,PATRAN
28581,Kotli Lehal (73),GURDASPUR,31.9639645,75.41655,28581,1909.365368959679,1910.547119140625,0.539395981906216,0.2173689722258904,1.6600037557374552,-0.5121451555057058,-0.1350928360138639,860.1867499759095,22.40933991115594,1.0,255.0,70,0,199,243.0,SRI HARGOBINDPUR
30459,Sura (325),JALANDHAR,31.3989639,75.4462,30459,1910.365379335973,1910.5467529296875,0.4123581179844982,0.0478569056663133,1.267289435638877,-0.4220161008746431,0.0031098020542746,928.2984130703812,22.446425670946624,0.3684318204489572,2.5,6,0,210,626.0,JALANDHAR - WEST
36363,Kakrala (2),PATIALA,30.3243237,76.12736,36363,1909.7057889919345,1910.5460205078125,0.5734262905826775,0.2431228097768312,1.4397626832376798,-0.5516040344201749,-0.1504571989505173,742.1167183228362,23.015393823234778,1.0,887.0,251,368,734,1013.0,NABHA
36277,Daroli (195),PATIALA,29.9639645,76.037,36277,1908.041580225464,1910.5460205078125,0.5155856050175167,0.2473817279708989,1.4148861335374512,-0.5072889068114715,-0.1466738318865413,648.4100222327899,23.69075096793066,1.0,404.85,112,112,120,1021.0,PATRAN
37819,Kammonke (59),AMRITSAR,31.6036034,75.2078247,37819,1906.9190305555785,1910.5455322265625,0.55887349744491,0.2546840356329114,1.6518411187516298,-0.5317105886711779,-0.1640866719964071,936.1196401526826,22.40871888290445,1.0,208.0,100,121,321,239.0,RAYYA
34761,Hamad (24),FIROZEPUR,30.9189186,74.45416,34761,1910.49070670134,1910.54443359375,0.5803435080759385,0.2548221854028203,1.449555072600502,-0.5538420264431905,-0.1591602306082211,634.6124204804795,23.884184272387643,1.0,251.0,300,300,335,728.0,MAMDOT
37948,Chak Banwalipur (99),Tarn Taran,31.4888439,74.86954,37948,1907.5496464371045,1910.5430908203125,0.5487692515450827,0.2069085121664148,1.4705379913265613,-0.5243208480904008,-0.1246954464012504,843.8743826202787,22.74266629018235,1.0,85.0,5,10,30,86.0,NAUSHEHRA PANNUAN-11
39904,Khandebad (62),SANGRUR,29.9459457,75.79449,39904,1911.334089478936,1910.5423583984375,0.5567693504573538,0.2431298117755556,1.350326836935522,-0.5503969827518155,-0.142459927866916,645.9641173376839,23.930562826143102,1.0,777.0,897,897,1000,839.0,LEHRAGAGA
33085,Nilo Kalan (85),LUDHIANA,30.8468475,76.11909,33085,1907.72119179908,1910.5423583984375,0.550301193344337,0.2161240941015543,1.7320989008679637,-0.5110228073500046,-0.1398898903953562,849.8886751397137,22.74543909054708,1.0,700.0,0,15,199,325.0,MACHHIWARA
35831,Bhisiana (CT),BATHINDA,30.2005253,74.9433441,35831,1911.0452181223104,1910.5419921875,0.5106521360255019,0.1526408814562762,1.1960684316866117,-0.5108324835100283,-0.0697110019538551,514.1798035616247,24.39802007992205,0.9987561842737462,684.0,123,495,690,0.0,BATHINDA
35640,Kesar Singhwala (185),BATHINDA,30.4842987,75.09508,35640,1912.058595290322,1910.54052734375,0.6691207811201983,0.3287744767505404,1.959783301842805,-0.6105695259162395,-0.247328693394692,588.9279636552232,23.85054576327304,1.0,303.0,22,22,43,401.0,BHAGTA BHAIKA
33974,Haria wala (72),MOGA,30.72072,74.97137,33974,1909.5906521505524,1910.5399169921875,0.6614232055072384,0.3223933848401197,1.908412475581316,-0.6116664202336722,-0.2397190115650168,640.3519231546242,23.58298689753322,1.0,1200.0,53,141,325,532.0,BAGHAPURANA
33557,Lohgarh (309),LUDHIANA,30.7027035,75.6907959,33557,1907.6605200535475,1910.5390625,0.6378593203307709,0.2894140199611979,1.843824869785211,-0.5926393853934815,-0.2147453113601602,793.7832475275926,22.841429957966685,1.0,544.0,100,10,346,271.0,PAKHOWAL
33987,Chotian Thoba (84),MOGA,30.72072,74.59409,33987,1909.5969446463944,1910.535888671875,0.6474696225628523,0.2976031704609203,1.8047213841932048,-0.5956584058768299,-0.2160731192288427,661.4925059487717,23.483199884171256,1.0,666.0,0,66,177,371.0,MOGA-II
36830,Rurki Kasba (CT),PATIALA,30.3423424,76.4336548,36830,1907.725212880785,1910.5355224609375,0.3930540690058991,0.1065978500662153,1.4145030668815677,-0.3881079455364261,-0.0467213840198051,870.3448864629166,22.86558953724557,0.7908960739383698,120.0,25,25,650,0.0,SANOUR
33458,Ramgarh (236),LUDHIANA,30.9009018,75.84705,33458,1910.5834448800229,1910.53466796875,0.4682138239714787,0.1440905985509529,1.411541932577008,-0.4611438541550825,-0.0763707685859348,835.0397142579453,22.79578354606297,0.6645903138616905,30.0,50,70,388,388.0,LUDHIANA-2
34902,Bura Sarwan (340),FAZILKA,30.5045052,74.0931244,34902,1911.47365485921,1910.5330810546875,0.6113605298530184,0.3046954623849072,1.5632508614826837,-0.5797504362112528,-0.201865360820523,610.8312241361461,23.96211517999947,1.0,1.0,4,4,11,38.0,GURU HAR SAHAI
34501,Lohgarh (144/145),FIROZEPUR,30.9369373,74.6362457,34501,1908.8636188408948,1910.5328369140625,0.648236044748383,0.3160731605712616,1.7687576837295491,-0.6050467754990861,-0.2284360924034892,684.0915268898297,23.463408315009467,1.0,600.0,80,45,55,657.0,GHALL KHURD
39718,Rai Singhwala (49),SANGRUR,30.3423424,76.45454,39718,1911.6913802224503,1910.5328369140625,0.6213248111063636,0.2977397840216716,1.471297795405269,-0.5967268708853464,-0.1965544231777785,697.4079254081147,23.226396516607792,1.0,189.0,50,37,250,295.0,BHAWANI GARH
34816,Mohan Ke Hithar (172),FIROZEPUR,30.5045052,74.0931244,34816,1913.204919416757,1910.5313720703125,0.5679037363317437,0.2336334799874509,1.5267976293134888,-0.5404850240919482,-0.1512314944484934,617.3446709443607,23.999734583896448,1.0,660.0,669,135,550,824.0,GURU HAR SAHAI
36335,Ajnauda kalan (155),PATIALA,30.3641987,76.14584,36335,1906.6347714627489,1910.53125,0.5658207506584801,0.2478588898526158,1.5584862892807714,-0.5435635604722144,-0.1559976670313433,806.3507172276871,23.00491997713073,1.0,429.0,170,247,429,484.0,PATIALA RURAL
33596,Pamal (298),LUDHIANA,30.8648643,75.8815,33596,1907.34699396758,1910.531005859375,0.625162565260984,0.2905354602649987,1.86321695096334,-0.5888658868983787,-0.2113498431108025,785.2427091996898,22.819572588216623,1.0,10.0,258,15,680,731.0,PAKHOWAL
33926,Khote (152),MOGA,30.6074123,75.2258453,33926,1911.305481409784,1910.5306396484375,0.6428743109949966,0.2847583635483532,1.862225957643175,-0.5942092588183919,-0.2097336367645885,648.7571838309663,23.58814228496766,1.0,325.0,0,184,663,745.0,NIHAL SINGH WALA
33375,Hadia (206),LUDHIANA,30.9189186,75.84033,33375,1906.220597295268,1910.5302734375,0.4807239213992389,0.1252392709657547,1.4532672756189458,-0.4726608960334985,-0.0629576885913931,849.1459134032624,22.75239176079907,1.0,32.0,75,0,170,147.0,LUDHIANA-2
36516,Kheri Manian (4),PATIALA,30.3423424,76.3710251,36516,1908.924127974713,1910.52880859375,0.5401337570011774,0.2386548612356983,1.464174626230173,-0.5291364216612314,-0.1413097677341948,806.3507172276871,23.00491997713073,1.0,214.0,25,24,150,230.0,PATIALA
33555,Phallewal (311),LUDHIANA,30.7027035,75.7117538,33555,1909.9766043615784,1910.5279541015625,0.6375570953316576,0.2962743000643439,1.7262376422900865,-0.5994520341386298,-0.2123751554614606,770.1539919767449,22.946817260796664,1.0,785.0,365,400,656,645.0,PAKHOWAL
35536,Chugewala (16),FARIDKOT,30.666666,74.76181,35536,1912.076148563415,1910.5274658203125,0.6241897586511053,0.255016907247753,1.4758613650657533,-0.5919064961135289,-0.16576290823383,609.9960598161118,23.74760085130731,1.0,80.0,151,0,73,288.0,FARIDKOT
35588,Panjgrain Kalan (126),FARIDKOT,30.5765762,74.8178253,35588,1909.991361445282,1910.525634765625,0.6470427129546354,0.3154507805048091,1.9604500283238744,-0.5946274350247226,-0.2341872832261912,571.5965717241231,23.91240909261632,0.961680814770811,7000.0,13,1509,2378,2913.0,KOT KAPURA
34119,Kanian Kalan (276),MOGA,30.9549541,75.13356,34119,1909.285696041838,1910.525390625,0.6065442113109079,0.2951221194789336,1.6691858036593326,-0.5777796475317171,-0.2043374552523998,758.882040038161,22.82812882844782,1.0,55.0,132,30,50,60.0,KOT-ISE-KHAN
39537,Tolewal (147),SANGRUR,30.5045052,75.9334259,39537,1907.12039874039,1910.5234375,0.6487569450579257,0.2999417257586727,1.6390083246957996,-0.5999465969506446,-0.2125888889729958,742.3286381175416,22.955177382900672,1.0,250.0,60,60,232,287.0,MALERKOTLA
36510,Lachkani (352),PATIALA,30.3658962,76.37702,36510,1906.558325486648,1910.5230712890625,0.5537538659115664,0.2425877613563558,1.474596988090737,-0.5330358849362495,-0.1486858165768504,806.6996077762294,23.00401361241067,1.0,55.3,150,0,502,583.0,PATIALA RURAL
40009,Raisar(Punjab) (428),BARNALA,30.522522,75.57101,40009,1911.023073786136,1910.522705078125,0.6575501768927341,0.3125010639409974,1.871252972381884,-0.6089307822456004,-0.2318451295999381,670.0968387534516,23.50099503035227,1.0,672.0,600,300,380,768.0,MEHAL KALAN
37382,Nangal Tola (315),AMRITSAR,31.6756763,74.8427048,37382,1909.5409845139127,1910.5225830078125,0.5165477010423837,0.1735851604383578,1.33904188266255,-0.4950287585351707,-0.0911708295924959,898.4865638425248,22.708453943606344,1.0,424.94,205,205,457,466.0,HARSHE CHHINA
39414,Bhikhampur (27),SANGRUR,30.3783779,75.85614,39414,1911.4297127477264,1910.5213623046875,0.6513802014365132,0.3086990232485787,1.6950444045545348,-0.6165566085708727,-0.220656151675195,745.5609210127651,22.994399115017497,1.0,264.0,155,0,186,304.0,AHMEDGARH
34489,Kasubegu (210),FIROZEPUR,30.946207,74.6239548,34489,1912.7662883877408,1910.5203857421875,0.600840250602392,0.2530385261787501,1.5007611375694156,-0.576478665932597,-0.1634060683541231,643.3122244513015,23.66559513444511,1.0,297.0,42,52,304,329.0,GHALL KHURD
39440,Shekhupur Kalan (53),SANGRUR,30.3783779,75.85614,39440,1910.22289195795,1910.5191650390625,0.6537903746372163,0.2990401441489708,1.5993975363788415,-0.6143068576030529,-0.2074545528329313,744.6301522662537,22.99865686411482,1.0,157.0,50,0,225,172.0,AHMEDGARH
35576,Chambeli (118),FARIDKOT,30.6846848,74.75481,35576,1910.285265594043,1910.5186767578125,0.5809474019322602,0.2477627816066041,1.6508971652893076,-0.5493643639884828,-0.1632670830545362,609.4508732312868,23.72451302123961,1.0,2.47,15,0,222,456.0,FARIDKOT
30488,Mand (333),JALANDHAR,31.5135136,75.83269,30488,1907.1135144168024,1910.5181884765625,0.5901556991310276,0.1957868579722712,1.854737353965004,-0.5441380366548046,-0.1309981005784178,866.5677848269837,22.48811818547273,1.0,2.5,20,5,350,97.0,JALANDHAR - WEST
34168,Musewala (242),MOGA,30.9549541,75.13356,34168,1908.8979962132944,1910.516845703125,0.6827320791993968,0.3660474567046587,2.029477785143871,-0.617760316877289,-0.2791456983698568,694.4905462672608,23.069375095900625,1.0,123.0,23,22,78,136.0,KOT-ISE-KHAN
39847,Khadial (1),SANGRUR,30.2488155,75.83926,39847,1910.4914735038485,1910.5157470703125,0.6403920914776173,0.2975202062875413,1.6650416423204488,-0.5937664826053667,-0.2099952922709541,658.0652523937816,23.612005087025,1.0,2.47,0,0,1452,883.0,SUNAM
34195,Raowal (194),MOGA,30.9369373,75.1404,34195,1907.3488938726643,1910.515625,0.634296322643454,0.324422195883193,1.7828443398505618,-0.5895743561271926,-0.2329673826686077,725.2320829396341,22.993537146500845,1.0,147.0,85,70,88,161.0,KOT-ISE-KHAN
39983,Fatehgarh Chhanna (57),BARNALA,30.3423424,75.53591,39983,1908.40526419124,1910.5146484375,0.6312854711274807,0.2831714192222181,1.843480735897597,-0.5761445634337061,-0.2095705967013658,652.721220534076,23.74062284519624,0.9965753366963483,575.0,452,235,435,673.0,BARNALA
37576,Jhita Kalan (262),AMRITSAR,31.6206112,74.93024,37576,1908.876434646904,1910.5133056640625,0.5362073329678374,0.211848913103652,1.398497489198858,-0.5210524080410592,-0.1211106261209212,919.3476648540508,22.5743708257862,1.0,2.47,0,150,250,771.0,VERKA
35512,Buttar (28),FARIDKOT,30.6846848,74.75481,35512,1908.974812938029,1910.5133056640625,0.6263629473393029,0.2818829374703368,1.5670135228277529,-0.5867963657852775,-0.1906871193792176,609.9960598161118,23.74760085130731,1.0,281.0,55,0,124,316.0,FARIDKOT
37946,Jhander (97),Tarn Taran,31.4954948,75.16301,37946,1908.7127810321567,1910.51171875,0.5955546016642743,0.2524334840520749,1.6371176833687349,-0.557133691979972,-0.1669781388129349,855.9307250192063,22.707733182606887,1.0,225.0,30,50,230,222.0,NAUSHEHRA PANNUAN-11
34175,Jhugian (219),MOGA,30.9369373,75.1404,34175,1910.8912329381865,1910.508544921875,0.6646822159605812,0.3495560479789409,1.935486458369983,-0.6110701157089355,-0.2618402529612423,694.4905462672608,23.069375095900625,1.0,43.0,15,26,32,67.0,KOT-ISE-KHAN
40078,Ramgarh (16),BARNALA,30.4324322,75.39662,40078,1911.917278195116,1910.5052490234375,0.6258611566436609,0.3055610723173653,1.7215767523828578,-0.5860664291830713,-0.215483737454351,654.2151513507264,23.612116620510506,1.0,670.0,300,300,570,729.0,SEHNA
38302,Banian (125),Tarn Taran,31.45946,75.00734,38302,1911.2541343306389,1910.5047607421875,0.5150097932733446,0.2026229111309074,1.4509761497278133,-0.5014983883495191,-0.1156608882319214,928.9995733846443,22.50000400291376,1.0,56.0,75,20,500,353.0,KHADUR-SAHIB-10
36619,Thakargarh (206),PATIALA,30.3603611,76.3642044,36619,1906.869921560444,1910.50439453125,0.4924921944214411,0.2093928224373898,1.466633765807676,-0.4811752594954271,-0.1150215101383566,855.5401804854768,23.039179985216663,1.0,110.0,26,26,56,117.0,BHUNER HERI
29952,Jawinde (33),JALANDHAR,31.1351357,75.3811646,29952,1914.287814187039,1910.5035400390625,0.6308932869525847,0.2651021480764272,1.807340757769847,-0.5906920738626585,-0.1866027285885833,834.8475488831895,22.65798149232063,1.0,93.0,5,0,11,101.0,NAKODAR
35035,Deepulana (223),FAZILKA,30.4144154,74.02464,35035,1907.6363952995912,1910.502685546875,0.6327311394843553,0.3007191851552759,1.6432836868769816,-0.588219327897634,-0.2099176898946119,513.7269785737383,24.362561081606525,1.0,1000.0,910,256,502,599.0,FAZILKA
39394,Maholi Kalan (9),SANGRUR,30.522522,75.88475,39394,1909.0667062838208,1910.5020751953125,0.6809556860967249,0.3310511374823355,1.8281671714515653,-0.6283954696654227,-0.2498572506607052,744.6254431417644,22.99869800687153,1.0,1014.0,50,0,583,1039.0,AHMEDGARH
33977,Wadda Ghar (75),MOGA,30.738739,74.96442,33977,1910.152017658532,1910.5015869140625,0.6776186284752317,0.3282569667495588,1.96201193917573,-0.618046872517512,-0.2495443998694673,676.5027238502686,23.436804026307087,1.0,1015.0,100,230,438,1153.0,MOGA-II
30221,Danduwal (53),JALANDHAR,31.1171169,75.72464,30221,1909.062831532601,1910.499267578125,0.6263261438664428,0.2765867536841551,1.8462977582253743,-0.5867458836831834,-0.1999068956208781,831.9011124780076,22.70811725901973,1.0,1046.0,12,12,282,228.0,RURKA KALAN
38262,Tur (320),Tarn Taran,31.3339,74.95675,38262,1909.1796716417853,1910.4991455078125,0.5730962797312078,0.2426611038803255,1.5765506724607614,-0.5511547572119087,-0.1553226391958094,855.9307250192063,22.707733182606887,1.0,247.0,250,150,459,594.0,NAUSHEHRA PANNUAN-11
36620,Bir Majal (207),PATIALA,30.216217,76.39803,36620,1906.740465030729,1910.49853515625,0.6027341353256497,0.1969580912318438,1.7906479896787286,-0.5562815391269443,-0.1284183614687146,855.5401804854768,23.039179985216663,1.0,52.0,0,0,1,123.0,BHUNER HERI
35180,Abohar (Rural) (121),FAZILKA,30.1441441,74.21693,35180,1910.1739145484653,1910.498291015625,0.5700618499430242,0.1864742124508236,1.4454598024629262,-0.5393637243628946,-0.1069968324088626,429.2928945689496,24.78505679029938,0.9760176083418868,494.0,0,160,402,4861.0,ABOHAR
29246,Razapur (152),KAPURTHALA,0.0,0.0,29246,1916.0864085105995,1910.4981689453125,0.5377209942838987,0.1904125483226967,1.6862817209882617,-0.5109096721571459,-0.1204920484776053,942.3733892848388,22.416556765311952,1.0,2.5,0,0,400,325.0,KAPURTHALA
33089,Jalaha Majra (80),LUDHIANA,30.8468475,76.11909,33089,1907.1079143069176,1910.494873046875,0.5820093186737909,0.2436404722110016,1.735112385213541,-0.5464735831918578,-0.1621584688204473,876.6879233529465,22.82727164855009,1.0,90.0,0,15,40,130.0,MACHHIWARA
30435,Sada Chak (409),JALANDHAR,31.3153152,75.56719,30435,1912.4367914553948,1910.4935302734375,0.5404845787662653,0.1808331207820819,1.7122776730149465,-0.514658175553816,-0.1129661289890915,958.2364502360718,22.3924562069638,1.0,2.0,32,12,140,144.0,BHOGPUR
38266,Khella (323),Tarn Taran,31.2572327,74.98892,38266,1912.2048449955928,1910.4921875,0.5504765502583003,0.2246566185129774,1.4975776718574842,-0.5275551041186098,-0.1366898443890437,880.3202512548876,22.704393010763333,1.0,121.0,15,34,156,125.0,CHOHLA SAHIB-8
29528,Mand Hazara (171),KAPURTHALA,31.2697372,75.25915,29528,1916.1730816785384,1910.4921875,0.462117623502488,0.1238191852824462,1.461608685695139,-0.4314337466380311,-0.0541130079601273,816.9662448575394,22.834234023093245,1.0,44.0,2,0,2,68.0,SULTANPUR LODHI
34458,Bholluwala (183),FIROZEPUR,30.85087,74.8097,34458,1909.1417539420809,1910.490966796875,0.6347015892922675,0.2808901315786604,1.7307843983057198,-0.5935014461889452,-0.1987170800642635,656.9214555432694,23.54723489433718,1.0,364.37,132,120,227,381.0,GHALL KHURD
29963,Bath (42),JALANDHAR,31.2072067,75.52281,29963,1913.997403051386,1910.4908447265625,0.6104639147656362,0.2679014833595364,1.9219367935956893,-0.5662474631521,-0.1952374747729016,834.8475488831895,22.65798149232063,1.0,211.0,80,80,506,243.0,NAKODAR
35638,Siriewala (183),BATHINDA,30.5497532,75.07793,35638,1912.667584554685,1910.4893798828125,0.6315940118664921,0.3038206003040392,1.8074336470739856,-0.5857579102918605,-0.2177499991976041,576.88130374027,23.91987118962123,0.993622281841526,1295.0,813,815,1214,1295.0,BHAGTA BHAIKA
33782,Shahid Rachhpal Singh Nagar Urf Aligarh (119),LUDHIANA,30.666666,75.47403,33782,1911.937653787112,1910.488525390625,0.6426470348138168,0.3126448389942187,1.8047101925731,-0.5964439394243969,-0.2321738181157207,733.4537896325486,22.989663174797386,1.0,210.0,100,40,140,253.0,JAGRAON
30422,Malko (298),JALANDHAR,31.2972965,75.55274,30422,1910.7089059606176,1910.487060546875,0.3276817602356636,0.006090589664511,1.101879228663704,-0.3393657576050093,0.0331876348244471,899.8826961179595,22.42952704847932,0.0433157697466444,8585.089,55,3,238,87.0,JALANDHAR - WEST
38313,Saidpur (142),Tarn Taran,31.5629711,75.02916,38313,1912.319366698585,1910.48583984375,0.4693085074231347,0.1296479909368007,1.3446963340741669,-0.4563408836333433,-0.0568431962597817,949.1762743049056,22.424328590359515,1.0,20.0,116,70,116,58.0,KHADUR-SAHIB-10
37744,Jodhanagri (94),AMRITSAR,31.6576576,74.9763641,37744,1908.215717948976,1910.4857177734375,0.3903677197557373,0.0465455179201934,1.3076205712322353,-0.375711676087712,0.0035118267743509,972.8547046831976,22.45505174049533,1.0,32.0,60,18,60,342.0,TARSIKKA
34815,Mandiwal (171),FIROZEPUR,30.72072,74.34258,34815,1910.1818868515657,1910.4833984375,0.5918985823322302,0.2678655581259182,1.5338623383610277,-0.5706234137327452,-0.1715143917230914,600.3610590212911,23.98536016863408,1.0,210.0,220,250,300,228.0,GURU HAR SAHAI
34185,Tota Singhwala (192),MOGA,30.9369373,75.24543,34185,1908.669226482721,1910.4830322265625,0.6913352762282482,0.3761907984657052,2.0309767165734587,-0.6257534607314769,-0.2916596132964208,694.4905462672608,23.069375095900625,1.0,198.0,69,50,87,220.0,KOT-ISE-KHAN
34724,Nawan Qila (264),FIROZEPUR,30.8828831,74.40514,34724,1909.2205838836303,1910.48291015625,0.64901916256263,0.2879182381493033,1.6456753564778657,-0.6061981444458642,-0.2006183428501877,625.3301137724253,23.779547741313923,1.0,5.0,60,56,115,231.0,MAMDOT
35261,Urang (197),SRI MUKTSAR SAHIB,30.3290253,74.3452,35261,1911.7713579884244,1910.48291015625,0.6320818649111177,0.3244002336500452,1.4419684705992402,-0.5896266602837384,-0.2178826435197386,465.0899191696684,24.56384805616583,1.0,3500.0,159,350,492,972.0,MALOUT
30075,Giddarpindi (71),JALANDHAR,31.0270271,75.35856,30075,1912.5140158428983,1910.482421875,0.5712312455495802,0.2443999502617241,1.592155949958649,-0.5497708479089798,-0.1575853325242386,821.2975802829163,22.77606139731529,1.0,42.0,0,0,5,44.0,NURMAHAL
36289,Nanhera (80),PATIALA,30.0,76.1686249,36289,1908.591459552733,1910.481689453125,0.5238236041650477,0.2389965840640803,1.5057232952251938,-0.50653009690361,-0.1440466286777889,663.320923163051,23.595678008245542,1.0,1918.0,300,325,465,767.0,SAMANA
39931,Bazidpur (89),SANGRUR,29.7389965,75.90169,39931,1909.504451972541,1910.4813232421875,0.567740670518451,0.2519741036344376,1.5154762549007863,-0.5405806962878262,-0.157555034797001,633.4779950787919,24.113163681595665,1.0,90.0,0,15,15,324.0,ANDANA
36332,Hiana Khurd (163),PATIALA,30.3783779,76.25297,36332,1908.3954131755872,1910.4813232421875,0.5664705479871183,0.2496740379126747,1.525988459345885,-0.5422019106914765,-0.1571956891266251,775.388428848018,23.00953171966017,1.0,261.0,248,60,227,281.0,PATIALA RURAL
34453,Jit Singhwala (188),FIROZEPUR,30.6673164,74.7701,34453,1908.66001692942,1910.480712890625,0.6135481217875928,0.2649433094293802,1.6523553317612345,-0.5760328913933953,-0.1831710808509197,642.5482412469273,23.580064029313963,1.0,250.0,150,190,200,303.0,GHALL KHURD
39533,Dialpura (174),SANGRUR,30.54054,76.0034256,39533,1905.3756834328724,1910.4801025390625,0.6007120997500842,0.2899616158839558,1.401823601834315,-0.5812306900682076,-0.1821963700398293,718.2027132922515,23.100590892380204,1.0,200.0,20,0,300,327.0,MALERKOTLA
35574,Sirsari (116),FARIDKOT,30.5854454,74.8165054,35574,1909.4077937612767,1910.478759765625,0.6195077482632226,0.2856946066618039,1.865632759765644,-0.581781613337554,-0.2028072224522541,593.4338409186939,23.805150124750224,1.0,197.0,21,34,67,552.0,KOT KAPURA
33287,Jogi Majra (402),LUDHIANA,30.3603611,75.8630447,33287,1912.77970944676,1910.478271484375,0.6517019758332164,0.3095447726176366,1.6410377008546433,-0.6297931981806986,-0.220166383502754,760.2889480998414,22.927026586350337,1.0,205.0,126,27,230,227.0,Maloud
30104,Sheikhupur (119),JALANDHAR,31.0270271,75.77908,30104,1910.128021002066,1910.4775390625,0.6723661454401422,0.3293211860141723,1.9049444855185216,-0.6252428293778145,-0.2473272666406252,831.9011124780076,22.70811725901973,1.0,174.0,24,24,74,174.0,PHILLAUR
39735,Gharachon (108),SANGRUR,30.2882881,76.09938,39735,1910.3692712226407,1910.4775390625,0.6108582007499502,0.2792456028923629,1.5581219717296475,-0.5767702564358277,-0.1891002582385282,679.7651462718744,23.32681274798568,1.0,2870.0,75,450,1400,2279.0,BHAWANI GARH
33495,Mangli Unchhi (235),LUDHIANA,30.9009018,75.84705,33495,1909.794842268277,1910.47705078125,0.3621346259892951,0.071743176694721,1.0582783939847855,-0.3830453580612089,-0.0059191094314739,835.1511822750789,22.798736300920574,0.4978088111175235,29.0,50,50,213,235.0,LUDHIANA-2
33237,Khurd (262),LUDHIANA,30.63063,76.09503,33237,1908.186101687431,1910.475830078125,0.5618053251916716,0.2374961208170194,1.6722237879552009,-0.5318030841615292,-0.1543335338461469,838.5368230750458,22.707484723278867,1.0,2.47,0,0,52,178.0,KHANNA
36291,Ugoke (186),PATIALA,30.0,76.1686249,36291,1909.541300926409,1910.474609375,0.4737584329393102,0.2266274145153602,1.2457281769453796,-0.4826647577958272,-0.120419023201394,664.6154168059724,23.58825847430029,1.0,877.0,155,150,356,388.0,SAMANA
34044,Khosa Randhir (303),MOGA,30.9369373,75.1404,34044,1908.884033103752,1910.47314453125,0.7014343904235213,0.3605510345192655,2.076683202726624,-0.6380909381375397,-0.2815253202176388,704.6521583967096,23.11237724155332,1.0,817.0,2000,575,861,1397.0,KOT-ISE-KHAN
39999,Naiwala (41),BARNALA,30.3423424,75.55679,39999,1911.069672267408,1910.4710693359375,0.6920227430057289,0.3267708209630119,1.8556412883113065,-0.6397678284381824,-0.2471476190807247,659.7443807920428,23.61764430935374,1.0,788.0,100,442,462,852.0,BARNALA
33914,Saidoke (159),MOGA,30.522522,75.29909,33914,1909.2690001088588,1910.46875,0.6556564437811554,0.302987844383168,1.9259492030395096,-0.6038763656007737,-0.2257527400789926,639.8174578900314,23.671495368277785,1.0,1619.0,0,925,1668,1741.0,NIHAL SINGH WALA
34058,Daroli Bhai (61),MOGA,30.81081,75.16745,34058,1907.2503360954715,1910.4677734375,0.641406250941431,0.3065190854941295,1.7068305175212308,-0.5984649549194913,-0.2192172928682629,686.8571254960807,23.3632267964248,1.0,1728.0,15,675,1203,1892.0,MOGA-II
33224,Gazipur (250),LUDHIANA,30.63063,76.09503,33224,1907.8998287262164,1910.4676513671875,0.5428263427050966,0.2315934246750295,1.6232412370130376,-0.5212884342478008,-0.1446832393929458,838.5368230750458,22.707484723278867,1.0,2.47,0,0,90,153.0,KHANNA
34595,Theth (109),FIROZEPUR,30.9549541,74.6083,34595,1912.4607219373363,1910.46728515625,0.4647545232848389,0.1076517926493912,1.2148963462042366,-0.4646140779108445,-0.0377034045986493,650.0806900670426,23.60889549887736,0.9907943347204534,38.0,2,4,10,47.0,FIROZPUR
40029,Kirpal Singhwala (82),BARNALA,30.522522,75.57101,40029,1908.8456300172504,1910.467041015625,0.6652604774247859,0.3205215696812418,1.7546107177025465,-0.6213956907606829,-0.2334416135865042,705.5967779186155,23.2521222514839,1.0,338.0,260,250,300,370.0,MEHAL KALAN
29999,Sangowal (347),JALANDHAR,30.8288288,75.6851349,29999,1915.0167996807,1910.463134765625,0.5747082548506112,0.2408941993309893,1.6857919836499675,-0.5505284653177305,-0.158488443285154,805.9951904227631,22.629141831819368,1.0,406.0,420,328,525,400.0,MEHATPUR
30520,Hasan Munda (366),JALANDHAR,31.4954948,75.52224,30520,1910.164082699206,1910.463134765625,0.5569445596670696,0.2061364287788026,1.701500598373244,-0.5299014160152693,-0.1297691583834129,832.7737244267448,22.466286369871867,1.0,10.0,0,0,223,143.0,JALANDHAR - WEST
30399,Chak Mochipur (268),JALANDHAR,31.333334,75.53947,30399,1913.378306878724,1910.4630126953125,0.5499198643979631,0.1759974121711321,1.6378067778553151,-0.525055964413399,-0.1095646357758689,945.0594148264622,22.42092916504578,1.0,2.47,0,0,3,20.0,JALANDHAR - WEST
37548,Meharbanpur (146),AMRITSAR,31.6396389,75.00416,37548,1911.098200269996,1910.462646484375,0.4196628990832212,0.0864266997299951,1.1849097008336102,-0.4270566386472809,-0.0204335829582626,933.436656277408,22.53343531145123,1.0,248.0,0,150,350,285.0,JANDIALA GURU
37831,Sathiala (46),AMRITSAR,31.6036034,75.22898,37831,1909.7225851578485,1910.4625244140625,0.5365663136581343,0.2236988647420974,1.6283552413465634,-0.5138100607768342,-0.1408709349092329,936.1196401526826,22.40871888290445,1.0,445.0,97,97,723,1435.0,RAYYA
30264,Sarnana (182),JALANDHAR,31.3153152,75.58828,30264,1906.3357217134576,1910.46240234375,0.5828897389613714,0.2303932375679012,2.004147121407553,-0.5330450661889431,-0.1581230722807994,814.4297393968003,22.591733580938524,1.0,20.8,25,25,119,431.0,JALANDHAR-EAST
34687,Khangarh (267),FIROZEPUR,30.8828831,74.40514,34687,1908.4040429733327,1910.462158203125,0.58876071559201,0.2751102419466765,1.4824555128864934,-0.5638839997100992,-0.1785038155506712,630.1596390988698,23.76200911853095,1.0,6.0,285,27,182,289.0,MAMDOT
39421,Jatiwal (41),SANGRUR,30.3603611,75.8630447,39421,1909.677108126569,1910.46142578125,0.6573333441743662,0.3185746253018259,1.6168403759744685,-0.6249402351672475,-0.2238215140576019,744.6301522662537,22.99865686411482,1.0,144.0,100,0,121,156.0,AHMEDGARH
37833,Ghaziwal Miani (5),AMRITSAR,31.6036034,75.22898,37833,1913.267565430524,1910.4608154296875,0.3437064272564635,0.0168615201937546,0.9418123583384584,-0.3830287381822412,0.0408720761346111,916.6041868738844,22.408878492894587,0.5900120864180675,57.0,4,4,4,114.0,RAYYA
39420,Dhano (55),SANGRUR,30.3603611,75.84216,39420,1910.271184630915,1910.46044921875,0.6285613542180385,0.2893792442004296,1.5508634752547552,-0.6000286616572619,-0.1976118282485908,744.6301522662537,22.99865686411482,1.0,419.0,110,50,228,452.0,AHMEDGARH
40074,Ugoke (66),BARNALA,30.4144154,75.3827,40074,1910.8888871462484,1910.460205078125,0.6697079875650703,0.2996010387923767,1.7766957242655728,-0.6153798718941664,-0.2222196270822385,645.3731448972276,23.716305298414373,1.0,180.5,40,0,54,1427.0,SEHNA
33395,Jonewal (12),LUDHIANA,30.9189186,75.84033,33395,1907.481553872526,1910.459716796875,0.5294354951417785,0.255784084304296,1.385100173467629,-0.5265393934487282,-0.1495665453509076,840.4909315516846,22.737270569515545,1.0,24.0,40,0,153,202.0,LUDHIANA-2
35060,Lalanwali (233),FAZILKA,30.4144154,74.02464,35060,1909.3573507600213,1910.459716796875,0.6347259318802614,0.306066366400999,1.6271817016097954,-0.5851968853434896,-0.2118918777239209,494.0546475123744,24.417418356016647,1.0,479.0,65,55,322,1058.0,FAZILKA
35020,Jandwala Bhimeshah (203),FAZILKA,30.1981983,74.5078049,35020,1911.1427999328248,1910.4581298828125,0.6431541577477111,0.219451710314127,1.6361872672598028,-0.5918304828177792,-0.1466381914761827,504.3173347019596,24.38951536073673,1.0,1327.0,300,300,682,1410.0,Arniwala Shiekh Subhan
30219,Khojpur (52),JALANDHAR,31.1171169,75.70359,30219,1909.225190013373,1910.4576416015625,0.6830598065216682,0.3304478949240753,2.0176027481341667,-0.6285569661268436,-0.2513300988951603,831.9011124780076,22.70811725901973,1.0,288.0,10,10,41,161.0,RURKA KALAN
39888,Changliwala (54),SANGRUR,29.9459457,75.79449,39888,1910.4197427478032,1910.456787109375,0.572868155008955,0.2645190964959948,1.3651040977675883,-0.5619371657499922,-0.1608173903791455,653.5451943731357,23.86580469510396,0.9804876320952384,2.47,352,197,230,494.0,LEHRAGAGA
37729,Tangra (126),AMRITSAR,25.7657661,87.47129,37729,1911.6107408671544,1910.4564208984375,0.4305901662578923,0.079728023886836,1.3385220067995345,-0.4160010724397836,-0.022819055019199,972.7645310571093,22.45527152660549,1.0,36.0,72,0,700,419.0,TARSIKKA
34179,Ramgarh (199),MOGA,30.9549541,75.13356,34179,1908.1860166241515,1910.4556884765625,0.6820313923705549,0.3623669025512468,2.09249315623006,-0.6155362577374595,-0.2792246480953471,694.4905462672608,23.069375095900625,1.0,159.0,50,24,47,173.0,KOT-ISE-KHAN
33882,Amargarh Urf Kaler (125),LUDHIANA,30.6846848,75.4671555,33882,1912.2993234080104,1910.45458984375,0.6449492768321768,0.3069990844764564,1.391550689819873,-0.6004318796376839,-0.2299478983664394,729.9527469088929,23.01460955951262,1.0,620.0,753,160,555,363.0,JAGRAON
37699,Bhorchhi Brahmnan (85),AMRITSAR,31.6036034,75.2078247,37699,1913.2400054478005,1910.4544677734375,0.5178302685911027,0.1772336195714113,1.6562964569353282,-0.4892947236662512,-0.1056970815620759,950.994074718035,22.41325645006553,1.0,181.0,120,125,275,210.0,RAYYA
36660,Bathoi Kalan (171),PATIALA,30.216217,76.35633,36660,1908.0520455780352,1910.4534912109375,0.5071669277012748,0.2160460438422632,1.2267124200398027,-0.5203613576596506,-0.1115607327256593,818.1823936330196,23.067845590267336,1.0,595.0,200,200,315,621.0,PATIALA
34153,Pandori Araian (251),MOGA,30.9322968,75.14406,34153,1913.3592019197265,1910.45263671875,0.6479542865280041,0.3339222643638249,2.0038781587195764,-0.5925964111144687,-0.2504984370662337,716.0562927534476,22.99234825517939,1.0,476.0,90,95,316,514.0,KOT-ISE-KHAN
36617,Akalgarh (161),PATIALA,30.2342339,76.4746,36617,1907.997400379376,1910.452392578125,0.5012291330424282,0.1864609897142698,1.3584611622457228,-0.4955440886632811,-0.0976195474490708,855.5401804854768,23.039179985216663,1.0,78.0,25,25,98,86.0,BHUNER HERI
30008,Umrewal (337),JALANDHAR,31.2252254,75.1790161,30008,1915.2257270895384,1910.4500732421875,0.5207325589042012,0.2146320758863417,1.4524925830465143,-0.5132444284338045,-0.1273040501639499,806.2084257468729,22.629867556831364,1.0,167.0,60,60,98,177.0,MEHATPUR
35026,Jhotianwali (204),FAZILKA,30.3603611,74.2342758,35026,1910.3911910055904,1910.4481201171875,0.656865803197382,0.1997741455468184,1.634369280722834,-0.5986936840831302,-0.1338935204094055,503.65518206835424,24.388592178229885,1.0,80.16,77,77,155,1508.0,Arniwala Shiekh Subhan
34683,Mehal Singhwala (275),FIROZEPUR,30.959095,74.6075058,34683,1909.5406867364368,1910.446044921875,0.6029277315019074,0.2678566364151847,1.525895388615744,-0.5735473272850248,-0.1754790713831127,633.4915700366395,23.7499090722734,1.0,104.0,16,37,312,114.0,FIROZPUR
35566,Chahal (94),FARIDKOT,30.6846848,74.77576,35566,1910.403192138662,1910.4451904296875,0.5653701573196581,0.2260772159143642,1.595889906684155,-0.5390837014209157,-0.1432470045826201,584.8589310412914,23.84300285019182,1.0,2500.0,700,268,880,1237.0,FARIDKOT
34465,Thethar Kalan (159),FIROZEPUR,30.9369373,74.6152344,34465,1907.5469744212703,1910.44482421875,0.6460009375018169,0.3001988279807449,1.8316439399792783,-0.5945663597755299,-0.2166700812552205,667.6605227903317,23.501216940380303,1.0,200.0,150,545,602,404.0,GHALL KHURD
29380,Jhugian Dogran (71),KAPURTHALA,31.2252254,75.26329,29380,1913.1441754313705,1910.443603515625,0.2480933533295788,0.2316924790351267,0.6961890565065928,-0.2410878877235182,-0.064267969223601,919.3880692403184,22.576688773955983,1.0,32.3,0,0,1,34.0,SULTANPUR LODHI
39423,Daryapur (43),SANGRUR,30.3603611,75.8630447,39423,1909.659600856753,1910.4429931640625,0.6668486637175746,0.3323505693662027,1.713432480556954,-0.6277105479639533,-0.2422826090169536,744.6301522662537,22.99865686411482,1.0,50.0,20,0,115,175.0,AHMEDGARH
39784,Mander Kalan (3),SANGRUR,30.2522526,75.8211441,39784,1909.4172305500665,1910.44287109375,0.7139559451202746,0.3506829296245435,2.007035019163256,-0.6439093132002044,-0.2753628050315344,662.1494188594669,23.75493678697974,1.0,203.0,60,50,250,454.0,SANGRUR
35551,Hadialiana (5),FARIDKOT,30.666666,74.76181,35551,1909.4914588928325,1910.4427490234375,0.5936763476624689,0.2510978780804939,1.502716900771945,-0.5644276806573252,-0.1602654505100724,626.4464833723597,23.669544853973942,1.0,805.0,205,137,280,852.0,FARIDKOT
39919,Shergarh Alias Sihan Singhwala (95),SANGRUR,29.8372231,75.92356,39919,1910.760765282195,1910.442626953125,0.6081674467807687,0.2840852586893998,1.5735615636875817,-0.5771699698664584,-0.189665427330046,642.0864555051224,23.88517504247796,1.0,47.5,1100,200,228,596.0,ANDANA
37737,Lola (162),AMRITSAR,31.6396389,75.17347,37737,1909.5359928950893,1910.4420166015625,0.4377702336154347,0.1010776735513634,1.283728522074535,-0.4306974730302232,-0.0359802169885532,972.7645310571093,22.45527152660549,1.0,835.0,276,276,765,2190.0,TARSIKKA
35620,Jaitu (1) (Part),FARIDKOT,30.4684677,74.88098,35620,1910.42634630955,1910.43994140625,0.6250393556383826,0.2905066432313881,1.7743843130636503,-0.5807401787498999,-0.2033423497148387,527.8613049950201,24.206749584174343,0.9819221652993072,210.0,72,40,72,4623.0,Jaitu
37173,Bhindi Aulakh Kalan (22),AMRITSAR,31.7117119,74.6176147,37173,1915.2422107646428,1910.437255859375,0.5269366288423964,0.1684412198024717,1.260522027945003,-0.5248864933986854,-0.0829455804629557,879.0007027795212,22.974869686455293,1.0,522.0,210,210,294,567.0,CHOGAWAN
40028,Kalal Majra (81),BARNALA,30.522522,75.57101,40028,1910.032029859549,1910.4346923828125,0.6746719623527017,0.3178298462425261,1.83148220899498,-0.6234647435385572,-0.2368762813107034,697.3960940459275,23.27339033734349,1.0,554.0,300,500,540,598.0,MEHAL KALAN
34657,Piruwala (81),FIROZEPUR,30.9549541,74.6083,34657,1911.9282535431591,1910.4322509765625,0.6068124996310038,0.2977589438654014,1.3974956911500676,-0.5918901295633313,-0.1891382687037141,633.4915700366395,23.7499090722734,1.0,223.0,50,0,110,234.0,FIROZPUR
39799,Shahpur Khurd Alias Lakhmirwala (10),SANGRUR,30.2488155,75.83926,39799,1911.0507377173367,1910.431396484375,0.6690085394706065,0.331751147358926,1.7144920870859688,-0.6088291514052397,-0.2393836219152054,664.369711559047,23.50652716030657,1.0,2.47,0,0,341,536.0,SUNAM
34042,Chuhar Singhwala (300),MOGA,30.8648643,75.04187,34042,1908.5356292066567,1910.4310302734375,0.6465126884025824,0.3207072507630483,1.8641066470973224,-0.5995504648953565,-0.2338484663235989,700.0099661757844,23.03865430387191,1.0,1.0,0,0,1,239.0,MOGA-II
33269,Nizampur (201),LUDHIANA,30.3783779,75.85614,33269,1905.869995209572,1910.4305419921875,0.6125124296180318,0.2896036051808947,1.826987118694372,-0.5621172746369967,-0.2079424313727123,805.9437460531585,22.80556576648745,1.0,223.0,281,37,275,359.0,Maloud
35383,Samewali (47),SRI MUKTSAR SAHIB,30.4684677,74.5256,35383,1911.7340903295087,1910.4281005859375,0.6346959724192812,0.2722527434527555,1.6065421979131629,-0.591547155739584,-0.1838697283195753,504.38371147500817,24.389607904166475,1.0,3000.0,250,315,520,1242.0,MUKTSAR
36552,Bir Moti Bagh (67),PATIALA,30.2342339,76.34947,36552,1907.273941351551,1910.427978515625,0.670404000275708,0.2294133656668027,2.526711448646964,-0.6017729518812032,-0.1812239845871266,850.5485597064393,22.973828551360043,0.5426500075212223,10.0,0,0,100,512.0,PATIALA
35504,Chak Deep Singhwala (33),FARIDKOT,30.666666,74.76181,35504,1909.319438315462,1910.427734375,0.63916559045321,0.3018234401878528,1.6390049242996043,-0.593066280638816,-0.2070607142762267,613.5976203445158,23.826079380122444,1.0,15.0,0,4,6,158.0,FARIDKOT
34835,Sadio Ke Mohan (173),FIROZEPUR,30.5078125,74.21474,34835,1909.3844062544856,1910.4276123046875,0.6171288734586542,0.2892139503905662,1.618562033589754,-0.5846322772273082,-0.1962965693661384,610.7799340750967,23.99417838923817,1.0,205.0,343,200,266,223.0,GURU HAR SAHAI
30095,Bhadarpur (48),JALANDHAR,31.1563034,75.69987,30095,1909.9272962788368,1910.424560546875,0.6317275314404132,0.2904824225894069,1.841828032021977,-0.5964725231404979,-0.2083790128852505,826.5756008074057,22.7422414824191,1.0,12.0,45,0,84,108.0,NURMAHAL
39835,Shadi Hari (156),SANGRUR,30.0180187,75.95356,39835,1910.620497910844,1910.42431640625,0.6064119244641204,0.2827886327799682,1.537149132246356,-0.5760374509616555,-0.186702409658872,648.8807978261083,23.726660215632567,1.0,250.0,595,2,648,1280.0,LEHRAGAGA
29146,Bijli Nangal (25),KAPURTHALA,31.4954948,75.35319,29146,1910.9842094010824,1910.423828125,0.5391115430816014,0.2375360137015321,1.5277010589954687,-0.520626932981563,-0.1433601072466434,904.3606760909456,22.40775749432817,1.0,2.47,35,0,105,155.0,DHILWAN
37835,Khera Thanewal (49),AMRITSAR,31.6036034,75.22898,37835,1910.5617384851,1910.4229736328125,0.5563243760448268,0.226938980534395,1.7835652910650597,-0.5232158528587401,-0.1481582022340289,936.1196401526826,22.40871888290445,1.0,138.0,66,66,100,155.0,RAYYA
35526,Mehmuana (59),FARIDKOT,30.6846848,74.77576,35526,1908.885142371157,1910.4228515625,0.5491181220581106,0.2176752086377813,1.441372193794136,-0.5326453583455067,-0.1294718626019727,584.2669405299996,23.89554868913629,1.0,35.0,22,175,215,912.0,FARIDKOT
40000,Kaire (429),BARNALA,30.4324322,75.3757248,40000,1910.7371843368,1910.4224853515625,0.6864542318998121,0.3135955425951421,1.9141847331217867,-0.623646688760781,-0.2370324921664462,660.8185311374311,23.605541013325173,1.0,252.0,138,138,320,259.0,SEHNA
36637,Darauli (21),PATIALA,30.2342339,76.34947,36637,1911.7373274881536,1910.4212646484375,0.4927765727315514,0.2076140351097072,1.2901887176955098,-0.5012371904316607,-0.1074434484459452,807.036930601825,23.076397794994136,1.0,219.0,100,100,150,246.0,PATIALA
33647,Bagga Kalan (122),LUDHIANA,30.713726,76.20283,33647,1911.3997914719148,1910.4178466796875,0.5199527599379452,0.1796951931072257,1.6805578020707943,-0.5001472344338372,-0.1104082391823559,835.8605071962066,22.75790987530637,1.0,142.0,122,42,188,367.0,LUDHIANA-1
35518,Dod (26),FARIDKOT,30.78199,74.69663,35518,1909.6978930978703,1910.4169921875,0.610736070866578,0.2681095388944877,1.5282697193044494,-0.5750064675778558,-0.1767189362916703,608.2861422056336,23.75751284655425,1.0,538.0,147,254,316,589.0,FARIDKOT
34466,Thethar Khurd (158),FIROZEPUR,30.8828831,74.78305,34466,1908.77044833798,1910.4169921875,0.6056667868672768,0.263187376907523,1.6010789349902272,-0.568441437318274,-0.1781591530957462,663.8614776542084,23.52512561971713,1.0,200.0,155,545,562,89.0,GHALL KHURD
37643,Gharindi (403),AMRITSAR,31.54955,74.67793,37643,1913.6412574025624,1910.4149169921875,0.5369511534472935,0.2106288990965932,1.3984282954696698,-0.5137082719609238,-0.1228467593099195,919.3578007628817,22.93058248781449,1.0,262.0,100,50,210,315.0,ATTARI
37165,Ghoga (27),AMRITSAR,31.6216221,74.6934,37165,1912.4381100214823,1910.4144287109375,0.4742880511653929,0.1398453816579685,1.1502066227460894,-0.4799030117710146,-0.0561315852504865,879.0007027795212,22.974869686455293,1.0,203.0,66,66,71,218.0,CHOGAWAN
39841,Dhandoli Kalan (113),SANGRUR,30.0180187,75.95356,39841,1911.4796600137945,1910.41357421875,0.6566178254572019,0.308821330393502,1.7612904432704797,-0.6067508020948942,-0.2247624287469458,657.651832837553,23.6018111659209,1.0,855.0,2,15,695,913.0,DIRBA
34040,Lohara (302),MOGA,30.9729729,75.1687546,34040,1910.7709609593533,1910.4134521484375,0.6276503964410972,0.2790568591822404,1.8524211223137963,-0.5849195671681567,-0.2026586255615322,700.0099661757844,23.03865430387191,1.0,500.0,500,26,507,560.0,KOT-ISE-KHAN
30102,Darapur (118),JALANDHAR,31.0270271,75.80011,30102,1910.1460740750988,1910.4130859375,0.7122739881081305,0.367378404105495,2.144930119322028,-0.6484554618734799,-0.2890971912713225,831.9011124780076,22.70811725901973,1.0,179.0,22,22,175,177.0,PHILLAUR
33983,Bhekha (76),MOGA,30.7567558,75.04134,33983,1908.8731439420665,1910.41259765625,0.6307004080110734,0.3039528463309812,1.7478640150191225,-0.5877199369733156,-0.2171710545539867,677.7504625728028,23.431952089010625,1.0,304.0,0,165,261,405.0,MOGA-II
39731,Bijalpur (101),SANGRUR,30.27027,76.0436859,39731,1912.5290073285173,1910.4124755859375,0.6283094051169342,0.2857352510867312,1.5741692349215013,-0.5853752155599967,-0.1949561349040845,680.9007319619553,23.3225538193102,1.0,440.0,209,156,360,554.0,BHAWANI GARH
35527,Machaki Kalan (60),FARIDKOT,30.59369,74.766,35527,1907.984209612807,1910.411865234375,0.5869838292051243,0.2591180269269125,1.5975448416527325,-0.5612424260051474,-0.1690351856838649,588.3995482866916,23.849818267886533,1.0,932.0,230,230,726,1279.0,FARIDKOT
35653,Adampura (29),BATHINDA,30.5112324,75.2598,35653,1911.3002770784635,1910.410400390625,0.6926139658663337,0.3371588890216315,2.086520478884887,-0.6323088549897774,-0.2631101836537787,634.3236310997269,23.696300537294835,1.0,588.0,67,67,442,586.0,BHAGTA BHAIKA
38336,Takhtu Chak (116),Tarn Taran,31.5629711,75.02916,38336,1911.86987481964,1910.41015625,0.4888611641347548,0.1452199642348769,1.3927213728662784,-0.476015880790655,-0.0698348652671732,940.791333000888,22.44797346272628,1.0,190.0,115,289,422,445.0,KHADUR-SAHIB-10
37605,Pandori Waraich (285),AMRITSAR,31.7657661,74.8519,37605,1907.608975527523,1910.409912109375,0.4085627287131947,0.0707003784425656,1.071506069434357,-0.4238041978095838,-0.003803990188225,925.7557782342332,22.57332640097519,0.865439902521088,2.0,0,0,120,724.0,VERKA
36317,Bir Bauran (203),PATIALA,30.3603611,76.15539,36317,1909.758144332509,1910.4090576171875,0.5203394270413061,0.1566741051966089,1.3616358025885986,-0.5091715257970676,-0.0832766348018541,741.222214383951,23.026366480166576,0.8432392748024213,330.0,300,60,393,538.0,NABHA
39398,Dehliz Kalan (14),SANGRUR,30.3603611,75.8630447,39398,1909.4192934671848,1910.40869140625,0.6578679708925415,0.3093378172407727,1.8415970860732347,-0.604705915969073,-0.2312649890828722,782.3198976924317,22.894344868499104,1.0,432.0,105,50,608,503.0,AHMEDGARH
33990,Gill (86),MOGA,30.8288288,75.18155,33990,1910.2425085977457,1910.4083251953125,0.6487676026962884,0.2920106755505503,1.817696800426768,-0.593287157083082,-0.2136995977320748,661.4925059487717,23.483199884171256,1.0,710.0,199,199,452,774.0,MOGA-II
36265,Kahangarh Gharachon (175),PATIALA,29.8918915,76.08588,36265,1909.4653981998044,1910.408203125,0.5506305857989043,0.259313508273859,1.6014047557403908,-0.5309182762023432,-0.164544686615637,643.1989661175377,23.785814114929497,1.0,850.0,180,180,240,444.0,PATRAN
39569,Attaulapur (80),SANGRUR,30.522522,75.88475,39569,1911.713729729678,1910.4052734375,0.5952787882414867,0.2710363768625303,1.4694582675448078,-0.572277363667318,-0.1773434330490918,710.6126490046876,23.17487815991421,1.0,116.0,18,0,5,122.0,AHMEDGARH
36169,Rattan Heri (89),PATIALA,30.3603611,76.5939,36169,1909.4483262585768,1910.4041748046875,0.4341804428518915,0.1510452213222508,1.1295587940194165,-0.4504023014626778,-0.0595655594704558,710.5211856772797,23.303076809958327,1.0,1065.0,61,71,112,431.0,SAMANA
33430,Lakhowal (190),LUDHIANA,30.9009018,75.84705,33430,1911.401157953732,1910.4024658203125,0.5399730922661071,0.2122157693484221,1.68580219884683,-0.5121483743495554,-0.1339785105527919,835.0397142579453,22.79578354606297,1.0,35.0,40,40,245,348.0,LUDHIANA-2
35594,Burj Jawahar Singhwala (147),FARIDKOT,30.4324322,75.0413742,35594,1911.9410505539809,1910.4024658203125,0.6268656390952461,0.301950873497919,1.9317055844580315,-0.5715444880644541,-0.21909559022155,558.6569401433366,24.024747710186148,1.0,304.0,20,155,369,360.0,Jaitu
33965,Malke (119),MOGA,30.6846848,75.09003,33965,1911.3519618263688,1910.4024658203125,0.6386040170830606,0.3113437208455855,2.008046188520212,-0.5784851206724029,-0.2306496164105964,592.4126417427308,23.798511951849527,1.0,409.0,551,551,957,1108.0,BAGHAPURANA
40006,Chiniwal kalan (35),BARNALA,30.3783779,75.7099457,40006,1910.978252062948,1910.4017333984375,0.6596369731562918,0.3191940305205882,1.8112003399315104,-0.613069746740567,-0.2355429243396566,670.0968387534516,23.50099503035227,1.0,1660.0,385,385,983,1852.0,MEHAL KALAN
34445,Kot Karor Kalan (172),FIROZEPUR,30.7027035,74.78972,34445,1912.9147574947224,1910.3992919921875,0.6041751937138418,0.2652810793113492,1.5803981537660252,-0.5731468257048561,-0.1789799604777051,656.9214555432694,23.54723489433718,1.0,200.0,150,540,715,1158.0,GHALL KHURD
35637,Burj Thror (2),BATHINDA,30.5498142,75.0778046,35637,1910.740446865694,1910.39794921875,0.6353810996479444,0.317933138064886,1.895215833720196,-0.591493913357463,-0.2325359956953978,584.6023436656526,23.87543859266402,1.0,307.0,313,180,313,331.0,BHAGTA BHAIKA
34651,Saide Ke Rohela (86),FIROZEPUR,30.95392,74.6161652,34651,1908.4265031204784,1910.3978271484375,0.5509937221772164,0.2617733913594227,1.2998001616606103,-0.5523129910409111,-0.1498650919900206,625.676157791506,23.74329932541581,1.0,200.0,80,80,90,250.0,FIROZPUR
33398,Chak Dango (29),LUDHIANA,30.9189186,75.8613358,33398,1911.177347243721,1910.3975830078125,0.2242713403590271,0.1372636536582544,0.5992990129657674,-0.233048424206256,-0.0145566968017485,840.4909315516846,22.737270569515545,0.6799977789624699,20.0,20,0,80,42.0,LUDHIANA-2
33426,Bhaini Doaba (24),LUDHIANA,30.9189186,75.84033,33426,1913.279798139095,1910.396484375,0.5310026312398421,0.229231802551089,1.3770587970919437,-0.5221361242809499,-0.1308862047308292,835.0397142579453,22.79578354606297,1.0,20.0,29,0,123,245.0,LUDHIANA-2
39837,Kauhrian (149),SANGRUR,29.9459457,75.96084,39837,1911.1236713210333,1910.396484375,0.6026133004579454,0.2612337330761166,1.577685733351729,-0.5708462421626282,-0.1740259632904768,652.0998752945176,23.76460385487024,1.0,30.0,525,2,850,986.0,DIRBA
37832,Jodhe (6),AMRITSAR,31.54955,75.22766,37832,1913.7749720231325,1910.395751953125,0.4794384513931619,0.1515542963595894,1.4111427014938305,-0.4778530938664327,-0.0797270735061035,936.1172177055124,22.40871890271686,0.7968085627928451,415.0,375,375,780,707.0,RAYYA
35823,Chak Kharak Singhwala Urf Doomwali (109),BATHINDA,30.2283268,74.92907,35823,1911.1939064239004,1910.395263671875,0.537619146080519,0.122299717338215,1.232543397635729,-0.5280716716439363,-0.0490158143301633,460.008304713348,24.80907749542065,0.9944378419093906,101.0,54,150,761,1183.0,SANGAT
29595,Manak (34),KAPURTHALA,31.3873882,75.39295,29595,1904.906303566786,1910.3948974609375,0.651610564090729,0.2844281548842725,1.8606663849009053,-0.6049944629302499,-0.2034699428626575,768.6768475713247,22.822558732717457,1.0,2.47,15,0,188,182.0,PHAGWARA
33916,Gaziana (147),MOGA,30.54054,75.2503,33916,1910.946065618985,1910.3944091796875,0.63623800459455,0.2971195274991177,1.9252353808251128,-0.5877009219269352,-0.218697033920543,645.66504279328,23.615246714851963,1.0,512.0,0,220,350,555.0,NIHAL SINGH WALA
34122,Chak Fatehpur (301),MOGA,30.9437447,75.14082,34122,1910.4687756006244,1910.3944091796875,0.6290934431554461,0.333783242632912,1.793244189886572,-0.5861378446893626,-0.2427862762547642,750.1552182550695,22.86287562180784,1.0,159.0,50,10,43,168.0,KOT-ISE-KHAN
33645,Ladian Khurd (106),LUDHIANA,30.90069,75.80899,33645,1914.304062411264,1910.39306640625,0.5096116460984284,0.1731356737254283,1.4701854970518713,-0.501433041410658,-0.0953370130054459,843.1326380422329,22.781165795741387,1.0,208.0,41,57,200,219.0,LUDHIANA-1
33953,Tharaj (136),MOGA,30.54054,75.12478,33953,1910.858241029668,1910.392578125,0.6412834410702963,0.3120222785422082,1.873920251151085,-0.5983370364251044,-0.2278953900882965,606.609461624479,23.75474936292985,1.0,1000.0,550,550,718,1341.0,BAGHAPURANA
37567,Mule Chak (376),AMRITSAR,31.6576576,74.84936,37567,1914.8144090824007,1910.3907470703125,0.413934606053455,0.067314233518042,1.105093997656732,-0.4245103280262569,-0.0079929139028529,897.981772105922,22.67399627419917,0.5390040912912362,250.0,42,38,628,0.0,VERKA
35521,Jandwala (51),FARIDKOT,30.78199,74.69663,35521,1909.383734942726,1910.3896484375,0.5209733540893228,0.2058744563852525,1.3555688511178885,-0.5118316022197678,-0.1145173842673332,584.0395930220978,23.898064460755563,1.0,425.0,129,182,195,391.0,FARIDKOT
35605,Ajit Gill (139),FARIDKOT,30.4324322,74.89509,35605,1911.5482837676595,1910.3883056640625,0.5913872743759854,0.2610045430180849,1.7058458444608002,-0.5571484332685913,-0.1773617142519073,529.7815593888657,24.15965191765457,1.0,644.0,305,256,467,736.0,Jaitu
39854,Bakshiwala (27),SANGRUR,30.2522526,75.86286,39854,1909.790474807069,1910.3863525390625,0.6462367635484658,0.3236259751121896,1.7584828953452254,-0.5929688585177222,-0.2329342035397972,659.4500186850922,23.70719257325942,1.0,2.47,0,0,700,746.0,SUNAM
35673,Ghurela (49),BATHINDA,30.27027,75.23005,35673,1909.1073769370005,1910.3857421875,0.6975233270277272,0.3481807330371492,1.9781394996425063,-0.636246461072109,-0.2674866131620046,633.3526356812955,23.94380468528032,1.0,388.0,135,129,183,424.0,RAMPURA
30018,Sadhara (89),JALANDHAR,31.0450459,75.33076,30018,1915.553066882444,1910.38427734375,0.3897307925072293,0.1864051578622787,1.0082598199524448,-0.3999966447480172,-0.084284032829922,828.8223537614243,22.70683178993221,1.0,103.0,0,6,26,126.0,NURMAHAL
33662,Dakha (142),LUDHIANA,30.63063,75.52966,33662,1911.960369447408,1910.383056640625,0.6148549484925915,0.2463543786758285,1.814898818584939,-0.5790231411845115,-0.1751528778663414,814.2790706786515,22.736856407489974,1.0,1575.0,359,349,1270,1575.0,SUDHAR
39712,Naraingarh (98),SANGRUR,30.2522526,76.05059,39712,1911.7098790591967,1910.3818359375,0.6107626782936687,0.268694961884225,1.5197668244741416,-0.5803935241670928,-0.1756255174755455,697.0648189763025,23.273203476635004,1.0,668.0,58,150,300,487.0,BHAWANI GARH
34648,Chak Roranwala (220),FIROZEPUR,30.8828831,74.6360855,34648,1911.4252799622773,1910.38134765625,0.5871812807549937,0.2624461964403857,1.4612334747294806,-0.5557518487206073,-0.1660029008029808,609.9960598161118,23.74760085130731,1.0,76.0,35,25,50,198.0,FIROZPUR
36175,Mavi Kalan (74),PATIALA,30.1981983,76.21727,36175,1908.959014114083,1910.3787841796875,0.5535453392717348,0.2457719038386218,1.4610614026905853,-0.5357411586363747,-0.150789276096923,709.096341573134,23.308101072482568,1.0,645.0,276,192,578,721.0,SAMANA
36267,Chunagra (158),PATIALA,29.9639645,76.037,36267,1911.0152860934709,1910.3787841796875,0.5929507271887619,0.2770604151798494,1.6763126833813522,-0.5529483570021412,-0.1880004430903168,643.477282903561,23.852726461907025,1.0,700.0,200,200,481,753.0,PATRAN
35607,Rori Kapura (138),FARIDKOT,30.2225819,74.94099,35607,1910.7160573234728,1910.3768310546875,0.6111843460763328,0.2667275352922971,1.6589332531833596,-0.5702166609878235,-0.1810695881075792,521.7320720958348,24.241091655665137,1.0,0.1961,435,354,933,1805.0,Jaitu
39934,Kabirpur (87),SANGRUR,29.74224,75.91237,39934,1910.744939723117,1910.3768310546875,0.4880653458892013,0.2487956250444708,1.257835415606371,-0.5001254615356121,-0.1334454778338784,633.4779950787919,24.113163681595665,1.0,1.0,50,0,9,273.0,ANDANA
35220,Rampura (71),FAZILKA,30.1441441,74.21693,35220,1911.184295108056,1910.3758544921875,0.4423789239758541,0.0359342434159263,0.9984452050580344,-0.4692734722681264,0.0311789025603697,415.4400172641175,24.96668823694449,1.0,771.0,196,485,899,835.0,ABOHAR
33610,Chuharpura (104),LUDHIANA,30.9006786,75.82726,33610,1915.181553345356,1910.373291015625,0.4783024238242782,0.1382498093863414,1.3597049842382571,-0.4741180654117334,-0.0666191554054775,839.1158971002,22.783892110549857,0.7850354294286311,155.0,45,48,149,217.0,LUDHIANA-1
34720,Jodhpur (304),FIROZEPUR,30.8648643,74.41215,34720,1908.5488412402,1910.373291015625,0.6250516771230894,0.2889871040060487,1.555405899691224,-0.5911183101146035,-0.193543717626149,629.1327388680411,23.765738349576512,1.0,340.0,348,260,270,338.0,MAMDOT
37977,Wring (276),Tarn Taran,31.3153152,74.97666,37977,1912.902201617945,1910.3724365234375,0.5706168828191772,0.2364887551892643,1.5481155750338804,-0.5514669419345363,-0.150063062568619,819.9415448119538,22.811163704387354,1.0,278.0,0,79,285,302.0,CHOHLA SAHIB-8
39732,Akbarpur (103),SANGRUR,30.2522526,75.90458,39732,1911.804551994634,1910.3697509765625,0.6220360041555374,0.2940413842589496,1.5522510812915318,-0.5865515309730409,-0.1993496551619578,680.9007319619553,23.3225538193102,1.0,357.0,0,175,270,485.0,BHAWANI GARH
39935,Kudni (85),SANGRUR,29.7362843,75.90186,39935,1911.5924059077288,1910.369384765625,0.5967918684662007,0.2936817525605265,1.5869789711579274,-0.5699871727346896,-0.1969164016406005,633.3993716250372,24.113983310112875,1.0,20.8,770,130,177,224.0,ANDANA
33988,Jai Singhwala (85),MOGA,30.8288288,75.18155,33988,1909.7804912730628,1910.3682861328125,0.6518427235023736,0.2961651617415876,1.7978010430421536,-0.5975818588265865,-0.2157557200832728,661.4925059487717,23.483199884171256,1.0,515.0,0,108,295,557.0,MOGA-II
35226,Bazidpura (21),FAZILKA,30.1441441,74.19609,35226,1909.265958643623,1910.3675537109375,0.5589817549604915,0.1179531725655698,1.3630775835989035,-0.5351773765129918,-0.0515155301949138,421.7407986471397,24.943583444221066,0.9818181407382056,1586.0,119,514,799,1879.0,ABOHAR
35222,Bishanpura (69),FAZILKA,30.3243237,74.16521,35222,1909.548815368425,1910.3663330078125,0.5021712764288234,0.0656483334979232,1.2133670549457285,-0.5002986659668113,-0.0028484035392913,415.8016826672298,24.96529548170722,1.0,20.0,259,366,711,1681.0,ABOHAR
30001,Gaunsuwal (344),JALANDHAR,31.052927,75.47525,30001,1914.0319807677367,1910.365234375,0.5221179514266486,0.1903614763758535,1.4286238291057711,-0.5153999178631633,-0.1074884673169592,805.9951904227631,22.629141831819368,1.0,2.3,42,25,115,128.0,MEHATPUR
39715,Retgarh (52),SANGRUR,30.18018,76.03658,39715,1910.4732751252675,1910.3646240234375,0.6139247571586919,0.2687185493473718,1.4898895847420075,-0.5836185826609592,-0.1764966696743102,680.9007319619553,23.3225538193102,1.0,300.0,140,180,240,517.0,BHAWANI GARH
36333,Mandaur (2),PATIALA,30.3783779,76.27386,36333,1909.53422019284,1910.3642578125,0.5204500510058172,0.208290174515793,1.3528651684061863,-0.5129466700578459,-0.1158481676495552,789.240482425253,23.00746849668942,1.0,1066.0,540,60,808,1176.0,PATIALA RURAL
30155,Mehsampur (39),JALANDHAR,31.1171169,75.70359,30155,1909.2161634515464,1910.36376953125,0.6429053787099166,0.2907976163546069,1.822280506504064,-0.6035078097083987,-0.2112843713595686,831.9011124780076,22.70811725901973,1.0,493.93,75,82,370,559.0,RURKA KALAN
35593,Bargari (145),FARIDKOT,30.4864864,74.89484,35593,1911.3331063795767,1910.3634033203125,0.6198220843644189,0.2942441780232707,1.826490590002738,-0.5714986529420224,-0.2091429061481201,548.7959887604121,24.07058843649636,1.0,1838.0,500,310,861,2039.0,Jaitu
30461,Talwara (385),JALANDHAR,31.36937,75.35739,30461,1913.9988871723804,1910.3609619140625,0.545589793450138,0.1724641348191691,1.7370775191385188,-0.5158077952563528,-0.1073751713903254,928.7443551232712,22.4461244842264,1.0,2.5,5,5,100,185.0,JALANDHAR - WEST
33642,Bagga Khurd (111),LUDHIANA,30.900713,75.8089447,33642,1914.3888237736653,1910.36083984375,0.5477847197846898,0.2199273745454921,1.5059627261511,-0.5369972364429811,-0.134189542428844,855.6383141534229,22.772677717855675,1.0,678.0,12,80,678,250.0,LUDHIANA-1
36347,Shamla (158),PATIALA,30.3818932,76.1519,36347,1907.794046659353,1910.36083984375,0.5790359759889002,0.2667083084065416,1.5438771039630248,-0.5522969440847484,-0.1707293700015354,775.388428848018,23.00953171966017,1.0,260.0,105,60,179,279.0,PATIALA RURAL
39643,Burj Gohra (82),SANGRUR,30.4864864,76.003,39643,1907.5832802682207,1910.3590087890625,0.611143800078619,0.2945945466927707,1.473645473623656,-0.5813294521386646,-0.191505842118643,717.1626779248612,23.10685946835593,1.0,182.0,52,52,81,193.0,DHURI
29989,Udhowal (324),JALANDHAR,31.0527515,75.47513,29989,1912.6390686622576,1910.3590087890625,0.5471910677220908,0.2186374101971476,1.6527312999820765,-0.5232483811187656,-0.1406029561036267,779.5787545850175,22.745722600675435,1.0,88.0,8,0,260,243.0,MEHATPUR
33219,Asgaripur (156),LUDHIANA,30.63063,76.0741,33219,1908.5789627203649,1910.3575439453125,0.5719020880252507,0.2484477091622454,2.099027315941937,-0.5214432875347508,-0.1742397741125172,838.5368230750458,22.707484723278867,1.0,2.47,0,0,44,182.0,KHANNA
39976,Dangarh (62),BARNALA,30.3783779,75.54286,39976,1911.413504915636,1910.3570556640625,0.6280543806312612,0.2905998079923996,1.6748368417152724,-0.5915577312864184,-0.2037680052269328,666.6751000096696,23.665823616486648,1.0,865.0,228,409,1200,747.0,BARNALA
36079,Jassarwala (28),MANSA,30.09009,75.5299,36079,1909.906243795964,1910.3560791015625,0.7316931729399896,0.3705226557688111,1.9178152799542485,-0.668759584111478,-0.2887991209885727,656.4844640900986,23.96273723637933,1.0,424.0,110,40,122,168.0,BHIKHI
29939,Dhaliwal (5),JALANDHAR,31.18919,75.40312,29939,1909.21356501976,1910.3555908203125,0.6246775190812857,0.274262320231268,1.8107317207955336,-0.5873069700879738,-0.1957696012834917,842.5791057755845,22.591726153523496,0.9988714341137718,633.0,115,115,612,697.0,NAKODAR
33915,Burj Hamira (146),MOGA,30.522522,75.2572556,33915,1910.9114895040047,1910.35546875,0.6639061578358961,0.3084624377410029,2.0449951455330786,-0.6031189340707732,-0.2355401934686376,624.2988249052528,23.70737395334868,1.0,450.0,0,120,350,466.0,NIHAL SINGH WALA
35569,Chak Dhudi (89),FARIDKOT,30.6846848,74.75481,35569,1908.73882468002,1910.3543701171875,0.6167183020607026,0.2763453092588409,1.6576511157985452,-0.5842125738712204,-0.1897710222022913,613.1093383570512,23.707235447519206,1.0,150.0,0,125,140,346.0,FARIDKOT
34851,Sulla (279),FIROZEPUR,30.7027035,74.39156,34851,1906.2538944737823,1910.354248046875,0.624838659012051,0.3044982363955228,1.7112747687009464,-0.5805081771134332,-0.2124566793714867,619.9077907016175,24.001903930906963,1.0,0.5,0,0,70,93.0,GURU HAR SAHAI
33627,Goindwal (115),LUDHIANA,30.7150917,76.2017059,33627,1909.9469270717063,1910.353759765625,0.3905380935294822,0.1161083269568788,1.1748317800841472,-0.3906194016006809,-0.0364539860762603,864.273304026355,22.76681682189809,0.8006976876838191,163.0,62,28,250,153.0,LUDHIANA-1
39884,Haryau (49),SANGRUR,29.927927,75.80155,39884,1907.4642815609247,1910.3525390625,0.6261683485033814,0.3046735561171446,1.5471419112150675,-0.593841718513732,-0.2072505899619466,655.0033545998476,23.97390900136339,1.0,1939.0,148,275,1050,1939.0,LEHRAGAGA
30255,Bambianwali (235),JALANDHAR,31.2252254,75.5793457,30255,1911.1663438459243,1910.3524169921875,0.5286591091887709,0.1856578072659475,1.717183930926095,-0.4994789182018351,-0.1131747279566728,868.9522535064128,22.49005435051746,1.0,6.47,18,18,416,373.0,JALANDHAR-EAST
34049,Bukanwala (58),MOGA,30.8523521,75.08703,34049,1910.199261916057,1910.3504638671875,0.663447133774328,0.3075432451125426,1.880628141286708,-0.6039257426265294,-0.2292638304894802,698.6392083575623,23.27431090058525,1.0,587.0,0,230,408,640.0,MOGA-II
34455,Pattli (181),FIROZEPUR,30.8629646,74.93623,34455,1909.3980339785428,1910.35009765625,0.6464285884326255,0.2881043441285757,1.7108819992229212,-0.5996327168348305,-0.206164876769515,656.9214555432694,23.54723489433718,1.0,566.8,75,75,264,515.0,GHALL KHURD
39717,Phaguwala (50),SANGRUR,30.2882881,76.09938,39717,1910.5083932777293,1910.346923828125,0.5985603317223583,0.2559956738199048,1.4361125540409596,-0.5740775573286282,-0.1642951991537618,692.1750059503872,23.256879192051294,1.0,925.0,85,150,550,546.0,BHAWANI GARH
34860,Nadhana (175),FIROZEPUR,30.9189186,74.53817,34860,1909.4017663633667,1910.3465576171875,0.6134385248620858,0.2896960840649568,1.611953340403322,-0.5784642102799582,-0.1996437162399661,600.097382347812,23.98513700067548,1.0,460.0,552,55,380,550.0,GURU HAR SAHAI
35115,Choohriwala Chishti (263),FAZILKA,30.3063068,74.25592,35115,1913.4178649817784,1910.3465576171875,0.5109273952969755,0.1394635232648482,1.283851993450431,-0.4952406922366729,-0.061864036834052,447.232821344889,24.57616459912666,1.0,672.0,300,585,992,693.0,FAZILKA
36551,Dalanpur (68),PATIALA,30.3539944,76.35713,36551,1905.902576325445,1910.345458984375,0.5098909643709911,0.2127189833797432,1.6565743504980184,-0.4924341857893411,-0.127734139962035,850.5485597064393,22.973828551360043,0.914826774812496,77.0,40,32,52,92.0,SANOUR
36355,Labana Karmoo (165),PATIALA,30.3963966,76.18347,36355,1907.9760524482128,1910.34521484375,0.5656597734414419,0.2486902887883784,1.5330587224938856,-0.5388365175678623,-0.1577567924085579,775.388428848018,23.00953171966017,1.0,120.0,40,62,131,438.0,PATIALA RURAL
37590,Kotli Nasir Khan (271),AMRITSAR,31.54955,74.67793,37590,1909.493163255329,1910.3433837890625,0.4249914866288771,0.0687951734474481,1.1322178250403812,-0.419579228713046,-0.0058006994454894,897.8450241496461,22.815218621373333,0.8901185862287211,271.0,58,198,320,368.0,ATTARI
37915,Pandori Gola (79),Tarn Taran,31.477478,74.91614,37915,1909.2168965076728,1910.3426513671875,0.4393083099389283,0.1066977028009613,1.2467946639974954,-0.4407952751649069,-0.0394868668825229,868.0726176421579,22.68473048081589,0.7821921742770747,423.0,680,190,305,631.0,TARN TARAN-12
36162,Bujrak (70),PATIALA,30.1261253,76.28657,36162,1911.5545976193584,1910.34228515625,0.6084404875415287,0.283343670700712,1.6633233149034383,-0.5664396462529762,-0.1938105579664559,678.6249819209473,23.415548694258007,1.0,589.0,48,341,466,678.0,SAMANA
34777,jang (261),FIROZEPUR,30.8828831,74.42614,34777,1911.4504837527832,1910.3419189453125,0.6072513851352306,0.2840784798381927,1.4897372591893183,-0.5703862579402105,-0.1877579277959203,616.3843068292039,23.812034812580865,1.0,6.0,75,150,280,501.0,MAMDOT
29779,Sindhar (247),JALANDHAR,31.1531525,75.18495,29779,1915.3769686319044,1910.341552734375,0.5622920187256576,0.2497683880800079,1.602080425431197,-0.5401972384859683,-0.1603434997914545,751.3633122715975,22.90330205658337,1.0,378.0,104,105,302,415.0,LOHIAN
33536,Kot-Aga (312),LUDHIANA,30.3948956,75.74166,33536,1909.1443309906524,1910.33837890625,0.6339672015132528,0.2889919471565794,1.68772573148744,-0.6022657875197853,-0.2013083548548567,782.3198976924317,22.894344868499104,1.0,90.0,30,25,55,94.0,DEHLON
39943,Gobindgarh Alias Mahan Singhwala (111),SANGRUR,29.7332668,75.90742,39943,1911.882691473192,1910.3353271484375,0.5576270834107442,0.2612383087646036,1.6284042855225018,-0.5337521574385932,-0.1681512459289988,624.6109333759845,24.10161567660055,1.0,90.0,1300,250,300,478.0,ANDANA
34101,Fatehgarh Korotana (294),MOGA,30.9729729,75.1477356,34101,1912.1567886359296,1910.334716796875,0.5971399364072265,0.2583916179922955,1.7806881045804444,-0.5659115069857596,-0.181447816287241,700.5685776507001,23.03748138670116,1.0,1072.0,145,422,1028,1191.0,KOT-ISE-KHAN
34202,Madarpur (203),MOGA,30.9369373,75.1404,34202,1906.404230109096,1910.333740234375,0.5815292875916543,0.3030518533909497,1.6776530728181889,-0.5363704508792224,-0.2086545764914383,730.2964565173482,23.04730230309285,1.0,55.0,50,50,115,71.0,KOT-ISE-KHAN
29855,Naurangpur (179),JALANDHAR,31.0990982,75.33151,29855,1914.1187915929304,1910.3314208984375,0.5904681666310229,0.2192241252886269,1.7841979843953766,-0.5544770749215666,-0.1495627770716376,853.6254397297727,22.67651488642564,1.0,2.47,20,0,70,129.0,SHAHKOT
36614,Nain Kalan (159),PATIALA,30.3603611,76.3642044,36614,1907.675159699516,1910.331298828125,0.5093084559220207,0.2080562248244239,1.344870864488992,-0.5131885609009934,-0.1110825874172761,854.1573106952845,23.021075139590195,1.0,198.0,80,80,256,215.0,BHUNER HERI
30514,Muridpur (352),JALANDHAR,31.54955,75.62938,30514,1909.1758756386853,1910.3310546875,0.5765117760829712,0.203486787606005,1.7647998538336087,-0.5399799090605741,-0.131909366592612,805.4736348798173,22.43289419592901,1.0,2.5,0,0,110,164.0,BHOGPUR
34868,Kahansinghwala (156),FIROZEPUR,30.7147427,74.4092,34868,1911.6315679162408,1910.3309326171875,0.599098248138577,0.2938943631791499,1.6356114422261032,-0.5486820797416652,-0.2009995549948852,586.219116939348,23.979243014717746,1.0,751.0,145,140,152,811.0,GURU HAR SAHAI
35514,Gujjar (24),FARIDKOT,30.55856,74.82486,35514,1910.721382990672,1910.32958984375,0.5863388852283933,0.2385218511758896,1.4437684102756183,-0.5578090432395303,-0.1508941055864647,609.9960598161118,23.74760085130731,1.0,394.0,60,0,263,432.0,FARIDKOT
34508,Sher Khanwala (132),FIROZEPUR,30.9452076,74.6233444,34508,1910.026433455534,1910.328369140625,0.5664766630693432,0.2598702561881546,1.4496339007167467,-0.5497397226602093,-0.1653286595481892,661.3991780889847,23.56590506337716,1.0,346.0,126,601,612,382.0,GHALL KHURD
37550,Wadala Johal (153),AMRITSAR,31.5315323,75.06517,37550,1910.6954717318504,1910.3282470703125,0.4156090933066681,0.0626123161000979,1.2891545274759248,-0.399927333536734,-0.0074103613376431,933.436656277408,22.53343531145123,1.0,649.0,600,600,790,720.0,JANDIALA GURU
36353,Kaidupur (161),PATIALA,30.27027,76.16885,36353,1906.73426839555,1910.3251953125,0.5379444463776558,0.2397953484102454,1.4193221781279457,-0.5252496536584683,-0.1412534643587765,775.388428848018,23.00953171966017,1.0,392.0,45,65,191,397.0,PATIALA RURAL
37834,Bhaini Ramdyal (48),AMRITSAR,31.6036034,75.22898,37834,1913.1013773987424,1910.3231201171875,0.5469934329488131,0.2357395369388529,1.657549332184654,-0.5242163265137965,-0.1495064530630346,936.1196401526826,22.40871888290445,1.0,125.0,75,75,186,141.0,RAYYA
36623,Majal Khurd (204),PATIALA,30.3603611,76.3642044,36623,1907.2119765978675,1910.322509765625,0.5344271808569777,0.2583821504247398,1.4109090712554857,-0.5258028715309114,-0.1531237621324322,855.5401804854768,23.039179985216663,1.0,273.0,35,35,122,310.0,BHUNER HERI
39422,Manakheri (40),SANGRUR,30.522522,75.88475,39422,1909.5179212815297,1910.321044921875,0.6494778447597276,0.3082925024936139,1.6565191898454414,-0.6167684454246365,-0.2195682373632096,744.6301522662537,22.99865686411482,1.0,299.0,250,0,230,258.0,AHMEDGARH
36252,Sailwala (163),PATIALA,29.9639645,76.037,36252,1909.2986137707428,1910.3204345703125,0.5239119669051604,0.2347203754859288,1.5402549551843467,-0.510764657464323,-0.1427614908615035,642.0864555051224,23.88517504247796,1.0,182.0,20,20,48,343.0,PATRAN
36356,Birarhwal (170),PATIALA,30.3603611,76.2597961,36356,1908.297574894441,1910.3201904296875,0.5321482118163701,0.2238032082167894,1.420830828305068,-0.5186278074151386,-0.1313412500394751,775.388428848018,23.00953171966017,1.0,503.0,8,65,255,529.0,NABHA
39678,Panwan (14),SANGRUR,30.2882881,76.09938,39678,1909.5429104979823,1910.3197021484375,0.5694779624125664,0.2537869350916964,1.402128891500828,-0.5526622390248861,-0.1556299411402432,707.3869164086442,23.1963435461004,1.0,310.0,98,98,297,247.0,BHAWANI GARH
39417,Jitwal Khurd (51),SANGRUR,30.522522,75.88475,39417,1910.5003495631845,1910.316162109375,0.558595703305363,0.2302319946410272,1.4667877491701886,-0.5429705547282541,-0.1512455003581511,750.8194899524104,22.97034408819382,1.0,138.0,250,20,222,166.0,AHMEDGARH
37839,Rajpura (51),AMRITSAR,31.6036034,75.22898,37839,1907.8209750165795,1910.31591796875,0.4318340536862067,0.1144964035347577,1.3517243117060649,-0.4319771364087031,-0.0511663090817241,936.1196401526826,22.40871888290445,1.0,291.0,95,95,415,362.0,RAYYA
37910,Deo (91),Tarn Taran,31.477478,74.91614,37910,1912.395449490709,1910.3145751953125,0.5301421094466925,0.193936587146828,1.4889948691666277,-0.5043213483263018,-0.1127830637911427,896.61962715887,22.56292476641289,1.0,800.0,32,30,499,672.0,TARN TARAN-12
39570,Hathan (76),SANGRUR,0.0,0.0,39570,1911.507046436236,1910.3134765625,0.6391345312788019,0.3166249153909689,1.5477338216302807,-0.6056541074097354,-0.2191322978605728,707.4207894041522,23.209883511025986,1.0,1200.0,210,190,992,1288.0,MALERKOTLA
34046,Khosa Pando (17),MOGA,30.738739,74.96442,34046,1909.4493328582064,1910.31298828125,0.6735173221162579,0.3227225960147991,1.9992903589764048,-0.6140856773771689,-0.2494756856882526,707.2106081042009,23.167340199143208,1.0,1170.0,195,390,856,1377.0,MOGA-II
35496,Bhag Singhwala (43),FARIDKOT,30.6846848,74.75481,35496,1911.1508200158464,1910.3128662109375,0.5520617970118279,0.234791090450544,1.4915689822533147,-0.5370421333552229,-0.1425978212248227,587.1382160805265,23.930532200264825,1.0,304.0,256,339,394,481.0,FARIDKOT
35642,Ramuwala (17),BATHINDA,30.5497379,75.07797,35642,1911.0841437873507,1910.3128662109375,0.6440620904156651,0.2890230614510685,1.8771180339127205,-0.5982939064372922,-0.2134965177829958,621.3131639172929,23.6750863302056,1.0,399.0,250,182,320,468.0,BHAGTA BHAIKA
35590,Sibbian (120),FARIDKOT,30.5765762,74.8178253,35590,1910.0618436266293,1910.3096923828125,0.6520766605615764,0.3131915256490126,2.016246316794138,-0.5936836913932265,-0.2330135056149356,566.8630402182315,23.940329654395903,1.0,1435.0,96,291,901,1572.0,KOT KAPURA
29817,Kanian Khurd (287),JALANDHAR,31.0828724,75.34057,29817,1914.7506853228,1910.3074951171875,0.6124179668852033,0.2791649107689675,1.8758657297042105,-0.568631975012403,-0.2000911043373965,798.7452928943844,22.709436369684667,1.0,97.94,40,0,121,106.0,SHAHKOT
33867,Kotwal (41),LUDHIANA,30.666666,75.47403,33867,1910.317589857252,1910.305419921875,0.634960084719466,0.2360483124623404,1.873195494922804,-0.5939537105211646,-0.1744461551100241,765.7625320365327,22.862048050066,1.0,50.0,0,0,15,115.0,JAGRAON
30120,Lasara (173),JALANDHAR,31.0270271,75.77908,30120,1910.4920792328685,1910.304931640625,0.5882204833762721,0.246334695666012,1.6699120750133458,-0.5662531429536166,-0.1646347560255083,856.3395761384506,22.61117707781776,1.0,1549.0,180,180,952,1602.0,PHILLAUR
39912,Bhutal Kalan (61),SANGRUR,29.9459457,75.79449,39912,1909.002461337632,1910.3043212890625,0.5488705434067739,0.2369641971234681,1.3991813926859864,-0.540223188256714,-0.1406594725012878,644.5696893145936,23.9387221873472,1.0,212.0,112,12,200,1681.0,LEHRAGAGA
35489,Chet Singhwala (61),FARIDKOT,30.6846848,74.77576,35489,1906.9650186640456,1910.302978515625,0.5941971921576981,0.2593914426351676,1.6564580274550154,-0.5701782936425052,-0.172182488526189,588.0717952781754,23.85340973599521,1.0,370.0,138,203,257,407.0,FARIDKOT
40071,Burj Fatehgarh (439),BARNALA,30.3603611,75.52894,40071,1909.783740720376,1910.30029296875,0.6664793359074646,0.3102499834238763,1.7631488673768865,-0.6134021869493923,-0.227362115110038,643.4816065242188,23.729204914304944,1.0,158.0,80,93,150,174.0,SEHNA
33368,Bhaini Ala (197),LUDHIANA,30.9189186,75.84033,33368,1908.0931752443823,1910.2984619140625,0.5379923855794392,0.1994563434592041,1.6977357872984764,-0.5106484367725687,-0.1281741024728127,848.8919054306865,22.7531731094316,1.0,43.0,50,0,625,312.0,LUDHIANA-2
33917,Patto Hirasingh (154),MOGA,30.5765762,75.278244,33917,1911.5762817839168,1910.297607421875,0.65248474926452,0.3051387733355689,1.8108600869581888,-0.6066085000687678,-0.2242841564570028,653.815090602487,23.56258969251579,1.0,3606.0,600,560,1270,1626.0,NIHAL SINGH WALA
33400,Mand Chaunta (27),LUDHIANA,30.9189186,75.84033,33400,1910.7466270285047,1910.297607421875,0.5792287306103954,0.2499716044479164,1.5523172887140089,-0.5599354415750806,-0.1582150388807748,840.4909315516846,22.737270569515545,1.0,250.0,14,0,122,430.0,LUDHIANA-2
36266,Devgarh (159),PATIALA,29.9459457,75.79449,36266,1911.3015238566063,1910.29541015625,0.5192259360352793,0.2160216725685171,1.521189571067863,-0.4964947676524241,-0.1301079754053551,641.8157256807103,23.883026303772112,1.0,365.0,200,170,300,416.0,PATRAN
34770,Tara Singhwala (226),FIROZEPUR,30.666666,74.4057,34770,1909.1256151892007,1910.29541015625,0.6136046412354806,0.3054921835819146,1.5134855041716513,-0.5838769965986055,-0.2046162721873012,616.3843068292039,23.812034812580865,1.0,213.0,100,100,175,231.0,MAMDOT
39940,Maniana (108),SANGRUR,29.8372231,75.92356,39940,1913.734495765077,1910.2939453125,0.5400161576214556,0.2238217280501599,1.4540530585649727,-0.5263100511072661,-0.1343023389379893,628.726264126344,24.16269920824841,1.0,770.0,250,200,850,835.0,ANDANA
34444,Kot Karor Khurd (170),FIROZEPUR,30.67733,75.82394,34444,1911.9471756275093,1910.2939453125,0.6692474184101386,0.3278311394884984,1.9733057002669825,-0.6111523139160334,-0.2460238348220979,656.9214555432694,23.54723489433718,1.0,200.0,150,548,605,250.0,GHALL KHURD
36168,Marauri (87),PATIALA,30.0180187,76.16165,36168,1909.432410549652,1910.289794921875,0.4677088883693245,0.1786540108140967,1.3047643859075724,-0.4690961856977297,-0.0876997452218875,710.5211856772797,23.303076809958327,0.9378933466572922,750.0,250,250,751,514.0,SAMANA
34908,Kahnewala (259),FAZILKA,30.6126118,74.25945,34908,1910.5093550266488,1910.2896728515625,0.6000111189603983,0.3075481623838836,1.754496574376235,-0.5489281140845977,-0.2128460525075118,573.5140833070176,24.17932731779252,1.0,259.0,101,102,142,277.0,JALALABAD
34186,Daulewala Khurd (234),MOGA,30.9549541,75.15457,34186,1910.284109294298,1910.2891845703125,0.56725091781344,0.2265998189963037,1.5723259715081166,-0.5427133274872339,-0.150072434765619,723.6912524695957,22.997338304018136,1.0,88.0,4,5,5,92.0,KOT-ISE-KHAN
30552,Chhotapind Alias Barapind (367),JALANDHAR,31.333334,75.56056,30552,1910.5566191838216,1910.2886962890625,0.5412107875968769,0.1833193915799733,1.6636597456614577,-0.5157676505654036,-0.1126421806883063,841.1041033606995,22.476475694045952,1.0,2.47,247,0,349,304.0,JALANDHAR - WEST
34447,Gill (175),FIROZEPUR,30.7027035,74.78972,34447,1908.1224295124828,1910.2880859375,0.5963958573632729,0.2579401660497223,1.559937643504722,-0.5718753707720101,-0.1699356818817595,638.0524745556456,23.613088622030507,1.0,200.0,150,490,502,867.0,GHALL KHURD
37962,Usman (268),Tarn Taran,31.4954948,75.16301,37962,1909.0784842208343,1910.287841796875,0.5736320743987076,0.2355941043086481,1.526211687471545,-0.5561968947341249,-0.1479420758650087,855.9307250192063,22.707733182606887,1.0,369.0,90,90,400,409.0,NAUSHEHRA PANNUAN-11
35085,Abhun (231),FAZILKA,30.4144154,74.02464,35085,1909.987237824869,1910.286865234375,0.6421583233273775,0.317163842542872,1.6165885122598198,-0.5962753084523861,-0.2245342592179259,493.9769449641602,24.417633952211705,1.0,1241.0,258,547,769,1266.0,FAZILKA
29542,Mand Inderpur (193),KAPURTHALA,31.2072067,75.18575,29542,1910.3896764695564,1910.2867431640625,0.5675957929536279,0.2924314512038943,1.5062947288146895,-0.5528841480084659,-0.1832331875962359,816.4068983402481,22.8368050059784,1.0,2.47,0,0,1,44.0,SULTANPUR LODHI
35641,Bhodipura (20),BATHINDA,30.51744,75.12342,35641,1910.7026148477785,1910.28564453125,0.6765301123664057,0.3231839595309219,1.9663386071019155,-0.6190031848540734,-0.246844525781178,611.8514349804733,23.739750539487883,1.0,1018.0,20,350,695,1019.0,BHAGTA BHAIKA
32826,Bhagwanpura (91),FATEHGARH SAHIB,30.6126118,76.2274246,32826,1906.346698263836,1910.2852783203125,0.5923103490943861,0.2656877357447084,1.6170808201070035,-0.5605886192578333,-0.1749213420632384,764.582700648753,22.91608944768084,1.0,1302.0,12,52,82,153.0,AMLOH
32791,Chanarthal Kalan (320),FATEHGARH SAHIB,30.61787,76.36919,32791,1905.505978880365,1910.2835693359375,0.5401947231120324,0.2479174622597069,1.4482171652116471,-0.5229536276660633,-0.1500568849414393,826.68714597885,22.9221787773347,1.0,2024.2,250,470,771,1299.0,SIRHIND
39395,Kangarpur (10),SANGRUR,30.522522,75.88475,39395,1910.0127259383385,1910.282958984375,0.655794125921367,0.3162298922966139,1.7177595087641715,-0.6192624427365065,-0.2303449869579295,744.6301522662537,22.99865686411482,1.0,925.0,0,0,927,1229.0,AHMEDGARH
33932,Dina (145),MOGA,30.522522,75.23634,33932,1910.194814168156,1910.2821044921875,0.6801615904304354,0.3220502567926859,2.0381872402928503,-0.6182309340505989,-0.2482669289855199,619.5950478001606,23.71256975263882,1.0,1108.0,0,396,787,1212.0,NIHAL SINGH WALA
33213,Jatana (149),LUDHIANA,30.63063,76.09503,33213,1907.262236658435,1910.281494140625,0.509938094633578,0.2084811896997362,1.687536290215733,-0.4867226565432421,-0.1285798578822209,860.8907404353516,22.642453532259594,1.0,2.48,0,0,464,311.0,KHANNA
33380,Pirthipur (201),LUDHIANA,30.9189186,75.84033,33380,1908.022318886506,1910.2811279296875,0.5686459420286748,0.2573991926823726,1.61286397588959,-0.5486784292300102,-0.166260180545069,849.1459134032624,22.75239176079907,1.0,200.0,20,1,125,223.0,LUDHIANA-2
35510,Rupianwali (48),FARIDKOT,30.6126118,74.573494,35510,1911.1939880789057,1910.280029296875,0.5416526700956299,0.2040560301543747,1.4085003680703954,-0.5253761525224518,-0.1182588390903257,584.0395930220978,23.898064460755563,1.0,415.0,69,85,120,436.0,FARIDKOT
33324,Ghudani Khurd (229),LUDHIANA,30.738739,76.01257,33324,1906.4260706450225,1910.2796630859375,0.5906269405919933,0.2675746127838997,1.752146466671717,-0.557225225790611,-0.1804201606661753,817.5590130498307,22.778822665703103,1.0,350.0,0,0,385,571.0,DORAHA
34059,Dadahur (62),MOGA,30.7567558,75.04134,34059,1908.023133667761,1910.2786865234375,0.6281197491083914,0.3058857740031676,1.694708296328196,-0.586901096923986,-0.2160328720711041,677.7504625728028,23.431952089010625,1.0,250.0,0,98,219,277.0,MOGA-II
33381,Raipur Bet (200),LUDHIANA,30.9189186,75.84033,33381,1906.637662514164,1910.2767333984375,0.5647848896340307,0.2382921474254648,1.6347628617799714,-0.5443598116221245,-0.1521574769838301,849.1459134032624,22.75239176079907,1.0,168.0,2,0,128,187.0,LUDHIANA-2
33412,Jhugian Kadir (25),LUDHIANA,30.9189186,75.8613358,33412,1912.790282774759,1910.2752685546875,0.5361737995771448,0.2384573587496032,1.3679252655847374,-0.5296390582454986,-0.1388201585889299,846.3561736625334,22.69930811771801,1.0,24.0,30,0,74,115.0,LUDHIANA-2
33372,Uppal (208),LUDHIANA,30.2342339,74.9521942,33372,1905.5099778047927,1910.27490234375,0.5997636577765356,0.2511517339588452,1.8160824164199028,-0.5637451020475047,-0.17263525853261,849.1459134032624,22.75239176079907,1.0,10.0,40,0,290,283.0,LUDHIANA-2
30031,Mainwal (122),JALANDHAR,31.0270271,75.77908,30031,1913.139769871587,1910.273681640625,0.4895468317261475,0.2297295306580902,1.473947604512551,-0.4671437332216122,-0.1344996450637062,846.9622078349488,22.80621523879904,1.0,688.0,120,120,412,688.0,PHILLAUR
29142,M ander Bet (19),KAPURTHALA,31.4954948,75.35319,29142,1912.9994217720928,1910.273193359375,0.5730682295603641,0.2741882902669063,1.594776044966619,-0.5482160144125302,-0.176270096348806,855.7162089502826,22.45970413641121,1.0,253.0,90,90,145,267.0,DHILWAN
34450,Kabar Wacha (178),FIROZEPUR,30.959589,74.60838,34450,1907.4193204061032,1910.2694091796875,0.6201919634833107,0.2781467863078988,1.5791178899720015,-0.5948159626125735,-0.1875647678178475,640.7798620870011,23.5841030951018,1.0,348.98,240,281,381,885.0,GHALL KHURD
37552,Wadali Dogran (147),AMRITSAR,31.5675678,75.0518646,37552,1912.3327958704992,1910.2669677734375,0.3618210759121079,0.0311100254620592,0.9629231888521804,-0.3766400379285238,0.0286537048523307,933.436656277408,22.53343531145123,1.0,167.0,604,190,245,190.0,JANDIALA GURU
34459,Jawahar Singhwala (187),FIROZEPUR,30.8625221,74.93587,34459,1906.779146951604,1910.26611328125,0.656695083162791,0.3086298464331671,1.7738616269236096,-0.6076994260108298,-0.2243957740037082,651.8385984117689,23.55870150552765,1.0,161.94,54,54,67,508.0,GHALL KHURD
30156,Bir Jaitowal (38),JALANDHAR,31.1171169,75.70359,30156,1909.217943904036,1910.264892578125,0.7002569397802101,0.3505214652380512,2.145886744843192,-0.6396946699123585,-0.2724317486594124,831.9011124780076,22.70811725901973,1.0,229.0,80,80,96,21.0,RURKA KALAN
30541,Narpur (381),JALANDHAR,31.4074574,75.44893,30541,1912.738761813571,1910.2645263671875,0.511426577429048,0.1554005638840984,1.708106086322246,-0.4830800944881332,-0.0918887316989564,923.5901379252994,22.430175672865925,1.0,86.0,0,0,12,92.0,JALANDHAR - WEST
33226,Kamma (249),LUDHIANA,30.63063,76.09503,33226,1908.7339316324023,1910.263916015625,0.57234110236902,0.2322341605721866,1.7358063126736465,-0.5388449510846417,-0.154748372484248,838.5368230750458,22.707484723278867,1.0,2.47,0,0,193,271.0,KHANNA
39791,Dhadrian (77),SANGRUR,30.2522526,75.842,39791,1908.917972913896,1910.2635498046875,0.6595181616373175,0.3229069410869571,1.750525810544196,-0.6106684030532746,-0.2369911244307617,659.4658630577117,23.838709002890862,1.0,4048.0,450,450,500,1107.0,SANGRUR
39725,Roshanwala (48),SANGRUR,30.2882881,76.09938,39725,1911.0532447191256,1910.2626953125,0.5937604905472276,0.2671090754016674,1.4147272495187806,-0.5657786450500506,-0.1744598123111929,690.4706951162673,23.266807102165664,1.0,195.0,32,32,150,232.0,BHAWANI GARH
36367,Kot Kalan (8),PATIALA,30.3603611,75.77952,36367,1908.8984704164109,1910.26123046875,0.5919014832398282,0.2555271201261252,1.4327886237567955,-0.5680175997273225,-0.1611969902483704,709.2612572461909,23.16868831851093,1.0,380.0,82,112,223,442.0,NABHA
36383,Galwati (218),PATIALA,30.4324322,75.9817352,36383,1906.7930333740617,1910.259765625,0.5822157308946618,0.2543591029998814,1.4874769751413364,-0.5524113727251254,-0.1620966566011668,740.8424519008108,23.01998499842075,1.0,402.0,90,120,335,450.0,NABHA
33859,Baghian (177),LUDHIANA,30.6846848,75.4462051,33859,1911.6794674444347,1910.25927734375,0.4501008531171777,0.2065278024619664,1.247278479053833,-0.4422868360513008,-0.1154254373061527,779.5787545850175,22.745722600675435,1.0,200.0,45,20,120,505.0,JAGRAON
35040,Saido Ke Hithar (303),FAZILKA,30.4106655,74.02774,35040,1911.011469075896,1910.259033203125,0.653018327344718,0.3126348480175264,1.67003365231554,-0.6014131445389391,-0.2228250332121092,519.9245157649415,24.345211129938377,1.0,209.0,780,200,268,218.0,FAZILKA
35624,Dod (3),FARIDKOT,30.3963966,75.01367,35624,1913.0932253939447,1910.2581787109375,0.6416728429817,0.3149044422174571,1.8811747573736848,-0.5936650486169295,-0.2301292292713665,558.9614845806655,24.02307962268496,1.0,4845.0,26,465,1007,1232.0,Jaitu
39475,Ranwan (106),SANGRUR,0.0,0.0,39475,1913.8598971882604,1910.2581787109375,0.5418836581301573,0.2236933776754022,1.240755379271123,-0.5369994899209591,-0.1214843673541922,730.6072736185988,23.04235520583645,1.0,280.0,110,107,300,305.0,MALERKOTLA
34191,Sherewala (232),MOGA,30.5045052,74.26042,34191,1910.139253844096,1910.256591796875,0.5721169583575436,0.3018953993670818,1.6657806964999833,-0.5361213183437535,-0.20492857589522,698.5861238122147,23.05927149548864,1.0,129.0,40,35,80,144.0,KOT-ISE-KHAN
39982,Bhaini Jassa (58),BARNALA,30.3423424,75.53591,39982,1907.8430142032228,1910.255126953125,0.6884041038598712,0.3271728063509289,2.006981035219725,-0.6255620654235047,-0.2522168885660183,652.721220534076,23.74062284519624,1.0,860.0,370,370,545,922.0,BARNALA
30236,Sidhu Harisingh (18),JALANDHAR,0.0,0.0,30236,1910.3528109537087,1910.2545166015625,0.570397884926165,0.2195996444396059,1.7374388599194286,-0.541248575325463,-0.1428035934682016,821.2975802829163,22.77606139731529,1.0,147.0,0,0,126,160.0,NURMAHAL
39557,Himtana (85),SANGRUR,0.0,0.0,39557,1913.274561511486,1910.25439453125,0.6196034963931402,0.296618613425906,1.5260005152534273,-0.589310250452814,-0.197972265186165,718.5434936630031,23.11535850426989,0.9310241552149454,250.0,190,190,406,300.0,MALERKOTLA
34051,Saffuwala (60),MOGA,30.738739,74.96442,34051,1906.3900385626987,1910.25341796875,0.6701300145657373,0.3309126451636714,1.8452203223009973,-0.6118436531310727,-0.2463649031679678,698.6392083575623,23.27431090058525,1.0,849.0,175,330,622,953.0,MOGA-II
37541,Nangal Guru(137),AMRITSAR,31.6396389,75.00416,37541,1911.703126682169,1910.2528076171875,0.4789156170051024,0.1520509627272995,1.3048424464353212,-0.4804032092245439,-0.0716440120682937,896.61962715887,22.56292476641289,1.0,278.0,110,200,380,332.0,JANDIALA GURU
37963,Sheron (266),Tarn Taran,31.4954948,74.8883057,37963,1908.010809399296,1910.252685546875,0.5470853554497731,0.2124686120033934,1.4495876288410716,-0.5320709690857273,-0.1285623208306904,835.2753349139873,22.767581927830687,1.0,819.0,300,100,1200,865.0,NAUSHEHRA PANNUAN-11
33455,Bhairo Munna (222),LUDHIANA,30.9189186,75.84033,33455,1908.3237308469245,1910.2520751953125,0.4124473594727267,0.1239132973220256,1.3795925900815382,-0.4174486552845933,-0.0502851719131217,836.9894736052648,22.759208708580104,0.9897857408785076,20.0,0,0,800,361.0,LUDHIANA-2
35606,Ramuwala (2),FARIDKOT,30.4324322,74.89509,35606,1912.1711559296523,1910.2513427734375,0.6182948082916343,0.2802629548885749,1.7570464989264103,-0.5747946685642328,-0.1960119307638172,526.4565663417432,24.203589414881623,0.9990979972764144,590.0,200,0,285,643.0,Jaitu
34064,Thamanwala (67),MOGA,30.8319359,75.01737,34064,1909.9741563024209,1910.2509765625,0.6642605268893497,0.3258494208214582,1.744724706772928,-0.6177404455987414,-0.2371670571289777,677.7504625728028,23.431952089010625,1.0,352.0,0,0,171,384.0,MOGA-II
35597,Ran Singhwala (144),FARIDKOT,30.4684677,74.92279,35597,1911.5542958655385,1910.247802734375,0.6137487352538166,0.2983178161687874,1.84692268716288,-0.5622977141816998,-0.2100939351909783,530.2250984902859,24.157579727109063,1.0,1500.0,266,76,498,940.0,Jaitu
36186,Sehajpur Khurd (65),PATIALA,30.1621628,76.1894,36186,1910.5726866336315,1910.2464599609375,0.5519912139108244,0.2159617470043421,1.4394942868368386,-0.5341389801366941,-0.1295782153326239,710.5211856772797,23.303076809958327,1.0,336.0,82,82,184,366.0,SAMANA
30797,Khokhar (503),HOSHIARPUR,31.81982,75.61665,30797,1902.201198202052,1910.2454833984375,0.5437470756805481,0.2365574737974483,1.6464228437039543,-0.5159136250380837,-0.1469654732764699,928.5261276175872,22.425879731414227,1.0,18.0,0,9,71,77.0,DASUYA
35071,Muradwala Dalsingh (146),FAZILKA,30.3423424,74.2414856,35071,1909.6816042972769,1910.2449951171875,0.6049610457468307,0.2139260221899017,1.5144234629645867,-0.5550857694071665,-0.1339597985276819,463.6556955651327,24.563075048364823,1.0,1151.0,295,295,470,1223.0,Arniwala Shiekh Subhan
30424,Wadala (281),JALANDHAR,31.3153152,75.58828,30424,1911.1479873635203,1910.2445068359375,0.3163529835066105,0.0139876906342494,1.0318861385202398,-0.3348422217806093,0.028329541320703,921.2887675449268,22.415928247624432,0.1186116036998475,0.1,9,10,790,418.0,JALANDHAR-EAST
33291,Theh Loharan (406),LUDHIANA,30.1261253,75.8074341,33291,1909.4186963213083,1910.24169921875,0.6568268612393371,0.3290819670530107,1.5797924083335668,-0.6159197124088399,-0.2291522695889529,760.2889480998414,22.927026586350337,1.0,305.0,285,180,205,69.0,Maloud
39408,Walaitpura (23),SANGRUR,30.3783779,75.85614,39408,1911.369818814672,1910.240966796875,0.6161754175121764,0.2642771909737711,1.7790399495152032,-0.5724274334463876,-0.1896453623100211,758.9781173194795,22.93419742943868,1.0,124.0,0,0,140,147.0,AHMEDGARH
40084,Sadowal (23),BARNALA,30.522522,75.57101,40084,1908.892470067237,1910.2408447265625,0.6848499700499971,0.3349122388663979,1.949144654729968,-0.6257924657659585,-0.2556815754445655,691.6006448676484,23.26709664117152,1.0,365.0,110,110,254,403.0,MEHAL KALAN
33735,Jalaldiwal (30),LUDHIANA,30.3963966,75.7865753,33735,1910.722439945905,1910.2376708984375,0.6654400255008431,0.2955489262967539,1.7628941457539171,-0.6234961678277284,-0.2178220433240955,710.1223551035996,23.2156313649512,1.0,1160.0,600,300,945,1297.0,RAIKOT
35215,Khairpur (68),FAZILKA,30.3243237,74.16521,35215,1911.4710545986168,1910.2366943359375,0.4817468846599124,0.0589470791566359,1.182588070978284,-0.4840500249935012,0.0037973046275374,415.6844854179559,24.96574680240685,0.9842348988864952,1133.0,485,486,609,1203.0,ABOHAR
30548,Mir Chhota (371),JALANDHAR,31.3153152,75.58828,30548,1910.502907080508,1910.23583984375,0.6447098037315963,0.2673093180261378,2.1203395394191578,-0.5812471531060811,-0.2014868284208067,843.1864175012009,22.479022681880625,1.0,125.0,0,0,10,131.0,JALANDHAR - WEST
35081,Sajrana (239),FAZILKA,30.45045,74.51182,35081,1910.089994231884,1910.2352294921875,0.5693136755879796,0.2426172849840772,1.3697503488007494,-0.5322375402117125,-0.1491148587758947,465.9703455334839,24.563236282138924,1.0,150.0,25,25,82,1405.0,Arniwala Shiekh Subhan
40061,Nainewala (6),BARNALA,30.3603611,75.52894,40061,1909.9431544721583,1910.2352294921875,0.6404496971979156,0.2965799591804041,1.861716289358595,-0.5933564665329178,-0.2150626450942094,625.4274561228267,23.820094128747314,1.0,598.0,415,227,549,676.0,SEHNA
35544,Beguwala (19),FARIDKOT,30.6846848,74.75481,35544,1909.3928069168185,1910.234619140625,0.5675393557460013,0.2256072915269547,1.4049743039395906,-0.5496414495631639,-0.1340621276283687,614.5763342780638,23.728760611814145,1.0,2.47,89,0,330,576.0,FARIDKOT
36166,Arain Majra (86),PATIALA,30.216217,76.16868,36166,1909.7645395276388,1910.234130859375,0.5283315574257235,0.2219589939332971,1.427911080820118,-0.5148187968847163,-0.1290074443269803,710.5211856772797,23.303076809958327,0.9766924742025264,842.0,145,145,249,348.0,SAMANA
37845,Khanpur (3 ),AMRITSAR,31.6036034,75.2078247,37845,1912.507900370996,1910.2310791015625,0.544679926866527,0.2210787195701785,1.634036267375668,-0.521712869107999,-0.1391623705069468,889.0831564216927,22.40910357766902,1.0,211.0,135,135,498,521.0,RAYYA
35515,Mumara (23),FARIDKOT,30.6576042,74.76669,35515,1910.7339622745944,1910.229248046875,0.6073529604809015,0.2408253972603743,1.4706879328240234,-0.5752680822417329,-0.1562408721176947,609.9960598161118,23.74760085130731,1.0,491.0,124,196,275,535.0,FARIDKOT
36337,Simbhron (355),PATIALA,30.38188,76.15189,36337,1904.791742816979,1910.2291259765625,0.568857376888783,0.2420681902773816,1.5649939339841945,-0.5379610113157708,-0.153566813647779,806.3507172276871,23.00491997713073,1.0,413.0,85,60,261,413.0,PATIALA RURAL
36334,Sheikhpura (1),PATIALA,30.3783779,76.27386,36334,1909.8488889933208,1910.228515625,0.5871218820621434,0.2744871441476848,1.5245781170117778,-0.5601650331024179,-0.1745089128710922,806.3507172276871,23.00491997713073,1.0,106.0,0,0,1,106.0,PATIALA RURAL
29113,Mansoorwal Bet (92),KAPURTHALA,31.6756763,75.24497,29113,1911.489145872545,1910.228271484375,0.5008602291265979,0.1873923418017965,1.5903361363012916,-0.4880873432897352,-0.1067071244846077,855.3183767011063,22.46012897505409,1.0,20.0,60,60,310,152.0,DHILWAN
33934,Rounta (143),MOGA,30.5765762,75.1945343,33934,1911.0748114029009,1910.2265625,0.681061764463867,0.3302800315451628,1.989164059872477,-0.6195737924722751,-0.2528207084355428,641.884441114033,23.616017461437693,1.0,2226.0,0,700,1402,2429.0,NIHAL SINGH WALA
34100,Tatariea wala (27),MOGA,30.82183,75.17439,34100,1911.600376653232,1910.2261962890625,0.6330862451822807,0.2964206245591095,1.8969435573168352,-0.5898647826451768,-0.2183592595307524,700.0099661757844,23.03865430387191,1.0,200.0,40,25,188,208.0,MOGA-I
33405,Kum Kalan (195),LUDHIANA,29.5315323,75.04707,33405,1909.434191931393,1910.225830078125,0.5415168240099401,0.2257547009032273,1.5654282387547538,-0.5199018159086792,-0.1402932803246843,847.6441826663535,22.75701120342842,0.9633341022769876,10.0,100,100,491,1189.0,LUDHIANA-2
35259,Midda (186),SRI MUKTSAR SAHIB,30.3709316,74.34061,35259,1911.774039525775,1910.223388671875,0.5408232325941217,0.1920770325095366,1.2937507121966436,-0.5168114363568396,-0.1043638158826007,464.3161524990543,24.57060297470825,0.9696565934821616,1360.0,365,80,650,1464.0,MALOUT
35595,Gondara (148),FARIDKOT,30.4324322,75.0413742,35595,1911.933965265124,1910.220947265625,0.6111363134594586,0.2933416348942591,1.7536037494505217,-0.5618762294812689,-0.2034180415655115,558.6569401433366,24.024747710186148,1.0,645.0,226,245,517,735.0,Jaitu
38310,Mian Wind (138),Tarn Taran,0.0,0.0,38310,1911.844781036304,1910.220947265625,0.492712177115376,0.1669474913699589,1.4185952437375449,-0.4850042888856947,-0.0869903039980902,943.9821122637876,22.437116153275166,1.0,468.0,285,285,510,532.0,KHADUR-SAHIB-10
35209,Rajanwali (64),FAZILKA,30.3243237,74.16521,35209,1913.1676373238347,1910.2197265625,0.5604778275138392,0.1432131323056224,1.3132015446703484,-0.5348257595191591,-0.071190391837316,421.1553520969569,24.88689636304025,1.0,1519.0,262,352,667,1626.0,ABOHAR
34757,Betu Qadim (245),FIROZEPUR,30.8718624,74.41458,34757,1909.4908158893804,1910.2178955078125,0.5999647077623808,0.2750831706134007,1.4969368431083163,-0.570511196618698,-0.1780051468802743,634.6124204804795,23.884184272387643,1.0,2.47,200,0,375,487.0,MAMDOT
37818,Sattowal (58),AMRITSAR,31.6036034,75.2078247,37818,1906.4540972811217,1910.2169189453125,0.5333338696874769,0.2223282264066491,1.6003516237890476,-0.5121622300459885,-0.1370838128797696,936.1196401526826,22.40871888290445,1.0,133.0,65,50,168,171.0,RAYYA
30525,Chak Ram Singhpur (329),JALANDHAR,31.4234238,75.59083,30525,1908.0499606419853,1910.2159423828125,0.5773983958125711,0.2117195610942141,1.955211990047873,-0.5348424380685872,-0.1421407152042824,880.0200879506048,22.479032576604737,1.0,2.5,10,4,100,59.0,JALANDHAR - WEST
30394,Singh(429),JALANDHAR,31.3153152,75.58828,30394,1914.468694568587,1910.2139892578125,0.4812568152371569,0.1185451294918377,1.340925856525587,-0.4797463558881623,-0.0511100439055457,892.3655989577668,22.53479004222732,1.0,16.0,26,26,285,526.0,JALANDHAR-EAST
33084,Khokhar (84),LUDHIANA,30.81081,76.34226,33084,1905.319304449644,1910.2137451171875,0.575911556365004,0.2380594932745326,1.6990568683476377,-0.5381463891621284,-0.1578483707353113,849.1459134032624,22.75239176079907,1.0,206.0,20,5,38,214.0,MACHHIWARA
33235,Rajewal (263),LUDHIANA,30.63063,76.09503,33235,1907.237483693672,1910.2127685546875,0.5179731692911723,0.1809535424701704,1.594132201207443,-0.4939712033844403,-0.1080279690149928,838.2174429298772,22.74106726282568,1.0,2.67,60,9,474,310.0,KHANNA
34810,Marhe Kalan (166),FIROZEPUR,30.72072,74.34258,34810,1912.2832202698407,1910.2100830078125,0.61665333885957,0.2882179742506868,1.624523248332448,-0.5814709562479135,-0.1963629186809296,607.6997146845596,23.96290100638848,1.0,421.0,200,210,230,468.0,GURU HAR SAHAI
35057,Rana (299),FAZILKA,30.4144154,74.02464,35057,1910.4618959726845,1910.2093505859375,0.6403840163351585,0.3041076911368316,1.638192264819901,-0.5869516439368759,-0.2171967770345234,502.24255266200447,24.37847940540826,1.0,895.0,555,190,215,961.0,FAZILKA
38329,Sakkianwali (147),Tarn Taran,31.54955,75.01623,38329,1912.352863872067,1910.2088623046875,0.4887100138597033,0.1627036931683773,1.4874211960873267,-0.4795428537653759,-0.0859809792728668,953.4446242263216,22.404917930807244,1.0,190.0,135,150,230,301.0,KHADUR-SAHIB-10
35541,Jhariwala (9),FARIDKOT,30.6846848,74.77576,35541,1911.6717872282752,1910.2054443359375,0.6243048452418426,0.2785486475654233,1.5296796890135032,-0.5924384342281611,-0.1861120820484801,625.7476898839371,23.67761861755929,1.0,400.0,45,45,207,374.0,FARIDKOT
35604,Matta (132),FARIDKOT,30.4684677,74.901886,35604,1910.153526763874,1910.2030029296875,0.6182696303998643,0.2872677516020567,1.7793249881252071,-0.5758130456708369,-0.202154857602908,530.1331308593248,24.18029789674173,1.0,160.0,52,28,52,1852.0,Jaitu
29255,Khojewali (198),KAPURTHALA,31.27928,75.49614,29255,1913.2941140180928,1910.2008056640625,0.5475129659867161,0.1756065148605595,1.7023966467000022,-0.5160155285835987,-0.1097505600637986,928.7443551232712,22.4461244842264,1.0,45.0,75,0,367,136.0,KAPURTHALA
40060,Sandhu Kalan (4),BARNALA,30.4324322,75.39662,40060,1910.2028212212,1910.19921875,0.6714552237385252,0.3195450913538312,1.9759340999774235,-0.6100233348775161,-0.2423325454602775,625.4272404124634,23.82009521468939,0.9528572494388112,591.0,309,309,518,663.0,SEHNA
36554,Ramgarh (163),PATIALA,30.216217,76.35633,36554,1905.4302618412105,1910.1983642578125,0.5069628997405468,0.1740954826337791,1.5214824348536178,-0.5021308270036303,-0.0950746961374229,850.5485597064393,22.973828551360043,0.9881431717571688,2.48,201,100,225,434.0,PATIALA
36642,Amam Nagar Urf Aliwala ( 185),PATIALA,30.216217,76.35633,36642,1910.385116157025,1910.197998046875,0.4247553232948532,0.141077367005506,1.0314908426711478,-0.4565477520276033,-0.0450846483265698,775.3962077006873,23.167050900736875,1.0,587.0,250,250,380,638.0,PATIALA
36174,Lutki Majra Urf Joramajra (77),PATIALA,30.09009,76.17545,36174,1908.976800339391,1910.196533203125,0.5635933920848085,0.2672670788679712,1.5766484740123206,-0.535489431913818,-0.1684624838764035,710.5211856772797,23.303076809958327,1.0,356.0,75,75,255,407.0,SAMANA
30153,Muthadda Kalan (226),JALANDHAR,0.0,0.0,30153,1908.723706433144,1910.1947021484375,0.6422542474810183,0.2826069992752768,1.8510685209497035,-0.5985687323197497,-0.2074240510469532,843.3804543407986,22.55115290716716,1.0,441.0,113,113,515,436.0,PHILLAUR
35335,Kot Bhai (10),SRI MUKTSAR SAHIB,30.3063068,74.715065,35335,1910.3843073144672,1910.194580078125,0.5830959823421044,0.2323619641296827,1.34610394611917,-0.5650320951597809,-0.1370055934621877,505.6972380221727,24.51160178223751,1.0,620.0,12,112,210,4798.0,GIDDERBAHA
30475,Nurpur (206),JALANDHAR,31.58515,75.6698151,30475,1909.8539788900807,1910.1927490234375,0.3504562428898288,0.0285242657193995,1.1265422441884925,-0.3583703458928629,0.018285354284055,866.5677848269837,22.48811818547273,0.2516040822093491,60.0,15,16,1000,166.0,ADAMPUR
37645,Dhodiwind (400),AMRITSAR,31.5675678,74.69236,37645,1913.2752762022867,1910.19189453125,0.516712136789827,0.1892966111002157,1.3752750565669352,-0.5000472446619442,-0.1048487867901042,919.3578007628817,22.93058248781449,1.0,280.0,28,23,52,85.0,ATTARI
35471,Naraingarh (95),FARIDKOT,30.666666,74.78275,35471,1911.32662970743,1910.191162109375,0.5919527836016923,0.2671713502988865,1.6959927803047774,-0.5640518102842449,-0.1767096601192268,558.576876204242,23.970800862113776,1.0,217.0,0,41,65,227.0,FARIDKOT
34067,Darapur (3),MOGA,30.738739,74.96442,34067,1911.9875451678024,1910.19091796875,0.6427103916247218,0.3141237737510258,1.823563445612351,-0.6006697643939163,-0.2270842995382553,675.9479862708627,23.442853566679982,1.0,640.0,50,164,426,740.0,MOGA-II
35508,Sangatpura (41),FARIDKOT,30.59369,74.766,35508,1913.124457944192,1910.1905517578125,0.55815649397053,0.2336980171983163,1.4323628886498998,-0.5385317728773061,-0.1392930411743801,587.3055082169427,23.93228510709011,1.0,300.0,0,0,200,360.0,FARIDKOT
39664,Bhadalwadh (103),SANGRUR,30.3603611,75.8630447,39664,1911.2835102435247,1910.187255859375,0.6006393245721003,0.2629578770970243,1.566266564941751,-0.562243836240032,-0.1752426714667271,695.2585921405522,23.270891336392424,1.0,328.0,680,100,225,362.0,DHURI
39641,Dhadogal (76),SANGRUR,30.3783779,75.83526,39641,1906.8314192338912,1910.18701171875,0.6214810500300089,0.2948491393874725,1.4706416821126589,-0.5904633595048041,-0.1949812792705351,717.5780733602994,23.10435576710847,1.0,345.0,0,300,547,980.0,DHURI
35657,Gumti Kalan (33),BATHINDA,30.2007236,74.94331,35657,1910.4754115402768,1910.18701171875,0.6511460621848224,0.2935259726022755,1.9114371311184155,-0.5902410143652074,-0.2177934112610027,603.1519896089021,23.86481832738471,1.0,1807.0,600,600,1055,2025.0,BHAGTA BHAIKA
34187,Daulewala Kalan (233),MOGA,30.9549541,75.15457,34187,1909.0333142234333,1910.1859130859375,0.5875130413440559,0.3153005884388792,1.714620666534377,-0.5446223347628196,-0.2271830865028806,694.4905462672608,23.069375095900625,1.0,88.0,29,42,85,97.0,KOT-ISE-KHAN
36518,Dharamkot (6),PATIALA,30.2801323,76.43986,36518,1910.4176751353823,1910.18408203125,0.5471911569238597,0.241454254821506,1.4328007805241698,-0.5362018351684618,-0.1442766016385119,806.3507172276871,23.00491997713073,1.0,70.0,24,0,80,153.0,SANOUR
30034,Phillaur Qilla (133),JALANDHAR,31.0270271,75.77908,30034,1910.957002701377,1910.180419921875,0.4541883186040345,0.090078677226617,1.562891225001898,-0.4416799814781615,-0.0422429541900788,864.273304026355,22.76681682189809,0.8448090346951741,61.0,0,0,1,61.0,PHILLAUR
37935,Kot Jaspat (220),Tarn Taran,31.477478,74.91614,37935,1911.9275780419268,1910.179931640625,0.5691414304744168,0.2379098489098145,1.553116119143812,-0.5419165081695617,-0.1505667860016639,810.6008177557736,22.84898433625127,1.0,190.0,42,28,185,365.0,TARN TARAN-12
34456,Tumbar Bhan (182),FIROZEPUR,30.8664646,74.93531,34456,1912.1113598330803,1910.178466796875,0.6393938000815655,0.2852999871273392,1.6863334435579866,-0.5995638602337015,-0.2024239216056699,656.9214555432694,23.54723489433718,1.0,291.49,160,160,255,318.0,GHALL KHURD
35621,Dal Singhwala (16),FARIDKOT,30.45045,74.88803,35621,1911.367346712973,1910.17822265625,0.5781063592611954,0.2591014767453504,1.743852478888753,-0.5363239828196738,-0.1733273963242164,531.7293109020369,24.155301822260185,1.0,700.0,250,331,474,688.0,Jaitu
37540,Jania (136),AMRITSAR,31.6216221,74.8838348,37540,1910.853964028419,1910.1781005859375,0.4637124894298634,0.1199224467708448,1.2334558605950674,-0.4659935932757578,-0.0438953094660841,896.61962715887,22.56292476641289,1.0,260.0,200,250,516,344.0,JANDIALA GURU
35601,Sarawan (140),FARIDKOT,30.4324322,74.99958,35601,1909.9635773403515,1910.17578125,0.6233323993277693,0.2854835835486327,1.8512454239277216,-0.57751153836906,-0.2041181344927363,529.7815593888657,24.15965191765457,1.0,451.0,102,260,372,1128.0,Jaitu
35660,Kauloke (36),BATHINDA,30.3243237,75.22978,35660,1908.9521934506288,1910.1756591796875,0.6550273793086426,0.3116796811482522,1.9146237468190863,-0.5954745531316895,-0.2328000214655678,607.1720960547822,23.84650190945922,1.0,323.0,129,129,185,353.0,PHUL
34774,Mehman (228),FIROZEPUR,30.8828831,74.6360855,34774,1910.9959181626425,1910.1751708984375,0.5640034999824768,0.2257545478126099,1.3991772570198453,-0.5390302225429601,-0.1350779818853413,612.8256324027803,23.77614085141857,1.0,58.0,200,140,450,841.0,FIROZPUR
39405,Umarpura (21),SANGRUR,30.3783779,75.85614,39405,1911.9003689958963,1910.1746826171875,0.6980787702632186,0.3575546995153199,1.830325922732914,-0.6464077881173665,-0.2716439885376147,791.2972298395393,22.860552944407047,1.0,250.0,0,0,253,280.0,AHMEDGARH
29114,Mangewal (95),KAPURTHALA,31.4954948,75.35319,29114,1911.559649533184,1910.1737060546875,0.5473074933758951,0.2245694447805143,1.7619677949478003,-0.5145583467680042,-0.1419666176000993,855.3183767011063,22.46012897505409,1.0,115.0,30,40,150,117.0,DHILWAN
36249,Gafurpura Alias Maulviwala (170),PATIALA,29.9459457,75.79449,36249,1907.9926254270547,1910.1708984375,0.515176257110386,0.2337734324324216,1.478451278079504,-0.5035332797227967,-0.1388466925410071,639.119054017122,23.861623258152388,1.0,700.0,70,70,118,796.0,PATRAN
39959,Banarsi (127),SANGRUR,29.8372173,75.923584,39959,1907.8134698415613,1910.170654296875,0.5092201718038748,0.2340648864629272,1.376785186542208,-0.4993277528207246,-0.1353500829295519,634.4050090984841,23.891036944014427,0.9487054351973148,18.2,300,300,560,2082.0,ANDANA
35116,Muthianwali (262),FAZILKA,30.4144154,74.02464,35116,1911.0428223431563,1910.1697998046875,0.5868285760307366,0.2619005359206129,1.520475758556905,-0.5438749213013113,-0.1675125217259766,468.6150422770808,24.522315531012552,1.0,67.0,1105,50,302,724.0,FAZILKA
36377,Chathe (220),PATIALA,30.3603611,76.13451,36377,1907.6562553546903,1910.1668701171875,0.5684863463490083,0.2456666994932357,1.4304365331396236,-0.5488097933708689,-0.1508176096141626,730.192817346406,23.05905553000028,1.0,164.0,63,63,107,178.0,NABHA
33431,Bhaini Salu (38),LUDHIANA,30.9189186,75.84033,33431,1912.5937927611328,1910.1641845703125,0.5267606785925536,0.2348028790149926,1.4024756246214631,-0.5187239222130604,-0.1343641171043461,835.0397142579453,22.79578354606297,1.0,35.0,25,0,160,490.0,LUDHIANA-2
36255,Bhutgarh (153),PATIALA,29.9639645,76.037,36255,1910.8761680043349,1910.163818359375,0.6077827984578567,0.2970976246478479,1.538308668005847,-0.5784394848908391,-0.1969955609903491,643.2358934936407,23.90996091735421,1.0,728.0,280,350,460,777.0,PATRAN
29141,Fattu Chak (21),KAPURTHALA,31.6756763,75.20263,29141,1912.9621132712305,1910.163818359375,0.5322163227420437,0.2184531618634085,1.6002797647760036,-0.5138532736675199,-0.1321281993003497,893.3260025682099,22.419541244252308,1.0,2.47,50,50,181,137.0,DHILWAN
35652,Salabatpura (28),BATHINDA,30.4820614,75.23905,35652,1911.3236252970364,1910.1575927734375,0.6608137398771621,0.3096845838268778,1.9900092550596669,-0.6022561590269514,-0.2348559052796623,626.1016959381475,23.705382499284585,1.0,1440.0,15,268,430,565.0,BHAGTA BHAIKA
33631,Majara Kalan (119),LUDHIANA,30.9006577,75.80902,33631,1914.302730747508,1910.1575927734375,0.4618788503498993,0.2190218833070327,1.3164164727979029,-0.4521675842291329,-0.1155028404918392,851.6335190144723,22.79558377656911,0.9904290480579496,163.0,43,14,53,221.0,LUDHIANA-1
30550,Ali Khel (369),JALANDHAR,31.3153152,75.58828,30550,1910.949065442508,1910.15625,0.5753133730815189,0.2270217569704876,1.8337113456623035,-0.5328825068994961,-0.1540635030972206,843.1864175012009,22.479022681880625,1.0,1.2,10,0,98,157.0,JALANDHAR - WEST
30723,Habib Chak (518),HOSHIARPUR,31.81982,75.78629,30723,1911.2541337021007,1910.1556396484375,0.483712163554031,0.2382627115996254,1.387937833969454,-0.4432155625758434,-0.1378765366457968,907.7983584974536,22.31315914018693,0.9050719681558778,1.0,0,0,1,80.0,TANDA
37966,Chatala (247),Tarn Taran,31.3339481,74.95673,37966,1910.02997864568,1910.1553955078125,0.5622064988560062,0.2225902876785945,1.560597705721557,-0.5289765420384129,-0.1396933080334861,812.7280267884629,22.83291248283939,1.0,290.0,50,50,550,433.0,NAUSHEHRA PANNUAN-11
37956,Shangarpur (107),Tarn Taran,31.3339,74.95675,37956,1909.2839723978088,1910.15380859375,0.5485335424380432,0.21640760883491,1.5071883561014816,-0.5309627737867292,-0.1307067638691295,855.9307250192063,22.707733182606887,1.0,112.0,100,100,150,129.0,NAUSHEHRA PANNUAN-11
29982,Khairulapur (314),JALANDHAR,31.0990982,75.28943,29982,1911.50015556946,1910.1527099609375,0.5575862728260164,0.230722551633529,1.567050955666006,-0.5459236493987814,-0.1458051061047097,779.5787545850175,22.745722600675435,1.0,247.0,0,0,200,263.0,NAKODAR
37312,Madoke (330),AMRITSAR,31.6576576,74.5953445,37312,1912.73968027348,1910.1522216796875,0.6005499408784744,0.2777483819569248,1.4961547537045017,-0.5733637506397863,-0.181154785114679,904.1482898404496,22.86324585740084,1.0,365.0,101,96,196,411.0,CHOGAWAN
34897,Pir Bakhash Chohan (267),FAZILKA,30.7008018,74.33005,34897,1911.5808936826893,1910.150634765625,0.5638421831018844,0.2586261764251144,1.4968818332108933,-0.5322015955003969,-0.163161655856755,574.4694842833895,24.1483339874339,1.0,279.1,112,221,225,301.0,GURU HAR SAHAI
39906,Arkbas (64),SANGRUR,29.9459457,75.8152847,39906,1912.4546210947965,1910.150390625,0.5926163119778337,0.2656892898045617,1.4320818409363116,-0.5672176032255769,-0.167467121336769,654.0033015420335,23.855170430480143,1.0,412.0,225,300,385,480.0,LEHRAGAGA
30147,Tehang (142),JALANDHAR,31.0270271,75.77908,30147,1911.9080066771128,1910.1478271484375,0.6407195470913839,0.2847452716525013,1.838584808867848,-0.5967069258379617,-0.2070074813136739,848.5183931567008,22.526915250259066,1.0,995.0,281,281,790,995.0,PHILLAUR
37922,Gill Waraich (217),Tarn Taran,31.4759026,74.9105,37922,1913.1221397174168,1910.14697265625,0.5294161134677503,0.2109856042303051,1.4216737303933442,-0.5117830376213109,-0.121580914245975,799.0922869440681,22.936189291503617,1.0,100.0,50,100,250,264.0,TARN TARAN-12
36272,Nial (177),PATIALA,29.9639645,76.0786,36272,1910.1049337648624,1910.146240234375,0.4712659574819861,0.1755065721944727,1.3259519386378302,-0.4673385350958904,-0.0901573784603192,649.0825403774403,23.67848249685116,1.0,620.0,618,252,585,705.0,PATRAN
30458,Lidhran (318),JALANDHAR,31.2972965,75.55274,30458,1909.267200424479,1910.1448974609375,0.5359415440220023,0.1578509616932795,1.766167245853263,-0.5021092889790508,-0.0965608024749527,928.7443551232712,22.4461244842264,1.0,0.005,10,25,877,644.0,JALANDHAR - WEST
40062,Chhana Gulabsingh (5),BARNALA,30.4201775,75.38163,40062,1911.37217005865,1910.1446533203125,0.6656914250803924,0.3033443196403367,1.924331512806467,-0.606419230613423,-0.2296573103437,625.4272404124634,23.82009521468939,1.0,243.0,198,168,265,268.0,SEHNA
33498,Kanech (220),LUDHIANA,30.9009018,75.84705,33498,1907.0210811682484,1910.1446533203125,0.4602180947638688,0.1676371818124518,1.5855163978357036,-0.4453463400077275,-0.0941850869209346,839.7097679784196,22.70817968043576,0.9887991087972277,35.0,30,34,590,420.0,LUDHIANA-2
34512,Walhoor (128),FIROZEPUR,30.9584064,74.6072845,34512,1911.5772414392293,1910.1439208984375,0.6396680837345265,0.2945458972005737,1.7118483074365565,-0.597703305428549,-0.213006724229712,647.9622664859193,23.662412032628083,1.0,350.0,110,155,170,400.0,GHALL KHURD
35497,Virewala kalan (39),FARIDKOT,30.6126118,74.55256,35497,1911.493477163363,1910.1436767578125,0.5592920700525791,0.2313008380444296,1.5669667914303933,-0.5358350663365137,-0.1440224413604078,589.0005323102372,23.95004577035394,1.0,485.0,118,185,231,452.0,FARIDKOT
34911,Baghe Ke Hithar (357),FAZILKA,30.6126118,74.25945,34911,1911.2781765426407,1910.142333984375,0.5983428357931585,0.2806529225787281,1.6401906771174368,-0.5612424984787684,-0.1859188057226913,573.5140833070176,24.17932731779252,1.0,121.0,80,85,105,306.0,JALALABAD
35255,Raniwala (175),SRI MUKTSAR SAHIB,30.3290234,74.34512,35255,1910.450925036239,1910.1405029296875,0.5793311683663228,0.2015718989458849,1.4485868011294905,-0.5411379243878078,-0.1190327561163834,454.90297081517207,24.61658964767741,1.0,638.0,150,12,600,1163.0,MALOUT
30463,Nangal Manohar (393),JALANDHAR,31.3873882,75.4562759,30463,1910.195099624624,1910.1400146484375,0.5254041722046239,0.1614626989032889,1.676228742420456,-0.5068088149120026,-0.0967485708713919,928.7443551232712,22.4461244842264,0.9232453169733004,180.0,0,0,75,197.0,JALANDHAR - WEST
29000,Habibwal (57),KAPURTHALA,31.5160732,75.22186,29000,1906.2549553742583,1910.139404296875,0.5487466719687288,0.2251248826633037,1.629449938434495,-0.5143310181635723,-0.1406390226453308,860.1867499759095,22.40933991115594,0.893394043031441,345.0,100,140,360,426.0,NADALA
33448,Paharuwal (188),LUDHIANA,30.9189186,75.84033,33448,1911.671151640548,1910.137939453125,0.5095587279006567,0.1811652941792605,1.5514271612773407,-0.4943560069941953,-0.1077693815210169,835.0397142579453,22.79578354606297,1.0,24.0,32,0,114,175.0,LUDHIANA-2
35267,Bhalerian (188),SRI MUKTSAR SAHIB,30.55856,74.44822,35267,1910.898285658336,1910.1378173828125,0.5600912100049714,0.2362704017565511,1.3573030580430785,-0.5268968477054172,-0.1421521933864321,464.9701061656373,24.57111682044564,1.0,735.0,158,340,356,745.0,MALOUT
34532,Sadhu Shahwala (138),FIROZEPUR,30.7027035,74.78972,34532,1909.2288906174915,1910.1376953125,0.6052173068738973,0.2770173166257971,1.5648917288753474,-0.582067587378334,-0.183584816176697,674.5059450049404,23.50038146581976,1.0,384.0,60,0,159,417.0,GHALL KHURD
39850,Chhajli (36),SANGRUR,30.2488155,75.83926,39850,1909.793376213184,1910.137451171875,0.6209343344886946,0.2842743897270398,1.598675403530634,-0.5840691887521178,-0.1946615873704376,656.3495315889892,23.74242696169041,0.9900712761717192,2.47,0,0,135,1704.0,SUNAM
35659,Selbrah (34),BATHINDA,30.2882881,75.3273239,35659,1909.487288871924,1910.135986328125,0.6734320761675319,0.3190383481151743,2.000302823345825,-0.6092102466205279,-0.2420582459260734,607.1720960547822,23.84650190945922,1.0,1424.0,808,808,1302,1539.0,PHUL
34018,Dhurkot Charat Singh (48),MOGA,30.8288288,75.18155,34018,1908.2735243534648,1910.135498046875,0.6829010999888122,0.3258997142619916,2.050793752290419,-0.6097275686157468,-0.2513759116158501,728.2780987864107,23.03479731436487,1.0,313.0,35,35,216,338.0,MOGA-I
29869,Talwandi Salem (158),JALANDHAR,31.18919,75.40312,29869,1913.527751812076,1910.1348876953125,0.576545697150427,0.2173142191431085,1.7148961162486094,-0.5458147456112816,-0.1450787803078542,883.6240711619752,22.543239515608548,1.0,226.0,45,70,279,259.0,NAKODAR
30029,Thammanwal (112),JALANDHAR,31.0270271,75.16932,30029,1912.9701437622527,1910.1346435546875,0.5511900664412146,0.2370961016300532,1.4940772423016009,-0.5393582279287276,-0.1485079480802835,846.9622078349488,22.80621523879904,1.0,319.0,70,70,199,367.0,NURMAHAL
34858,Mahantanwala (178),FIROZEPUR,30.60871,74.25741,34858,1910.268967598436,1910.1336669921875,0.6380964052834641,0.3043349258795582,1.7127301841101692,-0.5950020766374755,-0.2147064992310124,600.097382347812,23.98513700067548,1.0,464.0,289,133,142,496.0,GURU HAR SAHAI
39675,Sakrodi (43),SANGRUR,30.3423424,76.45454,39675,1909.929827631532,1910.1328125,0.6176383169242922,0.2784033778844487,1.4969413669778986,-0.5869169938046738,-0.1838311465561182,697.4079254081147,23.226396516607792,1.0,603.0,75,150,300,507.0,BHAWANI GARH
33673,Raqba (79),LUDHIANA,30.7747746,75.6425858,33673,1912.55211865374,1910.1302490234375,0.6110330906421212,0.2594667244953737,1.7759040555179295,-0.5772041310954701,-0.1862910388148687,776.7149901916172,22.8475690530652,1.0,405.0,301,515,620,746.0,SUDHAR
36191,Kotla Nasru (85),PATIALA,30.216217,76.16868,36191,1908.5703633717585,1910.1298828125,0.4621690849503009,0.1738832750646183,1.183475291001839,-0.4729369547084822,-0.0788026857453096,752.2120796349915,23.188499942566533,1.0,225.0,30,30,40,88.0,SAMANA
34852,Rahme Shah Bodla (276),FAZILKA,30.5045052,74.0931244,34852,1906.5706501071097,1910.12890625,0.6148259867295847,0.2969626536540626,1.6813793265125745,-0.5757419166999742,-0.2019839113854859,619.9077907016175,24.001903930906963,1.0,50.55,55,85,140,137.0,GURU HAR SAHAI
33339,Shahpur (239),LUDHIANA,30.8025589,76.03865,33339,1907.8286248896245,1910.1287841796875,0.5514179412714371,0.2422456769243345,1.830430389637287,-0.511262703749058,-0.161389082019648,827.3553391815893,22.74758031189516,1.0,1000.0,3,0,298,234.0,DORAHA
33548,Majara (379),LUDHIANA,30.7027035,75.7117538,33548,1912.0473685242823,1910.12841796875,0.6687864200805105,0.3178413139737953,1.774909357653622,-0.6245677982443291,-0.2342020394495537,782.3198976924317,22.894344868499104,1.0,10.0,0,0,1,114.0,PAKHOWAL
33490,Tajpur (182),LUDHIANA,30.9189186,75.84033,33490,1912.7018565477565,1910.1265869140625,0.4389577346904933,0.1100712459006535,1.2999865647705315,-0.4441858016000853,-0.0423017925110041,836.4534736220667,22.833233614141644,0.9201069272192214,20.0,0,0,300,266.0,LUDHIANA-2
35500,Kanlanwali (37),FARIDKOT,30.6126118,74.573494,35500,1910.3715821584487,1910.125732421875,0.5987556218781707,0.2768906451730584,1.694978770029813,-0.5550551799052166,-0.186589763654206,589.0005323102372,23.95004577035394,1.0,357.0,124,223,225,392.0,FARIDKOT
35534,Bir Ghugiana (18),FARIDKOT,30.6820011,74.7541962,35534,1909.8994970642143,1910.124267578125,0.5709515476251291,0.1227097788681384,1.3899233229839896,-0.5532115082953267,-0.0588250348428865,612.2932026504452,23.73739497508241,1.0,12.0,3,0,4,1887.0,FARIDKOT
34084,Khosa Kotla (305),MOGA,30.9369373,75.1404,34084,1910.294354921013,1910.1224365234375,0.6601545523766803,0.3200765217309678,1.9525744636711064,-0.6042644091385394,-0.2442954529858471,707.8110220839875,23.16254334835986,1.0,1025.0,385,400,713,1160.0,KOT-ISE-KHAN
29112,Haibatpur (85),KAPURTHALA,31.6756763,75.24497,29112,1910.9020976695467,1910.119873046875,0.5508182078681547,0.2527201198812724,1.6417705140671863,-0.5308071931361212,-0.1571073698270424,855.3183767011063,22.46012897505409,1.0,112.0,50,60,95,121.0,DHILWAN
33437,Burj Mattewara (46),LUDHIANA,30.8828831,75.853775,33437,1915.0494564713288,1910.117431640625,0.3970477248600548,0.1652489455369705,1.033873776026404,-0.4098297156343436,-0.0639185546625306,848.7901865145295,22.684504816631577,0.7917639955912236,60.0,2,0,18,183.0,LUDHIANA-2
39498,Ladewal (133),SANGRUR,30.4866142,75.95732,39498,1906.2995621097448,1910.114990234375,0.560687650784032,0.2507783779495037,1.481257779143667,-0.5419588149945035,-0.1580336052831717,763.3702531658034,22.91845311765564,1.0,190.0,100,100,182,245.0,MALERKOTLA
34199,Melak Akalian (195),MOGA,30.8288288,75.09762,34199,1906.676184573468,1910.114501953125,0.6567490976777938,0.3381493362989064,1.919106470653069,-0.6028945035622008,-0.2506936874076809,727.0173876220493,23.03291141464401,1.0,135.0,72,72,98,147.0,KOT-ISE-KHAN
33342,Gurditpura (225),LUDHIANA,30.738739,76.01257,33342,1907.273474446024,1910.11376953125,0.5567252581289296,0.2508310540553722,1.803984735503377,-0.5196555321033556,-0.168097935600839,839.7097679784196,22.70817968043576,1.0,250.0,0,0,157,169.0,DORAHA
35538,Pakhi Khurd (14),FARIDKOT,30.6846848,74.77576,35538,1910.5064077581587,1910.112060546875,0.6258223263619157,0.2603874072933032,1.5503272968766548,-0.5878919442953476,-0.1747289236395255,615.8104829696132,23.72176820297124,1.0,202.0,98,0,136,230.0,FARIDKOT
29109,Chakoki (88),KAPURTHALA,31.3873882,75.3085251,29109,1911.8982603437803,1910.10888671875,0.5410467665463196,0.2195386937498727,1.669056806603251,-0.5140225511150531,-0.1376469077945093,855.7020258005949,22.45612657476134,1.0,300.0,62,203,612,850.0,DHILWAN
30244,Machhiana (3),JALANDHAR,31.3153152,75.609375,30244,1910.1107017791244,1910.10888671875,0.5786641350794429,0.2313067110093837,1.7412632913556452,-0.547358989245451,-0.1545787313502962,842.5791057755845,22.591726153523496,1.0,153.0,7,0,47,168.0,RURKA KALAN
35716,Kalian Malka (186),BATHINDA,30.3963966,75.11812,35716,1908.7185869316072,1910.1082763671875,0.6141607036327282,0.2763004507687998,1.6794831848274037,-0.5702214242600966,-0.1913393367745894,585.1240101268189,23.947500589502624,1.0,743.0,33,301,395,822.0,NATHANA
40059,Baloke (3),BARNALA,30.4144154,75.3827,40059,1908.8512330371416,1910.107666015625,0.6934822236389755,0.3380583547968757,1.9573116471223813,-0.6272305273379865,-0.2609784314306429,625.4272404124634,23.82009521468939,1.0,589.0,124,124,270,679.0,SEHNA
34184,Rajanwala (191),MOGA,30.9549541,75.15457,34184,1907.2873406681192,1910.107421875,0.6803419617406193,0.3629998674838773,2.0330771974640043,-0.616448106039044,-0.2770615327768359,694.4905462672608,23.069375095900625,1.0,2.47,60,70,113,205.0,KOT-ISE-KHAN
34028,Kokri Phulasingh (45),MOGA,30.8183422,75.33598,34028,1908.7330654581965,1910.10595703125,0.6761672386015414,0.322959094909116,1.9053159064462184,-0.6258278969362907,-0.2444655985464699,728.6343666722672,23.032413850028888,1.0,425.9,0,200,499,467.0,MOGA-I
35658,Dayalpura Mirza (1),BATHINDA,0.0,0.0,35658,1909.962205548995,1910.10400390625,0.6755670638247646,0.318753498998267,1.9440835577675573,-0.6069476331383437,-0.2413481445686267,595.3813185050254,23.900513535371005,1.0,1870.0,1042,603,1045,2162.0,BHAGTA BHAIKA
35584,Aulakh (123),FARIDKOT,30.5765762,74.8178253,35584,1909.539108737708,1910.10400390625,0.641501526006885,0.3117187788763678,1.919099028162207,-0.5970449864209721,-0.2270210421964301,579.1948622228139,23.875181064012207,0.9998115501805326,2980.0,510,685,719,1278.0,KOT KAPURA
35671,Jethuke (447),BATHINDA,30.27027,75.23005,35671,1909.418866024875,1910.103759765625,0.6686995018037702,0.3210788118007385,1.7719336165028303,-0.618808996426242,-0.2371599349174175,620.8175810983079,23.93911276809149,1.0,931.0,355,357,627,982.0,RAMPURA
32184,Bagoran (68),Shahid Bhagat Singh Nagar,31.0810814,75.9904556,32184,1905.7340480932207,1910.1014404296875,0.6367805969635748,0.2789005676595336,1.830927687429115,-0.5994540002995461,-0.1977164112070052,847.3562988450425,22.43174952083797,1.0,2.47,15,0,94,109.0,AUR
30558,Akhara (355),JALANDHAR,31.5080833,75.5953751,30558,1907.255377666668,1910.10107421875,0.5637787755969215,0.2250833133783476,1.7500445593591931,-0.5309817944165445,-0.1456361502155721,842.2780190517911,22.47791157200861,1.0,2.47,0,0,400,288.0,BHOGPUR
34025,Matwani (44),MOGA,30.8183422,75.33598,34025,1909.8006410410885,1910.1009521484375,0.663582168923493,0.3284831748773334,1.9478881035024376,-0.6129121724006196,-0.2478648848008572,728.6343666722672,23.032413850028888,1.0,365.1,175,175,293,369.0,MOGA-I
36284,Daftriwala (182),PATIALA,29.9639645,76.037,36284,1911.2916738963588,1910.1005859375,0.5934664190410729,0.2916229649929375,1.594982043632425,-0.5567013277455244,-0.1949593409692715,649.1584870030778,23.67709703389056,1.0,700.0,180,180,481,569.0,PATRAN
39849,Chatha Nanhera (31),SANGRUR,30.2135525,75.8459549,39849,1909.44853303098,1910.0992431640625,0.650854988193036,0.3090747619920416,1.7796380103986884,-0.5985591210692995,-0.2229495965980071,657.6035027789532,23.62033970852009,1.0,550.0,0,0,1020,694.0,SUNAM
39407,Akbarpura (19),SANGRUR,30.522522,75.88475,39407,1909.8840437234944,1910.0980224609375,0.6471462774869838,0.2840127010035845,1.8722365772591416,-0.589954353389563,-0.2130208936370153,798.1422933747666,22.84587891937236,1.0,279.0,300,300,616,347.0,AHMEDGARH
33675,Gill (CT),LUDHIANA,30.3603611,75.7377548,33675,1909.8500571340944,1910.097900390625,0.3237996016357948,0.056316302382297,0.9758641002761204,-0.3429852753845111,0.0017778877675815,828.7138777964252,22.79884003245835,0.4252673228156942,152.0,0,5,29,0.0,LUDHIANA-1
37882,Pandori Hassan (46),Tarn Taran,31.3153152,74.97666,37882,1914.2789353633027,1910.0933837890625,0.5757725286882756,0.2269486326235335,1.5816298344810178,-0.5396427652738286,-0.1441748298505263,848.4755625947912,22.858927768924524,1.0,232.0,450,120,245,232.0,TARN TARAN-12
35567,Bhana (93),FARIDKOT,30.7820168,74.69665,35567,1909.727031532942,1910.0911865234375,0.5821774216150036,0.2493111091094082,1.599968103628606,-0.5563794608849748,-0.1619316344888922,599.5362131648222,23.771633716863853,1.0,892.0,450,360,750,1050.0,FARIDKOT
34771,Dod (225),FIROZEPUR,30.8828831,74.42614,34771,1908.6545826694187,1910.088623046875,0.5602861368223674,0.264760387222121,1.411509538415986,-0.5402405908370103,-0.165169605240433,618.1798824044232,23.80551410494164,1.0,5.0,70,45,109,229.0,MAMDOT
33340,Chan Koian Khurd (240),LUDHIANA,30.738739,76.01257,33340,1907.5361644104928,1910.0885009765625,0.5663756037304408,0.273601272497201,1.874176324990009,-0.5242695761734717,-0.184224462287308,838.5974071258582,22.71172721150479,1.0,150.0,32,0,228,197.0,DORAHA
35717,Kalian Sukha (185),BATHINDA,30.3963966,75.13901,35717,1908.0210454037176,1910.0882568359375,0.6329938786428092,0.2910936693068768,1.6871058767795553,-0.5892176854188012,-0.2039305441205154,584.6189459267889,23.95029049501201,1.0,5398.0,310,215,782,2358.0,NATHANA
30365,Saprai (244),JALANDHAR,31.27928,75.58047,30365,1912.3499723055013,1910.088134765625,0.5205537063376653,0.1485878273155763,1.588777762096975,-0.5017053210089464,-0.0847221017837374,842.5791057755845,22.591726153523496,0.9969864613416732,16.4,31,31,429,439.0,JALANDHAR-EAST
39832,Ladbanjara Khurd (145),SANGRUR,30.27027,75.85592,39832,1910.989163515223,1910.0823974609375,0.6439078934651646,0.2981610074282297,1.7916784443852292,-0.5919861055682548,-0.2148612694912901,649.5287212541001,23.711543893087253,1.0,2.0,58,0,410,251.0,DIRBA
34907,Dhandi Khurd (258),FAZILKA,30.5084476,74.31336,34907,1911.9421676160853,1910.08154296875,0.5807375958761812,0.28304613263943,1.7013634261495656,-0.5387002243702194,-0.1892475190211731,576.1935721770074,24.163730798532114,1.0,108.0,62,60,79,340.0,JALALABAD
37554,Malakpur (152),AMRITSAR,31.6396389,74.9829941,37554,1910.714882805856,1910.0797119140625,0.3855422596433234,0.056526102148538,1.1672674461962005,-0.3850977223679604,0.0013741622016697,933.436656277408,22.53343531145123,1.0,136.0,0,80,240,152.0,JANDIALA GURU
33612,Hussainpura (100),LUDHIANA,30.9006786,75.82726,33612,1915.3350729513552,1910.0797119140625,0.5010068030334428,0.138596758823118,1.4817949061510365,-0.4887494127311044,-0.0717295272655016,845.1584264884798,22.779790816095883,0.7194189594956675,131.0,64,15,65,86.0,LUDHIANA-1
36625,Mehandipur (202),PATIALA,30.3243237,76.41959,36625,1907.461628293874,1910.0794677734375,0.535500324930215,0.2204572262795997,1.4461984076643803,-0.5231046635919536,-0.1296930667926996,855.5401804854768,23.039179985216663,1.0,85.0,42,30,122,85.0,SANOUR
29934,Bajuha Khurd (7),JALANDHAR,31.18919,75.40312,29934,1911.4196893376256,1910.079345703125,0.6119458747399629,0.2542690633658691,1.7771387266632177,-0.5755669402521219,-0.1781114576385096,842.8692099866579,22.59139438872885,1.0,726.0,60,75,439,791.0,NAKODAR
39416,Anattpura (30),SANGRUR,30.522522,75.88475,39416,1910.0711409928413,1910.0784912109375,0.6236099697158103,0.2878749294312898,1.538810780057522,-0.6052992687570136,-0.1935543542113606,744.6301522662537,22.99865686411482,1.0,247.0,0,0,100,110.0,AHMEDGARH
29008,Bilpur (75),KAPURTHALA,31.6017551,75.44656,29008,1911.9189038669983,1910.0772705078125,0.4920073213178379,0.1930126791606539,1.579352013349193,-0.4713402989625803,-0.110106283103505,860.1867499759095,22.40933991115594,1.0,2.47,8,12,115,90.0,NADALA
39950,Shahpur Nauabad Alias Ther I (121),SANGRUR,29.7362843,75.90186,39950,1909.2787462812169,1910.0733642578125,0.5323122408441399,0.2491438131305723,1.3890204043746364,-0.5211854744878318,-0.1478945845560923,630.94819514059,24.005689615037056,0.866477663769819,22.8,750,150,200,352.0,ANDANA
35563,Kaler (91),FARIDKOT,30.7820168,74.69665,35563,1909.116818767421,1910.0732421875,0.568478204929457,0.2484080648984512,1.514257127790786,-0.5532855073845087,-0.1565233827863407,601.8972042014497,23.760153261378434,1.0,445.0,165,209,289,457.0,FARIDKOT
34857,Chak Mahantanwala (181),FIROZEPUR,30.5078125,74.21474,34857,1910.4582288020345,1910.072998046875,0.6314663667764494,0.2961668945643528,1.7144614341663555,-0.5918842466502708,-0.2073370934623221,585.6450800940306,24.03163366740875,1.0,86.23,318,51,89,501.0,GURU HAR SAHAI
37900,Kakka Kandiala (63),Tarn Taran,0.0,0.0,37900,1910.2063924167749,1910.072998046875,0.4864202478647883,0.1278867769566034,1.2842456731115888,-0.4753354018027632,-0.0554730822833569,857.3961350133317,22.745808597055657,0.92135666012385,364.0,0,619,899,490.0,TARN TARAN-12
34877,Jamalgarh ((185),FAZILKA,0.0,0.0,34877,1909.0674851869016,1910.0714111328125,0.6108746055331783,0.3065740211947174,1.6115729615033358,-0.5764287079860193,-0.2093189534002567,569.5062640613759,24.108432081200583,1.0,420.0,485,48,158,541.0,GURU HAR SAHAI
36651,Alipur jattan (193),PATIALA,30.1441441,76.3005,36651,1911.5866935845736,1910.0699462890625,0.4197503764501132,0.1521184223736703,0.9770412148874376,-0.4641486469555075,-0.0475011405819782,804.4390770604508,23.17196258495545,1.0,197.0,150,50,250,526.0,SANOUR
29135,Nizampur (15),KAPURTHALA,31.405405,75.4285355,29135,1914.111523824322,1910.06982421875,0.551725404094504,0.2361133373146758,1.62057120309609,-0.5266920989362575,-0.1499197809409836,856.3368324100874,22.459047071898286,1.0,160.0,65,32,67,174.0,DHILWAN
39558,Faizgarh (83),SANGRUR,0.0,0.0,39558,1912.4181155167696,1910.068603515625,0.6003892479461818,0.288686260793641,1.5957924784865345,-0.5639989836800193,-0.1931373130381338,711.5275810817733,23.169297575479707,1.0,150.0,56,52,136,169.0,MALERKOTLA
33222,Ikolahi (326),LUDHIANA,30.63063,76.09503,33222,1911.182311770112,1910.068359375,0.5184917163265542,0.1902843045250948,1.706337384271959,-0.4922436808503002,-0.1163683029282063,865.374857466449,22.713122245179363,1.0,2.47,0,0,373,480.0,KHANNA
33970,Damroo Kalan (112),MOGA,30.738739,74.98538,33970,1914.0685717497847,1910.0679931640625,0.6397921534871535,0.3046970273859263,1.8884689562083,-0.5917359576529128,-0.2223305602169799,638.9205696990388,23.58294540355263,1.0,320.0,122,122,214,299.0,BAGHAPURANA
33902,Himatpura (160),MOGA,30.55856,75.34796,33902,1911.569404104668,1910.0672607421875,0.6667372625756339,0.307666963815042,1.9261203372740303,-0.6102314758972985,-0.2313772626390159,654.9470610092152,23.59000573578269,1.0,3600.0,700,693,1520,2945.0,NIHAL SINGH WALA
30103,Begampur (120),JALANDHAR,31.0270271,75.77908,30103,1911.216303030458,1910.0672607421875,0.6922169133867307,0.3384611982258865,2.080443772615588,-0.6316066363167993,-0.2632227038981002,831.9039223577486,22.708135560712,1.0,284.0,20,20,192,284.0,PHILLAUR
29726,Dharmiwal (293),JALANDHAR,31.0828724,75.34057,29726,1913.421042580532,1910.066650390625,0.5614490663034332,0.2336648824868116,1.681460791095605,-0.5367972674346116,-0.1513603137926392,779.5787545850175,22.745722600675435,1.0,123.83,37,0,101,137.0,SHAHKOT
40047,Dhaula (55),BARNALA,30.216217,75.41804,40047,1908.871874372913,1910.0655517578125,0.6441558948039232,0.2932575396517237,1.752477992589356,-0.594999615725929,-0.2139404992882959,649.1110913518753,23.77226996884797,0.996435381737094,98.0,2567,586,792,3152.0,BARNALA
34477,Ghall Khurd (193),FIROZEPUR,30.9369373,74.6152344,34477,1906.384219700917,1910.0655517578125,0.5403965331197519,0.2335956923998776,1.421762038064274,-0.5200935337109945,-0.1403749383863095,655.5079572719699,23.546470292983308,1.0,1500.0,500,400,426,808.0,GHALL KHURD
40073,Mauran(Nabha) (51),BARNALA,30.4324322,75.3757248,40073,1909.1824853994533,1910.063720703125,0.6742093477328672,0.3211230776073662,1.817589697741884,-0.6189234344336678,-0.2398837120807162,643.2017124010731,23.73103341101262,1.0,312.42,70,70,118,2914.0,SEHNA
34935,Chak Sawah Wala (191),FAZILKA,30.64865,74.329,34935,1907.5674525506847,1910.060546875,0.6307153169998986,0.3204986466466019,1.6477827154171911,-0.5843166774969784,-0.2236412980007394,575.0692727973359,24.12326903753388,1.0,100.0,50,30,87,420.0,GURU HAR SAHAI
30722,Gandhowal (520),HOSHIARPUR,31.72973,75.79725,30722,1910.6940765224256,1910.06005859375,0.5063224394762647,0.1849673654298353,1.519364725767717,-0.4714723989364663,-0.102497837293326,899.495119135608,22.26800492968988,0.980935723644246,0.1,0,0,50,555.0,TANDA
29028,Mand Dogranwala (51),KAPURTHALA,31.5422916,75.436264,29028,1905.0682262498467,1910.057373046875,0.590404137244067,0.2362698743647431,1.7156318675459594,-0.5529536113823035,-0.1554947977586064,860.1867499759095,22.40933991115594,1.0,2.0,4,6,6,66.0,NADALA
32261,Saidpur Theh (215),Shahid Bhagat Singh Nagar,31.0450459,75.96167,32261,1910.2958052953104,1910.0556640625,0.6231533023293663,0.2723671899905032,1.7204223862730352,-0.5851668962279869,-0.1887921213253253,839.1623517408248,22.62562412959961,1.0,190.0,0,0,16,200.0,AUR
36372,Kot Khurd (6),PATIALA,30.3603611,75.77952,36372,1908.821468175184,1910.053955078125,0.5559932436932566,0.2332377202174331,1.367315167351178,-0.543987881595429,-0.1372542680396582,738.6195517148141,23.02814019768763,1.0,192.0,48,65,111,192.0,NABHA
36615,Nain khurd (160),PATIALA,30.3603611,76.3642044,36615,1907.7756724361327,1910.05322265625,0.5141373294965582,0.1821553495117594,1.4113394802493673,-0.5067880516660461,-0.0953623368998875,853.7664666409365,23.015958120390188,1.0,101.0,7,7,18,109.0,BHUNER HERI
29718,Baupur (297),JALANDHAR,31.0810814,75.3382645,29718,1912.6292880781448,1910.05322265625,0.5213945764233133,0.2486177715300156,1.5213097888716585,-0.4952651786691628,-0.1560966352494783,779.5787545850175,22.745722600675435,1.0,144.0,102,2,290,201.0,SHAHKOT
36525,Asay Majra (12),PATIALA,30.3423424,76.3710251,36525,1910.8935843631075,1910.0523681640625,0.5170850304673498,0.2374804003675945,1.3704545784111242,-0.5178194137753989,-0.1334524751119161,806.3507172276871,23.00491997713073,1.0,4.9,40,25,155,244.0,PATIALA
33989,Chand Purana (83),MOGA,30.6846848,74.5872,33989,1909.2737750614165,1910.0513916015625,0.6395765006716919,0.2879191498847518,1.783123223479732,-0.5887274079705201,-0.2072491087075834,662.2416564555497,23.478987147163785,1.0,605.5,50,212,510,661.0,MOGA-II
39406,Nathu Majra (22),SANGRUR,30.3783779,75.85614,39406,1911.788703411914,1910.0511474609375,0.674614138558517,0.3279978294368857,1.8607851672765483,-0.6220557607102162,-0.2474275956684598,780.5708284132204,22.88354754222861,1.0,285.0,50,0,301,274.0,AHMEDGARH
28545,Kangra (7),GURDASPUR,31.6936932,75.47134,28545,1908.2618395714096,1910.051025390625,0.4505307382274907,0.2218475929999042,1.405666186837203,-0.4135272551671142,-0.1230752841239941,896.3678788311636,22.27213038544477,0.8533027939081527,195.0,25,0,99,320.0,SRI HARGOBINDPUR
37701,Bhinder (17),AMRITSAR,31.6036034,75.22898,37701,1909.0950856420409,1910.0498046875,0.5098940536505071,0.1835156231918439,1.6611374724425718,-0.4899305411688712,-0.1091057495381255,955.7297513627286,22.40627411142141,1.0,435.0,302,302,512,589.0,RAYYA
40064,Alkran (11),BARNALA,30.4144154,75.3827,40064,1911.523345917096,1910.048583984375,0.6739991615809986,0.3133974458178862,1.964499037681908,-0.6141297196070467,-0.2374979791996002,636.2366768529313,23.69418738406671,1.0,405.0,187,187,440,467.0,SEHNA
33271,Patti Mangewal (203),LUDHIANA,30.3783779,75.85614,33271,1905.606165147532,1910.048583984375,0.563727372318302,0.2428409524635933,1.5034360922435746,-0.5382661843385269,-0.1536473700786538,791.4246803176628,22.83899460100004,1.0,1.0,0,0,1,154.0,Maloud
35491,Dhab Sher Singhwala (63),FARIDKOT,30.6846848,74.77576,35491,1908.807592128601,1910.046142578125,0.5759667861727166,0.2288050915076325,1.5774130888755202,-0.5503799420216987,-0.1430526984450377,576.0347060303509,23.97892312841898,1.0,445.0,5,175,186,455.0,FARIDKOT
30554,Devi Dasspur (361),JALANDHAR,31.4954948,75.54337,30554,1909.548976724609,1910.0457763671875,0.567426363729923,0.2283419155311609,1.6900736150243558,-0.5362972197860006,-0.1466309521177985,843.1864175012009,22.479022681880625,1.0,2.0,10,0,79,130.0,JALANDHAR - WEST
35589,Dhilwan Kalan (127),FARIDKOT,30.64865,74.7897644,35589,1909.308572114808,1910.0457763671875,0.6397003929190025,0.2927378474308047,1.95682028989844,-0.5835552483164331,-0.2155744896370027,559.622699491731,23.98312645083148,1.0,2552.0,20,850,1306,2565.0,KOT KAPURA
37750,Dehriwal (95),AMRITSAR,31.6576576,74.9763641,37750,1907.2872618832423,1910.0455322265625,0.417377536983214,0.0977071675163547,1.3556768065737077,-0.4091848434189246,-0.0334539245305559,981.805164740923,22.43323619551167,1.0,561.0,132,150,736,655.0,TARSIKKA
39699,Masani (30),SANGRUR,30.27027,76.0436859,39699,1911.360252582561,1910.0452880859375,0.562098856935518,0.2274090735933759,1.448402923842231,-0.5380624613437884,-0.140731183004419,733.807362280465,23.11699395187392,1.0,500.0,200,55,96,121.0,BHAWANI GARH
36173,Dhanetha (75),PATIALA,30.1081085,76.21017,36173,1909.8990597107293,1910.0440673828125,0.5448267585198321,0.2219150022017454,1.4838922831196086,-0.5230474248853366,-0.1339431164772081,710.5211856772797,23.303076809958327,1.0,2343.0,435,400,740,1127.0,SAMANA
40056,Daraj (69),BARNALA,30.4201775,75.38163,40056,1908.82779305666,1910.04248046875,0.6618795478455433,0.3050754208347618,1.8080331490253585,-0.6101250674519919,-0.2275017974165971,623.3090528166318,23.92896123704249,0.9993406081190408,740.0,353,353,589,844.0,SEHNA
33554,Ranguwala (347),LUDHIANA,30.8648643,75.8815,33554,1910.9312582179896,1910.0382080078125,0.6355905531602596,0.2982120444447651,1.6842242980324198,-0.5988879499249645,-0.2139873601056821,782.3198976924317,22.894344868499104,1.0,10.0,250,10,260,270.0,PAKHOWAL
30327,Kishangarh (116),JALANDHAR,31.405405,75.449646,30327,1905.6135652837816,1910.0369873046875,0.5502214927520721,0.1910800498189136,1.727292124370415,-0.5154144374468981,-0.1230661071678164,866.5677848269837,22.48811818547273,1.0,110.4,30,0,335,136.0,JALANDHAR - WEST
33565,Khandur (84 J),LUDHIANA,30.8648643,75.8815,33565,1907.664461902989,1910.0340576171875,0.6265667700455476,0.2888368112524889,1.763142431848389,-0.5996365224276543,-0.2066060803925664,784.6638801505463,22.82077246227169,1.0,10.0,200,15,660,792.0,PAKHOWAL
30099,Bharuwal (42),JALANDHAR,31.086113,75.67284,30099,1910.362071578317,1910.03125,0.6530833931908466,0.3068044332070961,2.008275277162373,-0.6005528330466294,-0.2306969617318578,831.9011124780076,22.70811725901973,1.0,72.0,9,10,67,79.0,NURMAHAL
36295,Badshahpur (188),PATIALA,30.1621628,76.1894,36295,1908.4981775413253,1910.0308837890625,0.4548611949546628,0.2169452881690727,1.2542042013458607,-0.4698519736764444,-0.1079847677954371,664.6154168059724,23.58825847430029,1.0,390.0,109,109,658,390.0,SAMANA
35010,Laduka (308),FAZILKA,30.6126118,74.25945,35010,1910.557309222656,1910.0289306640625,0.5594963617774767,0.2609826111725243,1.3545913762903046,-0.5365144478264868,-0.1682806244487675,519.9245157649415,24.345211129938377,1.0,2.47,302,302,405,849.0,JALALABAD
34454,Loham (180),FIROZEPUR,30.6773281,75.8238449,34454,1910.043599137104,1910.027099609375,0.671399283977092,0.3080139432429835,1.8033375673976253,-0.6187769659868657,-0.2270598708800605,654.1663384584402,23.55352771853115,1.0,200.0,150,360,380,627.0,GHALL KHURD
32260,Bahadurpur (214),Shahid Bhagat Singh Nagar,31.0990982,75.9838257,32260,1910.2142445374343,1910.0262451171875,0.5933440822943531,0.2636775725040425,1.513913003460152,-0.580399807378955,-0.1722645538399255,837.9366000519332,22.61767797444672,1.0,2.47,60,0,200,254.0,AUR
37871,Pandori Ran Singh (51),Tarn Taran,31.477478,74.91614,37871,1912.4617724300413,1910.0240478515625,0.531559606239209,0.1908653248954679,1.4420186804839028,-0.5092784312990914,-0.1084054111292962,855.2917750452893,22.77249337082849,1.0,590.0,305,305,610,592.0,TARN TARAN-12
37842,Kartarpur (56),AMRITSAR,31.6036034,75.2078247,37842,1909.070291282828,1910.02392578125,0.5549859693369971,0.2487708939427425,1.6709532844544055,-0.5258511525873847,-0.1595319782963526,924.427101533587,22.408814512042383,1.0,74.0,70,70,150,151.0,RAYYA
35084,Patti Puran (230),FAZILKA,30.4144154,74.02464,35084,1910.4432472479584,1910.0220947265625,0.6466303447560607,0.3422729708298616,1.5446559521472747,-0.6056649813619029,-0.237791333414238,493.9804145752617,24.41762138445605,1.0,845.0,80,47,105,326.0,FAZILKA
34106,Bhinder Khurd (285),MOGA,30.9549541,75.2176,34106,1913.600779618284,1910.0196533203125,0.7076689421222366,0.3703433691470374,2.2016866821636287,-0.6396300851865051,-0.2918594730108094,745.6278446128266,22.94287039083514,1.0,575.0,162,276,609,644.0,KOT-ISE-KHAN
36371,Hari nagar (5),PATIALA,30.3423424,76.41278,36371,1908.575992976369,1910.0194091796875,0.5922515929501183,0.2541489950142238,1.46201024820048,-0.567328745491139,-0.1590804137745503,725.4714900852141,23.076376759654423,1.0,81.0,5,7,12,88.0,NABHA
33649,Malakpur (147),LUDHIANA,30.7150917,76.2017059,33649,1910.5985644460368,1910.0194091796875,0.4652986432727264,0.1121058824880454,1.3448158508689614,-0.470423361432992,-0.0480494898397067,820.5499540560079,22.725760716186965,1.0,288.0,64,83,555,480.0,LUDHIANA-1
34725,Kari Kalan (257),FIROZEPUR,30.9189186,74.47517,34725,1908.4820179775588,1910.018798828125,0.6151123383609882,0.2698279297884991,1.5452286640808,-0.5734119106018608,-0.1851545861350084,616.3843068292039,23.812034812580865,1.0,437.88,200,200,315,477.0,MAMDOT
37562,Jand (150),AMRITSAR,31.6396389,75.00416,37562,1911.6365280446728,1910.0181884765625,0.3818465777254377,0.0350388940932949,1.1830508003595768,-0.3775376387532519,0.0160016145916317,935.6158650842953,22.52417604749813,1.0,142.0,0,138,238,166.0,JANDIALA GURU
35463,Koharwala (130),FARIDKOT,30.5765762,74.83876,35463,1911.0952817330108,1910.017822265625,0.5606641485857631,0.2443442024343567,1.6554777154024212,-0.5287782157662015,-0.1572731455426995,530.2511992862122,24.18723144646572,1.0,485.0,480,450,685,541.0,KOT KAPURA
33083,Takhran (82),LUDHIANA,30.81081,76.34226,33083,1905.3883323911384,1910.0166015625,0.5759123822042184,0.2296302890452153,1.6684560058082305,-0.5469832055357051,-0.1511999004339732,850.6602392634794,22.75650883688204,1.0,264.0,37,100,283,289.0,MACHHIWARA
30381,Hamiri Khera (260),JALANDHAR,31.261261,75.52388,30381,1912.507816013788,1910.015625,0.5819831091440676,0.2164808611990317,1.7115137569512004,-0.5455364241026931,-0.1422796857958489,842.5791057755845,22.591726153523496,1.0,14.08,25,25,202,100.0,JALANDHAR-EAST
35003,Jamal Ke (310),FAZILKA,30.6126118,74.25945,35003,1911.3662927905643,1910.0146484375,0.6332186860448489,0.3252776986934883,1.6011168040637165,-0.5856116872266101,-0.2243718118728369,519.9245157649415,24.345211129938377,1.0,164.0,92,90,120,176.0,JALALABAD
39456,Hussainpura (62),SANGRUR,30.5097618,76.05714,39456,1910.2167537625617,1910.014404296875,0.6304668770990663,0.2997516261533086,1.5061695839701756,-0.6041616590277967,-0.2010794732290354,744.6301522662537,22.99865686411482,1.0,245.0,145,0,245,264.0,MALERKOTLA
34165,Chirag Shahwala (188),MOGA,30.8288288,75.09762,34165,1910.552636289401,1910.013671875,0.6882725972411394,0.3624817040785487,2.0665009046950127,-0.6209453430875405,-0.2801101254581223,694.203630895113,23.113526716430865,1.0,193.0,70,72,131,218.0,KOT-ISE-KHAN
40063,Jangiana (10),BARNALA,30.4203682,75.38246,40063,1912.258283927838,1910.011474609375,0.6697606744454954,0.2996045255890412,1.8659514762385,-0.617469758093891,-0.2240318607643359,635.1406435148732,23.70695393120944,1.0,771.36,50,400,775,856.0,SEHNA
32150,Ghumman (17),Shahid Bhagat Singh Nagar,31.18919,75.9718,32150,1904.145828367141,1910.010986328125,0.6069545980172029,0.2593718192323033,1.6944709908429352,-0.5744711954113986,-0.1765158675140002,768.6049132129806,22.822546949140808,1.0,17.9,100,0,600,338.0,BANGA
37873,Gohalwarh (53),Tarn Taran,31.3873882,74.99193,37873,1909.4368673030967,1910.0062255859375,0.5173075325727924,0.1596059902878271,1.368008130148462,-0.4993279667273366,-0.0830517610889989,857.3961350133317,22.745808597055657,1.0,1400.0,180,22,530,435.0,TARN TARAN-12
33933,Kishangarh (144),MOGA,30.4979916,75.23751,33933,1909.9774588399264,1910.00390625,0.6767835118265157,0.3234118410246422,1.956903483662532,-0.6165409752863398,-0.2454968186293321,617.5116690804856,23.71487105591785,1.0,247.072,105,300,360,632.0,NIHAL SINGH WALA
37214,Chak Misri Khan (163),AMRITSAR,31.7117119,74.6387939,37214,1911.4980322065385,1910.0030517578125,0.5346843779042276,0.1910361185864534,1.3972914065363304,-0.5129943811172804,-0.1072726131930081,904.948508089138,22.8951234585259,1.0,624.0,145,145,498,567.0,CHOGAWAN
35559,Moranwali (83),FARIDKOT,30.5765762,74.8178253,35559,1906.650093427146,1909.9993896484375,0.6180184342475658,0.2722558974634013,1.6130628469112271,-0.583757188560189,-0.1834651200858831,613.9539096438817,23.70556375764236,1.0,1800.0,291,291,487,973.0,FARIDKOT
37545,Jandiala Rural (135),AMRITSAR,31.7864227,74.75281,37545,1911.1493370658293,1909.9984130859375,0.4347135318785906,0.1119880631960072,1.1995097153621384,-0.4383902899759697,-0.0382979152431917,929.8351143784804,22.53632005012094,0.8877565546211565,1.0,0,0,96,1420.0,HARSHE CHHINA
36515,Doghat (3),PATIALA,30.4864864,76.21208,36515,1908.1961803206607,1909.9971923828125,0.5380577345016014,0.2321389253720825,1.412971901233807,-0.5277029933461596,-0.1344201965055086,806.3507172276871,23.00491997713073,1.0,187.0,30,30,136,200.0,PATIALA
36370,Mansurpur (9),PATIALA,30.3423424,76.41278,36370,1908.918025256061,1909.9971923828125,0.558090696973966,0.2222795706355985,1.3247201671710116,-0.5445302828589059,-0.1299075767232591,715.7444391797852,23.11544130572217,1.0,270.0,18,40,60,988.0,NABHA
33198,Baghaur (241),LUDHIANA,30.63063,76.09503,33198,1908.1929014861853,1909.9954833984375,0.5216800664077615,0.2020539591652323,1.6423326057859684,-0.4985067502604867,-0.1217787130506114,865.374857466449,22.713122245179363,1.0,2.47,0,0,194,189.0,KHANNA
34876,Chak Jamalgarh (183),FAZILKA,30.5999031,74.25567,34876,1909.7986344244373,1909.9947509765625,0.6376058000255447,0.3047392529778372,1.7060209297447122,-0.5983160995398756,-0.2148607834108473,573.9970251814343,24.06916657348109,1.0,260.05,351,94,111,297.0,GURU HAR SAHAI
35647,Hamirgarh (23),BATHINDA,30.5477676,75.0905,35647,1909.564642895161,1909.993408203125,0.6715472853518193,0.3178795985388998,1.9384360340980304,-0.609974991401556,-0.2407336638784488,588.9257984191911,23.850600950613973,1.0,691.0,336,336,689,837.0,BHAGTA BHAIKA
30382,Fatehpur (259),JALANDHAR,31.3153152,75.58828,30382,1912.8252051993009,1909.993408203125,0.5904029809809029,0.2295653012235305,1.7063933541526828,-0.5505972929445705,-0.1519646015533909,842.5791057755845,22.591726153523496,1.0,5.6,15,15,99,149.0,JALANDHAR-EAST
39857,Ghasiwala (26),SANGRUR,30.27027,75.85592,39857,1907.917067251764,1909.991943359375,0.6913219600906994,0.3653084436970906,1.8984383393702136,-0.6328580261674168,-0.2791658040387228,659.4854176216235,23.720839433710488,1.0,2.47,0,0,178,361.0,SUNAM
33208,Kishangarh (231),LUDHIANA,30.63063,76.09503,33208,1907.845838036848,1909.9918212890625,0.5323622579116877,0.199069852127627,1.847522272633988,-0.4937555405230643,-0.1291218781244757,838.5368230750458,22.707484723278867,1.0,2.48,0,0,202,120.0,KHANNA
30427,Kotla (432),JALANDHAR,31.35135,75.51174,30427,1912.405183847531,1909.9913330078125,0.5935530930375038,0.2363138538896052,1.7951110122933336,-0.5545860602055724,-0.1597179904374592,958.2364502360718,22.3924562069638,1.0,0.005,3,0,85,62.0,JALANDHAR - WEST
30148,Saifabad (136),JALANDHAR,31.0270271,75.80011,30148,1913.2933328376944,1909.9908447265625,0.563406728491606,0.1860741541507559,1.608357504739164,-0.5412759895870701,-0.1192780212667968,864.0574341979768,22.763529750867026,1.0,180.0,50,50,335,180.0,PHILLAUR
36161,Kakrala (71),PATIALA,30.18018,76.24502,36161,1908.3543832522205,1909.9892578125,0.5932870981286481,0.277206663566959,1.5952708667492677,-0.5571811383857478,-0.1839564800370089,680.9921936662712,23.40720147000615,1.0,2024.0,1520,1520,1900,1894.0,SAMANA
36529,Jassowal (22),PATIALA,30.3659477,76.37714,36529,1909.7404525557472,1909.9873046875,0.4866469505727126,0.141695709586106,1.464800071275402,-0.4776489561755364,-0.0712096781475871,832.5436787180756,22.93687463649517,0.5613181469787066,2.4,0,0,210,357.0,PATIALA RURAL
29764,Shergarh (198),JALANDHAR,31.0810814,75.3382645,29764,1910.1624409644328,1909.9853515625,0.5448854615029779,0.2433180648084899,1.581713063706846,-0.5290650920642241,-0.1511729123259868,733.9174094607728,22.97211084760505,1.0,116.0,15,25,48,57.0,LOHIAN
35533,Simrewala (21),FARIDKOT,30.59369,74.766,35533,1908.6790557749173,1909.983154296875,0.5921314015835896,0.2512789842963049,1.4892942906779936,-0.5595607011634538,-0.1595666329181358,608.9531498537,23.75364635813516,1.0,440.0,85,165,211,478.0,FARIDKOT
33556,Gujjarwal (310),LUDHIANA,30.7027035,75.7117538,33556,1909.1326972735,1909.9810791015625,0.6554720713095857,0.2996943069040778,1.8991595185736825,-0.6066773725810399,-0.224719767716584,784.8236592082441,22.8663480565123,0.9590598145391266,142.0,200,5,1025,5194.0,PAKHOWAL
30505,Satowali (107),JALANDHAR,31.5080833,75.5953751,30505,1910.405548810804,1909.9801025390625,0.5824927370276133,0.2276885184549754,1.7998966607985252,-0.5468561621821854,-0.1518949057154868,805.4736348798173,22.43289419592901,1.0,2.47,25,0,158,191.0,BHOGPUR
33268,Jandali (206),LUDHIANA,30.3603611,75.8630447,33268,1905.6176971004588,1909.9791259765625,0.5618998764803754,0.2326194470316688,1.674557360095546,-0.5342584505834063,-0.1500449052223375,819.1740119426939,22.7715495698707,1.0,503.0,100,300,352,503.0,Maloud
37875,Rataul (55),Tarn Taran,31.45946,74.9228439,37875,1910.4647464607544,1909.97900390625,0.5353369923766209,0.1923963367815163,1.3783675035456433,-0.5153792777273513,-0.1065851309801009,857.412967516207,22.74573011366788,1.0,42.0,40,40,45,492.0,TARN TARAN-12
33203,Libra (325),LUDHIANA,30.63063,76.09503,33203,1910.604111380172,1909.9755859375,0.4240369669528893,0.1035559074924082,1.3239655592940636,-0.4231320793876647,-0.0390962349527054,865.374857466449,22.713122245179363,0.8916251908963534,2.47,0,0,429,186.0,KHANNA
34853,Sheikh Shaman (277),FAZILKA,30.594595,74.26657,34853,1906.6210693016508,1909.974853515625,0.6320173754179826,0.3110303175188749,1.78783351645252,-0.5869774700515568,-0.2183308616939253,619.9077907016175,24.001903930906963,1.0,74.0,15,20,70,78.0,GURU HAR SAHAI
37953,Malmohri (108),Tarn Taran,31.3873882,74.99193,37953,1908.2560909431068,1909.9720458984375,0.5521259550579616,0.227266062564191,1.497042422389823,-0.5301226401580194,-0.1386893208661567,855.9307250192063,22.707733182606887,1.0,1200.0,600,36,259,202.0,TARN TARAN-12
30431,Shafipur (406),JALANDHAR,31.4234238,75.717514,30431,1914.8210359409825,1909.97021484375,0.5126878885407514,0.1568567417275759,1.600735849421761,-0.4909110556709145,-0.0908588357033953,958.2364502360718,22.3924562069638,0.9729691562134029,220.0,17,18,126,237.0,ADAMPUR
30215,Bir Bansian (231),JALANDHAR,31.1688023,75.0852661,30215,1908.247027645983,1909.9674072265625,0.6791470896747295,0.3259556892899392,1.9078295570512216,-0.6305700758716067,-0.2427781266963266,831.9011124780076,22.70811725901973,1.0,17.0,45,45,193,17.0,RURKA KALAN
33393,Bhupana (5),LUDHIANA,30.9189186,75.84033,33393,1907.9503470688464,1909.967041015625,0.5602163894085121,0.2623565880018032,1.400155477673602,-0.5533699936886213,-0.1581785462153369,840.4909315516846,22.737270569515545,1.0,150.0,20,0,65,144.0,LUDHIANA-2
39965,Aspal Khurd (78),BARNALA,30.3783779,75.54286,39965,1907.737575633973,1909.966552734375,0.6827917446491282,0.3248822250353117,1.885681137684254,-0.6281509082022118,-0.2458886278225449,656.9507672052796,23.85138258826653,1.0,513.0,1422,280,300,574.0,BARNALA
39786,Bugar (82),SANGRUR,30.2522526,75.842,39786,1908.818494646984,1909.9661865234375,0.6555394251617453,0.3029373054861075,1.8809638585076969,-0.6025023868361988,-0.2248548253151636,659.4906988551514,23.83767581675164,1.0,247.0,15,0,375,440.0,SANGRUR
35776,Virk Kalan (181),BATHINDA,30.2014942,74.94261,35776,1911.8114751128448,1909.9654541015625,0.5241174132541593,0.1222292927272571,1.2347977470259883,-0.5203869509200071,-0.0494389770291869,512.4376942382507,24.477304852556568,0.9562701337999508,903.0,271,293,565,1329.0,BATHINDA
35196,Dharangwala (135),FAZILKA,30.1441441,74.19609,35196,1911.339735787761,1909.9632568359375,0.5966923175925679,0.1644934951118162,1.5764330573847407,-0.5446881109724264,-0.1007905454153555,443.1326808355773,24.68146358892256,1.0,1417.0,0,510,935,1540.0,ABOHAR
36389,Doda (152),PATIALA,30.3603611,76.15539,36389,1907.40543462844,1909.96240234375,0.6071907839165716,0.2787992445711328,1.5818037691432565,-0.5714071060444642,-0.1856328426457363,742.1264591624634,23.01527433478094,1.0,156.0,0,60,132,169.0,NABHA
30121,Pawahri (172),JALANDHAR,31.0090084,75.78578,30121,1908.6339953538727,1909.96142578125,0.598433193354139,0.2624966221485808,1.698859713654351,-0.5786446050780819,-0.175575430364353,859.2536085300451,22.6546455421014,1.0,212.0,36,36,116,210.0,PHILLAUR
37166,Behlol (29),AMRITSAR,31.7078342,74.65417,37166,1914.974920093852,1909.9608154296875,0.5628642165172116,0.1885983177775648,1.3899756111190178,-0.5463689795629141,-0.1055153264646715,883.4018008523673,22.89412144804944,1.0,1.0,0,0,1,197.0,CHOGAWAN
39526,Chatriwala (184),SANGRUR,30.4866142,75.95732,39526,1908.6066655364584,1909.9605712890625,0.6212778449258348,0.2999960313525033,1.522722885054592,-0.5875032739621425,-0.1981938957795121,717.1626779248612,23.10685946835593,1.0,205.0,17,0,25,231.0,MALERKOTLA
39464,Amir Nagar (100),SANGRUR,30.522522,75.88475,39464,1912.424337123684,1909.96044921875,0.5545246974585128,0.1938625239822247,1.4662310423860845,-0.5352975066427547,-0.1189680337352992,760.2889480998414,22.927026586350337,1.0,50.0,200,200,311,207.0,AHMEDGARH
33561,Chaminda (304),LUDHIANA,30.8648643,75.86051,33561,1910.197537720446,1909.9603271484375,0.6520497495611018,0.2982819574493606,1.905989975595847,-0.6074010461696114,-0.2240050677622762,785.0804405500083,22.8199431766245,1.0,10.0,125,0,437,360.0,PAKHOWAL
37294,Bhullar (190),AMRITSAR,31.6576576,74.5953445,37294,1910.3085569471243,1909.9580078125,0.5497848453390289,0.215899963997615,1.4166590198430902,-0.5288213154842144,-0.1290714434804147,904.1482898404496,22.86324585740084,1.0,532.0,285,375,693,596.0,CHOGAWAN
36527,Inderpura (13),PATIALA,30.3423424,76.30839,36527,1910.9585803960008,1909.9549560546875,0.5164051307675535,0.1934823848407106,1.337112774171297,-0.5128646397081292,-0.1034095113182081,806.385001665156,23.00665008911367,0.9476989388993764,358.0,25,25,140,414.0,PATIALA
30252,Raipur (240),JALANDHAR,31.2432442,75.55161,30252,1908.7222383040407,1909.9541015625,0.6017068754513742,0.2452944729863929,1.9269047593157256,-0.5481935467546014,-0.1733851624401165,774.5449784209626,22.62641459229758,1.0,6.477,165,64,374,345.0,JALANDHAR-EAST
34167,Kishanpura (240),MOGA,30.9369373,75.1404,34167,1908.6939352316008,1909.9534912109375,0.6667901752967678,0.351427453221655,1.9618025126994831,-0.6057749361262581,-0.2647324834768557,694.4905462672608,23.069375095900625,1.0,115.0,25,22,53,125.0,KOT-ISE-KHAN
29513,Depewal (24),KAPURTHALA,31.2705936,75.25244,29513,1916.551848171236,1909.953125,0.541570381836389,0.2364371150879643,1.564701473940817,-0.523686015306619,-0.1473820095532147,817.6976385524171,22.81345387128846,1.0,314.8,52,65,262,338.0,SULTANPUR LODHI
35583,Deviwala (115),FARIDKOT,30.594595,74.81081,35583,1909.4597331445395,1909.9515380859375,0.5928704185643868,0.2679486334993192,1.751249445624861,-0.5579734935160395,-0.1838786569790166,570.8941531195451,23.91580426539325,1.0,410.0,400,50,387,510.0,KOT KAPURA
35751,Chak Goniana kalan (164),BATHINDA,30.27027,74.93797,35751,1908.9971951705056,1909.951171875,0.5755792848142238,0.2351613633895444,1.4867646421586989,-0.5467977551920742,-0.1445487366211372,533.5561564363161,24.28996603994808,1.0,652.0,200,300,421,100.0,GONIANA
39790,Takipur (75),SANGRUR,30.3423424,76.3919,39790,1909.1524438214487,1909.9505615234375,0.695042670476001,0.3453738757310887,1.8897863974735127,-0.6323204146788564,-0.2645377168453886,659.4906988551514,23.83767581675164,1.0,205.0,80,50,250,367.0,SANGRUR
34066,Jhandiana Garbi (69),MOGA,30.738739,74.96442,34066,1911.250275030009,1909.9476318359375,0.6501292272179249,0.3026341747344024,1.767632843636836,-0.605392501473916,-0.2179643325146316,668.1993500427528,23.48481486086157,1.0,1180.0,223,317,731,1265.0,MOGA-II
35532,Ghugiana (20),FARIDKOT,30.7406178,74.60216,35532,1908.311127547329,1909.946533203125,0.5411601177650053,0.1997135537368978,1.3439641390983963,-0.5237683787933866,-0.1107118443036619,593.2147904942385,23.837851730186333,1.0,888.0,443,443,731,948.0,FARIDKOT
30454,Chak Hamza (398),JALANDHAR,31.3153152,75.58828,30454,1913.4446280016543,1909.945068359375,0.4979709468743122,0.1465160701510347,1.5928208100532746,-0.4794754209239285,-0.0808794051143598,928.7443551232712,22.4461244842264,1.0,10.0,2,0,20,62.0,JALANDHAR - WEST
37606,Othian (256),AMRITSAR,31.6936932,74.96311,37606,1910.0958599756648,1909.9447021484375,0.4077071633021207,0.0676421288685611,1.1987217482726786,-0.4012990051426049,-0.0084027966441847,954.6401968082124,22.443353350492472,1.0,120.0,38,38,326,222.0,VERKA
39917,Dudian (94),SANGRUR,29.7637844,75.92344,39917,1910.1839554342907,1909.9447021484375,0.5626968299624973,0.2603677887726468,1.457921160029556,-0.5464297249703791,-0.1616967716718726,644.0683751571073,23.92791211311521,1.0,890.0,100,300,670,946.0,ANDANA
35523,Chak Nehra (53),FARIDKOT,30.5936165,74.76609,35523,1907.4911915553864,1909.9429931640625,0.5639438554627042,0.213869096480433,1.3721652118478629,-0.5374833074220541,-0.1223161762176805,584.0395930220978,23.898064460755563,1.0,12.0,4,2,3,255.0,FARIDKOT
37874,Kotli (54),Tarn Taran,31.45946,74.9228439,37874,1909.2469563665368,1909.942626953125,0.5432411501763944,0.2036811970270845,1.4219938473788758,-0.5202392759454535,-0.1175355262906795,857.3961350133317,22.745808597055657,1.0,40.0,40,42,46,246.0,TARN TARAN-12
35117,Karni Khera (248),FAZILKA,30.4144154,74.02464,35117,1911.1805855424889,1909.9375,0.6271574093914682,0.2974970756138356,1.502725462035977,-0.5830136405815265,-0.201354846020137,479.9452068091422,24.46344029963769,1.0,1002.0,150,335,836,1029.0,FAZILKA
32269,Bazidpur (217),Shahid Bhagat Singh Nagar,31.0630627,75.9970856,32269,1911.780774737076,1909.9365234375,0.5792879143575369,0.2399569112629806,1.54303368960991,-0.5557454561400516,-0.1512248879212845,842.3673301683912,22.66594499247665,1.0,384.0,125,0,418,467.0,AUR
34492,Ratta Khera Punjab Singhwala (204),FIROZEPUR,30.7027035,74.78972,34492,1909.4412977346524,1909.936279296875,0.6622931089149009,0.3009426203174112,1.7381277325076927,-0.6154712171812841,-0.2170663185006928,644.201182573756,23.6649866143087,1.0,500.0,320,0,225,653.0,GHALL KHURD
33449,Mehlon (189),LUDHIANA,30.8828831,75.853775,33449,1911.3044373236096,1909.9361572265625,0.5267563172309382,0.1846223607936146,1.6596619973131737,-0.4993613703597165,-0.1152197675236433,835.0397142579453,22.79578354606297,1.0,25.0,20,25,123,265.0,LUDHIANA-2
37950,Rakh Banwalipur (101),Tarn Taran,31.4888058,74.86961,37950,1907.881459980572,1909.9324951171875,0.5701921229564594,0.2278277965116673,1.463604355162026,-0.547684855398266,-0.1379769245762845,855.9307250192063,22.707733182606887,1.0,36.0,10,10,30,48.0,NAUSHEHRA PANNUAN-11
33537,Majri (313),LUDHIANA,30.3948956,75.74166,33537,1907.559470836924,1909.93115234375,0.6399836333893254,0.3109342895242958,1.7334502202176,-0.6087771919702137,-0.2211829131327652,782.3198976924317,22.894344868499104,1.0,100.0,133,55,198,114.0,DEHLON
37582,Mandiala (268),AMRITSAR,31.54955,74.67793,37582,1913.5426047508247,1909.9276123046875,0.480685536516704,0.1424911295552993,1.2236573090805445,-0.4795452477426849,-0.0609838972974304,870.431884265107,22.780270766302444,0.9999302548345684,110.0,5,12,46,990.0,ATTARI
36163,Premgarh(Prem Singhwala) (72),PATIALA,30.1441441,76.2171555,36163,1909.4309641677355,1909.9251708984375,0.5785372674346899,0.2613118117983309,1.543273548678905,-0.5497660053118084,-0.1677689218962605,678.6249819209473,23.415548694258007,1.0,281.0,36,202,226,317.0,SAMANA
36836,Urban Estate - II (OG),PATIALA,30.18018,76.161644,36836,1911.015021532462,1909.9248046875,0.5075047949073078,0.1900699950418585,1.4241916996117503,-0.5109824590327329,-0.1007568321158473,839.1855749299424,22.919619997673408,0.5452283668553929,2.4,0,0,1,0.0,PATIALA
39926,Salemgarh (102),SANGRUR,29.837225,75.92356,39926,1911.2530674649963,1909.9228515625,0.564812969763987,0.2327627125399313,1.3955292731095317,-0.537786725721498,-0.1391003329597352,637.9589104852932,24.042691347750285,1.0,29.0,2000,400,486,971.0,ANDANA
35503,Deep Singhwala (34),FARIDKOT,30.666666,74.76181,35503,1910.818064373706,1909.9227294921875,0.6233591012614644,0.2842330586689796,1.676143307469546,-0.5742443493615905,-0.1960947006111891,590.3539823512793,23.943224543560632,1.0,1781.0,656,711,812,1643.0,FARIDKOT
29193,Peerewal (69),KAPURTHALA,31.405405,75.0485458,29193,1911.6300084361485,1909.9210205078125,0.5783599181782028,0.2411185912793479,1.782838176036028,-0.5382204913976881,-0.1595229998781231,931.265303771724,22.505780148381405,1.0,11.0,50,0,110,178.0,DHILWAN
36466,Lout (149),PATIALA,30.3783779,76.25297,36466,1904.4718648771773,1909.9210205078125,0.5602538670642371,0.2357806085018532,1.5732318152640568,-0.5290105797166433,-0.1489975603855853,815.3565069030321,22.94973408699224,1.0,381.0,85,60,423,432.0,PATIALA RURAL
35718,Bajoana (183),BATHINDA,30.216217,74.93847,35718,1907.9057530881416,1909.919921875,0.6456499664171877,0.2936263239510396,1.732238993177968,-0.5970509928239529,-0.2092162781143391,583.6709944192165,23.95566001320137,1.0,578.0,1160,210,378,633.0,NATHANA
35552,Rajowala (6),FARIDKOT,30.666666,74.76181,35552,1908.7951598620184,1909.9188232421875,0.6104369036760988,0.2756839282767367,1.543368408661554,-0.5809763118352808,-0.180447329076031,617.2756618574101,23.716403204134128,1.0,423.0,113,171,285,478.0,FARIDKOT
35031,Chak Pakhi (213),FAZILKA,30.522522,74.2741852,35031,1904.8886337457632,1909.91796875,0.6231276646793404,0.3165399794171079,1.5784849800035554,-0.5917881122124808,-0.2143335712061523,502.87877441862094,24.385880222723685,1.0,450.0,105,102,301,500.0,JALALABAD
35203,Kera Khera (114),FAZILKA,30.1441441,74.21693,35203,1911.3512803013548,1909.9178466796875,0.5803288240834019,0.152752039134496,1.4858737562994324,-0.5352869030626403,-0.0873329207164054,423.5864727041253,24.85920747093586,1.0,792.0,139,746,858,1122.0,ABOHAR
28995,Raipur Araian (61),KAPURTHALA,31.3873882,75.41406,28995,1908.2246015925136,1909.9163818359375,0.5534762773890153,0.2395967765332244,1.7050542294947229,-0.5194402817902768,-0.1535009046198759,859.9947273618296,22.411343177601125,1.0,1.0,5,0,500,203.0,NADALA
28544,Samrai (8),GURDASPUR,31.6756763,75.45669,28544,1908.326342835312,1909.916259765625,0.3469359616412831,0.1713845322396612,1.0723759608248111,-0.3215329260902186,-0.0688929991095899,899.495119135608,22.26800492968988,0.6525669930765079,176.0,15,0,166,290.0,SRI HARGOBINDPUR
33241,Ishanpur (175),LUDHIANA,30.63063,76.0741,33241,1906.1707827019825,1909.9161376953125,0.6074726826197231,0.2574553130503369,1.7738609232155191,-0.566603459146657,-0.1774189394686811,798.2540526188635,22.849995881669663,1.0,2.47,0,0,179,211.0,KHANNA
30542,Dialpur (377),JALANDHAR,31.405405,75.449646,30542,1912.6231789258736,1909.916015625,0.5474531048510297,0.1970472030302742,1.8637096960310229,-0.5088817766388285,-0.1301931253452735,847.149449806473,22.47749884173638,1.0,3.5,0,0,598,301.0,JALANDHAR - WEST
37992,Pakhopura (306),Tarn Taran,31.3873882,75.01303,37992,1915.0513108998543,1909.9150390625,0.6234349643091601,0.2807523936904908,1.7589192491726209,-0.5917226363282304,-0.1970424600937273,810.6342188051774,22.85822506507532,1.0,542.0,55,110,410,464.0,CHOHLA SAHIB-8
34838,Rukna Bodla (293),FIROZEPUR,30.7148457,74.40911,34838,1907.884892588504,1909.913330078125,0.615052787386152,0.292336921948834,1.6345094253298165,-0.5817037821275517,-0.1994103289817751,619.9077907016175,24.001903930906963,1.0,2.12,165,5,48,138.0,GURU HAR SAHAI
30367,Jagral (255),JALANDHAR,31.2432442,75.53054,30367,1912.772165553676,1909.9114990234375,0.585906370228744,0.2155370115902612,1.8442806677516967,-0.5487469194219264,-0.1461454269827423,842.5791057755845,22.591726153523496,1.0,10.12,125,65,240,346.0,JALANDHAR-EAST
29936,Pindori Rajputan (1),JALANDHAR,31.1711712,75.43089,29936,1911.681160977705,1909.9102783203125,0.6357960955297496,0.2824961819708661,1.984138189420308,-0.5826551318961137,-0.2067715419051589,842.5791057755845,22.591726153523496,1.0,161.0,20,21,111,181.0,NAKODAR
35651,Kangar (27),BATHINDA,30.5514679,75.0803757,35651,1911.0513485034628,1909.91015625,0.6695697277834235,0.3187710432537277,1.9152443913033408,-0.6173796112500926,-0.2394128778543204,617.5116690804856,23.71487105591785,1.0,609.0,13,57,404,686.0,BHAGTA BHAIKA
36870,Sheikhpur Dakhli Lohsimbli (387),PATIALA,30.3049,76.59235,36870,1904.1439497744057,1909.9071044921875,0.3738967232151321,0.1586643851246376,1.0761067287489137,-0.4209196113125791,-0.0553811997431938,825.9812089612382,23.1960268126378,1.0,2.47,0,0,1,100.0,GHANAUR
39869,Bhani Ganduan (42),SANGRUR,30.1353645,75.80309,39869,1908.3028062226656,1909.90478515625,0.6586335086656695,0.3186060109606216,1.6677207126735705,-0.6090646411807473,-0.2266959651857925,654.0033015420335,23.855170430480143,1.0,307.0,100,190,202,337.0,SUNAM
34006,Budh Singhwala (3),MOGA,30.6846848,75.09003,34006,1909.0703566690704,1909.90478515625,0.6140035781965891,0.2517383183364891,1.7083520978975106,-0.5641497970796812,-0.172757148802702,692.7158516117775,23.289555997252688,1.0,446.5,125,125,305,433.0,MOGA-I
35666,Raiya Urf Hardaspura (2),BATHINDA,30.2882881,75.3273239,35666,1908.028242176066,1909.904541015625,0.6677113337735018,0.316408671314755,1.8850064646056564,-0.6084025070200663,-0.236274627396051,624.8106178426139,23.83601589442556,1.0,1248.0,570,500,870,1399.0,PHUL
30375,Nangal Purdil (289),JALANDHAR,31.261261,75.6714249,30375,1912.1956931130728,1909.9039306640625,0.4982658545760755,0.1533221349009486,1.574421229367239,-0.4799839912455803,-0.0859237459740893,896.5068998744385,22.43167161671425,1.0,8.8,15,15,62,142.0,JALANDHAR-EAST
32232,Mala Bedian (179),Shahid Bhagat Singh Nagar,31.0630627,76.1233,32232,1908.2815740411504,1909.9036865234375,0.6317425758900129,0.2754858353223174,1.8023689503250124,-0.5889509569442124,-0.1998659021163352,833.0336305310624,22.58589359521818,1.0,2.47,60,0,283,185.0,AUR
34913,Santokh Singhwala (349),FAZILKA,30.6126118,74.25945,34913,1911.6895491083044,1909.9033203125,0.5784860360633974,0.2595594053218222,1.6568293556226328,-0.542471909549692,-0.1698376132203044,573.5140833070176,24.17932731779252,1.0,326.0,55,85,118,344.0,JALALABAD
37527,Gadli (160),AMRITSAR,31.6216221,74.8838348,37527,1910.092993516492,1909.90283203125,0.410761425582057,0.0677723013300752,1.2278693287300344,-0.400417284523541,-0.0071111552070803,972.7645310571093,22.45527152660549,1.0,316.0,143,143,353,370.0,JANDIALA GURU
34178,Said Mohamad (238),MOGA,30.9369373,75.1404,34178,1909.0819262072105,1909.902587890625,0.6467487567298631,0.3299678818001284,1.8866138225145588,-0.5960370283314449,-0.2436714491869992,694.4905462672608,23.069375095900625,1.0,304.0,220,100,148,295.0,KOT-ISE-KHAN
29911,Bal Hukmi (62),JALANDHAR,31.1171169,75.472084,29911,1913.3011972845336,1909.9024658203125,0.6153694432287103,0.2527681829956159,1.899130677631216,-0.5758387316444487,-0.1828022188978398,814.923941563391,22.67909445425509,1.0,56.0,10,10,117,65.0,NAKODAR
29007,Passiewal (66),KAPURTHALA,31.3873882,75.41406,29007,1910.8464593530728,1909.8988037109375,0.5247074361579719,0.2278763734558941,1.8504953596876272,-0.4826015334752674,-0.1459740067231581,820.4486148993891,22.428144517383675,1.0,1.0,2,1,46,84.0,NADALA
38335,Sahnsra (120),Tarn Taran,31.54955,75.01623,38335,1911.809452741649,1909.8978271484375,0.4810305164432568,0.1552179028686563,1.3541992013481523,-0.4756192544267603,-0.0737306175717312,940.791333000888,22.44797346272628,1.0,190.0,150,35,72,61.0,KHADUR-SAHIB-10
30100,Nagra (41),JALANDHAR,31.1563282,75.6998444,30100,1909.7801118860325,1909.8968505859375,0.6489774077970539,0.2892087316125563,1.9894477303136653,-0.6030000626024946,-0.2148133178764926,831.9011124780076,22.70811725901973,1.0,107.0,85,64,128,118.0,NURMAHAL
39728,Kapial (104),SANGRUR,30.2882881,76.09938,39728,1910.8428401789447,1909.896484375,0.617901451103482,0.2881581188853915,1.5157803647877195,-0.5829432661701244,-0.1920644007189936,680.9007319619553,23.3225538193102,1.0,257.0,0,244,450,831.0,BHAWANI GARH
35556,Pakhi Kalan (80),FARIDKOT,30.666666,74.8456,35556,1907.4177853750168,1909.895263671875,0.5941224216018083,0.2641906616092426,1.553250658084069,-0.5643248208126068,-0.1723119304445238,615.6485526139136,23.69891105742437,1.0,1558.0,945,0,908,1691.0,FARIDKOT
39684,Bibar (21),SANGRUR,30.2882881,76.09938,39684,1908.8663056857688,1909.8927001953125,0.6180175393259232,0.2847586018153225,1.5599200642758115,-0.5842405486629904,-0.1900779615524999,733.8665219952958,23.116596925856413,1.0,210.0,4,170,289,373.0,BHAWANI GARH
29253,Rasulpur Brahmanan (200),KAPURTHALA,31.27928,75.49614,29253,1913.1459358700365,1909.891845703125,0.4923003789897182,0.1385075440631703,1.5201716208598504,-0.4778225329689915,-0.0746889876463424,928.7443551232712,22.4461244842264,1.0,17.0,75,0,33,155.0,KAPURTHALA
33196,Galwadhi (9),LUDHIANA,30.63063,76.09503,33196,1908.163871398889,1909.89013671875,0.3892274815448078,0.0632327146753555,1.2258034325372968,-0.3939379959733698,-0.0058133412628065,865.374857466449,22.713122245179363,0.6810602512551092,2.47,0,0,155,216.0,KHANNA
35001,Hamid Saide Ke (237),FAZILKA,30.6126118,74.25945,35001,1910.694625401067,1909.89013671875,0.6503797070278515,0.3211570452435313,1.624828971932438,-0.6081513352180515,-0.2249297611177818,519.9245157649415,24.345211129938377,1.0,134.0,22,35,45,147.0,JALALABAD
34043,Janer (301),MOGA,30.9369373,75.1404,34043,1908.5279326455263,1909.8895263671875,0.6349399853319655,0.3009366714232248,1.812933834478512,-0.5928476885418666,-0.2180794522456456,700.0099661757844,23.03865430387191,1.0,444.0,255,350,571,514.0,KOT-ISE-KHAN
33204,Mohanpur (229),LUDHIANA,30.7027035,76.21468,33204,1910.487915854919,1909.8892822265625,0.4759661501932237,0.1427640039457322,1.4382582159360022,-0.4659377776506008,-0.0731578107016147,861.430191099154,22.712293639675178,1.0,2.47,0,0,328,289.0,KHANNA
30457,Nandanpur (316),JALANDHAR,31.36937,76.13819,30457,1911.7335171407428,1909.88916015625,0.3490289790312955,0.0216623848219446,1.1349492438272863,-0.3661928579906003,0.0230739205751272,917.2220725413558,22.453906568218244,0.161645702354902,2.5,15,5,1500,343.0,JALANDHAR - WEST
38283,Biharipur (334),Tarn Taran,31.4954948,75.01509,38283,1912.63375304402,1909.888427734375,0.5254292465485811,0.2001503507493006,1.484303360369725,-0.5152074849713034,-0.1160596149895964,904.0238502433198,22.61020811230276,1.0,8.0,70,40,275,361.0,KHADUR-SAHIB-10
30259,Kot Kalan (226),JALANDHAR,31.27928,75.6437149,30259,1911.0301493804727,1909.888427734375,0.4711185848244711,0.1180109916429539,1.6030568874863689,-0.4516696483488158,-0.0614334228288689,814.4297393968003,22.591733580938524,0.9551341790654276,7.68,16,12,382,231.0,JALANDHAR-EAST
35275,Malout (Rural) (156),SRI MUKTSAR SAHIB,30.1981983,74.5078049,35275,1908.994360838456,1909.88525390625,0.5192734402452149,0.1507294295434939,1.2179013291195713,-0.5064899465108296,-0.075211043512677,454.9164417197602,24.65291482275921,0.8622795472662727,2760.0,633,80,664,2554.0,MALOUT
33602,Akalgarh Urf Lalton Khurd (374),LUDHIANA,30.9009018,75.80505,33602,1907.6205757827167,1909.8826904296875,0.5789716476309004,0.2413064818144338,1.7999871264697616,-0.5536677348613336,-0.1669615556111589,833.7167765193553,22.78176135651029,0.9034872422545822,1452.0,14,142,1452,219.0,LUDHIANA-1
32825,Tanda Badha Kalan (92),FATEHGARH SAHIB,30.6126118,76.2274246,32825,1906.240229549461,1909.880126953125,0.5532128489774055,0.2437090688656624,1.4926120376662333,-0.5342502802338474,-0.1490869477461129,769.0707751984745,22.90733993299498,1.0,211.0,65,65,205,248.0,AMLOH
36559,Kheri Gujran (35),PATIALA,30.3659344,76.37711,36559,1908.97823777074,1909.877197265625,0.402000410321692,0.0048456129828158,1.1188528262823445,-0.4259663797818284,0.0433074783565985,850.5485597064393,22.973828551360043,0.241076668605544,17.0,25,25,170,378.0,PATIALA
39907,Ramgarh Sandhwan (63),SANGRUR,29.927927,75.82234,39907,1912.795779844016,1909.8759765625,0.5793701390672532,0.2495865243128471,1.439394958228075,-0.557652549796009,-0.1548144049940199,653.4780041492135,23.83956345321433,1.0,592.0,700,442,513,719.0,LEHRAGAGA
40051,Dhilwan ( Patiala) (65),BARNALA,30.4144154,75.3827,40051,1908.5916957317145,1909.8759765625,0.6874465020467777,0.327524190184123,1.8685887735321924,-0.6247856557756404,-0.2498614965545915,637.9945971927809,23.858249109503102,1.0,569.0,258,258,322,1563.0,SEHNA
36562,Malo Majra (36),PATIALA,30.3603611,76.30156,36562,1910.911353982205,1909.8746337890625,0.4289037337308462,0.0320602700657986,1.0719563105326408,-0.4468827866383638,0.0216182240647638,829.3129696766853,23.017488368769296,0.0482283209341193,94.0,35,30,262,356.0,PATIALA
33261,Deva Khosa (259),LUDHIANA,30.738739,76.03354,33261,1906.231470035127,1909.8741455078125,0.6022397434355385,0.2798628087299133,1.854142268997812,-0.5579125296243677,-0.1939744169455263,821.5938216013958,22.767425157843768,1.0,250.0,5,0,125,140.0,DORAHA
33454,Barwala (219),LUDHIANA,30.9189186,75.84033,33454,1908.3108399440964,1909.8720703125,0.4071082198086406,0.1089065234370897,1.2644530603595314,-0.4248510904154904,-0.0332818043139118,837.7294012110215,22.74532867155489,1.0,20.0,0,0,1200,273.0,LUDHIANA-2
40072,Patti Draka (440),BARNALA,30.4324322,75.39662,40072,1909.4622108415017,1909.8714599609375,0.6682739431204977,0.332298418643874,1.8011935134207695,-0.6203580892108453,-0.2439501263292527,643.4816065242188,23.729204914304944,1.0,70.2,25,40,75,94.0,SEHNA
35082,Singhpura (238),FAZILKA,30.3603611,74.2342758,35082,1910.998808438615,1909.8709716796875,0.5912954869515228,0.2482305850277699,1.4169430107189631,-0.5640255927731843,-0.1538539732713048,493.9575495595519,24.42109654468698,1.0,601.0,82,278,350,718.0,Arniwala Shiekh Subhan
36231,Kamalpur (184),PATIALA,30.072073,76.11994,36231,1909.700017861463,1909.8697509765625,0.4424263321595585,0.1530461295777885,1.115017340964527,-0.460926875267886,-0.0588607256484518,755.7026240041154,23.223474533372325,1.0,280.0,98,199,270,337.0,SAMANA
37534,Malian (130),AMRITSAR,31.6396389,75.00416,37534,1911.1683265667068,1909.869384765625,0.4352007491907063,0.1034420722536749,1.2596639157095018,-0.4361262911109337,-0.0353892952366416,972.7170622805486,22.45536587035636,1.0,1207.0,450,246,791,594.0,JANDIALA GURU
34899,Nathu Chishti (261),FAZILKA,30.5999031,74.25567,34899,1910.65247264404,1909.8692626953125,0.6234355018101031,0.3300569835554907,1.7552985478707663,-0.5773484220390483,-0.2309591834095932,577.4993977888388,24.156129970429543,1.0,102.31,289,251,260,105.0,GURU HAR SAHAI
36524,Kalyan (11),PATIALA,30.3423424,76.4336548,36524,1911.2660391196976,1909.8687744140625,0.5192302760465161,0.214590760462738,1.3264111667769074,-0.5195770566431422,-0.1174405205022379,806.3748696011943,23.00613878991844,1.0,427.0,53,53,328,491.0,PATIALA
29947,Shankar (21),JALANDHAR,31.1171169,75.49313,29947,1914.0421820540807,1909.8681640625,0.5635330127629631,0.2149265156799648,1.5968631128883546,-0.5423435019755348,-0.1377252780176349,857.124855240347,22.610268232381497,1.0,830.0,180,120,1186,953.0,NAKODAR
35755,Sibian (72),BATHINDA,30.27027,74.95883,35755,1908.8613186318817,1909.867431640625,0.4935672846179346,0.1460637881852075,1.4701762715881928,-0.474546133737238,-0.0771908408843322,534.9244988781074,24.30999363580742,0.8656739128582338,1246.0,1275,750,1525,1374.0,GONIANA
37614,Bal Kalan (340),AMRITSAR,31.7657661,74.8519,37614,1907.014579945975,1909.8665771484375,0.4013159457211533,0.0535331128203958,1.0657817323045724,-0.4121134943399272,0.0091673251542339,925.7557782342332,22.57332640097519,0.9226727278881895,2.47,0,8,150,729.0,VERKA
32273,Talwandi Shibu (280),Shahid Bhagat Singh Nagar,31.0669041,76.00111,32273,1913.444177303988,1909.8662109375,0.2863864976631404,0.1623272354835438,0.765633651733189,-0.2961603683512954,-0.0349924557288787,840.9904188629328,22.733796653574966,0.5054315692087721,5.0,20,20,50,161.0,AUR
39870,Madewass (41),SANGRUR,30.2488155,75.83926,39870,1909.6040626454665,1909.864990234375,0.6432313163955466,0.310040595625162,1.6664503140745397,-0.5968963940857156,-0.2210523043239139,654.0033015420335,23.855170430480143,1.0,2.47,35,0,325,503.0,SUNAM
35509,Sadiq (47),FARIDKOT,30.7070084,74.5884247,35509,1912.714201918346,1909.863525390625,0.5094537460126912,0.1839631058298869,1.3414178876288292,-0.5037165174422141,-0.0987171375275062,584.0395930220978,23.898064460755563,1.0,1158.0,756,756,1585,1287.0,FARIDKOT
36283,Atalan (181),PATIALA,29.9639645,76.037,36283,1910.364261876058,1909.86279296875,0.548999760996582,0.259866160087762,1.549270208701477,-0.5274449590077687,-0.1635538035213367,649.1584870030778,23.67709703389056,1.0,931.17,151,151,457,772.0,PATRAN
34011,Dhurkot Kalan (49),MOGA,30.8288288,75.18155,34011,1906.94837384814,1909.8623046875,0.6309218836631755,0.2855261816340877,1.7943238941913444,-0.5797297825316244,-0.2059492386660198,708.9399208463828,23.15277844045908,1.0,412.0,280,280,310,448.0,MOGA-I
34070,Kahan Singhwala (6),MOGA,30.8288288,75.09762,34070,1908.4189336978136,1909.861572265625,0.603949175488619,0.2853090294914212,1.629793489634258,-0.5699822577268489,-0.193784157483674,687.1035736341014,23.38456090452865,1.0,6843.0,0,32,189,224.0,MOGA-II
35021,Pakan (202),FAZILKA,30.3603611,74.2342758,35021,1911.6897088540293,1909.8612060546875,0.5904353700507734,0.1796320263521667,1.4646040090684052,-0.5567546338457142,-0.1048566140093762,505.0501268006772,24.39165731532803,1.0,1323.8,310,311,607,1305.0,Arniwala Shiekh Subhan
40058,Mauran(Patiala) (67),BARNALA,30.4324322,75.39662,40058,1908.5681871709808,1909.8603515625,0.6816247482021589,0.3249793979920571,1.8316888196023515,-0.6257281824610187,-0.2437793283257441,638.7854261273195,23.773682954665105,1.0,2713.22,125,250,431,1960.0,SEHNA
34109,Kokri Buttran (282),MOGA,30.9549541,75.2176,34109,1909.6167607339328,1909.8594970703125,0.6903537516810241,0.3472018888810641,2.115170212520254,-0.6316998832218129,-0.2728405099100958,763.5870122909392,22.870780770597143,1.0,372.0,105,144,363,359.0,KOT-ISE-KHAN
29428,Pandori Jagir (121),KAPURTHALA,31.2252254,75.20008,29428,1916.9414253375728,1909.857177734375,0.5918617593323947,0.2383175469168679,1.7190353075230045,-0.5453393549011039,-0.1621003432322337,832.5359692154345,22.796543514831683,1.0,2.47,0,50,107,153.0,SULTANPUR LODHI
34914,Parbhat Singhwala Uttar (256),FAZILKA,30.6126118,74.25945,34914,1910.978348146345,1909.856689453125,0.5358405070549053,0.2351684174397999,1.6273578995122049,-0.505266323738157,-0.1470771752298963,573.5140833070176,24.17932731779252,1.0,245.0,45,262,392,114.0,JALALABAD
33461,Bhukhri Kalan (184),LUDHIANA,30.9189186,75.84033,33461,1912.647421810112,1909.853759765625,0.5211633221448995,0.1728484677263751,1.439226141894334,-0.5175717211505868,-0.0976862388618982,835.0397142579453,22.79578354606297,1.0,34.0,49,0,254,358.0,LUDHIANA-2
29274,Sheikhupur (133),KAPURTHALA,0.0,0.0,29274,1915.3855022853168,1909.852783203125,0.5192855358047586,0.1802707864480748,1.644961665845076,-0.4962309534290541,-0.1117560880092375,919.5753317898548,22.40391434877369,0.8077946611810777,172.06,20,0,332,559.0,KAPURTHALA
34920,Ram Singhwala (355),FAZILKA,30.6126118,74.25945,34920,1913.9270666297869,1909.8511962890625,0.6046622723620155,0.2823015652939545,1.6465778362144503,-0.5606300103192827,-0.18810605740205,562.0046484804589,24.180955100830385,1.0,288.0,200,200,380,287.0,JALALABAD
29096,Mudowal (110),KAPURTHALA,31.405405,75.34409,29096,1909.615665315056,1909.8507080078125,0.5445929947739676,0.2363481295801964,1.6409280451502055,-0.5222345862491401,-0.1464826359683941,855.3183767011063,22.46012897505409,1.0,4.04,150,0,220,263.0,DHILWAN
33572,Dhandra (274),LUDHIANA,30.9009018,75.80505,33572,1908.661065451414,1909.850341796875,0.4972592812008871,0.1785051084013342,1.5072329559977056,-0.4826327745058655,-0.1062540005408072,817.4316011396595,22.77611023285382,0.7242157104556655,10.0,0,0,250,1142.0,LUDHIANA-1
38303,Sangar (124),Tarn Taran,31.477478,75.0217743,38303,1911.7310714047933,1909.8502197265625,0.5322428986921018,0.2093190489820221,1.4526983920025731,-0.5180717506971033,-0.1211026093383795,929.6212331949794,22.497260960586264,1.0,190.0,68,200,350,344.0,KHADUR-SAHIB-10
37840,Jamalpur (57),AMRITSAR,31.6036034,75.22898,37840,1907.790496667885,1909.846923828125,0.5677200195400525,0.2557376994507989,1.7545249358407662,-0.529441060771335,-0.1680148373732178,936.1196401526826,22.40871888290445,1.0,142.0,120,125,290,166.0,RAYYA
40002,Pakhoke (432),BARNALA,30.4324322,75.39662,40002,1911.81291349558,1909.84619140625,0.6317952460174385,0.2727984344910016,1.7741533555979347,-0.5835716042533784,-0.195852605154788,643.7606924033361,23.72730164832146,1.0,719.0,0,304,608,790.0,SEHNA
37589,Khapar Kheri (272),AMRITSAR,31.6216221,74.9261551,37589,1910.5130062949463,1909.8458251953125,0.476921152838305,0.1094907728848923,1.2645477228086832,-0.4647769578003749,-0.0399729420438873,897.8450241496461,22.815218621373333,1.0,2.47,43,16,974,413.0,VERKA
34063,Baghelewala (66),MOGA,30.7567558,75.04134,34063,1907.9376502064404,1909.8427734375,0.656339628379657,0.3246319333103973,1.8129834817805963,-0.6038262379904383,-0.2386236938139434,677.7504625728028,23.431952089010625,1.0,407.0,0,193,271,450.0,MOGA-II
34060,Koera Khurd (63),MOGA,30.7567558,75.04134,34060,1908.604799497669,1909.842529296875,0.646702488188652,0.3213267052118941,1.8302316769226628,-0.5995690698178653,-0.2309402568372228,677.7504625728028,23.431952089010625,1.0,232.0,0,105,188,232.0,MOGA-II
34055,Chuhar Singhwala (13),MOGA,30.81081,75.04157,34055,1907.681650877064,1909.842041015625,0.6335750373764006,0.3106085126394419,1.8226724989573533,-0.5885782006655542,-0.2199166621128046,707.2533614853119,23.169338990087542,1.0,198.0,50,50,120,212.0,KOT-ISE-KHAN
37311,Barar (331),AMRITSAR,31.715929,74.61438,37311,1913.574384454729,1909.8416748046875,0.5658947280946021,0.2383212018677275,1.4388313357434246,-0.5423814206614543,-0.1483117916213381,904.1482898404496,22.86324585740084,1.0,492.0,105,140,407,552.0,CHOGAWAN
39683,Majha (19),SANGRUR,30.2882881,76.09938,39683,1908.3714819157497,1909.8411865234375,0.5953110968999576,0.2580807434230091,1.523475666391246,-0.5696867036094073,-0.1658287395927805,733.8665219952958,23.116596925856413,1.0,145.0,105,105,225,229.0,BHAWANI GARH
38299,Rakh Dinewal (115),Tarn Taran,0.0,0.0,38299,1912.3122548255296,1909.841064453125,0.5074039288711704,0.1678269215091254,1.4321549780599496,-0.49215186210462,-0.0895723730337389,935.8783168478794,22.46075896876512,1.0,1.47,790,240,277,420.0,KHADUR-SAHIB-10
30385,Partappur (263),JALANDHAR,31.3153152,75.58828,30385,1913.9381672517768,1909.8408203125,0.5501111484397878,0.1850798707605493,1.6207650423105475,-0.5193165100653095,-0.1143926882855007,887.7813786105319,22.540032582184583,1.0,335.0,25,25,517,374.0,JALANDHAR-EAST
30559,Bullowal (354),JALANDHAR,31.54955,75.62938,30559,1907.2015840292663,1909.84033203125,0.571729989780118,0.2141956891709914,1.7789371600532384,-0.5393101532246394,-0.1399980966062214,805.4736348798173,22.43289419592901,1.0,2.47,1,50,378,599.0,BHOGPUR
35022,Bananwala (200),FAZILKA,30.3603611,74.2342758,35022,1911.1026812791256,1909.8402099609375,0.6424675462411308,0.2005752946218927,1.6306360544788412,-0.5821784248645261,-0.1332082580924115,504.39476398729255,24.389623313733352,1.0,472.56,0,365,552,1231.0,Arniwala Shiekh Subhan
37616,Muradpura (342),AMRITSAR,31.6396389,74.85601,37616,1908.8974451940471,1909.836669921875,0.4354098964586016,0.0599325667804013,1.0936673105043484,-0.4456611954027384,0.0040170690191666,925.7557782342332,22.57332640097519,0.7028551002597394,163.0,70,0,150,606.0,VERKA
29721,Chak Hathiana (308),JALANDHAR,31.0436611,75.46134,29721,1912.0064883552045,1909.8363037109375,0.5194711955092942,0.211457841349659,1.4408858351182727,-0.5148100457001169,-0.1216257090229263,779.5787545850175,22.745722600675435,1.0,2.47,39,2,81,90.0,MEHATPUR
36459,Tohra (135),PATIALA,30.3423424,76.41278,36459,1905.7380650517807,1909.8336181640625,0.5369051973291513,0.217453169356944,1.436547524048018,-0.5206387219080556,-0.1272345347770057,815.9566017796891,22.94605681146857,1.0,605.0,255,259,421,657.0,NABHA
29140,Ghuluwal (102),KAPURTHALA,31.6756763,75.13911,29140,1913.145020861928,1909.8326416015625,0.5677947721931673,0.257699033954057,1.6928201313368962,-0.5391075229017012,-0.1682981697336126,856.0784382423283,22.45931731759112,1.0,10.2,10,10,30,75.0,DHILWAN
34460,Machhi Bugra (184),FIROZEPUR,30.8648643,74.78998,34460,1907.7022341875968,1909.8306884765625,0.6148182556496743,0.2761167708165889,1.6636290024287368,-0.5794224267766352,-0.1931976483531285,671.5269944473795,23.46884431232709,1.0,250.0,155,560,620,408.0,GHALL KHURD
30551,Kala Khera (368),JALANDHAR,31.333334,75.56056,30551,1910.5454450532427,1909.82861328125,0.5384451331643095,0.1934691040602173,1.629031287462028,-0.5081702107390089,-0.1195859307527367,843.1864175012009,22.479022681880625,1.0,2.1,0,0,145,168.0,JALANDHAR - WEST
35197,Kundal (134),FAZILKA,30.1441441,74.19609,35197,1910.7282196464216,1909.8272705078125,0.5536605207882008,0.1517448398586372,1.378345074393237,-0.5257078755298815,-0.0774273839268714,428.4794833965393,24.76772992223007,0.9957556827844316,1538.0,720,720,908,1644.0,ABOHAR
36189,Badanpur (181),PATIALA,30.1441441,76.2171555,36189,1908.815083200472,1909.8258056640625,0.4239353223628029,0.122165300183934,1.046096032712167,-0.4490787321618825,-0.033713972281137,736.9590012466277,23.25649771940149,1.0,822.0,17,171,254,336.0,SAMANA
30146,Shahpur (141),JALANDHAR,31.0270271,75.80011,30146,1911.615944277231,1909.8253173828125,0.6590838714753247,0.3064197474811742,1.910963607755756,-0.6063612442373845,-0.2289162435750575,846.9261619260209,22.50267018928656,1.0,217.0,46,43,361,217.0,PHILLAUR
35828,Jassi Bagwali (111),BATHINDA,30.0917377,74.83853,35828,1909.5050535860848,1909.8250732421875,0.5587511328756444,0.1618975085050324,1.380448206743172,-0.5434583975096231,-0.0848473305664688,500.7048655342488,24.63040865685786,1.0,1619.0,350,516,816,1798.0,SANGAT
39963,Rajia (79),BARNALA,30.216217,75.39719,39963,1907.3934473919687,1909.822265625,0.687866936913121,0.3320914969439918,1.8767533741288889,-0.6294542461652508,-0.252866073014153,656.7706372122171,23.871509491104323,1.0,76.0,228,391,470,676.0,BARNALA
39402,Ahmedgarh (16),SANGRUR,30.3783779,75.85614,39402,1910.168171693204,1909.82177734375,0.5486710853991097,0.2183731874142789,1.6055786308467264,-0.5262058721901152,-0.1440387560239968,782.3198976924317,22.894344868499104,0.9742331061643372,142.0,290,0,350,160.0,AHMEDGARH
37124,Shahjadabad (57),AMRITSAR,31.6175823,74.87588,37124,1910.483241641845,1909.82080078125,0.628736982991668,0.2975770027307055,1.5935085249536087,-0.5873882228584385,-0.2061970417690498,999.0128689428776,22.5214525320448,1.0,1.0,0,1,1,75.0,AJNALA
30238,Bundala (27),JALANDHAR,31.1514359,75.089035,30238,1908.751043841972,1909.820068359375,0.5905858464210983,0.2571963353676718,1.6683528185758811,-0.5606327805721292,-0.1738534127110386,819.5155058698986,22.69948721371485,0.9843595496015212,915.79,320,320,1700,1047.0,RURKA KALAN
36138,Khiwa Khurd (24),MANSA,30.0,75.50285,36138,1910.028786718578,1909.8199462890625,0.6767330965077278,0.3207697390996611,1.7954811578127736,-0.6231104855441228,-0.2391598663560955,656.4844640900986,23.96273723637933,1.0,888.0,0,302,595,943.0,BHIKHI
36523,Dadhera (10),PATIALA,30.3423424,76.41278,36523,1911.2720148196056,1909.8189697265625,0.5549170462846901,0.2275023601716876,1.4378710616254051,-0.5390975703687284,-0.1356372276769038,806.3507183594045,23.00492003423909,1.0,217.0,35,35,288,267.0,PATIALA
35520,Sadhuwala (50),FARIDKOT,30.54054,74.8318939,35520,1909.995841257973,1909.818115234375,0.5315928601008324,0.2014607991901591,1.3819548459396234,-0.5218666548644286,-0.1118249371340901,584.0395930220978,23.898064460755563,1.0,263.0,16,0,126,311.0,FARIDKOT
35061,Jorki Kankarwali (232),FAZILKA,30.4144154,74.02464,35061,1908.353799758445,1909.8154296875,0.6362690978787161,0.2932067538168058,1.6475941962750589,-0.5899370411109119,-0.2051905799525704,493.9769449641602,24.417633952211705,1.0,871.0,390,301,325,891.0,FAZILKA
35263,Khunan Kalan (195),SRI MUKTSAR SAHIB,30.3290234,74.34512,35263,1910.9200127371084,1909.81396484375,0.6152265715638016,0.3007947950282091,1.4270757230143436,-0.5788639063540785,-0.1982652935862765,491.489559080515,24.466905191845523,1.0,3800.0,150,15,790,1490.0,MALOUT
30087,Pabwan (19),JALANDHAR,31.1171169,75.32476,30087,1910.983770234605,1909.8125,0.6041918043184892,0.2508450658259184,1.7937792642299455,-0.5702629307721933,-0.1705701923229647,821.2975802829163,22.77606139731529,1.0,250.9,200,150,235,165.0,NURMAHAL
33232,Fatehpur Dhak (244),LUDHIANA,30.63063,76.09503,33232,1908.3228072067693,1909.812255859375,0.5325793466577153,0.1958617068543141,1.641437861769935,-0.5074469120727215,-0.1188918789555811,858.9960193308884,22.71178232441057,1.0,2.47,0,0,14,197.0,KHANNA
29172,Thikriwala (14),KAPURTHALA,31.3873882,75.41406,29172,1915.6527081874544,1909.810791015625,0.5581854813731776,0.2708555865575739,1.7075063466776923,-0.5295427374158549,-0.1757409462572902,889.7973681039415,22.423502021799905,1.0,167.0,67,60,80,236.0,DHILWAN
30503,Bahopur (105),JALANDHAR,31.5080833,75.5953751,30503,1910.615025022196,1909.806640625,0.5593137590002354,0.2014760361004259,1.7225137296023103,-0.5283973197773318,-0.1272493627699396,805.4736348798173,22.43289419592901,1.0,2.47,40,0,170,197.0,BHOGPUR
35522,Dhilwan Khurd (52),FARIDKOT,30.680788,74.76561,35522,1908.692265067718,1909.806640625,0.548270179668007,0.2143141513135669,1.4289102506773703,-0.5217247155709653,-0.1270048335720134,584.0395930220978,23.898064460755563,1.0,387.0,82,175,382,414.0,FARIDKOT
37686,Ghumanpura (357),AMRITSAR,31.6601849,74.87376,37686,1910.9326725890623,1909.80615234375,0.4346506925768454,0.0956476762529819,1.1437283733704788,-0.4385194176056619,-0.0270844001889986,897.9297698708875,22.815673076611944,0.7606290553103423,70.0,42,30,358,0.0,VERKA
33634,Rajapur (126),LUDHIANA,30.9006615,75.80904,33634,1913.3771267830368,1909.80419921875,0.4549676886671276,0.1511174259555785,1.3028038311918098,-0.4491633813036597,-0.06825705949343,846.9622078349488,22.80621523879904,1.0,169.0,25,18,55,215.0,LUDHIANA-1
33238,Isru (261),LUDHIANA,30.63063,76.09503,33238,1908.2392877227285,1909.801513671875,0.560564527434231,0.2443999214534666,1.7102336689011206,-0.5328477042228483,-0.158476938464131,838.5368230750458,22.707484723278867,1.0,2.47,0,0,679,626.0,KHANNA
33230,Kotla Dhak (245),LUDHIANA,30.63063,76.09503,33230,1908.622009727992,1909.8006591796875,0.5344343833517723,0.1957725490882453,1.6828526579391108,-0.503807866462552,-0.1215777139788934,844.4637097818572,22.70872970840429,1.0,2.47,0,0,115,122.0,KHANNA
37572,Bhagtupura (260),AMRITSAR,31.6756763,74.8427048,37572,1911.3185621637044,1909.798828125,0.3957115043639272,0.048177026582742,1.076981602423918,-0.4077141100507482,0.0107602341355229,906.5746691415296,22.63992971585792,0.907724469919728,169.0,0,16,195,185.0,VERKA
29690,Gidarpindi (209),JALANDHAR,31.45946,75.45092,29690,1910.1862454884,1909.7974853515625,0.5475933952680371,0.2598709217891943,1.5868198898027983,-0.5284395413965206,-0.1637708972051137,815.9554708632741,22.836940870068776,1.0,414.0,33,32,393,451.0,LOHIAN
30364,Diwali (243),JALANDHAR,31.2072067,75.5438843,30364,1911.327522514231,1909.796875,0.5845820097223431,0.2225688563313424,1.754208820546399,-0.5456073538325775,-0.1477069865073168,842.5791057755845,22.591726153523496,1.0,28.0,200,200,257,308.0,JALANDHAR-EAST
33298,Alampur Urf Chapra (205),LUDHIANA,30.54054,75.91975,33298,1905.9069215709785,1909.796142578125,0.6091387447746935,0.323495825409118,1.6852541656192472,-0.5729867690381667,-0.219655049788654,817.5590130498307,22.778822665703103,1.0,97.0,100,0,95,103.0,Maloud
37826,Lakhuwal (35),AMRITSAR,31.6036034,75.22898,37826,1915.9568750903643,1909.796142578125,0.5486997795077619,0.2404707808635962,1.6853829537163525,-0.5217966019973492,-0.1539216872027203,936.1196401526826,22.40871888290445,1.0,158.0,107,107,195,172.0,RAYYA
33306,Ber Kalan (398),LUDHIANA,30.3783779,75.85614,33306,1908.788322284592,1909.7958984375,0.5929877986109814,0.2564183299016174,1.5562580791391545,-0.5582629264208276,-0.1678976826304659,801.0315745810706,22.82935708019107,1.0,535.0,40,32,532,535.0,Maloud
35183,Kikar Khera (81),FAZILKA,30.1441441,74.19609,35183,1910.1038031596152,1909.7945556640625,0.6094493568162269,0.1682624028841153,1.6074679776877157,-0.5555881624594772,-0.1022185366590996,422.2781207335311,24.873372651115314,1.0,242.0,63,58,79,1528.0,ABOHAR
36390,Paharpur (155),PATIALA,30.3243237,76.12736,36390,1908.1800101307024,1909.7943115234375,0.6085444335639821,0.2800652654025669,1.579177273806877,-0.5736338245424736,-0.188530170820131,742.1264591624634,23.01527433478094,1.0,552.0,89,165,327,597.0,NABHA
35757,Mehma Sawai (169),BATHINDA,30.4144154,74.9857254,35757,1910.4782619442003,1909.7930908203125,0.5919838594815902,0.2532209872854538,1.5184560202267945,-0.559651814688815,-0.1617034724908302,533.5039168775755,24.30366520414144,0.940990820400178,403.0,100,130,185,1637.0,GONIANA
36514,Hirdapur (354),PATIALA,30.4684677,76.21889,36514,1906.777983215139,1909.7928466796875,0.540965458587224,0.2324903745977924,1.4655545723565964,-0.525757766167339,-0.138170761975738,806.3507172276871,23.00491997713073,1.0,244.0,65,70,155,241.0,PATIALA RURAL
34480,Shahzadi (194),FIROZEPUR,30.7027035,74.78972,34480,1906.7213856355809,1909.791015625,0.6096447060540984,0.2723191494507976,1.5990247451256592,-0.5745465428345041,-0.1825221945707031,651.5212640670461,23.556656975959243,1.0,200.0,150,685,702,730.0,GHALL KHURD
35596,Jhakharwala (149),FARIDKOT,30.4324322,75.0413742,35596,1911.88491457884,1909.7901611328125,0.6021503810168813,0.285457876519234,1.649875453224937,-0.5571891638065939,-0.1921791724908543,556.6990912769953,24.03389467354145,1.0,1033.0,224,267,434,1116.0,Jaitu
37132,Gill (48),AMRITSAR,30.9909916,74.99378,37132,1908.0562072034204,1909.7901611328125,0.5541731990652146,0.1988012064424657,1.3975624838577436,-0.5383895194142911,-0.1137183655378355,937.8472303333062,22.6954901853405,1.0,20.0,10,10,20,134.0,AJNALA
33206,Daheru (164),LUDHIANA,30.63063,76.09503,33206,1908.801331136915,1909.788818359375,0.476084388393898,0.1476234363736103,1.534892494418301,-0.4605712952416679,-0.0779437041293121,865.9678906974033,22.71181108741811,1.0,2.47,0,0,473,475.0,KHANNA
28516,Mari Panwan (13),GURDASPUR,31.6936932,75.47134,28516,1910.181219677356,1909.787841796875,0.5820127420755639,0.2246916879681358,1.8598442318713644,-0.539353805517264,-0.1516593983492445,899.495119135608,22.26800492968988,1.0,20.0,10,0,62,1083.0,SRI HARGOBINDPUR
30108,Bakapur (138),JALANDHAR,31.0270271,75.77908,30108,1912.0329587072508,1909.787109375,0.6439823177961632,0.2760253830763763,1.88444462150312,-0.6026766111668012,-0.2024861929240777,850.2256599081594,22.552911968378897,1.0,308.0,48,48,296,308.0,PHILLAUR
36618,Majal Kalan (205),PATIALA,30.1981983,76.46744,36618,1907.0666140409628,1909.7845458984375,0.5016341571629213,0.2208636325855233,1.7513683312588957,-0.4997665056128708,-0.1212071553073179,855.5401804854768,23.039179985216663,1.0,48.0,35,35,37,374.0,BHUNER HERI
37876,Doburji (56),Tarn Taran,31.477478,74.91614,37876,1911.5914264910048,1909.7843017578125,0.5301895328395525,0.1778279446472887,1.379701150767355,-0.514584354761802,-0.0975418604641009,857.3961350133317,22.745808597055657,1.0,150.0,150,150,245,346.0,TARN TARAN-12
34996,Bhamba Wattu Hithar (371),FAZILKA,30.594595,74.24564,34996,1910.652553056573,1909.78369140625,0.6078704456817116,0.3238932724559117,1.79609395172584,-0.560785588061399,-0.2245288945678589,520.5228503525623,24.33973592998908,1.0,199.0,25,63,109,221.0,JALALABAD
34017,Dala (47),MOGA,30.8127441,75.22221,34017,1906.4095935525984,1909.783447265625,0.6434800629933667,0.2916437628219001,1.8746591563737904,-0.5857085085007929,-0.2152612132983227,718.1420497121101,23.08297359652926,1.0,1541.81,942,942,1365,1542.0,MOGA-I
34208,Lalhandi (200),MOGA,30.9369373,75.16141,34208,1908.358938769175,1909.783447265625,0.6535923590008186,0.3417329113975965,1.8380603170030656,-0.605568794591756,-0.2493587649695919,729.2441966941254,23.069153166359456,1.0,144.0,50,40,64,155.0,KOT-ISE-KHAN
30637,Bidhipur on Amritsar Road (OG),JALANDHAR,31.477478,75.54995,30637,1910.018232505552,1909.782958984375,0.4821020272856319,0.1313635729681082,1.490731275293074,-0.4739100400058824,-0.0642353711044034,868.1072841074638,22.48707841643185,0.8204457423614349,2.47,0,0,200,0.0,JALANDHAR - WEST
35645,Aklia Jalal (21),BATHINDA,30.4989262,75.095665,35645,1910.752357474136,1909.781982421875,0.6820216430080994,0.3290757287169585,1.985113569639628,-0.6214777687911159,-0.251784906970118,608.373402471893,23.758246525591588,1.0,2250.0,200,500,600,1117.0,BHAGTA BHAIKA
38337,Jati Umra (119),Tarn Taran,31.54955,75.01623,38337,1911.835573781419,1909.7808837890625,0.4243149839831879,0.0916379084977586,1.1876401398614118,-0.4247332273602202,-0.0227948553372107,940.791333000888,22.44797346272628,1.0,10.0,60,100,140,131.0,KHADUR-SAHIB-10
33323,Ranwan (208),LUDHIANA,30.738739,76.01257,33323,1905.481568441504,1909.780029296875,0.5716823165133749,0.2762322449560305,1.6557113710969034,-0.542709335373067,-0.184013428065356,817.5590130498307,22.778822665703103,1.0,152.0,1,1,160,182.0,DORAHA
39704,Alo Arkh (38),SANGRUR,30.2882881,76.09938,39704,1910.2853125461863,1909.77880859375,0.5785984581986799,0.25787635393507,1.4379415616900686,-0.5542626448855205,-0.1625586319882235,733.8665219952958,23.116596925856413,1.0,500.0,92,250,535,436.0,BHAWANI GARH
29323,Badial (179),KAPURTHALA,31.36937,75.3784943,29323,1914.3346006641896,1909.77880859375,0.4809847275267561,0.1357001542916918,1.3762213473179647,-0.479499379377397,-0.0673485798798821,940.3193215624264,22.420986007329702,1.0,26.0,75,0,86,126.0,KAPURTHALA
36315,Bauran Kalan (202),PATIALA,30.3243237,76.12736,36315,1908.0122672006864,1909.77783203125,0.5864392070093778,0.2566915072349478,1.4946161690354889,-0.5594266167183266,-0.1641178737528578,733.8665219952958,23.116596925856413,1.0,556.0,200,58,384,556.0,NABHA
35602,Romana Albel Singh (128),FARIDKOT,30.3963966,75.01367,35602,1910.329273431592,1909.7772216796875,0.6264998818314692,0.2846215083525075,1.8498615545201973,-0.5821283138630943,-0.2030104890825531,529.9369506737945,24.16877724632404,1.0,722.0,311,110,310,478.0,Jaitu
33767,Akhara (142),LUDHIANA,30.6846848,75.4671555,33767,1912.5510156395785,1909.77685546875,0.6802223143716507,0.3300245061375945,1.9131950477711488,-0.6249272562456699,-0.2515817802227886,710.6089386155503,23.10264680995272,1.0,1039.0,650,685,960,1271.0,JAGRAON
39908,Sheikhuwas (58),SANGRUR,29.927927,75.80155,39908,1911.913074793053,1909.7767333984375,0.6112410072537346,0.272759772047466,1.5441938860924964,-0.5806194971864125,-0.1798891574752903,652.2356173540696,23.770953156744863,1.0,840.0,1200,0,615,815.0,LEHRAGAGA
37967,Rure Asal (246),Tarn Taran,31.405405,74.9429855,37967,1910.4127783728527,1909.77587890625,0.5867331706889188,0.2434591324462983,1.6257388648130395,-0.5488995528159425,-0.1592919481452293,812.7280267884629,22.83291248283939,1.0,10.0,50,50,398,359.0,NAUSHEHRA PANNUAN-11
29722,Burewal (309),JALANDHAR,31.0436611,75.46134,29722,1911.7724597354893,1909.775390625,0.5257970785191485,0.1930798916904759,1.476408535500312,-0.5180392015601476,-0.1109972434022627,779.5787545850175,22.745722600675435,1.0,1.0,60,50,160,202.0,MEHATPUR
33434,Jaspal Kadar (53),LUDHIANA,30.8828831,75.853775,33434,1913.333019524634,1909.7720947265625,0.5957042404895585,0.1729416128738878,1.7716442089910684,-0.566236690967234,-0.1085851181251616,848.1584730555909,22.68394309940942,1.0,98.0,20,10,725,120.0,LUDHIANA-2
35214,Sukchain (66),FAZILKA,30.3063068,74.17244,35214,1910.270502857756,1909.7711181640625,0.5745962796793425,0.1207559922607665,1.5039764124217243,-0.5337610447506396,-0.0610769708236815,419.7187925788626,24.91777199972337,0.9877548751888876,1242.0,402,391,611,1331.0,ABOHAR
30143,Kang Jagir (144),JALANDHAR,31.0270271,75.77908,30143,1910.2783325007204,1909.7701416015625,0.6584769104916329,0.2986742160004287,1.9090215493867195,-0.608798805279053,-0.2220293389444077,846.9261619260209,22.50267018928656,1.0,236.0,24,24,262,236.0,PHILLAUR
37902,Behla (65),Tarn Taran,31.45946,74.9228439,37902,1911.347985819912,1909.7698974609375,0.5407825402931664,0.1948323843113334,1.42071131905823,-0.5160722014680634,-0.1116925430396302,857.8169872204289,22.7438463275203,1.0,35.0,35,20,35,337.0,TARN TARAN-12
33489,Dhoula (67),LUDHIANA,30.9189186,75.84033,33489,1915.4979875666293,1909.7646484375,0.4603520580825048,0.1341394951644374,1.2945985988264856,-0.4686734037018102,-0.0571827465346831,837.0241598016925,22.83857311478173,1.0,24.0,100,0,125,228.0,LUDHIANA-2
36626,Hussainpur Jolla (203),PATIALA,30.2857513,76.4395,36626,1907.1109098511663,1909.763916015625,0.5416135590275419,0.2347842527001831,1.4301964038921875,-0.5349672666303465,-0.1375306613564412,855.5401804854768,23.039179985216663,1.0,162.0,142,30,157,175.0,SANOUR
40080,Gehal (19),BARNALA,30.3783779,75.7099457,40080,1909.13507914548,1909.763916015625,0.6404218127958208,0.3033730028496131,1.8339065076977623,-0.5925232529148592,-0.2204953674220193,667.1812431484108,23.507268417737137,1.0,2900.0,1100,460,1184,1572.0,MEHAL KALAN
33127,Bhagwanpura (139),LUDHIANA,30.81081,76.34226,33127,1906.0147804906048,1909.7630615234375,0.5557281464794023,0.2310807953837686,1.764011815827329,-0.5113943804540703,-0.15144326355839,887.4487522056,22.71525586757884,1.0,106.0,10,60,171,134.0,MACHHIWARA
38295,Dolchipur (112),Tarn Taran,31.5675678,75.0095749,38295,1909.090917922324,1909.7618408203125,0.5105355763236928,0.1795918530766815,1.4307229072532928,-0.4895649264432001,-0.0980552366945823,891.1189420419503,22.636377176462688,1.0,2.47,75,100,165,157.0,KHADUR-SAHIB-10
33421,Machhian Khurd (40),LUDHIANA,30.9009018,75.84705,33421,1911.6280839428305,1909.7603759765625,0.5714014680596121,0.2533113769490931,1.56671941803691,-0.5498700088226022,-0.1605217377132558,848.1584730555909,22.68394309940942,1.0,50.0,30,30,103,170.0,LUDHIANA-2
39424,Ahmadpur (42),SANGRUR,30.3783779,75.85614,39424,1909.741060548496,1909.759521484375,0.6263704838756482,0.2844614047990079,1.6616531329832491,-0.5947367364869364,-0.1996521651194778,744.6301522662537,22.99865686411482,1.0,678.0,252,0,560,756.0,AHMEDGARH
29092,Ramgarh (115),KAPURTHALA,31.5315323,75.44567,29092,1909.8606102778865,1909.7593994140625,0.5609378876347343,0.2220790033305613,1.758198353298645,-0.5297325289847896,-0.1452274519221021,843.1864175012009,22.479022681880625,1.0,1.0,1,1,315,456.0,NADALA
35499,Pindi Balochan (38),FARIDKOT,30.5935764,74.76598,35499,1910.9036132367537,1909.758056640625,0.5794353975421408,0.2512070474023948,1.5943192704360174,-0.5457299259790556,-0.1617505709255781,589.0005323102372,23.95004577035394,1.0,875.0,210,210,367,1077.0,FARIDKOT
39969,Attargarh (71),BARNALA,30.3783779,75.54286,39969,1908.4397621758487,1909.7578125,0.6640058230109928,0.3197411028865553,1.8266370146680395,-0.6136094999487536,-0.2357963495799606,663.465739332604,23.74259211561888,1.0,589.0,255,285,350,424.0,BARNALA
30464,Mari Harnia (322),JALANDHAR,31.4954948,75.52224,30464,1908.994631214404,1909.7562255859375,0.5445676337554761,0.1873095738325386,1.7045904142527393,-0.5140497418983265,-0.1162438059249566,928.4195693127248,22.44634384271134,1.0,2.0,0,0,26,68.0,JALANDHAR - WEST
34867,Sharinwala (155),FIROZEPUR,30.62713,74.2025,34867,1910.6659091000072,1909.7559814453125,0.5901540935333074,0.2713359319565049,1.5727020923963773,-0.5563511501693865,-0.1770516821603827,589.0005323102372,23.95004577035394,1.0,1133.55,81,0,244,1238.0,GURU HAR SAHAI
34859,Chak Nidana (177),FIROZEPUR,30.7027035,74.41252,34859,1909.1290716409508,1909.755615234375,0.628099263513956,0.2903632275388645,1.6095014442158038,-0.5884004329420047,-0.1970367468910336,600.097382347812,23.98513700067548,1.0,323.88,252,5,298,403.0,GURU HAR SAHAI
28994,Mand Raipur Araian (62),KAPURTHALA,31.3873882,75.41406,28994,1910.5324551994613,1909.754150390625,0.5549404528668118,0.2458723225908018,1.5903553151670482,-0.5278352359918721,-0.1524634219381588,860.1867499759095,22.40933991115594,1.0,1.0,2,0,16,281.0,NADALA
38315,Rampur Narotampur (155),Tarn Taran,0.0,0.0,38315,1911.742440692013,1909.7529296875,0.4494565706743855,0.1919529130685878,1.330905150241926,-0.4228415956182342,-0.0968316577597566,937.9381271604752,22.475434955169906,0.8330422972201855,1.47,25,25,70,396.0,KHADUR-SAHIB-10
35634,Neor (6),BATHINDA,30.2005272,74.9433441,35634,1908.0816772881503,1909.750244140625,0.6203493736925648,0.2909499789387947,1.7368249304157677,-0.5754734382420102,-0.204295553543825,585.1240101268189,23.947500589502624,1.0,450.0,428,242,430,514.0,BHAGTA BHAIKA
30494,Dasupur (339),JALANDHAR,31.3112984,75.5007553,30494,1908.5832633487896,1909.7498779296875,0.6434069393829643,0.3027303528833496,1.988100239817472,-0.5888529229759297,-0.2213869844194225,805.4736348798173,22.43289419592901,1.0,25.0,0,0,50,80.0,JALANDHAR - WEST
39924,Bhathuwan (100),SANGRUR,29.9459457,75.8152847,39924,1909.552307329912,1909.7496337890625,0.558215127688321,0.2365010255541559,1.3800822446095873,-0.5361666321797903,-0.1393548771625063,644.5696893145936,23.9387221873472,1.0,462.0,325,325,425,510.0,LEHRAGAGA
35554,Bir Bholuwala (77),FARIDKOT,30.5765762,74.83876,35554,1908.7579483807103,1909.7432861328125,0.605468960179167,0.285069008577692,1.657738651308054,-0.5690875384676425,-0.1914867886989717,601.6167127960532,23.761999019441603,1.0,376.0,15,0,80,415.0,FARIDKOT
33530,Saya Kalan (316),LUDHIANA,30.3948956,75.74166,33530,1906.6131289098005,1909.7425537109375,0.5746459216479788,0.2523282408677998,1.5855982487971167,-0.5585342873783635,-0.1671080170743757,808.5676672866242,22.77318496325944,1.0,160.0,175,45,382,190.0,DEHLON
30401,Lambri (266),JALANDHAR,31.2432442,75.55161,30401,1913.028264574638,1909.740478515625,0.5398203647420328,0.1708009081466645,1.624042275097477,-0.5157336971019314,-0.1035223407825513,857.5967037195863,22.54715480171705,1.0,6.0,25,25,275,174.0,JALANDHAR-EAST
29002,Raipur Rajputtana (65),KAPURTHALA,31.45946,75.40867,29002,1911.101779778922,1909.7403564453125,0.5273128791279587,0.2185847071127749,1.6444427033243658,-0.4958301349887558,-0.1319027152620931,851.0937139195751,22.41364285496944,1.0,1.0,2,1,72,68.0,NADALA
30263,Kotli Than Singh (183),JALANDHAR,31.27928,75.58047,30263,1905.6871114001508,1909.73974609375,0.586221963495416,0.2334558528864791,1.852416455641324,-0.5424755952643369,-0.1576130467304105,814.4297393968003,22.591733580938524,1.0,10.12,125,125,584,412.0,JALANDHAR-EAST
37822,Pallah ((42),AMRITSAR,31.6036034,75.22898,37822,1906.7208864953232,1909.73974609375,0.5527332932641926,0.2412660016013947,1.7174426926074526,-0.5216265785437617,-0.1551757104762433,938.235668662516,22.40937238720273,1.0,500.0,120,120,232,190.0,RAYYA
39918,Rajal Heri (98),SANGRUR,29.837225,75.92356,39918,1909.1256261683536,1909.738525390625,0.5894440818311002,0.2899171469477568,1.4712614141474207,-0.5677684877308579,-0.1870321173314726,642.1565704179636,23.886686963499063,1.0,349.0,225,100,260,377.0,ANDANA
39852,Nilowal (37),SANGRUR,30.2488155,75.83926,39852,1909.5805588104367,1909.738037109375,0.6096585701758599,0.29300448179901,1.5435569287463369,-0.5710113464613304,-0.1975665300533984,659.4500186850922,23.70719257325942,1.0,2.47,0,0,625,666.0,SUNAM
35648,Jalal (24),BATHINDA,30.2005272,74.9433441,35648,1909.687835582107,1909.738037109375,0.6776257924124627,0.3245662158183352,2.008896011034204,-0.6080734819035742,-0.2487673580082244,607.69501653057,23.76879921222008,1.0,3242.0,938,938,1271,2014.0,BHAGTA BHAIKA
38782,Garhi (85),RUPNAGAR,30.8828831,76.42063,38782,1899.346617694952,1909.737548828125,0.5501122662321358,0.2088340713082067,1.4674561453309785,-0.5417137748366726,-0.1213663378784577,861.8525542219826,22.68834172399466,1.0,2.47,0,0,110,151.0,CHAMKAUR SAHIB
36292,Ganeshpura Alias Seona (187),PATIALA,29.9819813,76.1756058,36292,1908.652201921956,1909.736083984375,0.4524026113740478,0.2144890429288222,1.20246633621068,-0.4725739281280844,-0.1045533630756159,664.6154168059724,23.58825847430029,1.0,202.0,65,60,120,489.0,PATRAN
39878,Nangla (57),SANGRUR,29.927927,75.80155,39878,1912.53917879968,1909.735595703125,0.6267505894340062,0.2741967281864843,1.5998724509014808,-0.5899177545907766,-0.1866721254884233,653.603107330728,23.836104091780584,1.0,881.0,670,670,720,1140.0,LEHRAGAGA
35661,Burj Gill (35),BATHINDA,30.2882881,75.3273239,35661,1910.497022116325,1909.7353515625,0.6524954176609269,0.2999917356139135,1.9696215555867205,-0.5905487243939203,-0.2225843902615679,607.175630558003,23.84649679667785,1.0,519.7,221,223,444,528.0,PHUL
33361,Rampur (249),LUDHIANA,30.738739,76.01257,33361,1908.2130652528872,1909.7337646484375,0.4912531942901377,0.2007939336043171,1.633249873120772,-0.4688401493538426,-0.1201705397434024,845.2358317823509,22.69103188945775,0.9152919370587934,700.0,0,0,1325,655.0,DORAHA
35600,Gurusar (141),FARIDKOT,30.4324322,74.89509,35600,1909.9337037219848,1909.733154296875,0.6502498255445841,0.3134617869325878,1.9547922613656017,-0.5949384289457987,-0.231043667657084,529.7815593888657,24.15965191765457,1.0,447.0,133,103,332,492.0,Jaitu
39921,Bangan (97),SANGRUR,29.7347469,75.90731,39921,1909.8097024203664,1909.7320556640625,0.5231473781786131,0.2362249391460094,1.2808697620895682,-0.5206116764412468,-0.132766566375182,639.8158596696818,23.90974260308584,1.0,20.2,1400,378,501,1108.0,ANDANA
28517,Khokharwal (14),GURDASPUR,31.9639645,75.41655,28517,1909.4127894190187,1909.7294921875,0.5839471766986485,0.2294538535459009,1.825546794217606,-0.542263953319915,-0.1547967410925491,899.495119135608,22.26800492968988,1.0,65.0,97,102,108,293.0,SRI HARGOBINDPUR
33312,Nanakpur Jagera (337),LUDHIANA,30.3783779,75.85614,33312,1908.89310018983,1909.7271728515625,0.5911783621346577,0.250599873062897,1.6337510318295592,-0.5598972038995262,-0.1753304119660328,794.4527540877391,22.85718043318751,1.0,258.0,150,105,469,258.0,Maloud
34855,Malikzada (291),FAZILKA,30.72072,74.34258,34855,1906.6177982434613,1909.725341796875,0.6484830321581921,0.3345249398792431,1.7310053895508324,-0.6074044440073508,-0.2379391219685767,612.7599479962582,23.99585421311208,1.0,180.0,875,100,160,320.0,GURU HAR SAHAI
35074,Jhumianwali (136),FAZILKA,30.1441441,74.19609,35074,1911.0576171690384,1909.7249755859375,0.6252648921886742,0.1831860817419455,1.6215389473774358,-0.5662674429353173,-0.1181586920437446,453.32788852299313,24.61984420758932,1.0,1581.0,800,780,901,1696.0,ABOHAR
37365,Dhariwal ((310),AMRITSAR,31.7864151,74.75292,37365,1908.2986558115008,1909.72412109375,0.5226950391219055,0.1930507992948496,1.300057757505033,-0.5093359391060811,-0.103966201159694,898.5380039860479,22.761928627409183,1.0,2.0,130,130,151,385.0,HARSHE CHHINA
39409,Rohira (24),SANGRUR,30.522522,75.88475,39409,1910.4972822910927,1909.721923828125,0.6010556729048537,0.2419774351764745,1.6557897947307945,-0.5634262275506211,-0.1724627982621618,779.7834528874155,22.89458248525112,1.0,954.0,160,0,583,425.0,AHMEDGARH
39855,Ugrahan (38),SANGRUR,30.2342339,75.84895,39855,1907.1017713314984,1909.7208251953125,0.6539827290871321,0.3267512060793296,1.7048903605395211,-0.6025111111131235,-0.2354580199993649,658.6701275392438,23.72838086293959,1.0,2.47,256,600,752,1080.0,SUNAM
39902,Lehal Kalan (75),SANGRUR,29.9459457,75.79449,39902,1908.904345395292,1909.719970703125,0.5692923007504316,0.2492529703461148,1.4272931552651804,-0.5520430948822467,-0.1523234223398562,645.5492403559058,23.98273289529461,1.0,1670.0,569,400,1202,2226.0,LEHRAGAGA
37621,Miran Kot Kalan (344),AMRITSAR,31.6756763,74.8427048,37621,1908.1806888220788,1909.7196044921875,0.5124698547920625,0.1625847500284454,1.3058575187699413,-0.5041083494417762,-0.080833241488272,923.4576382055184,22.58471440835465,1.0,42.0,100,100,102,779.0,VERKA
36171,Asmanpur (90),PATIALA,30.3603611,76.5939,36171,1909.9141414954013,1909.71923828125,0.4487040787015535,0.1613490727362304,1.1724841624313078,-0.4598268233717335,-0.0691961457736228,710.5211856772797,23.303076809958327,1.0,247.0,77,80,87,495.0,SAMANA
33344,Landha (224),LUDHIANA,30.738739,76.01257,33344,1907.4994597794616,1909.718994140625,0.5394748427435517,0.2674346512326045,1.7528979351812333,-0.5023433707076345,-0.1764015431854166,839.7097679784196,22.70817968043576,1.0,200.0,0,0,250,136.0,DORAHA
37945,Naurangabad (95),Tarn Taran,31.3153152,74.97666,37945,1909.2705439850351,1909.7177734375,0.5707781959478014,0.2282656071697815,1.5132837176246448,-0.5460233093397595,-0.1433842070069509,858.4668693469174,22.698707256026555,1.0,445.0,1300,280,560,687.0,TARN TARAN-12
30490,Faridpur (336),JALANDHAR,31.4234238,75.59083,30490,1907.0808844567512,1909.7156982421875,0.6003356708942743,0.2424986684537093,1.953318261557011,-0.554234964462629,-0.1688512409693635,843.532210188529,22.467295957255203,1.0,3.47,35,4,175,115.0,JALANDHAR - WEST
35570,Mandwala (87),FARIDKOT,30.63063,74.75489,35570,1907.940441255137,1909.71484375,0.6466042559608338,0.3094532284822011,1.750674264024707,-0.6090843438540905,-0.2199293740282967,618.862554745176,23.6800820412463,1.0,317.0,0,0,232,342.0,FARIDKOT
35525,Middo Man (58),FARIDKOT,30.6846848,74.77576,35525,1908.6761748882047,1909.714111328125,0.5682395188692878,0.243514683313203,1.47320624700464,-0.5484915750316715,-0.1493555775420962,584.9480558010832,23.88801163502899,1.0,322.0,75,75,200,359.0,FARIDKOT
35017,Halimwala (211),FAZILKA,30.6126118,74.25945,35017,1908.744385563359,1909.71142578125,0.519237000038337,0.2024642083816289,1.281281128506475,-0.5110047659655269,-0.1139756722798188,515.4655102300413,24.348312566994444,1.0,462.0,203,200,580,571.0,JALALABAD
39914,Rai Dhariana (155),SANGRUR,29.927927,75.82234,39914,1910.0393113424968,1909.710693359375,0.6004016380694633,0.2833635088873036,1.6070899819990527,-0.5717095498967499,-0.1897125481914529,643.9564042626737,23.870595806479848,1.0,124.0,25,50,52,1813.0,LEHRAGAGA
35258,Mohlan (176),SRI MUKTSAR SAHIB,30.3290234,74.34512,35258,1910.15987007347,1909.7099609375,0.5758121631358972,0.2290452713007663,1.4111492013968627,-0.5437910028421012,-0.136345206971452,462.31397886191775,24.57304192517637,1.0,3400.0,200,250,780,1252.0,MALOUT
33300,Ghaloti (210),LUDHIANA,30.738739,76.01257,33300,1905.0616589649144,1909.7083740234375,0.5747667104741128,0.274992757118491,1.6150557284274114,-0.5499375065323441,-0.1795744726141259,816.494632375044,22.782498537927385,1.0,335.0,10,0,795,815.0,DORAHA
39955,Thaska (117),SANGRUR,29.83722,75.92358,39955,1908.5207381825776,1909.7080078125,0.5453954158556795,0.2415821755976254,1.404528908721938,-0.5247909485352646,-0.1481297559033901,630.94819514059,24.005689615037056,0.955899673092718,12.0,600,130,199,422.0,ANDANA
37393,Adliwala (300),AMRITSAR,31.7864437,74.7529144,37393,1909.0668999480413,1909.7078857421875,0.5185732818474121,0.1798368038821448,1.234137641092511,-0.5172379992597144,-0.0898217412881586,898.4866926599791,22.70845330527425,1.0,639.0,170,530,849,708.0,HARSHE CHHINA
35779,Sardargarh (80),BATHINDA,30.2041645,74.9435,35779,1909.9398258081285,1909.7073974609375,0.536889684761639,0.148083742866681,1.231006660888986,-0.5333144598351318,-0.0670494793180519,506.8823527077306,24.55841831139904,1.0,862.0,260,260,470,989.0,BATHINDA
37838,Rajadewal (54),AMRITSAR,31.6036034,75.22898,37838,1908.4115885794413,1909.7069091796875,0.5556553265539882,0.2556487442787467,1.715034746992036,-0.5276904736232746,-0.165527436235713,936.1196401526826,22.40871888290445,1.0,116.0,35,35,70,125.0,RAYYA
36288,Dehdana (184),PATIALA,30.072073,76.11994,36288,1908.6513105293616,1909.7064208984375,0.6076010275969841,0.291427209640076,1.6617379173504714,-0.5682509893309122,-0.1992609303093147,656.4779480216085,23.612128571175568,1.0,1500.0,350,381,682,860.0,PATRAN
34481,Khaja Kharak (191),FIROZEPUR,30.6773281,75.8238449,34481,1908.5273669810224,1909.7064208984375,0.6042207953374227,0.2598027080474203,1.5290285435230515,-0.5762722062284344,-0.1703418659657532,640.7798620870011,23.5841030951018,1.0,200.0,150,570,605,484.0,GHALL KHURD
29763,Sidhupur (191),JALANDHAR,31.45946,75.40867,29763,1910.6518311912785,1909.7059326171875,0.540430320562574,0.2238170879889217,1.5925375227565717,-0.5231162159830754,-0.138650193423614,765.6197886398562,22.91207516046218,1.0,375.0,29,28,163,181.0,LOHIAN
35646,Gurusar (22),BATHINDA,30.4899273,75.14583,35646,1912.186135984659,1909.7003173828125,0.6786835483270544,0.3201901313335343,1.9824590835935167,-0.6122213559773916,-0.246882873310985,592.3491528812439,23.834306831330395,1.0,688.0,308,402,552,706.0,BHAGTA BHAIKA
36077,Bir Khurd (27),MANSA,30.072073,75.557785,36077,1908.5560965234536,1909.6978759765625,0.7059742089407635,0.3569372882962505,1.9480512354376656,-0.6438536004191521,-0.2777440120568822,656.4844640900986,23.96273723637933,1.0,1500.0,179,179,351,762.0,BHIKHI
33404,Rattangarh (19),LUDHIANA,30.9189186,75.7983246,33404,1909.642694872627,1909.6968994140625,0.5217811249502765,0.2105649390440557,1.4351374570126056,-0.51326430686874,-0.1212006984128808,846.101901114816,22.747073541434755,1.0,20.0,45,0,104,246.0,LUDHIANA-2
35495,Ghuduwala (42),FARIDKOT,30.666666,74.76181,35495,1912.3685195876728,1909.6968994140625,0.5654510111062371,0.237648270624612,1.5502702618091375,-0.539594292962862,-0.1499099282030679,585.1406398482817,23.909601359844384,1.0,478.0,355,0,321,522.0,FARIDKOT
33626,Mannewal (113),LUDHIANA,30.7152538,76.20202,33626,1911.7498482030744,1909.6951904296875,0.4771930145872455,0.1535169865163064,1.369856883304741,-0.4735769626028736,-0.0801626737739975,864.273304026355,22.76681682189809,1.0,99.0,21,8,23,110.0,LUDHIANA-1
39910,Ghoranab (59),SANGRUR,29.9459457,75.79449,39910,1910.861312593296,1909.6944580078125,0.5839124191077579,0.2604762874846862,1.4858481388109073,-0.5647337900017467,-0.1645399268654601,652.1014568121692,23.764758122588155,1.0,1129.0,250,358,905,1205.0,LEHRAGAGA
33520,Mukandpur (322),LUDHIANA,30.3948956,75.74166,33520,1906.070750844637,1909.6943359375,0.6068509246418436,0.3108574037915708,2.215425850436993,-0.5649234267322852,-0.2273927057728103,815.654564632169,22.791518636303152,1.0,289.0,180,45,322,292.0,DEHLON
37863,Thathgarh (32),Tarn Taran,31.35135,74.8787842,37863,1911.9142233184623,1909.6907958984375,0.5639121587001066,0.2213860107536122,1.5228584363651572,-0.5327917694322648,-0.1377439243332807,867.6099577051838,22.87464687623212,1.0,80.0,260,90,510,726.0,GANDIWIND-9
36229,Chutehra (19),PATIALA,30.2342339,76.32861,36229,1907.623803095288,1909.6904296875,0.5245164079438356,0.2284416011395998,1.3390066814311865,-0.5230663484161822,-0.1273209268419046,807.036930601825,23.076397794994136,1.0,402.0,123,123,176,449.0,SAMANA
34669,Dona Telu Malwala (69),FIROZEPUR,0.0,0.0,34669,1914.5982255413808,1909.68896484375,0.4437516938793835,0.0753243316788813,1.0484346886956768,-0.4385632627743073,-0.0060602654919501,647.302664630243,23.64288566511293,1.0,178.13,40,40,100,441.0,MAMDOT
37836,Gaziwal (47),AMRITSAR,31.6036034,75.2078247,37836,1913.6270009152,1909.6885986328125,0.5513428685023879,0.2205489848679578,1.6407627961642317,-0.5237515840421937,-0.1377008279418431,936.1196401526826,22.40871888290445,1.0,60.7,45,45,80,111.0,RAYYA
39685,Bibri (22),SANGRUR,30.2882881,76.09938,39685,1909.930987534804,1909.688232421875,0.6094688163331671,0.2911532593451552,1.5474813708593371,-0.577290592737894,-0.1933219999678748,734.0256218403174,23.11635338347933,1.0,158.0,4,95,215,246.0,BHAWANI GARH
29772,Rayewal Bet (197),JALANDHAR,31.1711712,75.19925,29772,1910.551838571091,1909.688232421875,0.6069786565390262,0.2824402802659066,1.7685730114320857,-0.5703455750513405,-0.195503256337599,796.6656195534795,22.85328279723497,1.0,241.0,22,22,164,263.0,LOHIAN
33386,Fatehgarh Jattan (11),LUDHIANA,30.9189186,75.84033,33386,1906.242882736995,1909.687744140625,0.5335278783032332,0.2581549490134138,1.3881021706753405,-0.5319861406348391,-0.1554506558222487,840.4909315516846,22.737270569515545,1.0,10.0,51,0,70,127.0,LUDHIANA-2
38311,Jawandpur (139),Tarn Taran,31.5629711,75.02916,38311,1912.3692000651536,1909.687255859375,0.4952168315284634,0.1622802370271432,1.4202207190129168,-0.4811762839532552,-0.0835062214000153,949.3449955399774,22.41886779496575,1.0,2.47,150,150,250,304.0,KHADUR-SAHIB-10
30122,Salkiana (171),JALANDHAR,31.0270271,75.77908,30122,1908.7400945537577,1909.6871337890625,0.5856667630433405,0.249950638713065,1.6215352291295368,-0.5668025182353355,-0.1635099230729691,859.5624394742904,22.66043148787716,1.0,364.0,30,30,284,360.0,PHILLAUR
33355,Rajgarh (243),LUDHIANA,30.738739,76.01257,33355,1907.614820800636,1909.68603515625,0.4672816703168711,0.2041626238422669,1.4820779681848533,-0.4537486141915135,-0.1147151424146017,839.7097679784196,22.70817968043576,0.9971935228296216,563.0,3,0,625,627.0,DORAHA
33088,Ranwan (81),LUDHIANA,30.8468475,76.11909,33088,1907.0980909002576,1909.6856689453125,0.5196887858337902,0.1912846723074397,1.8485671802432508,-0.4921317496447004,-0.1164424605129916,876.6879233529465,22.82727164855009,1.0,2.47,0,15,201,227.0,MACHHIWARA
35330,Kuraiwala (23),SRI MUKTSAR SAHIB,30.216217,74.6674042,35330,1908.2888437965016,1909.6845703125,0.5595443098681566,0.2000145269510558,1.3249877142964963,-0.5354829460928565,-0.1132906501191339,478.5604382944409,24.55139020647881,1.0,1135.0,15,648,1039,1266.0,GIDDERBAHA
37920,Jarmastpur (218),Tarn Taran,31.4234238,74.8729248,37920,1911.1347868912096,1909.6826171875,0.5393313942644008,0.2064985047603375,1.4813088193919366,-0.5136134783699193,-0.1222387260088659,826.1434118375186,22.81134687444477,1.0,150.0,150,120,310,282.0,TARN TARAN-12
33562,Dhaipai (303),LUDHIANA,30.7027035,75.7117538,33562,1909.433510684064,1909.6812744140625,0.6043803267274738,0.2587200802171865,1.768959502152728,-0.5671345931113181,-0.1856811126192012,784.6638801505463,22.82077246227169,1.0,400.0,365,365,525,538.0,PAKHOWAL
30242,Samrai (2),JALANDHAR,31.1171169,75.72464,30242,1908.7458142203168,1909.6802978515625,0.6121918988114731,0.2704480402716256,1.8301610839586595,-0.5725753340188725,-0.1909882838324498,837.6714985366447,22.594228386443955,1.0,1100.0,80,120,1155,1120.0,RURKA KALAN
33680,Hisowal (81),LUDHIANA,30.63063,75.5506058,33680,1912.1003747974707,1909.6800537109375,0.6544221558798933,0.3053036798023259,1.93870860234432,-0.6049531468062637,-0.2334637493005124,784.6638801505463,22.82077246227169,0.991904495145496,416.0,145,105,449,465.0,SUDHAR
33585,Manakwal (276),LUDHIANA,30.9009018,75.80505,33585,1909.3142370617093,1909.6796875,0.3298780043603234,0.0476839839262236,1.0007863591274475,-0.3526350829726757,0.0125530589064396,818.3790228998721,22.77662384106984,0.5587173540909179,106.0,0,36,828,164.0,LUDHIANA-1
29507,Shahjahanpur (20),KAPURTHALA,31.2432442,75.17228,29507,1917.972225454686,1909.679443359375,0.5728009882921503,0.2469469493782922,1.7257437574332328,-0.541517520192018,-0.1697471130564287,823.3467610829476,22.792014330617025,1.0,216.51,50,50,135,232.0,SULTANPUR LODHI
33443,Walipur (51),LUDHIANA,29.6216221,74.26427,33443,1915.1928845574944,1909.677978515625,0.5156550667946151,0.1599724981249728,1.400900440658089,-0.5166853979423717,-0.0836484561925112,848.1584730555909,22.68394309940942,1.0,20.0,0,5,90,120.0,LUDHIANA-2
29012,Sheruwal (79),KAPURTHALA,31.6016369,75.44676,29012,1906.8680969427155,1909.6763916015625,0.5769151624990855,0.2577997391886609,1.9090982478167229,-0.5339573850012737,-0.1748442195650055,843.1864175012009,22.479022681880625,1.0,66.0,20,15,25,69.0,NADALA
35636,Kotha Guru (1),BATHINDA,30.2005253,74.9433441,35636,1907.884791489195,1909.6751708984375,0.6568718592640219,0.3144003243263252,1.918119857130592,-0.5997451963167538,-0.2338876252423279,586.0742788421147,23.9226586862576,0.98669965281739,1806.0,20,209,273,3078.0,BHAGTA BHAIKA
32882,Turan (4),FATEHGARH SAHIB,30.64865,76.29771,32882,1906.4940493475349,1909.6746826171875,0.34659889560027,0.0608429626111944,1.159764197784204,-0.358117842671302,-0.003046551640854,867.154494819218,22.86668336228865,0.5661461438882347,250.0,152,141,376,253.0,AMLOH
29299,Baler Kalan (208),KAPURTHALA,31.36937,75.3996,29299,1914.964383838022,1909.6744384765625,0.507112167128882,0.154852210054989,1.5595051201635195,-0.4924401703975649,-0.087200380720206,942.3733892848388,22.416556765311952,1.0,2.5,12,22,170,59.0,KAPURTHALA
33258,Sirthala (189),LUDHIANA,30.3783779,75.85614,33258,1906.2347979432168,1909.6729736328125,0.6248906281814046,0.2800482459789014,1.6899730514061218,-0.5812854713690123,-0.1959888771803404,784.7836168907938,22.863516435933818,1.0,290.0,185,200,297,777.0,Maloud
34871,Jandwala (160),FIROZEPUR,30.4684677,74.5256,34871,1909.5773720501693,1909.6727294921875,0.6419924033864836,0.3305532655947459,1.6772501282764478,-0.6043422828591474,-0.2335974448658917,567.598603000152,24.08969369247641,1.0,967.0,467,127,445,1121.0,GURU HAR SAHAI
29134,Bajola (5),KAPURTHALA,31.3873882,75.41406,29134,1913.981765406916,1909.6683349609375,0.5565231554201682,0.2460281639645592,1.5917300515890294,-0.5271009180002464,-0.1559313384194682,867.9321168577698,22.44672942790242,1.0,126.0,40,60,88,140.0,DHILWAN
33289,Timbarwal (403),LUDHIANA,30.3783779,75.85614,33289,1912.3139657447289,1909.6680908203125,0.6364064002740272,0.3033874457459516,1.5451773938887428,-0.6103102565239868,-0.2090067910100197,760.2889480998414,22.927026586350337,1.0,228.0,30,32,73,251.0,Maloud
37529,Gehri (157),AMRITSAR,31.6216221,74.8838348,37529,1910.2736195155064,1909.6658935546875,0.4048888138723271,0.0633651049687142,1.122949538192186,-0.409864945939057,-0.0002102333646416,972.7645310571093,22.45527152660549,1.0,306.0,300,444,1250,306.0,JANDIALA GURU
38305,Mallah (122),Tarn Taran,31.54955,75.01623,38305,1911.962461582412,1909.6654052734375,0.4771338543345249,0.1424725248144248,1.287214399823886,-0.4740708486346289,-0.064085892388952,940.791333000888,22.44797346272628,1.0,190.0,100,200,294,293.0,KHADUR-SAHIB-10
35213,Sito Gunno (41),FAZILKA,30.1441441,74.19609,35213,1908.1946550962025,1909.6649169921875,0.5350294081549963,0.0956164121332167,1.29422462055081,-0.5126924861663236,-0.0315221215984883,422.91242231144327,24.937016391067832,0.9854785381634216,1575.0,658,653,1025,1718.0,ABOHAR
35038,Behak Khas (306),FAZILKA,30.4144154,74.02464,35038,1909.2656681110595,1909.6632080078125,0.6196790825518772,0.3082639450559625,1.607928489133848,-0.5715438898641533,-0.2128372928687084,519.9245157649415,24.345211129938377,1.0,309.0,1202,624,836,1013.0,FAZILKA
29144,Nurpur Jattan (18),KAPURTHALA,31.3873882,75.3085251,29144,1912.2438006602883,1909.6622314453125,0.5433913444212622,0.2552833163059588,1.5242199608360243,-0.522700858626053,-0.1586416018244808,885.0694981297462,22.42835823220865,1.0,190.0,56,100,180,209.0,DHILWAN
29014,Khassan (113),KAPURTHALA,31.477478,75.40206,29014,1906.6207369777355,1909.6593017578125,0.5681666808292754,0.2499849549637479,1.7660674332517232,-0.5298202236465518,-0.1652080569184526,841.8041717547643,22.47766074232161,1.0,4.0,30,10,48,1097.0,NADALA
30154,Mathadda Khurd (127),JALANDHAR,31.0270271,75.77908,30154,1909.7353757743424,1909.6590576171875,0.6431111082498957,0.2823785404087932,1.865747678108267,-0.5974475278486175,-0.2080185980570213,840.5351952581271,22.590057946593934,1.0,316.0,85,85,287,313.0,PHILLAUR
30030,Mau (111),JALANDHAR,31.0270271,75.77908,30030,1913.207766676706,1909.657470703125,0.5802777558260714,0.2614221052612979,1.6231027206781463,-0.5525331292779495,-0.1726266898698936,846.9622078349488,22.80621523879904,1.0,1013.0,152,152,620,1025.0,PHILLAUR
30555,Talwandi Jhandir (360),JALANDHAR,31.477478,75.54995,30555,1909.4675171688043,1909.6568603515625,0.537531076587941,0.1991382470626581,1.767071518808825,-0.5059984775011354,-0.1259667054435871,843.1864175012009,22.479022681880625,1.0,71.0,40,0,76,78.0,JALANDHAR - WEST
35185,Amarpura (79),FAZILKA,30.2342339,74.22228,35185,1909.791535566283,1909.65576171875,0.5736869921364035,0.1179051581873006,1.4001572948234124,-0.5477959407772045,-0.0534765574099254,415.4858168921135,24.93039097262107,0.9697529991548344,1516.0,322,322,804,1539.0,ABOHAR
35075,Mamu Khera (144),FAZILKA,30.3423424,74.2414856,35075,1910.5780666204964,1909.655517578125,0.5968498232372647,0.1947643545422415,1.469363970390429,-0.5576669140576566,-0.1172840952525537,465.65870372556617,24.54536775591072,1.0,567.0,0,175,272,1262.0,Arniwala Shiekh Subhan
29916,Rangra (130),JALANDHAR,31.2252254,75.49507,29916,1912.890806393265,1909.655517578125,0.6162164019894396,0.2536204493619546,1.9611420383448803,-0.571321650871221,-0.1816059429928014,852.1641522339262,22.60530739673309,1.0,175.0,12,12,88,187.0,NAKODAR
32279,Daryapur (278),Shahid Bhagat Singh Nagar,31.0261,76.0150452,32279,1913.003331548556,1909.6546630859375,0.4903913110279568,0.2155015967541469,1.241373127625022,-0.505485185297889,-0.1094712662161919,840.4909315516846,22.737270569515545,1.0,4.0,65,90,206,170.0,AUR
36362,Duladi (1),PATIALA,30.3603611,76.15539,36362,1910.6222275193545,1909.6536865234375,0.5142430646550892,0.1803798669508118,1.309474585489793,-0.5082195599611643,-0.0989927310949256,742.1264591624634,23.01527433478094,0.6219030676764625,570.0,400,60,801,670.0,NABHA
30448,Gazipur (403),JALANDHAR,31.3873882,75.4562759,30448,1914.6562451472544,1909.65185546875,0.4296891463211354,0.0783035576682409,1.3193491242823403,-0.4371474086067354,-0.0206552958921329,958.2364502360718,22.3924562069638,0.8543182151210362,2.27,0,0,167,219.0,JALANDHAR - WEST
35519,Janerian (49),FARIDKOT,30.522522,74.83893,35519,1909.7230523476392,1909.6514892578125,0.5928631842184187,0.2528151291038056,1.4978643138728127,-0.5607888251412265,-0.1607340556716285,584.0395930220978,23.898064460755563,1.0,36.0,379,0,165,374.0,FARIDKOT
37949,Dugalwala (100),Tarn Taran,31.45946,74.94397,37949,1908.8123049905787,1909.6497802734375,0.5742945285956685,0.2347530452163551,1.5815784552702412,-0.5397280712076234,-0.1490375143149519,855.9307250192063,22.707733182606887,1.0,245.0,80,0,270,273.0,NAUSHEHRA PANNUAN-11
34217,Chotian (102),MOGA,30.9909916,75.16193,34217,1909.0621656723604,1909.649658203125,0.6585477668397853,0.3452296090508099,1.89373224149238,-0.6043209445110728,-0.254525486900822,729.1203212978147,23.06960209623401,1.0,133.0,25,46,48,148.0,KOT-ISE-KHAN
33646,Talwara (149),LUDHIANA,30.7150917,76.2017059,33646,1913.491414489508,1909.648681640625,0.5101490889898909,0.1440492194701995,1.557423230426168,-0.5005976212348059,-0.0794878432700498,839.1158971002,22.783892110549857,0.9371989710808262,178.0,122,52,421,358.0,LUDHIANA-1
35625,Malla (4),FARIDKOT,30.4144154,75.04841,35625,1910.7772383112183,1909.6483154296875,0.6436810407198933,0.3015987575750339,1.8285062841370472,-0.5923836470265482,-0.2200663110911548,556.1875191771979,24.083244865097548,1.0,412.0,32,72,82,1010.0,Jaitu
37742,Tarsikka (116),AMRITSAR,31.6396389,75.13114,37742,1907.2656774306613,1909.6473388671875,0.4154227644701369,0.0977824109939016,1.3113709695971396,-0.4118338347117991,-0.0331900764267724,981.3819897648592,22.40511465119681,1.0,107.69,91,91,178,1145.0,TARSIKKA
35206,Bahadar Khera (61),FAZILKA,30.1441441,74.21693,35206,1908.863819656982,1909.646728515625,0.518729712438136,0.1264493856460611,1.2851533132502646,-0.4940720434496758,-0.0556504746131052,426.9568886568261,24.84278889079892,1.0,1246.0,239,227,639,1321.0,ABOHAR
35577,Bir Chahal (112),FARIDKOT,30.6846848,74.77576,35577,1909.5227832177115,1909.643310546875,0.6274176857528492,0.2876273784784779,1.737983510340194,-0.5877479583902939,-0.2011557684479334,574.6241577642169,23.89277002727871,1.0,159.0,0,65,90,239.0,FARIDKOT
34934,Chak Kathgarh (190),FAZILKA,30.7008018,74.33005,34934,1908.664773107794,1909.6392822265625,0.6534136317150345,0.3421828121429793,1.638454588683937,-0.6017203404637562,-0.2415543641379201,575.0692727973359,24.12326903753388,1.0,482.8,82,60,117,599.0,GURU HAR SAHAI
33584,Ranian (266),LUDHIANA,30.3603611,75.7377548,33584,1910.3373936131009,1909.6361083984375,0.2748958662752388,0.0282836774851649,0.9154347722913386,-0.3031650215731356,0.0225309353719111,832.749739566971,22.812968113267225,0.20638532653571,275.0,58,58,430,310.0,LUDHIANA-1
39479,Bunga (124),SANGRUR,30.5116768,75.90329,39479,1908.196966333816,1909.635498046875,0.6005841796561449,0.2796857510901899,1.4793855794968351,-0.5721044952047488,-0.180842205698277,751.5093147621349,22.93322978567525,1.0,220.0,30,30,95,255.0,MALERKOTLA
37696,Bhaini Badeshan (87),AMRITSAR,31.6216221,74.8838348,37696,1910.244995857964,1909.63525390625,0.4681993112432394,0.1229582389858078,1.4982576677421724,-0.4484617085778882,-0.0587910705407104,941.8833050056076,22.44822271153151,1.0,425.0,0,75,123,239.0,JANDIALA GURU
33220,Ghungrali (233),LUDHIANA,30.63063,76.0741,33220,1907.7874681791432,1909.63525390625,0.5389820981957902,0.2075074653058493,1.7306755511330938,-0.5085869002683335,-0.1325739588085477,838.5368230750458,22.707484723278867,1.0,2.48,0,0,445,764.0,KHANNA
33650,Birmi (146),LUDHIANA,30.9189186,75.46229,33650,1910.4127176973795,1909.6290283203125,0.5323041265405323,0.162740779943863,1.569161461327088,-0.5154273290067288,-0.0986733959430106,819.4311651399033,22.722257702118725,0.9875721493567512,290.0,163,163,367,761.0,SIDHWAN BET
37847,Sheron Bagha (1),AMRITSAR,31.6036034,75.22898,37847,1910.6999705785952,1909.6285400390625,0.3485792388488078,0.1234922140899265,0.983963145040878,-0.3522073478555097,-0.0304528656896989,860.1867499759095,22.40933991115594,0.7546459759879713,400.0,150,150,350,919.0,RAYYA
37563,Rakh Manawala (149),AMRITSAR,31.6396389,75.00416,37563,1911.8352142401568,1909.6285400390625,0.3843010685402643,0.0217584603702438,1.0924693813063553,-0.3806624120493038,0.0305112257567897,933.436656277408,22.53343531145123,1.0,107.2,17,18,23,117.0,JANDIALA GURU
37898,Tharu (60),Tarn Taran,31.477478,74.91614,37898,1911.6876526160736,1909.6285400390625,0.5192126378127823,0.1706782106559825,1.4219239547705662,-0.5004574615180177,-0.0933023341454726,857.3961350133317,22.745808597055657,1.0,980.0,76,30,625,402.0,TARN TARAN-12
39789,Rattoke (74),SANGRUR,30.2882881,75.84898,39789,1908.6004287805083,1909.62841796875,0.6969049110804039,0.3366021539300028,1.918455730603687,-0.6347806106495828,-0.257353673265613,659.4906988551514,23.83767581675164,1.0,445.0,150,150,210,478.0,SANGRUR
29099,Behlolpur (81),KAPURTHALA,31.36937,75.3996,29099,1906.879620018951,1909.6273193359375,0.5930863188713631,0.2699724765377942,1.8213226794690407,-0.552241902344718,-0.1846028330901847,855.3183767011063,22.46012897505409,1.0,80.0,7,15,111,92.0,NADALA
29100,Nihalgarh (83),KAPURTHALA,31.3873882,75.41406,29100,1909.9278663983573,1909.6260986328125,0.5924671559297887,0.2730711989101312,1.7900196378818891,-0.5527041168048761,-0.1848066454073344,855.3222137657397,22.460088945068247,1.0,1.0,2,0,94,109.0,NADALA
36392,Saluwala (208),PATIALA,30.3603611,76.13451,36392,1907.5063791853468,1909.6258544921875,0.6469577691344854,0.2557746813597639,1.810537241756988,-0.5944996986473793,-0.1804698921276051,742.1264591624634,23.01527433478094,1.0,186.0,51,64,125,206.0,NABHA
37626,Kambo (348),AMRITSAR,31.6396389,74.85601,37626,1911.3591353128056,1909.625732421875,0.4415386132963912,0.0756557187163807,1.0580976086171363,-0.4616029559336242,-0.004563436918835,918.5880577607118,22.60884471257576,0.8807792219914802,6.0,20,20,362,394.0,VERKA
34884,Sher Mohammad Mahigir (273),FAZILKA,30.5045052,74.0931244,34884,1905.5759561622388,1909.624267578125,0.6635000811128229,0.3373448419612228,1.7399047789440674,-0.609767349841337,-0.2446682488177762,586.3866258037349,24.092636183938943,1.0,495.0,237,225,248,502.0,GURU HAR SAHAI
30355,Kanuni (194),JALANDHAR,31.3153152,75.58828,30355,1908.953315643908,1909.6241455078125,0.5026789206269449,0.167187266073488,1.7787770009931614,-0.4722182040552694,-0.104148317160795,814.4297393968003,22.591733580938524,1.0,0.01,0,0,1,127.0,JALANDHAR-EAST
36329,Rohta (187),PATIALA,30.3603611,76.13451,36329,1911.434961329024,1909.6207275390625,0.5847606314732706,0.2419350524346148,1.616152803781746,-0.5528124392188427,-0.1587717157675717,775.388428848018,23.00953171966017,1.0,352.0,72,65,298,443.0,PATIALA RURAL
35531,Burj Masta (55),FARIDKOT,30.6846848,74.75481,35531,1907.6203157288328,1909.6207275390625,0.5619488500751647,0.2287100024822382,1.499029042722301,-0.5381365160693182,-0.1396517378540195,588.5878148486512,23.84773495640576,1.0,2.47,144,144,204,339.0,FARIDKOT
32828,Kotli (89),FATEHGARH SAHIB,30.6126118,76.12274,32828,1906.450732170857,1909.6201171875,0.5988915812089304,0.2807269331762108,1.680716810450901,-0.5623638612527404,-0.1902253417655276,797.9699912478821,22.851000825335177,1.0,2.47,24,35,62,66.0,AMLOH
36672,Punian khanan (145),PATIALA,30.3603611,76.3642044,36672,1906.1507405531163,1909.61865234375,0.4658971511948905,0.2010165103082353,1.2889177445039195,-0.4789160583570292,-0.0993048368858797,855.5401804854768,23.039179985216663,1.0,167.0,185,186,270,183.0,BHUNER HERI
35701,Gill Kalan (40) (Part),BATHINDA,30.27027,75.23005,35701,1908.525412062877,1909.6177978515625,0.6370956551600836,0.2947175291234087,1.7160260357656527,-0.5924996859598947,-0.2116803463331664,620.8175810983079,23.93911276809149,1.0,1038.4,240,232,784,1172.0,RAMPURA
33311,Saharan Majra (385),LUDHIANA,30.3972473,75.735,33311,1910.814013608467,1909.6158447265625,0.6504195846448437,0.3175194997799598,1.7316638240332611,-0.6094218955166166,-0.2289947310604308,794.7597916121371,22.853130118033988,1.0,478.0,163,163,308,488.0,Maloud
33518,Shankar (320),LUDHIANA,30.3948956,75.74166,33518,1906.8983566738289,1909.6141357421875,0.5692448395882791,0.249342453301775,1.8899568228686168,-0.5413655763784536,-0.1717488907192718,822.9384216477769,22.76890863195922,1.0,377.0,136,45,542,435.0,DEHLON
29009,Bulewal (74),KAPURTHALA,31.36937,75.3996,29009,1911.1539646427573,1909.6138916015625,0.5176753555881457,0.2218397153339779,1.6307238100124617,-0.4858577257943467,-0.1330646956824539,828.5947921199134,22.434745169275605,1.0,2.0,20,0,72,90.0,NADALA
35221,Narainpura (70),FAZILKA,30.1621628,74.20964,35221,1911.1842716141937,1909.61376953125,0.490146855184961,0.0607648990201094,1.1717672188761992,-0.4956978979059697,0.0023543143827471,415.4400172641175,24.96668823694449,0.9824154253454502,777.0,232,253,543,845.0,ABOHAR
29990,Bir Udhowal (325),JALANDHAR,31.04845,75.44152,29990,1913.1045527891545,1909.6134033203125,0.556398331248804,0.1999997274654663,1.6065776687225648,-0.5267575355791206,-0.1254659420390195,779.578834547259,22.74572224778667,1.0,80.0,8,10,35,212.0,MEHATPUR
34836,Qutabgarh (174),FIROZEPUR,30.71287,74.2890244,34836,1908.686500018268,1909.61279296875,0.627548441935346,0.304316358744044,1.6449146733861355,-0.5893197389172636,-0.2083005364763583,600.097382347812,23.98513700067548,1.0,358.0,852,125,219,475.0,GURU HAR SAHAI
33553,Jarahan (346),LUDHIANA,30.7027035,75.7117538,33553,1910.2370198692472,1909.61279296875,0.6525966455766533,0.3119987811263711,1.7762689793987758,-0.6110655884432422,-0.2293984472985844,782.3198976924317,22.894344868499104,1.0,360.0,200,0,190,385.0,PAKHOWAL
30213,Ghurka (33),JALANDHAR,31.1171169,75.72464,30213,1907.684416290601,1909.6116943359375,0.634370577766687,0.276355416520627,1.8101003680474668,-0.5946248515538531,-0.195922102607497,806.6492083247932,22.63369435344565,1.0,844.0,35,30,490,924.0,RURKA KALAN
38306,Sangar kot (121),Tarn Taran,31.477478,75.0217743,38306,1911.927743843852,1909.611328125,0.4829752683629337,0.1459925525396103,1.3185394842582558,-0.4756981288725563,-0.0680529268900784,940.791333000888,22.44797346272628,1.0,9.0,65,10,350,289.0,KHADUR-SAHIB-10
34880,Moranwala (186),FAZILKA,30.7027035,74.41252,34880,1906.491521350276,1909.6075439453125,0.6365344470157746,0.3089176689091648,1.7156545915982493,-0.5924688372259523,-0.2184538073759753,593.7447565079639,24.060523675935105,1.0,885.0,560,90,130,267.0,GURU HAR SAHAI
30501,Dode (348),JALANDHAR,31.4234238,75.59083,30501,1909.747443433611,1909.6075439453125,0.5765645850042695,0.2204594535721983,1.792440314639559,-0.5379819912238796,-0.1456058444616914,805.4736348798173,22.43289419592901,1.0,74.0,95,50,95,83.0,JALANDHAR - WEST
35039,Saido Ke Uttar Urf Chandmari (302),FAZILKA,30.4106655,74.02774,35039,1908.93819781802,1909.607177734375,0.6276389237466108,0.3114192576715075,1.526585264935998,-0.581504546466435,-0.2152876499393289,514.0434066984012,24.361626019794137,1.0,342.0,191,205,292,357.0,FAZILKA
35506,Jhok Sarkari (30),FARIDKOT,30.78199,74.69663,35506,1908.9021606519807,1909.6058349609375,0.6178633264114979,0.2737996803097247,1.547201381402947,-0.5789560309684871,-0.1818273321296175,614.2151460436942,23.79053905510139,1.0,496.0,417,192,268,597.0,FARIDKOT
39785,Loha Khera (1),SANGRUR,30.2522526,75.86286,39785,1909.4209223504708,1909.6026611328125,0.6751757246194722,0.3173778826667346,1.94787774523678,-0.6140459188399038,-0.2401305784327465,659.4906988551514,23.83767581675164,1.0,2024.0,250,200,605,563.0,SANGRUR
29994,Mehatpur (47),JALANDHAR,30.7927933,76.41186,29994,1915.4027394524453,1909.6021728515625,0.5346654574060209,0.2232595510591608,1.6041624559753758,-0.51319717570436,-0.1471945357001528,822.2831765599964,22.64542264959224,0.9420663916244166,24.0,25,24,33,1191.0,MEHATPUR
36220,Asarpur (17),PATIALA,30.1981983,76.21727,36220,1907.2064731755536,1909.6005859375,0.5212281628013917,0.2306243292886647,1.3221513312257087,-0.5148140332019544,-0.12916848663974,806.8832241845031,23.076483465706904,1.0,253.0,78,75,162,340.0,SAMANA
29130,Boot (3),KAPURTHALA,31.477478,75.3598,29130,1911.736043057124,1909.59912109375,0.5571549965866405,0.2437444805933538,1.6515227094110396,-0.5202418760761756,-0.1565171586778849,855.3183767011063,22.46012897505409,1.0,400.0,123,109,659,169.0,DHILWAN
40049,Ghunas (61),BARNALA,30.4324322,75.3757248,40049,1909.610707094002,1909.598876953125,0.6624105712561047,0.3036506469732554,1.7734328564130275,-0.6063794153280145,-0.2243892432368626,638.1213310172456,23.86860843393913,1.0,493.0,226,226,526,580.0,SEHNA
35380,Chak Chibranwali (43),SRI MUKTSAR SAHIB,30.4684677,74.5256,35380,1910.2591557871049,1909.5985107421875,0.6167155964046567,0.3144376182740462,1.4410903728518751,-0.5813965888170899,-0.2073149014653191,508.1724169661896,24.401347738773268,0.9789555246625248,4500.0,350,350,790,1694.0,MUKTSAR
33330,Gobindpur (233),LUDHIANA,30.738739,76.01257,33330,1907.563851993076,1909.592041015625,0.5897165139153367,0.2701696235578031,1.8624276487232247,-0.546759347451773,-0.1856888030298832,838.5368230750458,22.707484723278867,1.0,251.0,1,1,196,275.0,DORAHA
33366,Katani Khurd (211),LUDHIANA,30.9009018,75.84705,33366,1907.1571401998,1909.5906982421875,0.516361140402946,0.1895832408228649,1.6148014039277945,-0.492096288896414,-0.1159910079193073,852.8202099756068,22.717998265246848,1.0,21.0,30,30,112,94.0,LUDHIANA-2
29886,Kang Sahbu (140),JALANDHAR,31.1171169,75.49313,29886,1913.5875720337497,1909.590576171875,0.5777941487000517,0.2249634681856641,1.6334349574541964,-0.5491058534358465,-0.1479279893511862,892.3655989577668,22.53479004222732,1.0,470.0,105,200,553,521.0,NAKODAR
40044,Badra (76),BARNALA,30.3603611,75.52894,40044,1905.8228446556475,1909.5897216796875,0.6742686162692753,0.3210720710807706,1.9436390179360403,-0.6157108743811162,-0.2440883697637989,646.0838857104676,23.910025844172026,1.0,86.0,152,453,607,866.0,BARNALA
35427,Jagat Singhwala (154),SRI MUKTSAR SAHIB,30.4864864,74.518486,35427,1908.8289618637727,1909.5869140625,0.585997389321842,0.257643596384207,1.613541971212631,-0.554267347572465,-0.1678785797469353,580.6165078230308,24.00659754644177,1.0,2.47,0,0,290,740.0,MUKTSAR
30546,Bhikha Nangal (376),JALANDHAR,31.405405,75.449646,30546,1910.765881768399,1909.586181640625,0.6006369556855657,0.2391340861595479,2.044571734373481,-0.5518048338064349,-0.1718707948547493,843.1864175012009,22.479022681880625,1.0,160.0,2,0,150,167.0,JALANDHAR - WEST
35630,Wara Bhaika (152),FARIDKOT,30.4324322,74.87419,35630,1910.2850945597008,1909.5843505859375,0.6294684383818726,0.2922425085878945,1.7462526015909257,-0.5813825320039939,-0.2049546542065577,554.8629852940934,24.11462123421813,1.0,800.0,565,200,2500,863.0,Jaitu
29976,Bulanda (322),JALANDHAR,31.0450459,75.4779739,29976,1912.2179631389129,1909.5843505859375,0.5847028436732296,0.2559045991476975,1.723724660806405,-0.5531091687953757,-0.1761074769547325,787.3607032123863,22.73098975842234,1.0,135.0,215,160,235,352.0,MEHATPUR
30511,Sudana (103),JALANDHAR,31.5865765,75.66962,30511,1910.965496235158,1909.584228515625,0.588936723518684,0.2275526439713031,1.820415396145831,-0.5529696587148165,-0.1515919875076752,805.4736348798173,22.43289419592901,1.0,2.56,20,28,330,336.0,BHOGPUR
36160,Gurdialpura (83),PATIALA,30.0180187,76.16165,36160,1908.511247319468,1909.5826416015625,0.6050656901018501,0.1944000607836792,1.8104508565100408,-0.5573035740390266,-0.1283012231111221,689.1775325764171,23.435670570264865,0.889211366284664,130.0,130,100,165,996.0,SAMANA
33362,Katani Kalan (212),LUDHIANA,30.9009018,75.84705,33362,1907.3634362529065,1909.58203125,0.469230450600421,0.1572025987269136,1.4039701095596266,-0.4634306547826183,-0.0811070115496884,859.5889617798737,22.65463891727549,1.0,10.0,40,40,374,543.0,LUDHIANA-2
33264,Daumajra (253),LUDHIANA,30.738739,76.01257,33264,1907.5043017804924,1909.5792236328125,0.653211734092554,0.3271326496402474,2.1101952304434035,-0.592612556060754,-0.2442771640238491,838.5368230750458,22.707484723278867,1.0,150.0,0,0,100,197.0,DORAHA
37629,Kotla Dal Singh (351),AMRITSAR,31.6573219,74.87201,37629,1914.221685478691,1909.5791015625,0.4846964541699962,0.1389537616756804,1.2177681992667142,-0.4816180476764973,-0.0586702348237299,898.4865638425248,22.708453943606344,1.0,120.0,0,7,53,247.0,VERKA
33682,Ghuman (86),LUDHIANA,30.63063,75.52966,33682,1912.838996902474,1909.5780029296875,0.6138814096523568,0.2621167297323972,1.7190671987234123,-0.5821893957669384,-0.1861759867733315,784.6638801505463,22.82077246227169,1.0,261.0,77,77,415,261.0,SUDHAR
39469,Chupka (104),SANGRUR,30.5045052,75.9334259,39469,1910.53406246554,1909.5777587890625,0.6042031130816108,0.274526500813731,1.4363524186208307,-0.5753406945621118,-0.1807033943702172,760.2889480998414,22.927026586350337,1.0,210.0,100,48,210,240.0,MALERKOTLA
33661,Gahaur (143),LUDHIANA,30.63063,75.52966,33661,1910.1134336087728,1909.5771484375,0.5875230501245156,0.189403113684135,1.671695647817164,-0.5589734099670088,-0.126598812604769,819.4311651399033,22.722257702118725,1.0,340.0,83,83,318,340.0,SUDHAR
33116,Bohapur (340),LUDHIANA,30.9009018,76.18303,33116,1908.2052506470195,1909.5767822265625,0.498155376443654,0.207773239544573,1.6118328095158083,-0.4604095471448864,-0.1338590153010855,857.7620780460942,22.671739583031563,1.0,165.0,45,45,152,174.0,MACHHIWARA
30220,Pasla (51),JALANDHAR,31.1171169,75.72464,30220,1909.6668688805528,1909.5755615234375,0.645611575767763,0.2826067914440205,1.9337199228525883,-0.5980857798390781,-0.2083202411967534,831.9011124780076,22.70811725901973,1.0,460.0,150,60,630,517.0,RURKA KALAN
35662,Dhapali (444),BATHINDA,30.2882881,75.3273239,35662,1908.5479107547576,1909.573974609375,0.6548489271565513,0.3139531139996256,1.968433982655332,-0.5971415609997843,-0.234105658189857,624.2255975393941,23.82795034967757,1.0,1125.0,425,425,575,2485.0,PHUL
36956,Said kheri (72),PATIALA,30.4801254,76.59131,36956,1908.3795556082628,1909.57275390625,0.322609489402716,0.0312522481169507,0.905623275629586,-0.3682994852227476,0.0335963638646285,840.4430781928664,22.99726440455919,0.7475905709933828,4.0,2,2,394,455.0,Shambu Kalan
34941,Janisar (116),FAZILKA,30.6126118,74.25945,34941,1912.1201271092848,1909.5718994140625,0.5669053840069429,0.1956165401926084,1.4494098677414449,-0.5413062983113714,-0.1122192429156719,546.4187207629578,24.21506824123896,1.0,442.0,15,62,101,558.0,JALALABAD
33529,Saya Khurd (317),LUDHIANA,30.3948956,75.74166,33529,1907.2553177940265,1909.569091796875,0.5418924311883859,0.2228706201869795,1.5087549763334096,-0.5282440551205754,-0.1419249188015169,808.5676672866242,22.77318496325944,1.0,150.0,132,55,203,171.0,DEHLON
35041,Naulan (304),FAZILKA,30.4144154,74.02464,35041,1912.3708769257528,1909.5689697265625,0.6672357753718845,0.3197358955852515,1.7104170941990544,-0.6124546160493204,-0.2326173077183821,513.9391172767872,24.34452148271004,1.0,202.0,126,62,202,214.0,FAZILKA
33414,Gopalpur (30),LUDHIANA,30.8828831,75.853775,33414,1911.4395271231976,1909.56640625,0.5661899025515902,0.2182266417239601,1.467427397033081,-0.5495628096618649,-0.1320838786464361,844.9581952849092,22.706200913998508,0.9666848693848398,24.0,10,5,25,74.0,LUDHIANA-2
33417,Haidar Nagar (34),LUDHIANA,30.9189186,75.8613358,33417,1913.4360578650144,1909.564697265625,0.522643131008232,0.0849310997048847,1.4294793956239618,-0.5172451070515309,-0.0305518130858029,848.1584730555909,22.68394309940942,0.7771437943953798,20.0,0,0,100,298.0,LUDHIANA-2
35553,Pipli (76),FARIDKOT,30.54054,74.8318939,35553,1908.1480352042856,1909.5635986328125,0.5912417761206412,0.2572071558425761,1.5652740481944052,-0.559754888387306,-0.1676534080684766,588.7886820495107,23.846421014899853,1.0,1153.0,223,286,349,1371.0,FARIDKOT
36358,Bhojo Majri (172),PATIALA,30.3603611,76.15539,36358,1909.6360166473864,1909.5626220703125,0.5329606937336093,0.2182108957043873,1.4161076190711035,-0.5177246959117773,-0.128227599979371,775.388428848018,23.00953171966017,1.0,207.0,45,76,132,247.0,NABHA
36354,Labana Teku (162),PATIALA,30.3603611,76.2597961,36354,1907.216488431963,1909.5616455078125,0.5168504429380132,0.2030158871807022,1.390507080555989,-0.5066811263964969,-0.1133849113161243,775.388428848018,23.00953171966017,1.0,400.0,300,65,467,453.0,PATIALA RURAL
36526,Ucha Gaon (14),PATIALA,30.3423424,76.30839,36526,1910.0916578235745,1909.55810546875,0.547578609825024,0.2398575186112621,1.4341148090421334,-0.5353977638645772,-0.1442970106426351,806.3507172276871,23.00491997713073,1.0,337.0,25,35,226,367.0,PATIALA
33313,Kulahr (336),LUDHIANA,30.3603611,75.8630447,33313,1909.05332060144,1909.5576171875,0.6438523367439126,0.3068678363770998,1.8214873775666816,-0.6007276708474119,-0.2255634129870005,798.1422933747666,22.84587891937236,1.0,100.0,60,5,50,555.0,Maloud
32227,Garhi Ajitsingh (208),Shahid Bhagat Singh Nagar,31.0450459,75.9406357,32227,1908.928376764545,1909.55712890625,0.630846004307258,0.284589662866327,1.7841798140076648,-0.5940791224312072,-0.2021681762373549,833.6087830185625,22.589622124366933,1.0,404.0,7,0,362,463.0,AUR
36517,Balipur (5),PATIALA,30.3423424,76.3710251,36517,1910.050690105912,1909.556884765625,0.5186374035214592,0.2225630380952593,1.364470764480513,-0.5184869424427532,-0.1237013577305435,806.3507172276871,23.00491997713073,1.0,165.0,34,25,84,176.0,PATIALA
39470,Saraud (43),SANGRUR,30.5045052,75.9334259,39470,1912.1671027181608,1909.5565185546875,0.5958197512900478,0.2731695684247576,1.427575634682836,-0.5725275360012467,-0.1754116542312943,760.2889480998414,22.927026586350337,1.0,690.0,200,100,560,873.0,MALERKOTLA
33379,Rajur (202),LUDHIANA,30.9189186,75.84033,33379,1907.522930973768,1909.555908203125,0.5739531467384339,0.2418044522026831,1.636072322257044,-0.5540045759726765,-0.1569628473463888,849.1459134032624,22.75239176079907,1.0,472.0,2,0,121,378.0,LUDHIANA-2
35494,Kingra (44),FARIDKOT,30.5935841,74.7659454,35494,1911.2159138823856,1909.5550537109375,0.5079481374054803,0.1861233457565956,1.375934219183812,-0.5000094980755936,-0.098815856685617,584.0395930220978,23.898064460755563,1.0,625.0,104,104,367,643.0,FARIDKOT
34099,Varah (296),MOGA,10.6846848,77.3592453,34099,1910.089351728001,1909.554931640625,0.641932907127563,0.2889532945593264,1.8523076716007407,-0.5968856811395206,-0.2113060804121726,700.0099661757844,23.03865430387191,1.0,239.0,58,120,250,269.0,KOT-ISE-KHAN
29250,Gobindpur (191),KAPURTHALA,31.36937,75.3784943,29250,1913.2841837829933,1909.5535888671875,0.5217837301734347,0.1609955302338962,1.52905658608391,-0.4973233502065614,-0.0940137795313172,944.5641581885894,22.413228356377346,1.0,23.0,75,0,144,170.0,KAPURTHALA
39932,Karail (83),SANGRUR,29.7424259,75.9094849,39932,1909.137411685361,1909.551513671875,0.5374831837453109,0.2387353245593077,1.448416387141024,-0.5201203338724721,-0.1441828413741734,636.0132579997864,24.15930915533195,1.0,20.0,200,180,200,697.0,ANDANA
36368,Faizgarh (11),PATIALA,30.3423424,75.7864456,36368,1909.648531945784,1909.548828125,0.6037909275650825,0.2733261923322951,1.5014097311190882,-0.5733812009468497,-0.1774401655551552,697.5799510211838,23.225355580559373,1.0,452.0,58,112,222,477.0,NABHA
35392,Ballamgarh (52),SRI MUKTSAR SAHIB,30.4864864,74.518486,35392,1909.873446765892,1909.5482177734375,0.586970007178648,0.2099314859573753,1.4951334196199066,-0.5560735889701066,-0.1287994268141386,546.6749460723911,24.21522666002657,1.0,2.47,200,200,430,1016.0,MUKTSAR
39522,Rampur Chhana (171),SANGRUR,30.5238113,75.8862152,39522,1905.5895490953967,1909.546630859375,0.5810785782276383,0.2428396549031803,1.5091225873497798,-0.5522744578813469,-0.1569186853671792,738.9126280113987,23.004169701292145,1.0,315.0,168,0,290,349.0,MALERKOTLA
36232,Ghiora (182),PATIALA,30.072073,76.11994,36232,1909.908259227618,1909.5457763671875,0.4377410869197892,0.1532354906595852,1.1054357097312506,-0.460848874604741,-0.0576168630022378,755.7026240041154,23.223474533372325,1.0,406.0,276,276,407,458.0,SAMANA
33101,Sehala (105),LUDHIANA,30.9189186,76.19737,33101,1902.6646826627705,1909.545654296875,0.5717116668089784,0.2333070740930374,1.5902870506509983,-0.5441268747440713,-0.1500116311039603,887.0381976289648,22.729535910410444,1.0,329.0,100,100,327,374.0,MACHHIWARA
35587,Ghaniewala (125),FARIDKOT,30.5765762,74.8178253,35587,1910.3768599274715,1909.5430908203125,0.6665512486899428,0.3458861624637367,2.03960306598668,-0.6140032434486336,-0.2592439013792585,572.6566767855036,23.90660862522297,1.0,514.0,200,165,365,567.0,Jaitu
33087,Poonian (83),LUDHIANA,30.81081,76.34226,33087,1906.938864287757,1909.5426025390625,0.5531969591556003,0.2252787828996476,1.6953097343597077,-0.5183778657869063,-0.1440933988577745,864.7641590309047,22.794853893432805,1.0,362.0,15,0,250,445.0,MACHHIWARA
29937,Lohar Nangal (3),JALANDHAR,31.18919,75.40312,29937,1910.02596176928,1909.5408935546875,0.6027163713949908,0.2493372862606827,1.8030861971298693,-0.5666563425690787,-0.1723428692273496,842.5791057755845,22.591726153523496,1.0,205.0,10,10,18,229.0,NAKODAR
35080,Khui Khera (241),FAZILKA,30.1621628,74.1888046,35080,1908.2191092235787,1909.5401611328125,0.4997169809288854,0.149072471479231,1.2011672469357306,-0.4866885673615018,-0.0698312859676154,464.43703202508857,24.5712077611438,1.0,1161.0,550,550,841,1295.0,KHUIAN SARWAR
35561,Chand baja (86),FARIDKOT,30.522522,74.83893,35561,1907.594117107483,1909.5396728515625,0.6005466896136897,0.2632890315524057,1.5769693894298749,-0.5748836496384502,-0.1749380357309982,616.0766678152593,23.69356391418944,1.0,725.0,200,0,525,793.0,FARIDKOT
33227,Faizgarh (247),LUDHIANA,30.63063,76.09503,33227,1908.865110597967,1909.5372314453125,0.5509191271267587,0.2109514593785052,1.6468098581899848,-0.5228442063910775,-0.1323789012323157,838.5368230750458,22.707484723278867,1.0,2.47,0,0,252,181.0,KHANNA
34188,Kanian Khas (235),MOGA,30.5045052,74.26042,34188,1909.340718921276,1909.5369873046875,0.6634647878523044,0.3452164511138885,1.9062848374955728,-0.6135954862013421,-0.2585727760303732,694.4905462672608,23.069375095900625,1.0,167.0,50,50,95,188.0,KOT-ISE-KHAN
33319,Rara (211),LUDHIANA,30.738739,76.01257,33319,1905.0129203302224,1909.53564453125,0.6189437522511156,0.292469340060711,2.000793483306297,-0.5692480358421679,-0.2117802469002422,815.4825204995226,22.785993898204858,0.9918582701464336,114.0,11,1,250,129.0,DORAHA
36165,Munda Khera Alias Belumajra (84),PATIALA,30.072073,76.11994,36165,1908.3844821453724,1909.53466796875,0.550604667258139,0.2541051898574009,1.4893494060226842,-0.5283639957009272,-0.1578148956497903,710.5211856772797,23.303076809958327,1.0,145.0,72,93,134,176.0,SAMANA
29116,Sangrai (101),KAPURTHALA,31.6756763,75.24497,29116,1913.29530307206,1909.5308837890625,0.5624639640802199,0.2372134812490584,1.6541740036376835,-0.5322801897428046,-0.150974922601904,855.3183767011063,22.46012897505409,1.0,80.0,50,60,130,85.0,DHILWAN
33463,Khasi Kalan (183),LUDHIANA,30.9009018,75.84705,33463,1912.3961467637685,1909.529296875,0.5171132465459899,0.1732086980914165,1.448867205691878,-0.509915055613243,-0.0963865715687648,840.5409712968066,22.789967243082227,1.0,20.0,40,50,486,957.0,LUDHIANA-2
36458,Tarkheri khurd (313),PATIALA,30.3423424,76.41278,36458,1904.4365536575024,1909.5252685546875,0.5564879152210335,0.244113036409697,1.523426070577102,-0.534168114742898,-0.1492014103651836,815.9566017796891,22.94605681146857,1.0,250.0,79,70,138,274.0,NABHA
30492,Rasulpur Brahmna (114),JALANDHAR,31.4234238,75.59083,30492,1907.5668613058897,1909.523681640625,0.5621740578054762,0.1995174096650934,1.789861224604043,-0.5251904413615144,-0.1294555104552202,805.4736348798173,22.43289419592901,1.0,183.0,11,0,135,195.0,JALANDHAR - WEST
40057,Jaimal Singhwala (1),BARNALA,30.3603611,75.52894,40057,1908.137802262566,1909.523681640625,0.6505120870261033,0.3013811793543041,1.811044304754348,-0.5978412620284059,-0.2219262655611025,625.3078908349581,23.84991441592274,1.0,226.0,182,182,257,265.0,SEHNA
35608,Kasam Bhatti (133),FARIDKOT,30.4684677,74.901886,35608,1909.3192461760264,1909.5228271484375,0.6509660450248593,0.3049716374181364,1.8217433393437488,-0.6019372690315307,-0.2212077817759082,530.2511992862122,24.18723144646572,1.0,304.0,160,56,225,533.0,Jaitu
33378,Marewal (203),LUDHIANA,30.8828831,75.853775,33378,1907.4780316445351,1909.5208740234375,0.5659903840735663,0.2378149529229067,1.5810457898772898,-0.5506598900797336,-0.149579005105495,849.1459134032624,22.75239176079907,1.0,55.0,21,20,62,141.0,LUDHIANA-2
33290,Sekha (405),LUDHIANA,30.1261253,75.8074341,33290,1911.3449969567223,1909.5198974609375,0.6268891681806266,0.2926486667433164,1.5396462959634298,-0.5878911784137548,-0.2006647911536075,760.2889480998414,22.927026586350337,1.0,324.0,210,73,292,348.0,Maloud
30543,Dhirpur (375),JALANDHAR,31.405405,75.449646,30543,1908.466971450636,1909.5179443359375,0.6031016890077285,0.2775549088683947,1.8905456416123647,-0.5559329716655631,-0.1944143694799955,848.0262112304258,22.47148542905125,1.0,342.0,0,0,356,373.0,JALANDHAR - WEST
35218,Dodewala (74),FAZILKA,30.1441441,74.21693,35218,1911.7729700151008,1909.517333984375,0.4865888940971312,0.0480979334158739,1.17576812891748,-0.4946580527292479,0.0126971564568796,411.08713012951546,24.96485896997901,0.986693715467028,1826.0,479,448,576,1915.0,ABOHAR
34959,Chak Rohiwala (217),FAZILKA,30.6126118,74.25945,34959,1911.950628703604,1909.5159912109375,0.6182767747373332,0.3120263005996712,1.6953797464504252,-0.5758386623461895,-0.2164447472614274,541.6168811728852,24.234375981316475,1.0,200.0,125,125,200,349.0,JALALABAD
33109,Pal Majra (88),LUDHIANA,30.81081,76.34226,33109,1907.1703050251865,1909.5130615234375,0.5618860231629171,0.2279245008731562,1.5692673444760206,-0.538103294406787,-0.1427513366013074,876.6879233529465,22.82727164855009,1.0,84.0,10,0,80,97.0,MACHHIWARA
29436,Passan Kadim (103),KAPURTHALA,31.2252254,75.20008,29436,1915.5559872262736,1909.5125732421875,0.4374642068940791,0.0914099434938042,1.2066617560584203,-0.4204569286765011,-0.0283044179060519,868.9469787289994,22.74958406038064,1.0,2.47,0,0,45,47.0,SULTANPUR LODHI
36605,Kalar Bhaini (167),PATIALA,30.1621628,76.33527,36605,1907.5045899514748,1909.5113525390625,0.5010462111477824,0.1878796585779143,1.3324175472312767,-0.5009403548142315,-0.0972401329135851,852.1005954773277,22.9941481564561,1.0,5805.0,160,190,272,412.0,PATIALA
29019,Raipur pir bux wala (18),KAPURTHALA,31.3873882,75.41406,29019,1910.590797335211,1909.51123046875,0.5146764708301572,0.2243237883673084,1.5350446449692174,-0.4896861744113462,-0.1318379298448632,800.9258451869385,22.437382947828382,1.0,1.0,20,0,470,607.0,NADALA
32268,Malpur (170),Shahid Bhagat Singh Nagar,31.0810814,75.9904556,32268,1907.2424636055264,1909.51025390625,0.5355018457262279,0.2124979663104045,1.4486230596742264,-0.5108680770449582,-0.1310380692830148,823.2254854298742,22.688697516781648,1.0,2.47,60,0,345,234.0,AUR
35189,Wahabwala (76),FAZILKA,30.2342339,74.22228,35189,1910.1696155582404,1909.5101318359375,0.5175763520601749,0.0749341092353867,1.2294837904508829,-0.5112496046155495,-0.0131095884457813,410.9238478352921,24.96479035186644,1.0,1515.0,814,408,786,1636.0,ABOHAR
36346,Kansuha Kalan (152),PATIALA,30.3783779,76.25297,36346,1905.099874054091,1909.510009765625,0.5543578812453013,0.2392890847613245,1.5289721296093743,-0.5241935306639207,-0.1528831793687403,806.3507172276871,23.00491997713073,1.0,171.0,145,65,203,201.0,PATIALA RURAL
34987,Chak Gariban Sandar (363),FAZILKA,30.3603611,74.04634,34987,1912.8503999458887,1909.507080078125,0.6093606213696082,0.290981664820614,1.696431027175747,-0.5715358724464249,-0.1971025388443718,544.9208795909939,24.18337126371361,1.0,147.0,60,60,81,147.0,JALALABAD
33442,Jiwanpur (57),LUDHIANA,30.9189186,75.8613358,33442,1915.89051776938,1909.506591796875,0.5014076550140266,0.1641218632437792,1.4164142418042147,-0.502524595752252,-0.0873881572180839,848.1584730555909,22.68394309940942,1.0,24.0,80,0,540,191.0,LUDHIANA-2
39680,Bakhtra (17),SANGRUR,30.2882881,76.09938,39680,1909.191988580915,1909.505859375,0.5806481748534174,0.256010752149939,1.4481919219778032,-0.562135451624557,-0.1598835239773912,733.8665219952958,23.116596925856413,1.0,190.0,4,126,253,266.0,BHAWANI GARH
36336,Kishangarh (157),PATIALA,30.3817215,76.15167,36336,1905.523740096198,1909.504638671875,0.5550779497631372,0.2371664093073718,1.5331639241595538,-0.5348375194824038,-0.1473091222655025,806.3507172276871,23.00491997713073,1.0,142.0,65,60,218,159.0,PATIALA RURAL
37631,Khur Manian (364),AMRITSAR,31.54955,74.67793,37631,1912.5666707154576,1909.5045166015625,0.5184574587547094,0.163134496665908,1.2921171873759054,-0.5145629789546856,-0.0813880385435015,898.4865638425248,22.708453943606344,1.0,294.0,270,300,632,290.0,ATTARI
34881,Tarpalke (290),FAZILKA,30.666666,74.34286,34881,1904.835616792007,1909.49853515625,0.6360295043387246,0.3304372495276059,1.7005662862216475,-0.5980893815253889,-0.2321889393774762,619.9077907016175,24.001903930906963,1.0,154.0,267,23,82,179.0,GURU HAR SAHAI
35603,Dhaipai (131),FARIDKOT,30.4684677,74.88098,35603,1910.2079610349413,1909.498291015625,0.6482101098611336,0.3043774666759733,1.9188630984353552,-0.5937437739880714,-0.2252211997152675,530.2511992862122,24.18723144646572,1.0,1230.0,130,125,532,869.0,Jaitu
33349,Lapran (217),LUDHIANA,30.738739,76.01257,33349,1906.751308790504,1909.4976806640625,0.5920715511300322,0.2924008671893761,1.8766494688187687,-0.564946502002669,-0.2036608874097951,820.5261873274327,22.776396509376795,1.0,244.0,50,2,385,280.0,DORAHA
30225,Nathewal (29),JALANDHAR,31.1546936,75.23314,30225,1908.862806047236,1909.4974365234375,0.644597571711946,0.3075765998790999,1.866713369064964,-0.6000703788119494,-0.222916053126593,774.5449784209626,22.62641459229758,1.0,146.0,22,30,242,162.0,RURKA KALAN
29953,Littran (34),JALANDHAR,31.1351357,75.3811646,29953,1914.7522701231364,1909.4969482421875,0.5936431786293848,0.2352196992056247,1.7566584934588414,-0.559697832365827,-0.1606774924228938,834.8475488831895,22.65798149232063,1.0,65.0,60,60,550,454.0,NAKODAR
35325,Bharu (9),SRI MUKTSAR SAHIB,30.216217,74.6674042,35325,1910.0680772143028,1909.4962158203125,0.5307670638626307,0.1556961132397126,1.2345913125688113,-0.5192398461044456,-0.0743032531421443,498.6072423865693,24.57814968879643,0.9778506776712712,769.6,7,336,559,769.0,GIDDERBAHA
39956,Gulahri (115),SANGRUR,29.8372231,75.92356,39956,1909.788093015777,1909.4949951171875,0.5443816640351508,0.2435045719186273,1.4081047622445264,-0.531475643111639,-0.1460158234543402,630.2239851259166,24.01227642998175,0.9682395540011454,618.0,100,100,650,673.0,ANDANA
29668,Ucha Pind (112),KAPURTHALA,31.2072067,75.77561,29668,1909.3223628855617,1909.493896484375,0.6564956572938773,0.304960838475539,1.895220081621939,-0.6062113796797632,-0.223966558562481,774.5449784209626,22.62641459229758,1.0,827.0,219,0,310,483.0,PHAGWARA
30231,Tagar (54),JALANDHAR,31.1514359,75.089035,30231,1910.0863035686573,1909.4937744140625,0.6306270194772507,0.2776102681338902,1.8798360150878084,-0.5885708271243317,-0.1991268702134511,831.9011124780076,22.70811725901973,1.0,197.16,70,70,213,216.0,RURKA KALAN
35851,Kanakwal Urf Rattangarh (123),BATHINDA,29.9819813,75.09392,35851,1912.364937593196,1909.493408203125,0.4242768643590897,0.0695222408156046,1.0800414187639804,-0.4203935483647226,-0.0105780637825822,533.0448698841162,24.636850200760925,0.8420124628625149,1188.0,225,294,309,1189.0,TALWANDI SABO
34866,Baghuwala (163),FIROZEPUR,30.7027035,74.41252,34866,1911.23577980069,1909.4918212890625,0.639492489542613,0.3120280296787477,1.7490793313847235,-0.5950759864450764,-0.2194472496616975,589.0907115680166,23.95033094146992,1.0,174.62,0,0,87,193.0,GURU HAR SAHAI
33267,Dhamot (207),LUDHIANA,30.738739,76.01257,33267,1905.5433027291,1909.4903564453125,0.5826754110702843,0.2676147116342651,1.7208593518028443,-0.5473791904152545,-0.180748784202436,817.8249197725764,22.77791841314086,0.9609687854866534,316.0,30,0,120,1941.0,DORAHA
40052,Dhilwan (Nabha) (50),BARNALA,30.42036,75.38243,40052,1909.226424996516,1909.48876953125,0.6885955031200097,0.3295240507823441,1.8921339021702368,-0.6241227896198452,-0.2512757093032908,637.9013069246437,23.86925445953035,1.0,153.0,50,50,60,1599.0,SEHNA
29981,Singhpur (318),JALANDHAR,31.044,75.47535,29981,1911.915827852525,1909.4874267578125,0.5429428649745707,0.2205695919026101,1.5324659018081492,-0.5315970793220084,-0.1350313767054474,779.5787545850175,22.745722600675435,1.0,85.0,85,112,252,240.0,MEHATPUR
39942,Harigarh Gehlan (110),SANGRUR,30.3783779,75.85614,39942,1912.10333055956,1909.485595703125,0.5977487458837355,0.3008305075683539,1.7879445524586977,-0.5631955889912831,-0.2057642223949542,624.2360707610283,24.129367978094933,1.0,422.0,212,100,620,484.0,ANDANA
33539,Jartauli (314),LUDHIANA,30.3948956,75.74166,33539,1907.723863932388,1909.485107421875,0.6301556455856795,0.2835983849746538,1.838406556482536,-0.5907638823761008,-0.2076441937467897,782.3198976924317,22.894344868499104,1.0,360.0,108,55,415,382.0,DEHLON
39505,Narike (142),SANGRUR,30.5453167,75.77603,39505,1906.834279729876,1909.48388671875,0.6339274647357399,0.2981324297310113,1.6295522712262194,-0.5902725944441557,-0.2095949830465925,742.3286381175416,22.955177382900672,1.0,1200.0,750,90,1200,773.0,MALERKOTLA
29946,Sarih (15),JALANDHAR,31.1351357,75.48642,29946,1912.551065299789,1909.4810791015625,0.5983834754444878,0.2485238236616384,1.7014094924349137,-0.5677388078045366,-0.1697619933336505,828.663731700331,22.726532151164427,1.0,506.0,65,75,742,588.0,NAKODAR
37544,Thathi (141),AMRITSAR,31.5315323,75.06517,37544,1911.1888922234068,1909.47998046875,0.4879794169697253,0.1760023323977381,1.3349833859267912,-0.4803552953885606,-0.0913659954509985,931.6085763713636,22.53489955452947,1.0,424.0,108,60,210,168.0,JANDIALA GURU
39542,Mahorana (148),SANGRUR,30.4914837,75.95985,39542,1909.4811651029909,1909.4791259765625,0.6032866812654992,0.2824628451242837,1.472365822680699,-0.5688692450645453,-0.187062372491851,740.0545334097283,22.96961132427088,1.0,200.0,113,0,297,539.0,MALERKOTLA
36348,Dhangera (159),PATIALA,30.3603611,76.15539,36348,1906.0447340563107,1909.477783203125,0.5687224444012082,0.2469344858837694,1.5085485055167012,-0.5438293726381193,-0.1544711779004228,775.388428848018,23.00953171966017,1.0,162.0,5,80,108,176.0,PATIALA RURAL
29016,Chak Shah Kala (77),KAPURTHALA,31.6018448,75.44634,29016,1909.176865453512,1909.472900390625,0.5111673919884153,0.218565174849084,1.5290503023474915,-0.4847591911289877,-0.1264177520693118,806.5976013977846,22.44297138185296,1.0,36.0,1,1,1,37.0,NADALA
33435,Garhi Sheru (290),LUDHIANA,30.9189186,75.84033,33435,1913.291990644964,1909.4715576171875,0.443133320917573,0.1329484405087942,1.139950345160913,-0.4585159631894654,-0.050591114674799,848.1584730555909,22.68394309940942,0.6951011531000246,21.0,32,0,32,118.0,LUDHIANA-2
33080,Rajgarh (76),LUDHIANA,30.8468475,76.11909,33080,1907.4680281288831,1909.4710693359375,0.5171097890446317,0.1839890615840767,1.5520403622302996,-0.5082529343195709,-0.1053926026043601,876.6879233529465,22.82727164855009,0.9775174937702514,2.47,0,15,115,226.0,MACHHIWARA
37824,Bedadpur (45),AMRITSAR,31.6036034,75.2078247,37824,1911.0074172099485,1909.46875,0.5601026539776716,0.2487954382827775,1.80246295352488,-0.5259416826184471,-0.1641907925321337,936.1196401526826,22.40871888290445,1.0,142.0,175,175,280,166.0,RAYYA
32231,Paragpur (180),Shahid Bhagat Singh Nagar,31.0810814,75.9904556,32231,1907.4150674320765,1909.4681396484375,0.6439164701132379,0.2851305015540094,1.8818624293513595,-0.5941052511953059,-0.212875183511549,833.0336305310624,22.58589359521818,1.0,2.47,60,0,114,180.0,AUR
34882,Barhan Bahtti (275),FAZILKA,30.72072,74.4054642,34882,1905.0595679454143,1909.4669189453125,0.651585405052197,0.335170608468954,1.815696476250365,-0.5998989351642378,-0.2426390754733861,619.9077907016175,24.001903930906963,1.0,80.0,120,12,47,95.0,GURU HAR SAHAI
34898,Mohkam Arain (260),FAZILKA,30.6126118,74.25945,34898,1911.367447433271,1909.466796875,0.5494918944657468,0.2908162165787353,1.4821597261668564,-0.5135403465563777,-0.1842558478729639,573.6047064943906,24.176060719047367,0.9980229271572244,506.0,310,402,663,561.0,JALALABAD
39571,Amargarh (CT),SANGRUR,30.3603611,75.8630447,39571,1905.2866109890515,1909.4659423828125,0.5730833121916341,0.2510403958071062,1.4037546536345382,-0.5545503170535966,-0.1539400021499143,727.4489424064548,23.04486135518415,1.0,100.0,0,0,18,0.0,AHMEDGARH
34961,Kathgarh (219),FAZILKA,30.2522526,74.29846,34961,1907.6717481405103,1909.463623046875,0.5614262313376849,0.2821972161749042,1.6816092208877689,-0.5220275562920965,-0.1853777658804738,541.6168811728852,24.234375981316475,1.0,80.0,13,20,70,579.0,JALALABAD
39958,Chatha Gobindpura (126),SANGRUR,29.7500973,75.90375,39958,1908.6651974120928,1909.46337890625,0.5629959305908177,0.2613364819525743,1.5421937960974237,-0.5341101726011757,-0.1683183651147881,634.3956681897538,23.89109672599153,1.0,515.0,100,200,470,572.0,ANDANA
36662,Panjola (198),PATIALA,30.1441441,76.3005,36662,1907.4691723464184,1909.463134765625,0.5430490782031369,0.2339522699327171,1.3505948755928825,-0.5338331075364474,-0.1345158815923149,855.5401804854768,23.039179985216663,1.0,536.0,490,140,432,536.0,SANOUR
33571,Kheri (281),LUDHIANA,30.9009018,75.80505,33571,1907.510216615652,1909.4615478515625,0.5832371819191543,0.2556449967343636,1.76968775399689,-0.5502100151363717,-0.1752564396414934,808.5676672866242,22.77318496325944,0.9754285615306004,269.0,23,117,327,306.0,LUDHIANA-1
35622,Sedha Singhwala (15),FARIDKOT,30.4144154,74.9648361,35622,1910.828688172337,1909.46142578125,0.6268712771000532,0.3049915230809568,1.6976093805449315,-0.5819945565627408,-0.2123235687513954,544.2053692562479,24.117579414867453,1.0,950.0,15,60,260,410.0,Jaitu
33110,Rohla (87),LUDHIANA,30.81081,76.34226,33110,1906.6109443265104,1909.459228515625,0.5487220450807,0.1983073058324636,1.616308398359846,-0.5233501941526888,-0.1248848790282852,870.6175381987111,22.759854681779704,1.0,347.0,10,45,235,364.0,MACHHIWARA
37122,Arazi Darya (52),AMRITSAR,31.657753,74.84883,37122,1911.57442842373,1909.4588623046875,0.5825979021947899,0.2484028061638307,1.4184636607581014,-0.565298726737482,-0.1540141613233012,974.0362604155896,22.586415515310712,1.0,1.0,0,1,1,67.0,AJNALA
32844,Kalal Majra (162),FATEHGARH SAHIB,30.594595,76.10859,32844,1907.780972818272,1909.457275390625,0.5360367306897813,0.2042974538738942,1.6699824889884165,-0.507079162254933,-0.126625977931251,865.3611919047811,22.7131769449898,1.0,18.0,50,58,150,308.0,AMLOH
36474,Rourgarh (337),PATIALA,30.4684677,76.23979,36474,1903.540451862408,1909.456787109375,0.5611811534549387,0.265805778579502,1.4540196845564135,-0.54023733534166,-0.1653146620901326,816.7648926350256,22.96186523226249,1.0,200.0,76,95,353,1006.0,PATIALA RURAL
38264,Khan Rajada (322),Tarn Taran,31.36937,75.08306,38264,1910.693402664313,1909.4566650390625,0.5511062319928165,0.2250651528059632,1.5106397910931697,-0.5274394623625199,-0.1361728087851932,904.0238502433198,22.61020811230276,1.0,183.0,0,21,66,194.0,CHOHLA SAHIB-8
36190,Kamashpur (180),PATIALA,30.18018,76.24502,36190,1908.388676929554,1909.4522705078125,0.3928680533997423,0.118730053272529,0.9689467062351604,-0.4221166489480324,-0.0272248693708446,740.7014325809636,23.24690893102636,1.0,512.0,110,110,120,228.0,SAMANA
34094,Bhagpur Alias Gagrah (307),MOGA,30.81081,75.04157,34094,1909.4757062536933,1909.447509765625,0.6087380270062434,0.2842483757684697,1.814400633703917,-0.5689137235269532,-0.2031186150013667,700.0099661757844,23.03865430387191,1.0,274.0,0,90,215,348.0,KOT-ISE-KHAN
39964,Aspal kalan (79),BARNALA,30.3603611,75.52894,39964,1905.4100061934475,1909.4471435546875,0.6566633383058544,0.3020321978926708,1.8262199103614545,-0.6131034680510119,-0.2246913177366932,648.3635971036541,23.89772335438361,1.0,2.47,500,1,764,1138.0,BARNALA
35599,Behbal Kalan (142),FARIDKOT,30.4324322,74.89509,35599,1909.8453170054968,1909.44677734375,0.6367912021067706,0.2966415185018947,1.8346972432247657,-0.584404759141759,-0.2149261046662977,529.7815593888657,24.15965191765457,1.0,643.0,521,0,496,710.0,Jaitu
34205,Gollu wala (199),MOGA,30.9549541,75.15457,34205,1906.2539666587268,1909.446044921875,0.6663694480783142,0.3456133574770788,1.921731527888861,-0.6041163421636884,-0.2576394158668534,729.2441966941254,23.069153166359456,1.0,111.0,50,50,70,123.0,KOT-ISE-KHAN
33579,Harnampura (248),LUDHIANA,30.3948956,75.74166,33579,1907.7034015495703,1909.4456787109375,0.4786468113447385,0.1894888904063549,1.4895566783913623,-0.4743463380376481,-0.1061579274435635,822.9384216477769,22.76890863195922,1.0,206.0,120,43,325,239.0,DEHLON
36340,Dhanaura (348),PATIALA,30.3783779,76.25297,36340,1903.2540314594887,1909.4451904296875,0.5686036106223051,0.2556863366471957,1.4602898115641474,-0.5514940998924394,-0.1569107496126491,809.2192826779733,22.98734191418453,1.0,187.0,42,50,83,203.0,PATIALA RURAL
33450,Mangarh (223),LUDHIANA,30.9189186,75.84033,33450,1910.5742023366167,1909.44482421875,0.3989186790359201,0.0808599973548375,1.267906947241761,-0.4079865775273839,-0.0208885953374202,835.0397142579453,22.79578354606297,0.8965727683058899,250.0,45,0,381,306.0,LUDHIANA-2
39925,Dehla (91),SANGRUR,29.927927,75.80155,39925,1910.045473398896,1909.4439697265625,0.5494609740396158,0.227977741431792,1.3912405755392,-0.532758491361821,-0.1331810911948168,644.5279173110595,23.939379144757496,1.0,572.0,135,138,395,651.0,LEHRAGAGA
30249,Chak Daulatpur (239),JALANDHAR,31.333334,75.60275,30249,1909.08660684148,1909.4427490234375,0.6716822160102398,0.3069208413200363,2.0857134291214705,-0.6184392212588098,-0.2337636180580042,774.5449784209626,22.62641459229758,1.0,3.23,1,1,1,142.0,JALANDHAR-EAST
30166,Masani (190),JALANDHAR,31.0270271,75.77908,30166,1906.567087637741,1909.4422607421875,0.6647696210290277,0.3152451799401528,1.94263673321241,-0.6097469559192156,-0.236093407604482,847.3562988450425,22.43174952083797,1.0,674.0,82,78,351,682.0,PHILLAUR
35704,Harnam Singhwala (38),BATHINDA,30.3243237,75.22978,35704,1908.486060830933,1909.4415283203125,0.6228994508693768,0.2829394627630772,1.7748992258390284,-0.5778582881643505,-0.2027970273651088,607.4714816971511,23.84606883782004,1.0,595.0,10,10,227,595.0,PHUL
36139,Khiwadialuwala (23,MANSA,30.0703335,75.53526,36139,1907.937246317308,1909.4405517578125,0.6594804124519141,0.3270868665441594,1.6963346470651068,-0.6136425827492548,-0.2386591580030308,654.9036323775229,23.968907723232604,1.0,338.0,205,153,307,370.0,BHIKHI
33285,Burkara (417),LUDHIANA,30.3783779,75.85614,33285,1909.491571668947,1909.4400634765625,0.6424226789584941,0.3291216038069819,1.4938434881537666,-0.6095707905833362,-0.2235472023939019,760.2889480998414,22.927026586350337,1.0,127.0,26,26,57,237.0,Maloud
35558,Bhagthala Kalan (82),FARIDKOT,30.6846848,74.75481,35558,1906.5914917116504,1909.4395751953125,0.5837850712694252,0.2659721769834028,1.4970830608541978,-0.5569364959392252,-0.168717229312639,637.6655428764935,23.598203890794963,1.0,642.0,235,0,485,747.0,FARIDKOT
39523,Bagrian (176),SANGRUR,30.5116673,75.90324,39523,1906.1704523816911,1909.4375,0.596586596020364,0.2660754333900448,1.4724325843702617,-0.5671819666668174,-0.173091368939726,717.5740313764801,23.10535032755519,1.0,1107.0,295,0,962,1200.0,MALERKOTLA
35705,Sadhana (37),BATHINDA,30.2882881,75.3273239,35705,1908.2403089428817,1909.435791015625,0.6690074264344643,0.3231864523916063,1.863856169174268,-0.6117630247398509,-0.2404916801047346,607.0254900333307,23.85249753390039,1.0,615.0,200,200,355,679.0,PHUL
37525,Rasulpur Kalan (169),AMRITSAR,31.6576576,74.9763641,37525,1909.906252678888,1909.4354248046875,0.4202978560447927,0.0873616988606813,1.3320964581937758,-0.4153556880734141,-0.0221083656619879,952.6435371959072,22.493711056636275,1.0,80.0,74,22,74,711.0,TARSIKKA
28583,Padde (72),GURDASPUR,31.6936932,75.47134,28583,1908.61527721706,1909.431640625,0.5130410831755922,0.2075964841056185,1.5061449362490025,-0.4990412149220475,-0.1209408256536234,860.1867499759095,22.40933991115594,1.0,289.0,29,0,301,314.0,SRI HARGOBINDPUR
30246,Daduwal (5),JALANDHAR,31.3153152,75.609375,30246,1908.400359218606,1909.4296875,0.6375842402780355,0.2780220979548583,1.93909962595754,-0.5849028892345859,-0.2033565957465316,774.5449784209626,22.62641459229758,1.0,17.0,3,1,115,1046.0,RURKA KALAN
35455,Haraj (69),SRI MUKTSAR SAHIB,30.594595,74.83173,35455,1908.0904981355168,1909.428466796875,0.6100279198446743,0.2758006235347106,1.621737431155609,-0.5763335606415892,-0.1845382078918627,548.1800950900948,24.21010476779221,1.0,567.0,80,80,318,608.0,MUKTSAR
30245,Cholang (4),JALANDHAR,31.3153152,75.609375,30245,1909.267806501252,1909.427978515625,0.5787817821487818,0.221034432068503,1.7535196665811448,-0.5476417995920994,-0.1464221345809533,829.7701217346229,22.59825704729533,1.0,299.0,27,25,73,298.0,RURKA KALAN
30421,Badsahpur (296),JALANDHAR,31.3153152,75.58828,30421,1911.219337067652,1909.427734375,0.3518179681726374,0.0096036637138427,1.0841155854191875,-0.3710034047780929,0.0350052290286307,937.3809235085736,22.40570525902077,0.296975776692487,71.0,8,10,115,89.0,JALANDHAR-EAST
35655,Dulewala (31),BATHINDA,30.27027,75.3135,35655,1912.1344010708551,1909.4266357421875,0.6420519915027558,0.2879301582579385,1.820993929248372,-0.5980052103691299,-0.2081632914251061,623.1087268903412,23.77302259157396,1.0,537.0,305,305,497,640.0,PHUL
33986,Chand Nawan (82),MOGA,30.7567558,75.04134,33986,1909.6523130484647,1909.426513671875,0.6502124536240107,0.2993870713551317,1.827604715505934,-0.594860622430595,-0.2188912621923613,692.3063031540006,23.309923055777816,1.0,998.0,0,332,863,1071.0,MOGA-II
30373,Luhar Nangal (251),JALANDHAR,31.18919,75.40312,30373,1910.937849489262,1909.424560546875,0.333600314210616,0.0068622721023027,1.019879394504261,-0.3603945170343219,0.0408100655355434,896.5068998744385,22.43167161671425,0.4802852715385189,14.4,30,30,78,41.0,NAKODAR
40042,Rura Kalan (54),BARNALA,30.216217,74.95932,40042,1908.148030966792,1909.42431640625,0.6831630184101275,0.3323111151829639,1.8740928669496244,-0.6226276954905323,-0.2517955327003467,637.9300411329132,23.907737538826364,1.0,19.0,1200,1240,1543,2094.0,BARNALA
32074,Hiala (165),Shahid Bhagat Singh Nagar,31.0990982,76.06799,32074,1906.4353722590856,1909.423095703125,0.5668823740061288,0.2220903776267505,1.5951688203259933,-0.5416082408416802,-0.1403017728240296,821.4404228141206,22.707407623049846,1.0,192.0,12,0,300,234.0,NAWANSHAHR
39496,Hussainpura (139),SANGRUR,30.3603611,75.8630447,39496,1905.419343018239,1909.42138671875,0.6222946989459855,0.3110257258158154,1.4704524825987646,-0.5892565107383315,-0.2063057926174752,742.3286381175416,22.955177382900672,1.0,178.0,50,15,89,234.0,AHMEDGARH
35175,Patti Amra Urf Patti Sadiq (86),FAZILKA,30.1441441,74.21693,35175,1908.48122790956,1909.4210205078125,0.476364502555918,0.0351656146000538,1.104026658016187,-0.4959779938326441,0.025707724669903,402.7854594399827,24.91377220911897,1.0,1012.14,224,229,488,1267.0,ABOHAR
39882,Ratta Khera (47),SANGRUR,29.927927,75.82234,39882,1908.3269847880288,1909.4195556640625,0.6576505933401363,0.3226202898082159,1.6498690933111233,-0.6136889536690983,-0.2299758194858518,655.2516899964813,23.971836930577343,1.0,1120.0,342,301,381,1182.0,LEHRAGAGA
35568,Dhudi (90),FARIDKOT,30.54054,74.8318939,35568,1909.532871323464,1909.419189453125,0.593053042978872,0.2649889863911723,1.61427447339131,-0.5676452325408827,-0.1746925076279028,610.8633564237178,23.71783578927644,1.0,1103.0,160,0,990,1235.0,FARIDKOT
37724,Dhulka (79),AMRITSAR,31.6396389,75.17347,37724,1908.2464165123272,1909.419189453125,0.4372837243067218,0.1199469712915548,1.3200359058968416,-0.4367971406347389,-0.0476374390684807,984.614954068796,22.426387711178787,1.0,20.0,21,21,98,646.0,TARSIKKA
33265,Aluna Miana (257),LUDHIANA,30.738739,76.01257,33265,1905.98605093794,1909.4150390625,0.5449737128726193,0.231905993444367,1.6671393810465067,-0.523783733987761,-0.1472547680978846,838.5368230750458,22.707484723278867,1.0,2.47,20,0,150,265.0,DORAHA
35627,Rauwala (14),FARIDKOT,30.4324322,75.0413742,35627,1911.0495670724213,1909.4150390625,0.6282397823301262,0.3032493311128185,1.7264575628299983,-0.5781217232072752,-0.2123287391832414,548.8474519772776,24.138512391659862,1.0,233.0,52,88,179,255.0,Jaitu
35337,Sahib Chand (12),SRI MUKTSAR SAHIB,30.2342339,74.68108,35337,1910.5302670126075,1909.4127197265625,0.6141853479260221,0.2663217625707561,1.459145690908497,-0.5814299649384328,-0.1710926762706927,508.09953538679054,24.48899398753696,1.0,890.0,230,230,425,1011.0,GIDDERBAHA
32238,Jhingran (183),Shahid Bhagat Singh Nagar,31.0810814,75.9904556,32238,1906.236006728873,1909.412109375,0.6468374570465574,0.2950777955559129,1.90224275612794,-0.5983099849260107,-0.220581628273901,833.0336305310624,22.58589359521818,1.0,2.47,0,0,530,485.0,AUR
29139,Gaji Gudana (104),KAPURTHALA,31.6756763,75.13911,29139,1913.5715129935647,1909.410888671875,0.5528901700008321,0.2371870293272192,1.6232749856196442,-0.5312410464700756,-0.1492786741357642,855.3183767011063,22.46012897505409,1.0,2.47,50,60,98,76.0,DHILWAN
35069,Dhippanwali (184),FAZILKA,30.3603611,74.25516,35069,1909.8815690695176,1909.410400390625,0.6354431413818165,0.3237405719015718,1.49520538421739,-0.5935701314863074,-0.2221018904490226,462.9275741984742,24.569511895819574,0.976717104990157,1202.0,0,87,112,1202.0,Arniwala Shiekh Subhan
37143,Bhainian (39),AMRITSAR,31.8378372,74.71943,37143,1913.6563030693503,1909.4097900390625,0.5725823340758176,0.1954322403825452,1.4267582183664604,-0.5496352878634799,-0.1140223308520261,917.5402614285844,22.767377350587992,1.0,1.0,0,0,1,243.0,AJNALA
35749,Goniana Kalan (162),BATHINDA,30.2882881,74.95173,35749,1909.3622663818503,1909.4075927734375,0.5431202866263912,0.2088451902291756,1.4171339948080746,-0.5277313113488892,-0.1207359560138636,546.5522508163064,24.184829572960616,1.0,617.0,400,400,450,713.0,GONIANA
35824,Pathrala (108),BATHINDA,30.2229843,74.9377,35824,1910.208701341656,1909.4072265625,0.5748144224197335,0.1600116166484811,1.3565196236605988,-0.5576072631296197,-0.083035642948657,475.2710038608996,24.754475710698834,0.9980102606682888,2833.0,1503,800,1503,2926.0,SANGAT
35492,Bhilewala (45),FARIDKOT,30.6367149,74.7807541,35492,1910.0543360889865,1909.4033203125,0.5835721318310425,0.2343856491311999,1.5875293994956825,-0.5550451978980485,-0.1493565117013182,584.0294923532084,23.89816648925725,1.0,1084.0,322,320,682,1146.0,FARIDKOT
33194,Rattanheri (220),LUDHIANA,30.63063,76.09503,33194,1908.9951051965256,1909.4022216796875,0.4121519635497133,0.1126788978377655,1.2926032881274692,-0.4129227876189128,-0.0463787685711606,887.3276687275742,22.76422056421259,0.7637981273436119,2.47,0,0,475,290.0,KHANNA
37748,Kaleke (77),AMRITSAR,31.6396389,75.10998,37748,1908.885513740095,1909.4017333984375,0.4810388683288683,0.1749459246825353,1.5264807570845114,-0.4721730474782703,-0.09622094236216,985.595131199588,22.42399866098981,1.0,330.0,187,187,537,347.0,TARSIKKA
37717,Mudh (25),AMRITSAR,31.6036034,75.22898,37717,1910.0817735461044,1909.4005126953125,0.524748337379891,0.1827765190952621,1.7477712202611535,-0.4893419561737805,-0.1129070502026499,953.4446242263216,22.404917930807244,0.9318620223661208,142.0,98,48,235,117.0,RAYYA
37806,Jalalpur Sathiala (37),AMRITSAR,31.6036034,75.2078247,37806,1910.284260028472,1909.3968505859375,0.5536867521307441,0.2342059659825851,1.8034126106823063,-0.5190643921109018,-0.1537269527986164,970.7628845563194,22.419417939658736,1.0,0.2,20,20,40,234.0,RAYYA
37637,Nathupura (413),AMRITSAR,31.54955,74.67793,37637,1911.3987119867545,1909.396728515625,0.5407792166801004,0.1862763796830917,1.441829887977888,-0.5070737142554955,-0.1076442679129716,918.9105457864922,22.928184049700505,1.0,413.0,89,148,248,332.0,ATTARI
35639,Burj Ladha Singhwala (184),BATHINDA,30.4824963,75.09187,35639,1911.4945772753024,1909.396240234375,0.6353902998930251,0.3024885217174825,1.774078582936714,-0.5952571295606424,-0.2160570881863635,588.9279636552232,23.85054576327304,1.0,582.0,200,200,350,608.0,BHAGTA BHAIKA
39840,Chhahar (33),SANGRUR,30.27027,75.85592,39840,1909.70786442172,1909.3955078125,0.6444918082159098,0.301921463681482,1.7142056814329028,-0.6010382792531206,-0.2151110915083167,653.3113379308729,23.733007845786364,1.0,2.47,0,0,1131,462.0,SUNAM
35575,Nangal (119),FARIDKOT,30.6846848,74.75481,35575,1909.459002545036,1909.3953857421875,0.6304891287417085,0.3012084596279826,1.811366755002296,-0.5897933131438978,-0.2133515443987584,606.4008218290321,23.741281453794915,1.0,1373.0,1175,194,225,390.0,KOT KAPURA
28519,Gopalpur (29),GURDASPUR,31.9639645,75.41655,28519,1909.4783819392087,1909.39453125,0.6458591873095891,0.3101353916284208,2.051097571891188,-0.5823415652561128,-0.2284001801569834,899.495119135608,22.26800492968988,1.0,35.0,35,0,15,36.0,SRI HARGOBINDPUR
29935,Bajuha Kalan (2),JALANDHAR,31.18919,75.40312,29935,1910.949748480769,1909.393310546875,0.5979733745860806,0.2377231094126317,1.794010949782906,-0.5639487829365326,-0.1624123905432467,842.5791057755845,22.591726153523496,1.0,331.0,50,50,205,368.0,NAKODAR
35262,Bham (201),SRI MUKTSAR SAHIB,30.594595,74.45496,35262,1911.7727997943696,1909.393310546875,0.6038026129421242,0.2590911532606196,1.4119323843575258,-0.5711351895811047,-0.1642205510226417,502.4740099872183,24.40703547244418,1.0,1970.0,398,870,920,2008.0,MALOUT
30050,Gumtala (59),JALANDHAR,31.1171169,75.32476,30050,1912.1717167311515,1909.3909912109375,0.6381764853626318,0.2986139966336819,1.8112781378778904,-0.5961549220516084,-0.2158556317978968,821.2975802829163,22.77606139731529,1.0,316.0,40,0,315,343.0,NURMAHAL
35280,Danewala (165),SRI MUKTSAR SAHIB,30.3290977,74.3452148,35280,1907.440680076429,1909.390869140625,0.5199666389738843,0.1885365662757019,1.2020405069835671,-0.5133845611417056,-0.1012036787635027,454.86738162712027,24.65405090526986,0.9901630050660216,2100.0,125,80,650,1050.0,MALOUT
35746,Jeeda (153),BATHINDA,30.27027,74.95883,35746,1911.076763499618,1909.3870849609375,0.5749739913808866,0.2489489233253209,1.4847418602246478,-0.5519408816389871,-0.155938986141872,555.0574959755314,24.11759836496249,1.0,1315.0,100,700,1200,1651.0,GONIANA
29120,Tajpur (109),KAPURTHALA,31.405405,75.0485458,29120,1909.991228686245,1909.38671875,0.5574343278261701,0.2418452789787207,1.623017966012456,-0.5296689667905659,-0.1518667734946278,855.3183767011063,22.46012897505409,1.0,227.0,80,75,125,227.0,DHILWAN
35207,Dhaban Kokarian (63),FAZILKA,30.1441441,74.19609,35207,1909.344125876863,1909.386474609375,0.573534057056696,0.1541327731921504,1.4399512680590991,-0.5287191813303624,-0.0840385887993351,422.9016736063692,24.87220052334747,1.0,3600.0,295,325,485,2417.0,ABOHAR
30553,Alampur (362),JALANDHAR,31.477478,75.54995,30553,1909.8463224627835,1909.3858642578125,0.5565283144566864,0.2026453227632981,1.7209438682678648,-0.5232109591599691,-0.1289924084169811,840.8868518561434,22.476209962315664,1.0,251.0,78,78,204,280.0,JALANDHAR - WEST
36607,Safera (162),PATIALA,30.3243237,76.41959,36607,1907.0593267510087,1909.384765625,0.5004453002686577,0.2059039462252195,1.3603201531303548,-0.5070982094837827,-0.1091778180309658,851.9652985580946,22.99237681843569,1.0,373.0,285,100,273,402.0,SANOUR
30545,Malian (373),JALANDHAR,31.3153152,75.58828,30545,1908.569213290176,1909.383056640625,0.5979086346030676,0.2405861201846086,2.1527578569559065,-0.5425789636814543,-0.1745014626788747,843.1864175012009,22.479022681880625,1.0,145.0,100,0,219,160.0,JALANDHAR - WEST
37310,Chawinda Kalan (339),AMRITSAR,31.7117119,74.65997,37310,1913.4042133783205,1909.3829345703125,0.5638967010169867,0.235173916467962,1.5002946926850822,-0.5374992783582085,-0.1458277945582178,904.8164226727382,22.87081407560065,1.0,388.0,196,196,403,461.0,CHOGAWAN
35505,Saideke (32),FARIDKOT,30.54054,74.85281,35505,1908.3640409478733,1909.382568359375,0.620934969585085,0.2767881537014464,1.5815238939916003,-0.5809283864736544,-0.1859983156980495,614.5055663870239,23.82150344035036,1.0,2.47,0,1,950,469.0,FARIDKOT
28538,Dhirowal (12),GURDASPUR,31.6936932,75.47134,28538,1910.066342420134,1909.382080078125,0.5539636077265929,0.208704621757351,1.75828690162706,-0.5219092160379325,-0.1346090997261547,899.495119135608,22.26800492968988,1.0,300.0,50,0,186,390.0,SRI HARGOBINDPUR
39952,Jaswantpura Alias Hotipur (124),SANGRUR,29.7347469,75.90731,39952,1909.187505127835,1909.3817138671875,0.4588572678027579,0.2094280549822065,1.2403704392171246,-0.4680185031026345,-0.104645219188365,637.1302279274508,23.896897175881968,1.0,464.0,120,100,215,499.0,ANDANA
35619,Fatehgarh (11),FARIDKOT,30.4684677,74.9436951,35619,1908.679714098501,1909.38134765625,0.6247528158204372,0.2967631020490958,1.6688280969092912,-0.5815706754313565,-0.2056499316219296,533.8746433513713,24.20352326196536,1.0,800.0,15,50,68,1234.0,Jaitu
35529,Faridkot (Rural) (75),FARIDKOT,30.6846848,74.75481,35529,1907.710097387804,1909.380859375,0.5987187737052305,0.2679608871319595,1.6224246412311525,-0.5644297988226734,-0.176856110218755,588.5878148486512,23.84773495640576,1.0,25.0,35,25,120,5982.0,FARIDKOT
36627,Pakki Kui (210),PATIALA,30.1441441,76.3213348,36627,1906.387175810098,1909.3795166015625,0.523130485735045,0.2451397434354221,1.2422188794696534,-0.5320455091293333,-0.1333500127674222,855.5401804854768,23.039179985216663,1.0,8.0,0,0,4,80.0,SANOUR
32210,Sukar (198),Shahid Bhagat Singh Nagar,31.0990982,75.9627762,32210,1906.490501388744,1909.3782958984375,0.6577558830421769,0.3007793766621334,2.0114264536539816,-0.6051026057122711,-0.2264686331359058,842.3883419344331,22.485215893357715,1.0,2.47,2,0,65,101.0,AUR
35486,Kamiana (74),FARIDKOT,30.54054,74.8318939,35486,1907.579545195389,1909.37744140625,0.575723351813727,0.2645248703234232,1.6711098473728625,-0.5414336801895343,-0.1760532251014681,562.697267660013,24.00121765873752,0.9479710475014465,881.0,250,250,645,1194.0,FARIDKOT
29115,Gadani (99),KAPURTHALA,31.45946,75.45092,29115,1910.709276486564,1909.3753662109375,0.5726135198022535,0.2635094362083462,1.684962047276034,-0.5455989708551444,-0.1702577639291523,855.3183767011063,22.46012897505409,1.0,288.0,50,50,120,304.0,DHILWAN
36338,Allowal (349),PATIALA,30.3642159,76.14587,36338,1903.6325318342729,1909.3702392578125,0.5751415115450256,0.2576405404506878,1.5593529681835454,-0.5453308877462792,-0.1668470204579576,806.6983469942646,23.0027897632578,1.0,553.0,165,60,355,614.0,PATIALA RURAL
29040,Mand Alahabad (50),KAPURTHALA,31.5422916,75.436264,29040,1905.3512909576768,1909.3699951171875,0.5849685440010103,0.2660858723702585,1.6490911660774492,-0.5525597881403573,-0.1739888109724213,860.1867499759095,22.40933991115594,1.0,1.0,6,10,12,100.0,NADALA
30229,Rajgomal (26),JALANDHAR,31.1514359,75.089035,30229,1908.2660663457723,1909.36962890625,0.6199154467243674,0.2686290132835141,1.7331051943416105,-0.5844475540855429,-0.1858540699475495,831.9011124780076,22.70811725901973,1.0,159.0,45,70,190,176.0,RURKA KALAN
35623,Lambwali (150),FARIDKOT,30.3963966,75.03456,35623,1912.134579850809,1909.36865234375,0.599232159067174,0.2757706419261843,1.7359311468912395,-0.5559605756942978,-0.1910033953135674,558.6569401433366,24.024747710186148,1.0,700.0,55,56,520,643.0,Jaitu
30241,Lakhanpal (8),JALANDHAR,31.3153152,75.609375,30241,1908.6690351580444,1909.3685302734375,0.6485806625381145,0.2989739301111893,1.9454624714919508,-0.5948674563940898,-0.2220048753414771,780.3717009952511,22.62344373168399,0.9215571739567612,89.0,17,13,307,287.0,RURKA KALAN
35224,Khubban (38),FAZILKA,30.1441441,74.21693,35224,1908.2308346165128,1909.3660888671875,0.5777892866969135,0.1822633585854165,1.371002970220714,-0.5439320736938749,-0.101966426227702,425.0234187597621,24.932013998676304,1.0,1490.0,591,582,968,1584.0,ABOHAR
39954,Andana (122),SANGRUR,29.7400131,75.9110641,39954,1908.633151433267,1909.36328125,0.5489576182733322,0.2474085994969079,1.472504893950299,-0.5274613451113309,-0.1530855269377569,631.1196653100849,23.99999000206553,0.9984704882229004,14.0,200,841,981,1681.0,ANDANA
33350,Gidri (218),LUDHIANA,30.738739,76.01257,33350,1907.1462815713423,1909.3631591796875,0.5908980336195243,0.2919412091692505,2.063948466040472,-0.544023711109707,-0.2068244037165116,835.5271042896804,22.723325082324564,1.0,285.0,3,2,297,314.0,DORAHA
33214,Jaspalon (150),LUDHIANA,30.63063,76.09503,33214,1907.4087083850004,1909.3604736328125,0.4677620746117248,0.1513829004100623,1.5930788330935006,-0.4506997744338473,-0.0841457124032904,860.8907404353516,22.642453532259594,1.0,2.47,0,0,556,486.0,KHANNA
37539,Dharar (87),AMRITSAR,31.3873882,75.09746,37539,1909.7054152931555,1909.3563232421875,0.4214607251135866,0.0775188425566475,1.1389841261420548,-0.4274022849956159,-0.0100550644471684,923.3276570868552,22.49342048079371,1.0,742.0,210,400,720,742.0,JANDIALA GURU
35223,Himatpura(40),FAZILKA,30.3243237,74.16521,35223,1908.683836354524,1909.3560791015625,0.5137128892499094,0.0718995047303885,1.2204002693134448,-0.508337696634157,-0.0077406029641129,422.70956943879503,24.93869355793524,1.0,1370.0,249,294,573,1450.0,ABOHAR
35564,Pakka (79),FARIDKOT,30.6846848,74.75481,35564,1908.8589080455808,1909.3526611328125,0.5881268638177578,0.2602009784281248,1.5863446970922117,-0.5604911240612006,-0.1703155936270177,601.8972042014497,23.760153261378434,1.0,800.0,200,150,480,1459.0,FARIDKOT
37555,Nangal Dyal Singh (151),AMRITSAR,31.6396389,75.00416,37555,1911.5483004478167,1909.35205078125,0.4207919489293431,0.0746829609551619,1.316260302718988,-0.4082511700906852,-0.0170923327528752,933.436656277408,22.53343531145123,1.0,79.0,0,55,165,90.0,JANDIALA GURU
37128,Darya Mansur (51),AMRITSAR,31.657753,74.84883,37128,1909.958655936824,1909.3514404296875,0.4023381503296914,0.1646880655157274,1.0304579772252838,-0.412605977216912,-0.0574503417818916,953.765833657016,22.6391379412903,1.0,1.0,0,1,1,198.0,AJNALA
30504,Kandhala Guru (106),JALANDHAR,31.6396389,75.66023,30504,1911.1453397092323,1909.3499755859375,0.5745562295522588,0.2298801925594708,1.8441404403674275,-0.5395916835329804,-0.1549240696728926,805.4736348798173,22.43289419592901,1.0,2.6,45,10,300,298.0,BHOGPUR
39949,Chandu (120),SANGRUR,29.7400131,75.9110641,39949,1908.7679808931905,1909.3470458984375,0.5009690752147972,0.2186436923546463,1.2571127959204391,-0.5017574134912567,-0.115522775691274,630.94819514059,24.005689615037056,1.0,12.0,1100,260,273,516.0,ANDANA
32267,Kang (169),Shahid Bhagat Singh Nagar,31.0630627,76.01812,32267,1909.4712570281613,1909.3466796875,0.5378006802311986,0.209461611461821,1.4949211367373592,-0.5163135411522247,-0.1258561197980858,821.4404228141206,22.707407623049846,1.0,2.47,0,0,210,173.0,AUR
36542,Smashpur (114),PATIALA,30.3783779,76.39917,36542,1909.6733694202808,1909.345947265625,0.4626133818312607,0.1524208557861982,1.5206494444104448,-0.4582533057858808,-0.076661221451957,870.3448864629166,22.86558953724557,0.8907288425564716,118.0,10,10,385,148.0,SANOUR
29948,Sharakpur (24),JALANDHAR,31.1351357,75.3811646,29948,1913.995459756652,1909.3436279296875,0.5562226918574414,0.2286790316186281,1.539415298495907,-0.5393927790304411,-0.144204797915747,834.8475488831895,22.65798149232063,1.0,144.7,20,20,336,182.0,NAKODAR
35813,Janghi Rana (86),BATHINDA,30.0917377,74.83853,35813,1909.0702203254093,1909.343017578125,0.58783223139056,0.2414022025275369,1.3063548777642702,-0.5769021302465451,-0.142020323421332,493.9376271782973,24.606612609272787,1.0,2.47,100,200,933,1764.0,SANGAT
35387,Ramgarh (115),SRI MUKTSAR SAHIB,30.594595,74.83173,35387,1910.219725576759,1909.34228515625,0.5796051982360051,0.1868383173212899,1.4880969219311404,-0.5461901827278545,-0.1114590976716638,546.4187207629578,24.21506824123896,0.9849699986748272,700.0,250,0,500,885.0,MUKTSAR
39968,Kuba (73),BARNALA,30.3783779,75.54286,39968,1908.5578412605205,1909.3416748046875,0.6375753058156174,0.2812670257219296,1.8272611778321293,-0.5899047319144176,-0.2053356350778983,659.4906988551514,23.83767581675164,1.0,1123.0,1123,343,460,569.0,BARNALA
35279,Sheikhu (166),SRI MUKTSAR SAHIB,30.3289623,74.34524,35279,1908.923934359936,1909.3399658203125,0.3271510746575958,0.0246888742517241,0.76037247746055,-0.3632599209071478,0.0353441825443907,454.9164417197602,24.65291482275921,0.5852543847229165,320.0,100,99,165,520.0,MALOUT
40050,Khudi Khurd (60),BARNALA,30.3783779,75.54286,40050,1909.0954370564093,1909.3385009765625,0.6946978680259963,0.3286271311644028,1.8447683102056995,-0.636702046601983,-0.2521119413600186,643.1999945585784,23.82408784064313,1.0,4550.0,685,120,283,507.0,BARNALA
35766,Mehma Sarkari (175),BATHINDA,30.27027,74.93797,35766,1909.1957412725408,1909.3369140625,0.5508836439346267,0.2059101417268365,1.4210658893603012,-0.5285279005247328,-0.1211036353662251,517.5433784357385,24.380774758594534,1.0,554.0,200,250,349,607.0,GONIANA
37158,Akbarpura (31),AMRITSAR,31.6756763,74.8427048,37158,1913.358319163876,1909.3365478515625,0.5209906624819963,0.1800426016011376,1.2775458892357934,-0.5097241155443898,-0.0900479574773509,884.0865436007874,22.8815582718164,0.8709962794060707,219.0,23,23,44,236.0,HARSHE CHHINA
39527,Bhari Mansa (183),SANGRUR,30.4866142,75.95732,39527,1908.942329007735,1909.3358154296875,0.6466707824056012,0.3141582624201603,1.5911848539181903,-0.6046755880701791,-0.2167225356951161,717.1626779248612,23.10685946835593,1.0,210.0,145,0,290,231.0,MALERKOTLA
33308,Dhaul Kalan (388),LUDHIANA,30.3948536,75.74185,33308,1908.039768669449,1909.3358154296875,0.6272447441401924,0.291271869861773,1.8435408593436988,-0.5853983520093093,-0.2081494115684143,798.1422933747666,22.84587891937236,1.0,282.0,122,26,251,313.0,Maloud
30519,Rajab (365),JALANDHAR,31.4954948,75.52224,30519,1909.575731732174,1909.335205078125,0.5774004231815143,0.2104033721083514,1.840855131916036,-0.5374435477975289,-0.1407273539642207,805.4736348798173,22.43289419592901,1.0,111.0,50,50,138,123.0,JALANDHAR - WEST
28579,Bagha (2),GURDASPUR,31.9639645,75.41655,28579,1904.9417026379656,1909.3343505859375,0.4379605545972913,0.2206355698729909,1.2541830402355958,-0.4201702109390141,-0.1114236062437012,860.1867499759095,22.40933991115594,0.8913929395024281,195.0,70,0,201,267.0,SRI HARGOBINDPUR
35762,Dan Singhwala (171),BATHINDA,30.4144154,74.9857254,35762,1909.096544106784,1909.3338623046875,0.5688206096195467,0.2376078311085986,1.442961408960265,-0.5432065091884072,-0.1441748831884405,520.6019924691404,24.328512414296945,1.0,299.0,120,80,91,1492.0,GONIANA
34915,Dhandi Qadim (257),FAZILKA,30.6126118,74.25945,34915,1912.9443610214053,1909.3326416015625,0.5930525296478192,0.2553437593172481,1.6438467550709606,-0.5572340452191258,-0.1684482439544547,585.4968784316202,24.109578979952687,1.0,1080.0,135,381,681,1149.0,JALALABAD
36678,Umaidpur (127),PATIALA,30.3423424,76.41278,36678,1906.4737624929207,1909.3326416015625,0.3697013246138259,0.095282014805024,1.2260803546145798,-0.3844178516227601,-0.0242904004919392,899.4118514468568,22.83189132190313,1.0,228.0,3,0,2,240.0,SANOUR
39937,Ganota (107),SANGRUR,29.74282,75.90985,39937,1912.9984034170968,1909.3282470703125,0.570542712913642,0.2689511462971589,1.5010869293227318,-0.550829288346397,-0.1705155929591181,633.4779950787919,24.113163681595665,1.0,195.0,150,50,210,222.0,ANDANA
35078,Katehra (143),FAZILKA,30.1981983,74.17425,35078,1911.610004866984,1909.3262939453125,0.5624204975051533,0.1427106814966909,1.406576004401353,-0.5347938572367333,-0.0755142129214714,465.2657021269673,24.553680270116043,1.0,2099.0,542,523,790,1375.0,KHUIAN SARWAR
33384,Gehlewal (14),LUDHIANA,30.9369373,75.7916,33384,1908.0854044378289,1909.3245849609375,0.5202680529660162,0.1978269375340987,1.40551177652764,-0.5154110788044537,-0.1089268804494107,849.1459134032624,22.75239176079907,1.0,27.0,67,0,90,96.0,LUDHIANA-2
38275,Hothian (335),Tarn Taran,31.54955,75.01623,38275,1913.0142041015104,1909.323486328125,0.5201879282448476,0.2042620251188217,1.4767766913996914,-0.5126246274508882,-0.1186238253671225,904.0238502433198,22.61020811230276,1.0,200.0,20,200,315,300.0,KHADUR-SAHIB-10
29667,Dhak Darwesh Pind (111),KAPURTHALA,31.3873882,75.39295,29667,1908.7084708019784,1909.323486328125,0.5725009168776111,0.2247211061286077,1.7218841928397337,-0.5409281199405834,-0.151316616731907,774.5449784209626,22.62641459229758,1.0,3.0,0,0,1,17.0,PHAGWARA
37878,Kot Dasaundi Mal (50),Tarn Taran,31.3873882,74.99193,37878,1910.7243391972809,1909.3232421875,0.5270642259526028,0.187301354450189,1.3584374762000817,-0.5131640132501691,-0.1009496989747026,857.3961350133317,22.745808597055657,1.0,250.0,150,170,270,264.0,TARN TARAN-12
33331,Majri (234),LUDHIANA,30.738739,76.01257,33331,1908.442435577265,1909.322509765625,0.5889499431842126,0.2559784641671889,2.055614727824793,-0.5358139354727911,-0.1801261622261545,838.5368230750458,22.707484723278867,1.0,400.0,0,0,180,282.0,DORAHA
32773,Panjola (294),FATEHGARH SAHIB,30.6265583,76.38199,32773,1904.30296964296,1909.3212890625,0.5624640416791483,0.2428474162972159,1.5352361502608078,-0.5353982762985136,-0.1507035617524899,845.7261956069015,22.88222885112572,1.0,188.0,40,61,145,221.0,SIRHIND
35626,Bajakhana (151),FARIDKOT,30.4324322,74.89509,35626,1911.2830702123103,1909.3204345703125,0.6191002399848577,0.2935719202709026,1.7240451900808915,-0.573909474510851,-0.2057455363203535,555.6150122119692,24.09680676041327,1.0,4000.0,100,100,1300,1527.0,Jaitu
34189,Bagge (236),MOGA,30.522522,74.23235,34189,1909.6181139035807,1909.31982421875,0.6494972059611095,0.3286104306652602,1.862467574606568,-0.5968606138363012,-0.2415742814042109,694.4905462672608,23.069375095900625,1.0,121.0,55,55,105,135.0,KOT-ISE-KHAN
35194,Gobindgarh (119),FAZILKA,30.1441441,74.19609,35194,1910.5018753136528,1909.318359375,0.5952820648302671,0.2174112703526134,1.492649033086682,-0.555555204533884,-0.1339469212016004,429.5275586401605,24.7620909869518,1.0,325.0,0,281,505,1808.0,ABOHAR
29379,Jhugian Araian (70),KAPURTHALA,31.2252254,75.26329,29379,1914.5349919077776,1909.3175048828125,0.4401151597881587,0.1953512902906896,1.13894619688607,-0.4379558429608786,-0.0889027692388596,931.265303771724,22.505780148381405,1.0,103.0,0,0,4,134.0,SULTANPUR LODHI
39961,Kot Duna (80),BARNALA,30.3591232,75.53282,39961,1905.700358361792,1909.31689453125,0.6672336773688359,0.3067353622970736,1.8443778014737464,-0.617496233156488,-0.2271902800990049,646.5809424410963,23.907343471582774,1.0,245.0,105,101,105,2498.0,BARNALA
33322,Ghudani Kalan (228),LUDHIANA,30.81081,76.02758,33322,1905.1296766127311,1909.31640625,0.585320913690461,0.290810135848125,1.8749565447476075,-0.5415196812894048,-0.20123682529672,817.5923358015593,22.77871639308824,0.9852634760038192,500.0,3,0,1012,1517.0,DORAHA
30243,Kangniwal (1),JALANDHAR,31.3153152,75.609375,30243,1910.546475259964,1909.3154296875,0.5687298003486079,0.2107912345241383,1.7062120943038468,-0.5386197088928386,-0.1394265681541461,842.5791057755845,22.591726153523496,1.0,225.0,9,1,353,257.0,RURKA KALAN
35511,Sangrahur (27),FARIDKOT,30.54054,74.8318939,35511,1909.9318381564285,1909.314208984375,0.6015977556893372,0.2651771136444427,1.5274528888038532,-0.5634797075155878,-0.1742270221680818,604.1605762906545,23.781427793974387,1.0,1500.0,100,100,245,499.0,FARIDKOT
34962,Paliwala (220),FAZILKA,30.522522,74.2741852,34962,1908.3878642005152,1909.3138427734375,0.5705110511367486,0.2839714901475785,1.6975880293536756,-0.5251384171207253,-0.1865509778141211,540.6012482371415,24.250926442764083,1.0,500.0,315,402,577,597.0,JALALABAD
33351,Raul (222),LUDHIANA,30.738739,76.01257,33351,1907.5857922105936,1909.31201171875,0.5538792015781078,0.2680209611203635,2.1169079036962466,-0.5014997617937597,-0.1852136580966918,839.7097679784196,22.70817968043576,1.0,300.0,10,0,188,413.0,DORAHA
35025,Mahuana (205),FAZILKA,30.3423424,74.2414856,35025,1910.683812140244,1909.3106689453125,0.6658575779436621,0.1993908736216449,1.717535898822936,-0.6020835981343622,-0.138759136394135,502.45624557972735,24.38692060412908,0.9995517031893956,1047.0,0,603,906,1332.0,Arniwala Shiekh Subhan
36594,Paharpur (23),PATIALA,30.2342339,76.34947,36594,1918.816706883092,1909.310302734375,0.4106001743831211,0.0937704021466316,1.074613906703469,-0.4144347213409154,-0.0209778554478052,805.221803181424,23.06192115967022,1.0,330.0,180,200,280,352.0,PATIALA
33623,Talwandi Khurd (108),LUDHIANA,30.9007,75.80896,33623,1913.9786930041555,1909.309326171875,0.504810225983277,0.1652995929093013,1.4599058323577825,-0.4943212495130594,-0.0905997331366727,864.273304026355,22.76681682189809,1.0,178.0,82,52,553,34.0,LUDHIANA-1
35079,Bodiwala Pitha (142),FAZILKA,30.1621628,74.1888046,35079,1910.620552138235,1909.30859375,0.5950067115916631,0.2110632716125805,1.4692844410717774,-0.5575297747020427,-0.1281119272028293,464.4527859302042,24.57087454478807,1.0,1752.0,452,452,595,1161.0,KHUIAN SARWAR
33543,Lehra (334),LUDHIANA,30.3948956,75.74166,33543,1907.5930139474688,1909.3060302734375,0.6085499397449875,0.2761931074065724,1.7182078312844762,-0.5739383334122989,-0.195989900082614,784.5517476978015,22.8875084367116,1.0,309.0,135,45,368,354.0,DEHLON
37579,Pandori (264),AMRITSAR,31.6216221,74.9261551,37579,1908.76642562126,1909.3040771484375,0.498556451383449,0.1664028326469997,1.3053989185707358,-0.4920115580024986,-0.0847117033186209,897.981772105922,22.67399627419917,1.0,189.0,84,75,415,257.0,VERKA
37542,Shafipur (139),AMRITSAR,31.6216221,74.8838348,37542,1909.4547535689624,1909.30322265625,0.5321207480199422,0.2100517600840988,1.455930302135485,-0.5050124485926213,-0.1238152786003548,880.1705137506073,22.639620560343342,1.0,515.0,125,125,215,206.0,JANDIALA GURU
28520,Mehtewal (28),GURDASPUR,31.6936932,75.47134,28520,1909.993703424864,1909.302490234375,0.6281184341766594,0.2960453641452297,1.887292350573912,-0.5758880379110954,-0.212117105672885,899.495119135608,22.26800492968988,1.0,78.0,25,0,99,86.0,SRI HARGOBINDPUR
37123,Wadhai Chima (53),AMRITSAR,31.6175823,74.87588,37123,1911.9213511147711,1909.302490234375,0.4048058226866676,0.0952395008066906,1.007865725882556,-0.4301271076296758,-0.0138620863627646,969.298666421819,22.59873777431532,1.0,1.0,0,1,1,175.0,AJNALA
37828,Waraich (8),AMRITSAR,31.6036034,75.2078247,37828,1917.2844358637544,1909.3018798828125,0.4076708518530961,0.0534287142915453,1.2300220362205985,-0.4180892240938481,0.002187319364618,908.5450354067774,22.40788416077825,0.4055650478164145,229.0,50,50,325,368.0,RAYYA
37906,None (83),Tarn Taran,31.477478,74.91614,37906,1912.222324614433,1909.3004150390625,0.5149909632728162,0.1741296587361298,1.3944138068243503,-0.4936213861119529,-0.093625799800569,896.61962715887,22.56292476641289,1.0,240.0,0,142,452,266.0,TARN TARAN-12
29256,Budo Punder (199),KAPURTHALA,0.0,0.0,29256,1913.1864634115952,1909.300048828125,0.5135666424445005,0.1567616506026155,1.5884788641139125,-0.4944758154726681,-0.0887104710894478,951.491826314086,22.40472974484888,1.0,129.0,20,20,30,361.0,KAPURTHALA
34952,Chak Qabarwala (209),FAZILKA,30.6126118,74.25945,34952,1909.124500097304,1909.2998046875,0.5706936995709008,0.2907777488377725,1.6618560854615851,-0.5312420240945422,-0.1909576731150859,541.6168811728852,24.234375981316475,1.0,323.88,86,86,113,338.0,JALALABAD
33387,Fatehgarh Gujjran (9),LUDHIANA,30.7150917,76.2017059,33387,1907.6280606694352,1909.2996826171875,0.5490476256966009,0.2282445833428333,1.391779095978698,-0.5467814652373557,-0.1331290797184778,847.0550509724292,22.74873879753418,1.0,106.0,41,15,57,121.0,LUDHIANA-1
30239,Pandori Musharkati (9),JALANDHAR,31.1171169,75.72464,30239,1909.8306215971088,1909.2965087890625,0.6352958270678432,0.2945894573301,1.8055581390363795,-0.5955700429724787,-0.21108979608194,818.2160219557182,22.60443368431362,0.9343030246378216,419.0,60,56,325,419.0,RURKA KALAN
32230,Laroya (181),Shahid Bhagat Singh Nagar,31.0630627,76.1233,32230,1907.1348388802312,1909.2965087890625,0.6508280878787293,0.2880106697621495,1.8590786997558209,-0.6055927956971129,-0.2124658470300636,833.0336305310624,22.58589359521818,1.0,2.47,60,0,239,167.0,AUR
37617,Bal Khurd (339),AMRITSAR,31.6396389,74.85601,37617,1908.7600271660328,1909.2962646484375,0.4321786162661766,0.0863046021895776,1.0367056243653454,-0.4520321097037085,-0.0100266413765072,925.7557782342332,22.57332640097519,0.9829742665278606,0.0494,50,70,700,405.0,VERKA
28541,Kishan Kot (60),GURDASPUR,31.9639645,75.41655,28541,1911.1687392197448,1909.2960205078125,0.5748354928737621,0.2697771630571355,1.672593562857877,-0.5430160704690487,-0.1763742172029397,911.4683362653152,22.180698756103368,1.0,80.0,65,0,164,85.0,SRI HARGOBINDPUR
36385,Sukhewal (150),PATIALA,30.3603611,76.15539,36385,1906.248287089967,1909.295654296875,0.5421540850006176,0.2057652379772505,1.3527375126492107,-0.5237923556824913,-0.1170718846774136,742.1264591624634,23.01527433478094,1.0,118.0,43,60,112,128.0,NABHA
34922,Mohar Singhwala Uttar (250),FAZILKA,30.594595,74.26657,34922,1907.1499529571345,1909.2935791015625,0.4996773374168848,0.2324240662214391,1.428245715321158,-0.476525073924864,-0.1411254611426614,573.5140833070176,24.17932731779252,1.0,190.0,200,200,300,31.0,JALALABAD
36384,Abhepur (151),PATIALA,30.3603611,76.13451,36384,1906.227471874936,1909.29150390625,0.5588567101560805,0.2341845507935808,1.371233357731369,-0.5423340766277277,-0.1393904591509046,742.0841475714259,23.015429564178564,1.0,96.0,28,62,94,113.0,NABHA
35352,Rokhala (14),SRI MUKTSAR SAHIB,30.2342339,74.68108,35352,1909.2836649686085,1909.290283203125,0.5872112588407289,0.2446409998568728,1.3351435120275623,-0.569002313451025,-0.1464104827474575,506.2172616285236,24.511381432144542,1.0,728.0,250,300,520,879.0,GIDDERBAHA
33451,Hiran (217),LUDHIANA,30.9189186,75.84033,33451,1910.0811371266389,1909.2896728515625,0.4703857370760654,0.1346360867278724,1.504670492240808,-0.4633927177632642,-0.0666460899172097,835.0397142579453,22.79578354606297,1.0,20.0,0,0,900,306.0,LUDHIANA-2
30158,Langrian (227),JALANDHAR,31.1171169,75.72464,30158,1908.0897985791728,1909.28857421875,0.68187447694468,0.3266056830017282,1.943730463708781,-0.6266541045142109,-0.2471132860705087,837.317792751465,22.6340515400549,1.0,166.0,3,2,62,181.0,RURKA KALAN
29254,Gokalpur (197),KAPURTHALA,31.27928,75.49614,29254,1913.5949606462227,1909.2860107421875,0.5122296482140959,0.1537281223586522,1.5035897431405207,-0.4980284356422678,-0.0869946847655414,928.7443551232712,22.4461244842264,1.0,12.0,6,0,8,88.0,KAPURTHALA
39922,Bushera (119),SANGRUR,29.7347469,75.90731,39922,1908.631516260931,1909.28564453125,0.5449104540911361,0.2461872234049977,1.3744245507032251,-0.5346013469492421,-0.1451754020953805,634.4464921888498,23.96783848212561,1.0,1058.0,100,300,570,1191.0,ANDANA
35618,Chand Bhan (9),FARIDKOT,30.3963966,75.01367,35618,1908.810253668389,1909.285400390625,0.595998481373857,0.2655244707878983,1.5623498652240448,-0.5598382060672877,-0.1731342727673482,527.2961952023775,24.23138813006556,1.0,3600.0,16,76,610,941.0,Jaitu
37578,Vanchari (265),AMRITSAR,31.6216221,74.9261551,37578,1908.5783777678143,1909.2838134765625,0.4869432064401919,0.1645269572217268,1.2795259386229156,-0.4827299114225756,-0.079334811623803,865.1463319057483,22.716870420541422,1.0,387.0,0,23,417,442.0,VERKA
38255,Bhoian (325),Tarn Taran,31.25723,74.98892,38255,1912.8364062280136,1909.2825927734375,0.5448381980930995,0.2075992052981427,1.4207854503548771,-0.5276053018991489,-0.1199189518467764,868.9469787289994,22.74958406038064,1.0,150.0,36,16,62,86.0,CHOHLA SAHIB-8
37877,Khara (58),Tarn Taran,31.4889259,74.86947,37877,1912.636065728629,1909.2818603515625,0.5217358905194174,0.1757111172488473,1.3417254934259468,-0.510690245005539,-0.0918267105202461,857.3961350133317,22.745808597055657,1.0,100.0,11,1,95,301.0,NAUSHEHRA PANNUAN-11
35384,Lakhewali (49),SRI MUKTSAR SAHIB,30.594595,74.83173,35384,1912.4174839813656,1909.28173828125,0.6082090733685684,0.2638393583330877,1.51978309691593,-0.5771734621677743,-0.173820513440389,520.8030040773872,24.328164493677,0.9878052015355622,12.0,100,100,200,1426.0,MUKTSAR
28540,Khudi (50),GURDASPUR,31.9639645,75.41655,28540,1909.3833351593448,1909.28173828125,0.5720440720400617,0.2614440689761175,1.6683567379427793,-0.5429623288740696,-0.1701013520182754,911.4683362653152,22.180698756103368,1.0,130.0,60,0,79,138.0,SRI HARGOBINDPUR
35765,Ablu (174),BATHINDA,30.2882881,74.9725952,35765,1908.5276793274647,1909.2806396484375,0.5937314313250569,0.2478414529923743,1.4620638102305157,-0.5657945714805858,-0.1550844323210771,514.491902430616,24.40106568356464,1.0,540.0,400,75,155,3524.0,GONIANA
35665,Phulewala (443),BATHINDA,30.2882881,75.3273239,35665,1910.2440123160225,1909.2801513671875,0.6309956194810109,0.3041469158603424,1.8622298004772493,-0.5828029273963476,-0.2188411394362468,625.4272404124634,23.82009521468939,1.0,651.0,300,300,445,657.0,PHUL
37741,Kot Khera (163),AMRITSAR,0.0,0.0,37741,1908.6647072249464,1909.2801513671875,0.4029334176116958,0.076828975259021,1.3610545157756555,-0.3905534894893501,-0.0184209809672154,972.7645310571093,22.45527152660549,1.0,88.66,145,145,320,244.0,TARSIKKA
37714,Padde (20),AMRITSAR,31.6036034,75.2078247,37714,1913.349523558948,1909.2796630859375,0.4738183488959828,0.1362482903756618,1.4976095016336175,-0.4581998935768119,-0.0715439291258153,953.4446242263216,22.404917930807244,0.979173987446826,242.0,140,140,252,168.0,RAYYA
37574,Bashambarpura (143),AMRITSAR,31.6576576,74.84936,37574,1911.677633511916,1909.2794189453125,0.4150576819506987,0.0596268862895245,1.0822707894853232,-0.4331502681601889,0.0041878695564629,925.1101509546352,22.566445759287543,0.9531942287248344,108.0,19,36,188,123.0,VERKA
33502,Kanganwal (245),LUDHIANA,30.9009018,75.84705,33502,1909.236029779256,1909.2779541015625,0.2441962891232535,0.0045802648493112,0.8514276735113823,-0.2830411066241499,0.0472093971863518,828.6771441962819,22.79864965994561,0.2108443376778065,20.0,20,20,53,244.0,LUDHIANA-2
39909,Pishore Bhaike (34),SANGRUR,29.9459457,75.8152847,39909,1910.0501399178893,1909.27783203125,0.6423068765816369,0.2945390145606406,1.6844728191370923,-0.5980913146945679,-0.2070881713084425,652.1042379548447,23.76469388549134,1.0,890.0,680,540,700,1050.0,LEHRAGAGA
35077,Kamalwala (180),FAZILKA,30.3603611,74.2342758,35077,1909.8901015788715,1909.276123046875,0.6577412860995603,0.2134149494510826,1.6916222575156603,-0.5963218123572055,-0.1439554322145978,465.5567726086376,24.54752373660037,1.0,1480.0,259,259,663,1480.0,Arniwala Shiekh Subhan
35825,Bandi (107),BATHINDA,30.2145176,74.9442749,35825,1911.0319844364228,1909.27587890625,0.5529130500485246,0.1559656668407301,1.2925380538283258,-0.5445085810323463,-0.0763296170381777,493.57652578847785,24.658550525605705,1.0,1821.0,2100,300,550,2136.0,SANGAT
39531,Daulatpur (177),SANGRUR,30.5045052,75.9334259,39531,1906.862007650969,1909.2757568359375,0.6654875027613775,0.3296448983341555,1.596967374475804,-0.6215437765643351,-0.2330426460046114,717.1626779248612,23.10685946835593,1.0,140.0,25,41,82,164.0,MALERKOTLA
39916,Bhutal Khurd (92),SANGRUR,29.9459457,75.8152847,39916,1909.0290433542816,1909.275634765625,0.5686452253629465,0.2506471003912652,1.4657582804507954,-0.547722830568192,-0.155549142909043,644.5696893145936,23.9387221873472,1.0,1050.0,128,208,666,1215.0,LEHRAGAGA
33212,Chak Sarai (148),LUDHIANA,30.63063,76.09503,33212,1907.6713629974424,1909.2734375,0.5036257761226821,0.2000904723928431,1.533997631346829,-0.4844933208110539,-0.1181738556135221,860.8907404353516,22.642453532259594,1.0,2.47,0,0,281,259.0,KHANNA
35120,Banwala Hanwanta (244),FAZILKA,30.4144154,74.02464,35120,1908.3837779692897,1909.2728271484375,0.5980005565775959,0.2647380264297024,1.4007644303357574,-0.5742639940773819,-0.1661362754071385,490.46239996007057,24.435853612746858,1.0,645.0,250,195,368,742.0,FAZILKA
29098,Jag (82),KAPURTHALA,31.36937,75.3996,29098,1905.8040011362784,1909.2716064453125,0.5549558360863829,0.2318258639419035,1.6662515196787882,-0.525921241948183,-0.1454837579405083,855.3183767011063,22.46012897505409,1.0,2.0,20,5,80,104.0,NADALA
39887,Sangatpura (53),SANGRUR,30.2485275,75.83867,39887,1907.6154286577355,1909.27099609375,0.574704643107504,0.2576321431388607,1.3877960917417482,-0.5570851270898104,-0.1580167253472553,652.4690915446432,23.89254382579392,1.0,2.47,0,0,225,1040.0,SUNAM
34047,Dhaleke (21),MOGA,30.81081,75.16745,34047,1910.06929719372,1909.27099609375,0.6204524638005573,0.2675231375390643,1.8355878720024668,-0.5771079782972042,-0.1963265728545752,703.815723256283,23.101665904839667,0.8709778920347305,1033.0,56,850,1188,1177.0,MOGA-II
28571,Ghuman (61),GURDASPUR,31.9639645,75.41655,28571,1909.4375871800887,1909.2685546875,0.5146620766067828,0.1987682509809848,1.5884367242180937,-0.4953263836960176,-0.1185901550600861,911.4683362653152,22.180698756103368,1.0,97.0,25,0,66,631.0,SRI HARGOBINDPUR
35008,Behak Hasta Uttar (307),FAZILKA,30.522522,74.2741852,35008,1910.384478321905,1909.2684326171875,0.5672490941550062,0.2675595846446555,1.406479390095756,-0.534187505418811,-0.1738483023149699,519.9245157649415,24.345211129938377,1.0,425.0,155,150,250,678.0,JALALABAD
35065,Tahliwala Bodla (229),FAZILKA,30.3603611,74.2342758,35065,1910.1850839392507,1909.2679443359375,0.6035431146030045,0.263447396364162,1.4108736261902384,-0.5777202390834741,-0.1678451455044007,500.5431959343671,24.39384943364332,1.0,1078.0,480,480,695,1229.0,Arniwala Shiekh Subhan
30524,Jalla Singh (328),JALANDHAR,31.333334,75.58166,30524,1909.5975285464624,1909.26611328125,0.5430859611493077,0.1709642807393183,1.836313791685824,-0.5051570967507347,-0.1106675777223717,915.755136317062,22.45489732858444,1.0,286.0,50,50,180,314.0,JALANDHAR - WEST
33382,Sherian (16),LUDHIANA,30.9189186,75.84033,33382,1908.3075643335603,1909.2652587890625,0.4978370213190843,0.1989406058401492,1.370356340647646,-0.4947291267457329,-0.1071087409124347,849.1459134032624,22.75239176079907,1.0,20.0,20,0,130,147.0,LUDHIANA-2
33325,Jallah (231),LUDHIANA,30.738739,76.01257,33325,1907.5023631820773,1909.260986328125,0.592695977297375,0.2805682970684356,1.850831286037264,-0.5474313486494466,-0.1950525905132379,837.3930845687295,22.71137416415057,1.0,150.0,34,0,288,429.0,DORAHA
35382,Nandgarh (46),SRI MUKTSAR SAHIB,30.594595,74.83173,35382,1911.103533808969,1909.259521484375,0.6075247137029082,0.2378364485416218,1.5171937289805963,-0.5707968474139306,-0.1531088561992709,505.245208126173,24.39226277495868,1.0,3200.0,251,251,532,828.0,MUKTSAR
35490,Sher Singhwala (62),FARIDKOT,30.6846848,74.77576,35490,1908.780109084592,1909.2593994140625,0.5689101521988085,0.2415838396511867,1.532717878937479,-0.5493044241490764,-0.1503101160191816,584.483774161914,23.89314926148377,1.0,1260.0,852,35,425,1358.0,FARIDKOT
33392,Mahal Ghumana (1),LUDHIANA,30.9009018,75.84705,33392,1908.282126179803,1909.2578125,0.3872067269145521,0.2022227204353236,0.9888365232554962,-0.391158669417171,-0.0863756549331533,840.4909315516846,22.737270569515545,0.8420075095810445,20.0,30,30,210,488.0,LUDHIANA-2
35162,Shergarh 88),FAZILKA,30.1441441,74.21693,35162,1908.3942582297257,1909.257568359375,0.4227748422712278,0.0285913613948783,0.9632914560787624,-0.4548320620548758,0.0371935033837735,393.570609690738,24.83776168399886,1.0,2024.0,214,489,791,2061.0,ABOHAR
33338,Kaddon (246),LUDHIANA,30.738739,76.01257,33338,1908.7250154192925,1909.25537109375,0.5314778252761296,0.2192552789494901,1.897569815392628,-0.493092457311139,-0.1453144512617637,846.3509653550407,22.6875715462375,1.0,200.0,5,28,675,739.0,DORAHA
30366,Chananpur (254),JALANDHAR,31.27928,75.58047,30366,1912.8034951838408,1909.2540283203125,0.5622147197269257,0.1994932287620452,1.6728238278313936,-0.5338148215664222,-0.1276344010271114,842.5791057755845,22.591726153523496,1.0,8.4,18,18,165,240.0,JALANDHAR-EAST
35083,Kikarwala Rupa (237),FAZILKA,30.3963966,74.03187,35083,1909.708663523996,1909.25341796875,0.6322568166720517,0.3186365812109203,1.5576179616820036,-0.5903065912852868,-0.217441702496405,493.45077474410914,24.42036943640104,1.0,698.0,285,75,104,713.0,FAZILKA
35187,Sherewala (77),FAZILKA,30.1621628,74.20964,35187,1908.770111141228,1909.253173828125,0.5248427552361723,0.0670424001036642,1.254078055739268,-0.5231567387384974,-0.0058600253852994,406.2558614161025,24.93552755610056,1.0,3200.0,314,256,449,1343.0,ABOHAR
36143,Anupgarh (10),MANSA,30.072073,75.5369644,36143,1906.9141289945223,1909.250732421875,0.6621074793986315,0.295736681331801,1.7712483568763249,-0.6140913859887654,-0.216110497534175,643.1825355303428,23.984882103170765,1.0,1200.0,160,160,209,543.0,BHIKHI
33205,Gandhwan (227),LUDHIANA,30.63063,76.0741,33205,1908.7999125363672,1909.249755859375,0.4373979563959099,0.124883651064845,1.350004234723835,-0.436606651435062,-0.0544240915716667,865.374857466449,22.713122245179363,1.0,2.47,0,0,93,178.0,KHANNA
35513,Arayanwala Khurd (29),FARIDKOT,30.6126118,74.573494,35513,1909.39235241192,1909.2496337890625,0.622457632213482,0.2705584968821481,1.545734058929378,-0.5828526043426538,-0.1806284064370344,613.3904461622358,23.78183774883502,1.0,344.0,15,0,182,404.0,FARIDKOT
33459,Shahabana (237),LUDHIANA,30.9189186,75.84033,33459,1912.289886400505,1909.248291015625,0.5173068307725844,0.1712237760651344,1.513198310012619,-0.5046666350316811,-0.0998597553884634,835.097379412851,22.7973110789877,0.9942413500829744,20.0,2,0,479,571.0,LUDHIANA-2
34921,Mohar Singhwala Hithar (356),FAZILKA,30.594595,74.24564,34921,1910.817475081584,1909.244140625,0.5931104673212172,0.2939138042380333,1.6743072101396828,-0.5480278891016813,-0.1989950173439281,573.5117432763685,24.179327648742824,1.0,81.0,65,62,75,452.0,JALALABAD
28555,Lailla (45),GURDASPUR,31.6936932,75.47134,28555,1906.947476442796,1909.2435302734375,0.5525305367204536,0.2246314972051583,1.706636949400568,-0.5181840457386158,-0.143929289939451,911.4683362653152,22.180698756103368,1.0,98.0,60,0,112,108.0,SRI HARGOBINDPUR
32827,Paheri (90),FATEHGARH SAHIB,30.6126118,76.2274246,32827,1905.4632181917727,1909.2432861328125,0.6127197350424243,0.2815584106509071,1.737447489295707,-0.5689655742286278,-0.1988604783226817,797.7346193294431,22.851459683591155,1.0,290.0,74,67,235,339.0,AMLOH
37955,Rai Shiana (110),Tarn Taran,31.477478,74.91614,37955,1909.776206264302,1909.240966796875,0.5326707671706856,0.1908230928430312,1.519794809410556,-0.5081879563816225,-0.1128457651691529,855.9307250192063,22.707733182606887,1.0,170.0,0,180,331,188.0,TARN TARAN-12
36328,Rohti Mouran (176),PATIALA,30.3603611,76.2597961,36328,1911.7945835242008,1909.240478515625,0.5795268392170768,0.2669165125837663,1.4738224266784148,-0.5578500468985097,-0.1662301083224927,775.388428848018,23.00953171966017,1.0,349.0,5,80,245,375.0,PATIALA RURAL
33633,Bholewal Jadid (125),LUDHIANA,30.9007072,75.8089447,33633,1912.613023473053,1909.240234375,0.5476233913202869,0.163542916634315,1.6096611752931074,-0.5299553592049211,-0.0962433365158532,846.9622078349488,22.80621523879904,1.0,118.0,27,12,42,262.0,LUDHIANA-1
40045,Bhaini Fatta (76),BARNALA,30.3603611,75.52894,40045,1907.0807321031136,1909.239013671875,0.6673879035283665,0.3094451978556296,1.867046146950891,-0.6198043580457011,-0.2317268623892721,646.0838857104676,23.910025844172026,1.0,925.0,169,451,630,1002.0,BARNALA
39945,Bhulan (114),SANGRUR,29.7362843,75.90186,39945,1908.8058727711607,1909.2344970703125,0.5231371434589293,0.2319126419547729,1.4226689316957837,-0.5098932264682533,-0.1365849125724979,629.5139813758261,24.02739906668961,1.0,993.0,50,500,721,1093.0,ANDANA
36633,Dudhar (168),PATIALA,30.216217,76.35633,36633,1909.7505090727057,1909.234375,0.514530625679473,0.2080569149707102,1.3279860739760103,-0.515464269937356,-0.1115934628153651,821.4777380784345,23.048890758200766,1.0,390.0,50,55,250,415.0,PATIALA
30487,Maur (332),JALANDHAR,31.4234238,75.59083,30487,1907.036961271853,1909.232666015625,0.5922558457487769,0.2197653781949152,1.932348847260374,-0.5394346677892875,-0.150211422352797,866.5677848269837,22.48811818547273,1.0,2.5,5,0,100,87.0,JALANDHAR - WEST
37728,Chhajjal Wadi (127),AMRITSAR,31.6216221,74.8838348,37728,1910.5949067343631,1909.23095703125,0.4377932962088489,0.1029344139345873,1.3665169985040686,-0.431655393371948,-0.0393793593308599,961.899960496809,22.452791626726565,1.0,1219.0,250,430,848,728.0,JANDIALA GURU
35372,Lakhmireana (41),SRI MUKTSAR SAHIB,30.5765762,74.46205,35372,1909.301330883933,1909.2301025390625,0.5602996764278472,0.2418496899921702,1.3537250886581675,-0.5354957253618995,-0.1451601981673719,485.4129406785682,24.49078405171761,1.0,303.6,125,265,271,459.0,MALOUT
28547,Nahra (55),GURDASPUR,31.9639645,75.41655,28547,1907.5915514227509,1909.2296142578125,0.5400017548504686,0.2180289589203448,1.7385356354026342,-0.505606817873705,-0.1378754701497148,910.0720001183552,22.19088054473385,1.0,100.0,10,0,25,102.0,SRI HARGOBINDPUR
30145,Atti (216),JALANDHAR,31.0270271,75.77908,30145,1910.221148642899,1909.2281494140625,0.6391467358028771,0.2812243108204588,1.844228623275972,-0.5961737840316067,-0.2048131469528336,846.9261619260209,22.50267018928656,1.0,251.0,171,171,341,251.0,PHILLAUR
30196,Bara Pind (206),JALANDHAR,31.0270271,75.77908,30196,1907.3235552538576,1909.225341796875,0.6439277985037783,0.274414284818679,1.891200011964808,-0.5976890790765665,-0.2021347637899858,846.9261619260209,22.50267018928656,1.0,1382.0,37,37,146,1382.0,PHILLAUR
28546,Galowal (54),GURDASPUR,31.9639645,75.41655,28546,1909.6866362179496,1909.2236328125,0.6033109145285102,0.2686201545802432,2.0317478471847763,-0.5497286841176151,-0.1907628944598356,900.2990387802918,22.26214291722648,1.0,125.0,58,0,74,134.0,SRI HARGOBINDPUR
36359,Gobindgarh Chhanna (171),PATIALA,30.3783779,76.25297,36359,1908.792953999704,1909.2220458984375,0.5391955148062294,0.219679505616661,1.4933677285265106,-0.5181675430772029,-0.1316963274689028,775.388428848018,23.00953171966017,1.0,142.0,10,75,106,153.0,NABHA
39913,Jhaloor (152),SANGRUR,29.9459457,75.79449,39913,1910.4229798793565,1909.2198486328125,0.6076613285144831,0.2963925723937413,1.5194593590529943,-0.5805852866723172,-0.1979051470121635,645.5719278282896,23.915573107698656,1.0,1015.0,856,500,580,1017.0,LEHRAGAGA
30240,Dhanipind (7),JALANDHAR,31.3153152,75.609375,30240,1909.3522655121185,1909.219482421875,0.6054108960582272,0.268137124123506,1.6464059857690456,-0.5809572603722413,-0.1805158185156795,774.5449784209626,22.62641459229758,0.964986830410836,59.62,23,14,427,325.0,RURKA KALAN
30131,Thala (161),JALANDHAR,31.0270271,75.80011,30131,1911.225386498039,1909.2186279296875,0.614322294522299,0.2582243793295914,1.824785596949185,-0.5726813702674668,-0.1834571276864485,852.1045833761625,22.52070860132144,1.0,352.0,153,153,495,356.0,PHILLAUR
36395,Kameli (212),PATIALA,30.4684677,75.98893,36395,1906.5557068120088,1909.2181396484375,0.5627589395965583,0.2162194796303158,1.4541820662274474,-0.5381665759645599,-0.1311826356243182,742.1264591624634,23.01527433478094,1.0,164.0,45,85,170,181.0,NABHA
35579,Nathal wala (12),FARIDKOT,30.6846848,74.77576,35579,1910.1937297356053,1909.2174072265625,0.5352708456988032,0.2024938089746007,1.579093667388055,-0.5130572005716729,-0.1225331001725321,565.4314981489424,23.94018158480056,1.0,233.0,79,0,325,262.0,FARIDKOT
35667,Dhingar (445),BATHINDA,30.3243237,75.22978,35667,1906.01568395718,1909.2164306640625,0.6561357986523039,0.3089588504092098,1.7872160302814182,-0.6024667807289893,-0.2272994445697808,621.4672550640096,23.922338728918803,1.0,354.0,100,180,280,380.0,PHUL
33244,Jalajan (267),LUDHIANA,30.63063,76.09503,33244,1905.8296484844204,1909.2164306640625,0.5758632946368737,0.2562910629402402,1.6431351472131674,-0.5505676521850125,-0.1680966733123522,797.9699912478821,22.851000825335177,1.0,2.47,0,0,224,322.0,KHANNA
35009,Lakhe Ke Uttar (309),FAZILKA,30.6126118,74.25945,35009,1910.6414659250693,1909.2158203125,0.6281471279814942,0.3086585677812172,1.5652630682649245,-0.5834308034965711,-0.2120190260968931,519.9245157649415,24.345211129938377,1.0,245.0,290,290,388,267.0,JALALABAD
39951,Nawangaon (123),SANGRUR,29.837225,75.92357,39951,1909.2164172869543,1909.21240234375,0.51238784931739,0.2386450952162523,1.3922815329726723,-0.5064381422396617,-0.1363767032514732,636.5912986411323,23.94342351644268,1.0,1166.0,150,100,575,1215.0,ANDANA
35067,Tahliwala Jattan (182),FAZILKA,30.1621628,74.27216,35067,1910.0845761766736,1909.2120361328125,0.6081356058743432,0.1717568397729113,1.531856803241619,-0.5611616980687987,-0.1046514168836774,473.31938840766406,24.51238132218592,1.0,1566.0,211,271,422,1606.0,Arniwala Shiekh Subhan
29938,Thabalke (4),JALANDHAR,31.18919,75.40312,29938,1908.7729929075813,1909.211669921875,0.5923901426414169,0.2252997441007832,1.7676087431076366,-0.5607344422298371,-0.1553452991089484,842.5791057755845,22.591726153523496,0.9952779164468176,236.0,68,65,290,284.0,NAKODAR
39905,Khai (65),SANGRUR,29.9459457,75.79449,39905,1911.628919011232,1909.21142578125,0.5539792767857008,0.243048407221175,1.2824575464871242,-0.5515133651125265,-0.1389519838072354,648.688638449066,23.978542290935373,1.0,290.0,280,280,315,331.0,LEHRAGAGA
36193,Jamalpur (12),PATIALA,30.1981983,76.21727,36193,1909.4626565698784,1909.2113037109375,0.4635867266632569,0.1550962081474847,1.1553224457218263,-0.475811377649166,-0.0630738466770981,786.4192086612818,23.087889409580555,1.0,124.0,70,80,151,138.0,SAMANA
29710,Rame (261),JALANDHAR,31.0828915,75.34603,29710,1914.4069563197504,1909.2098388671875,0.5801554402033693,0.2477949790931248,1.7479950978744156,-0.5462026823124282,-0.1677598103015533,742.77452499977,22.90691570389115,1.0,296.0,0,0,199,321.0,SHAHKOT
35778,Karamgarh Sattran (78),BATHINDA,30.4832745,75.09461,35778,1910.6487650407043,1909.20947265625,0.4903312312436855,0.0700512896441313,1.1757835062760251,-0.49674675378574,-0.0089494983430401,507.1518719820551,24.557775662985748,1.0,340.0,198,198,303,478.0,BATHINDA
37081,Nilpur (CT),PATIALA,30.4864864,76.58844,37081,1907.778291465604,1909.208740234375,0.2730304772832115,-0.0038190577034836,0.8429618274402082,-0.3146566631098498,0.0515328942228077,828.8671615531342,22.97204433731389,0.0454986898607861,5.0,0,10,490,0.0,RAJPURA
37151,Mahji Meun (35),AMRITSAR,31.0990982,74.97379,37151,1910.591233421329,1909.208251953125,0.6017707092436966,0.2257718053579937,1.5087653399278529,-0.5690267711679575,-0.144329921776387,908.715440344374,22.797497357166687,1.0,20.0,10,10,25,291.0,AJNALA
34951,Chak Gulam Rasulwala (208),FAZILKA,30.6126118,74.25945,34951,1908.216297265116,1909.2080078125,0.5678608484843338,0.275749584752242,1.5072187214026236,-0.5480727741585459,-0.1729445107460599,541.6168811728852,24.234375981316475,1.0,125.0,20,20,142,313.0,JALALABAD
29676,Khuni Kiyar (114),KAPURTHALA,31.27454,75.82226,29676,1909.1498068958497,1909.2080078125,0.6494944073418452,0.2795259752778037,1.889813424797636,-0.6013346074490121,-0.2026845000480022,774.5449784209626,22.62641459229758,1.0,3.0,0,0,15,7.0,PHAGWARA
36624,Balaspur (201),PATIALA,30.2988853,76.43661,36624,1907.3145077746728,1909.2047119140625,0.5016382396670895,0.2086412988909524,1.2847804911891103,-0.5116718695904284,-0.1087774754479919,855.5401804854768,23.039179985216663,1.0,116.0,50,58,111,204.0,SANOUR
32168,Taharpur (64),Shahid Bhagat Singh Nagar,31.0810814,75.9904556,32168,1906.3000472686608,1909.2037353515625,0.6349488281980075,0.2705543336661307,1.888386974557576,-0.5820968508052938,-0.1979207600720336,801.1492237716766,22.63865404296882,1.0,2.47,0,0,187,197.0,AUR
35391,Maur (53),SRI MUKTSAR SAHIB,30.594595,74.81081,35391,1910.8956208016727,1909.203125,0.5742890962097751,0.2062907226653406,1.460520270900893,-0.547370556605861,-0.1238888874924613,546.4187207629578,24.21506824123896,0.9550718086786256,500.0,200,0,300,580.0,MUKTSAR
40048,Mehta (62),BARNALA,30.4144154,75.3827,40048,1909.400880714196,1909.202880859375,0.6893200307503351,0.3247304504026286,1.850969715806304,-0.6279420834674695,-0.2447730649492242,638.1213310172456,23.86860843393913,1.0,400.8,240,230,470,549.0,SEHNA
29121,Mustfabad (108),KAPURTHALA,31.405405,75.34409,29121,1909.5257183343483,1909.20263671875,0.5410208603457899,0.2240784105111182,1.7492508918095826,-0.5083555568686228,-0.1439413600043305,855.3183767011063,22.46012897505409,1.0,114.0,40,40,212,114.0,DHILWAN
36558,Bir Kheri Gujran (34),PATIALA,30.216217,76.35633,36558,1908.1806292343088,1909.2008056640625,0.5199185218468688,0.1276604310909213,1.5249853585413915,-0.5057688946097129,-0.0659913599271553,850.5485597064393,22.973828551360043,0.7014777354821087,2.0,0,0,380,172.0,PATIALA
30130,Bansian (167),JALANDHAR,31.0270271,75.80011,30130,1909.9505981944965,1909.2005615234375,0.6018486414185681,0.2451942633454174,1.8289758203341,-0.5587851206822688,-0.1744608463460128,852.910844052767,22.535813889968583,1.0,127.0,42,45,156,126.0,PHILLAUR
33347,Jahagir (215),LUDHIANA,30.738739,76.01257,33347,1907.0428270982363,1909.1976318359375,0.5931140699475351,0.279811364602275,2.1516914097180417,-0.5374676541513463,-0.1997459922357365,820.0137456694093,22.770994054858043,1.0,80.0,2,25,102,90.0,DORAHA
39953,Baupur (125),SANGRUR,29.7400131,75.9110641,39953,1908.766293458098,1909.1943359375,0.5832226509352916,0.2833535801728454,1.5456163445087625,-0.5519867052902346,-0.1854224819115042,634.3164146565235,23.89373108780126,1.0,619.0,100,240,340,706.0,ANDANA
37890,Burj (195),Tarn Taran,31.35135,74.85768,37890,1917.7299168699544,1909.191162109375,0.5226416761946876,0.2018795351232175,1.3398248015677965,-0.514076242526398,-0.1105617091309847,843.4986415316956,22.92203865045581,1.0,2.47,0,110,160,143.0,GANDIWIND-9
34883,Mehmunjoya (274),FAZILKA,30.72072,74.42642,34883,1906.0491042203523,1909.1907958984375,0.653079588076557,0.3311279325267479,1.772890528976013,-0.6017441424699286,-0.2388459621275596,618.9966742443595,24.00437006384711,1.0,282.0,260,25,179,259.0,GURU HAR SAHAI
29042,Mand Miani Jhandeuwala (48),KAPURTHALA,31.5422916,75.436264,29042,1906.7608819423472,1909.1884765625,0.5065928884133587,0.1895947711315665,1.4069947569361474,-0.4948658303532645,-0.1038917590784557,860.1867499759095,22.40933991115594,1.0,1.0,6,8,8,125.0,NADALA
34931,Chak Arainwala (194),FAZILKA,30.522522,74.2741852,34931,1906.3187481940752,1909.1883544921875,0.5811635539088913,0.2806688215851596,1.480761137891814,-0.5517153985118023,-0.1859610312489048,575.0692727973359,24.12326903753388,1.0,433.0,285,182,452,533.0,JALALABAD
36137,Heron Kalan (25),MANSA,30.0,75.50285,36137,1909.58620883876,1909.18701171875,0.665471502141711,0.3225565349505194,1.7619499935530585,-0.6179430142337383,-0.2363065960078709,656.519429905376,23.961540431365133,1.0,1840.0,509,509,859,1509.0,BHIKHI
35609,Surghuri (134),FARIDKOT,30.4684677,74.88098,35609,1907.0143300457703,1909.1859130859375,0.6705887369155608,0.318182806765085,1.8819555331961524,-0.6151998359632036,-0.2377948632673815,530.2410610251266,24.1872955432746,1.0,663.0,202,283,515,729.0,Jaitu
36658,Chuharpur Jattan (175),PATIALA,30.216217,76.35633,36658,1908.11977282486,1909.1826171875,0.4583670920987286,0.1785447565092223,1.1492453283837427,-0.4866602940148927,-0.0789294839747608,807.036930601825,23.076397794994136,1.0,115.0,80,80,100,126.0,PATIALA
30556,Mangeki (359),JALANDHAR,31.6036034,75.6309357,30556,1909.790303274988,1909.1822509765625,0.6179181009774176,0.2741324187292633,1.9373325495405604,-0.5682342314235516,-0.1946049938907442,828.1126534923471,22.46058516910747,1.0,186.0,100,38,158,212.0,JALANDHAR - WEST
37607,Fatehgarh Shukarchak (252),AMRITSAR,31.6936932,74.96311,37607,1910.0599494164903,1909.181884765625,0.3879375283920728,0.0495383977597405,1.1022877018274757,-0.3901998691125327,0.0099075251837703,969.8854777028458,22.378567518482896,1.0,2.47,55,55,120,911.0,VERKA
29685,Chak Yusafpur Allewal(214),JALANDHAR,31.1573658,75.2108154,29685,1910.7793831534625,1909.1806640625,0.5553763554166337,0.2770596031787581,1.4539428463382804,-0.5425137110245843,-0.1757652026028713,770.9272467620282,22.957526196678693,1.0,90.0,25,32,62,88.0,LOHIAN
36555,Khera Jattan (164),PATIALA,0.0,0.0,36555,1905.7241663280083,1909.1806640625,0.5031550568450341,0.1804218329764465,1.3558911046995088,-0.4978823596410693,-0.0938731998032526,850.5485597064393,22.973828551360043,1.0,169.0,50,50,200,205.0,PATIALA
37697,Thothian (88),AMRITSAR,31.6036034,75.22898,37697,1909.6327911238152,1909.1806640625,0.4491665978170409,0.1014648415137406,1.4920754955148243,-0.429102324466217,-0.0431342639786441,963.7952279679624,22.448547853428483,1.0,485.0,135,135,340,252.0,RAYYA
33270,Sihaura (202),LUDHIANA,30.3783779,75.85614,33270,1905.343668830141,1909.1800537109375,0.5954211264902471,0.2702398944313052,1.674436217277385,-0.5575893411148524,-0.1837443864653723,809.7024749977479,22.79691163335279,1.0,455.0,338,303,530,508.0,Maloud
30404,Tajpur (287),JALANDHAR,31.2432442,75.53054,30404,1911.9685899671124,1909.17822265625,0.4427823643752625,0.1108965875132881,1.2831655399043311,-0.4497776178148242,-0.0438546121885621,915.9589763808106,22.41931414535388,0.9972284618355952,80.0,29,29,432,96.0,JALANDHAR-EAST
37943,Sanghe (78),Tarn Taran,31.477478,74.91614,37943,1909.085370886278,1909.17724609375,0.5976985697391924,0.2524842370170368,1.63762993127517,-0.5627743041713043,-0.1706779450080163,855.7950981892476,22.70812615972059,1.0,202.0,0,87,317,244.0,TARN TARAN-12
35264,Lakkarwala (190),SRI MUKTSAR SAHIB,30.5765762,74.48298,35264,1909.8251709890228,1909.17626953125,0.5998170036253563,0.2675345022043385,1.3822257158003044,-0.5644235119471588,-0.1685184902401026,468.6054730316839,24.563538805014822,1.0,861.0,189,550,560,1083.0,MALOUT
39501,Manvi (135),SANGRUR,30.5045052,75.9334259,39501,1906.1691155322333,1909.17431640625,0.6138233963874253,0.290712271478467,1.489101584361226,-0.579767578556062,-0.1955019645117401,743.19691235417,22.95310166082012,1.0,685.0,300,10,656,776.0,MALERKOTLA
39962,Pandher (80),BARNALA,30.3783779,75.54286,39962,1906.8340158529152,1909.1715087890625,0.6697296632798045,0.3114499169565518,1.7590122582939858,-0.6195741531376168,-0.2293109917978748,644.7189752653387,23.95854787896634,1.0,10.0,50,2,608,998.0,BARNALA
37377,Kaler (322),AMRITSAR,31.6576576,74.5953445,37377,1910.699828704776,1909.170166015625,0.4712834429448103,0.1268889054367428,1.1942921349456976,-0.4703876110806985,-0.0505142566113064,899.8579195640806,22.75178021348349,1.0,235.0,60,60,607,465.0,CHOGAWAN
35530,Arayanwala Kalan (56),FARIDKOT,30.5936165,74.76609,35530,1907.278785852736,1909.168701171875,0.5763524612245529,0.2450935408026397,1.498361280606713,-0.5535916066882833,-0.1547983256729108,588.5878148486512,23.84773495640576,1.0,360.0,120,120,255,2221.0,FARIDKOT
36805,Todarpur (120),PATIALA,30.3423424,76.41278,36805,1907.9752194392504,1909.1680908203125,0.4001912471859166,0.0873964185283018,1.2650366121355718,-0.4106055118786592,-0.0216479276551103,899.4118514468568,22.83189132190313,1.0,88.0,0,0,2,92.0,SANOUR
33352,Doburji (219),LUDHIANA,30.738739,76.01257,33352,1907.1681218606548,1909.1678466796875,0.5148102642414254,0.2494833696259455,1.9633725934970363,-0.4733047043016829,-0.164833403420913,839.2289018734008,22.70992089392055,1.0,336.0,2,0,250,407.0,DORAHA
35076,Kandhwala Hazar Khan (179),FAZILKA,30.45045,74.51182,35076,1909.231806462436,1909.1671142578125,0.6143370167359783,0.252891217619789,1.4643101962059508,-0.5810911526666734,-0.1604590146428921,465.65870372556617,24.54536775591072,1.0,200.0,70,70,83,1361.0,Arniwala Shiekh Subhan
35188,Rajpura (75),FAZILKA,30.1482,74.20636,35188,1909.6925448555016,1909.166748046875,0.4954358138288909,0.0517004606021142,1.16314479612913,-0.5032215985042244,0.0101900246365906,410.9238478352921,24.96479035186644,0.9949039603858272,3600.0,264,29,550,1528.0,ABOHAR
34811,Marhe Khurd (167),FIROZEPUR,30.9189186,74.49616,34811,1911.8222837773865,1909.161865234375,0.6115000982152737,0.2757663884714798,1.5925308774261928,-0.5773217398421859,-0.1857415535677986,600.097382347812,23.98513700067548,1.0,100.0,102,0,145,300.0,GURU HAR SAHAI
39538,Langrian (152),SANGRUR,30.522522,75.88475,39538,1906.0027024708068,1909.1612548828125,0.5678626944804337,0.2313391411097689,1.39624787348116,-0.5463981240424913,-0.1424802358950963,742.3286381175416,22.955177382900672,1.0,100.0,20,40,94,346.0,MALERKOTLA
35663,Ghandawna (441),BATHINDA,30.27027,75.3135,35663,1911.691687660404,1909.158203125,0.6686498400057636,0.3192982714197659,1.932352440465416,-0.6136195505160125,-0.2414938917557968,625.4272404124634,23.82009521468939,1.0,799.0,270,270,412,837.0,PHUL
36320,Mehas (185),PATIALA,30.3783779,76.2320862,36320,1911.051510143688,1909.1568603515625,0.5277010108759717,0.2244766823343605,1.4705608821877625,-0.5170022925635258,-0.1310296447740742,774.5656003087915,23.03046977313407,1.0,724.0,35,68,404,790.0,NABHA
30489,Wariah (335),JALANDHAR,31.4234238,75.59083,30489,1908.205222020772,1909.1563720703125,0.5579319212313062,0.201019113887113,1.7923097146737308,-0.5260167516532408,-0.1302751902740737,855.4878386824362,22.478102843078112,1.0,83.0,12,0,10,93.0,JALANDHAR - WEST
33359,Begowal (251),LUDHIANA,30.738739,76.01257,33359,1907.421869127688,1909.1561279296875,0.5342178012573822,0.2258086485644892,1.782849420911798,-0.4982107638523479,-0.1463886251338579,860.6932975444647,22.643066212376954,1.0,250.0,50,18,710,466.0,DORAHA
28572,Chau Chak (64),GURDASPUR,31.6936932,75.47134,28572,1911.104185267009,1909.154541015625,0.535897716492252,0.2176701603282848,1.6731474112374825,-0.5074860325510698,-0.1352716392325272,911.4683362653152,22.180698756103368,1.0,130.0,55,0,90,142.0,SRI HARGOBINDPUR
35816,Lool Bai (81),BATHINDA,0.0,0.0,35816,1906.9321580579103,1909.1531982421875,0.5397448553884927,0.1892389219794363,1.1936327317642368,-0.5457231302946945,-0.0966834246870755,497.7573567628148,24.58265267620921,1.0,2.47,268,300,350,467.0,SANGAT
39966,Kaleke (77),BARNALA,30.3783779,75.54286,39966,1906.8636148688447,1909.1517333984375,0.6800791598449528,0.3218852837191199,1.9130592107175,-0.6256931338613955,-0.2437851857983768,652.810243145604,23.857329494720737,1.0,2518.0,4566,890,1293,2712.0,BARNALA
37630,Dhaul Khurd (352),AMRITSAR,31.660181,74.87375,37630,1910.253171289296,1909.1517333984375,0.4486736480617004,0.0821372566493835,1.1502860291279131,-0.4585647527963744,-0.015231329275504,898.4865638425248,22.708453943606344,1.0,2.0,0,0,85,282.0,VERKA
33360,Katana (250),LUDHIANA,30.738739,76.01257,33360,1907.613776455096,1909.151123046875,0.5032900731640747,0.2081042897580313,1.6012661079235335,-0.4750565879851038,-0.1252370629523171,860.8907404353516,22.642453532259594,1.0,350.0,0,0,152,132.0,DORAHA
40043,Dhurkot (74),BARNALA,30.3603611,75.52894,40043,1907.226893982475,1909.15087890625,0.6785196702256603,0.3274971655837168,1.8906430339035587,-0.620478316334739,-0.2469743707685771,645.6324185266884,23.909075557230462,1.0,90.0,152,452,620,1889.0,BARNALA
32075,Hussain Chak (166),Shahid Bhagat Singh Nagar,31.1171169,76.04034,32075,1906.9030503296824,1909.1507568359375,0.578751541506905,0.2323858559598208,1.6212925827011384,-0.5551540627332509,-0.1479172548130261,821.4404228141206,22.707407623049846,1.0,90.0,21,0,84,98.0,NAWANSHAHR
36339,Dhanauri (350),PATIALA,30.3642082,76.14588,36339,1903.3191060552344,1909.149169921875,0.5547100447768496,0.2387345846634875,1.4644759089927304,-0.5398015007171506,-0.14420852138345,806.3507172276871,23.00491997713073,1.0,206.0,88,60,165,227.0,PATIALA RURAL
30150,Khaira (139),JALANDHAR,31.0270271,75.80011,30150,1912.1482804347088,1909.1485595703125,0.619444434239618,0.2567899179498502,1.781456023638473,-0.576841104048812,-0.1846888116038551,846.9261619260209,22.50267018928656,1.0,217.0,82,82,332,217.0,PHILLAUR
33326,Devipur Chima (232),LUDHIANA,30.738739,76.01257,33326,1908.0216385920428,1909.1441650390625,0.6254685651258508,0.3077998928135526,1.9922564697047047,-0.5719474707361614,-0.2228045561908037,838.5368230750458,22.707484723278867,1.0,150.0,0,0,15,119.0,DORAHA
37583,Bohad (276),AMRITSAR,31.54955,74.67793,37583,1912.6105987539247,1909.142578125,0.4859421888817984,0.1473867806114257,1.1888685319466583,-0.4912073669814083,-0.0616839226167165,897.9599033533702,22.69658057203204,1.0,100.0,5,1,34,100.0,ATTARI
36135,Khiwa Kalan (21),MANSA,30.0,75.50285,36135,1908.377561426385,1909.141357421875,0.6605828438568014,0.3042082533350437,1.7114626323174609,-0.6156500558921912,-0.2200918755274621,655.5923516940118,23.96621943360892,1.0,1791.0,488,488,779,1180.0,BHIKHI
33247,Hol (179),LUDHIANA,30.63063,76.09503,33247,1906.879573435288,1909.140869140625,0.5724133579552172,0.2148273040733563,1.6380689013011376,-0.5404894246960191,-0.1393789683659852,797.9699912478821,22.851000825335177,1.0,2.47,0,0,280,313.0,KHANNA
39893,Alampur (69),SANGRUR,29.90991,75.89177,39893,1908.631376638224,1909.1392822265625,0.5913977581030597,0.2644986353909547,1.4337793926007203,-0.5723751796201062,-0.1660765635018878,646.557206194629,24.02802026499603,1.0,5.0,1032,260,384,501.0,LEHRAGAGA
35307,Fatuhiwala (6),SRI MUKTSAR SAHIB,30.4324322,74.39356,35307,1908.9248489347467,1909.1385498046875,0.5895175505662553,0.2282789773455234,1.255308277153555,-0.5829229727660278,-0.1283899804222005,455.0320002248185,24.826880054702144,0.906177815930216,684.0,385,385,621,1026.0,LAMBI
30396,Chitti (427),JALANDHAR,31.27928,75.58047,30396,1914.154318666804,1909.138427734375,0.569954641811697,0.19580716061978,1.626832800372991,-0.5445504126985563,-0.1252996018530199,902.2272066658488,22.5134810653463,1.0,16.0,220,262,683,700.0,JALANDHAR-EAST
40039,Rura Khurd (52),BARNALA,30.3783779,75.54286,40039,1909.7797361383296,1909.137939453125,0.6621000925999597,0.2938771695034678,1.7557152209956106,-0.6090247789853682,-0.2139081464026155,631.4699742009537,24.012629397796616,1.0,322.0,115,240,300,452.0,BARNALA
28521,Withwan (26),GURDASPUR,31.9639645,75.41655,28521,1909.8014231100528,1909.1348876953125,0.6350664321331193,0.2995606440903213,1.9513946165232403,-0.5761583611935515,-0.2160680265630224,905.9571732178274,22.26359647351784,1.0,40.0,65,0,132,43.0,SRI HARGOBINDPUR
37970,Chambal (265),Tarn Taran,31.333334,74.94882,37970,1910.418042468027,1909.1341552734375,0.586716845132367,0.246682256343058,1.576008167732481,-0.5555777172605609,-0.1605717974652995,812.7280267884629,22.83291248283939,1.0,445.34,105,102,183,312.0,NAUSHEHRA PANNUAN-11
36512,Kath Mathi (351),PATIALA,30.4864864,76.2329941,36512,1903.759072125825,1909.131103515625,0.5468371397863963,0.2388754498009986,1.4207896850038648,-0.5286365593116499,-0.1421013114112538,806.3507172276871,23.00491997713073,1.0,193.0,92,70,209,209.0,PATIALA RURAL
36369,Alipur (10),PATIALA,30.3603611,76.13451,36369,1909.390650040841,1909.130615234375,0.6127871732664706,0.283823200326685,1.5085902502923785,-0.5806880892311159,-0.1873376830821712,712.6128099540658,23.134390959155542,1.0,439.0,123,125,216,490.0,NABHA
32237,Herian (188),Shahid Bhagat Singh Nagar,31.0810814,76.01149,32237,1905.9178259267787,1909.130615234375,0.5959771395439026,0.2502040605032478,1.6636432813354656,-0.5612325063726334,-0.1705179534932411,833.0336305310624,22.58589359521818,1.0,2.47,0,0,230,148.0,AUR
37613,Jahangir (287),AMRITSAR,31.7657661,74.8519,37613,1908.380257794552,1909.130126953125,0.3860558738679092,0.0441817186091588,0.9833741661877904,-0.3925544481478212,0.0214888259406131,957.87757295513,22.43156235275356,1.0,0.00352,100,200,500,440.0,VERKA
35524,Jhotiwala 54),FARIDKOT,30.55856,74.84578,35524,1907.9772204544247,1909.12890625,0.5434631029127269,0.2059335796254029,1.3985261167107916,-0.527449882384814,-0.1174251867704781,585.7514170963848,23.87912183647739,1.0,400.0,160,160,490,961.0,FARIDKOT
28996,Nadala (64),KAPURTHALA,31.6017952,75.44642,28996,1907.966803244576,1909.128173828125,0.5272740315486505,0.2070412384444896,1.6114210677435297,-0.5011310371198956,-0.1273938905829337,857.4811244588927,22.437566215821164,1.0,1.0,0,0,1,1176.0,NADALA
38330,Sarai Talwandi (146),Tarn Taran,0.0,0.0,38330,1913.981612540438,1909.1278076171875,0.4886634138876496,0.1612561981065644,1.3951159643577202,-0.4815430528089439,-0.0828051124270548,953.4446242263216,22.404917930807244,1.0,204.1,170,165,240,231.0,KHADUR-SAHIB-10
37133,Bhaini Gill (47),AMRITSAR,30.9909916,74.99378,37133,1910.7717683445724,1909.126708984375,0.5083366227789382,0.1626045838230399,1.2698755799051789,-0.503149763337179,-0.0787159531502735,921.835615616232,22.75217169199191,1.0,20.0,10,10,25,127.0,AJNALA
30491,Dugri (337),JALANDHAR,31.4234238,75.59083,30491,1906.830717154178,1909.1260986328125,0.5801026314813535,0.2105746106517303,1.8348957565085484,-0.5401285896375859,-0.1395077980210989,824.0373116410015,22.44967420338052,1.0,301.0,60,60,180,308.0,JALANDHAR - WEST
35225,Modi Khera (39),FAZILKA,30.0792,74.2342,35225,1908.7023481952224,1909.1243896484375,0.56022402420041,0.1073096601391936,1.3307910041847202,-0.5358048812531366,-0.0418165941531282,422.84577516817023,24.938169036536067,1.0,1035.0,380,380,563,1108.0,ABOHAR
30481,Ball (150),JALANDHAR,31.6036034,75.6309357,30481,1906.056458558308,1909.1241455078125,0.5341826916900402,0.1614986064164964,1.7333406963006437,-0.5061235128353992,-0.0982397143055043,866.5677848269837,22.48811818547273,0.9558691832116152,280.0,250,220,660,320.0,JALANDHAR - WEST
29918,Bila Nawab (132),JALANDHAR,31.2252254,75.49507,29918,1914.480064604256,1909.1217041015625,0.595141301778186,0.2240812212917886,1.804485625736312,-0.5604955178827066,-0.1558187517547438,817.980017155619,22.67274993646821,1.0,180.0,22,22,142,201.0,NAKODAR
37901,Mughal Chak (64),Tarn Taran,31.45946,74.9228439,37901,1910.4332720634536,1909.1199951171875,0.4945670992416536,0.1328375197204381,1.337521814277727,-0.4759969868438864,-0.0600611570128649,857.3961350133317,22.745808597055657,1.0,50.0,80,80,155,185.0,TARN TARAN-12
29083,BAGARIAN (130),KAPURTHALA,31.6017952,75.44642,29083,1905.833011514307,1909.1199951171875,0.5599571969368593,0.2292452998303308,1.73102919423662,-0.5271186966701251,-0.1481517242857804,808.7222018323378,22.44506477037616,1.0,8.0,160,120,250,231.0,NADALA
36078,Hodla kalan (31),MANSA,30.0,75.50285,36078,1909.476474705724,1909.1187744140625,0.6939456424677118,0.3491582556779541,1.807731681911599,-0.6360339671876722,-0.2641742704820755,655.6922803794424,23.991434161079063,1.0,1510.0,300,300,502,910.0,BHIKHI
36375,Tungan (221),PATIALA,30.3603611,75.77952,36375,1907.96392629924,1909.118408203125,0.6064459764374315,0.2769909771241252,1.4906482993143086,-0.5807098058788408,-0.1799248090811634,717.1626779248612,23.10685946835593,1.0,393.0,280,205,327,393.0,NABHA
40055,Draka (70),BARNALA,30.4324322,75.3757248,40055,1909.6518735939087,1909.1181640625,0.6901094387948884,0.3287990836424445,1.8464377172484288,-0.6384170227293251,-0.2475059999795336,621.0639609191712,23.938108890590623,1.0,363.0,185,235,468,383.0,SEHNA
33515,Bhutta (253),LUDHIANA,30.3948956,75.74166,33515,1906.426992561372,1909.117431640625,0.5472968200285081,0.2414520637759801,1.8154534468375227,-0.52412709226201,-0.1599487081475357,822.9384216477769,22.76890863195922,1.0,596.0,133,45,525,701.0,DEHLON
39510,Badla (143),SANGRUR,30.5045052,75.9334259,39510,1905.804241171898,1909.1156005859375,0.6387967914213551,0.3188421203329812,1.6042732567688551,-0.596647166261313,-0.2259775438151493,742.3286381175416,22.955177382900672,1.0,350.0,60,100,252,410.0,MALERKOTLA
30565,Singhpur (81),JALANDHAR,31.5081978,75.595314,30565,1909.0778374839333,1909.115478515625,0.5419192510323985,0.2082092256290721,1.696040651747566,-0.5241020291346353,-0.1312922652338993,805.4736348798173,22.43289419592901,1.0,2.9,39,0,110,145.0,BHOGPUR
35669,Chotian (42),BATHINDA,30.216217,74.93847,35669,1907.2685204300844,1909.1143798828125,0.6887961187725975,0.3321127584193097,1.872598902961904,-0.6259011897053907,-0.2530006834433042,620.8175810983079,23.93911276809149,1.0,1220.0,0,178,330,409.0,RAMPURA
35435,Randhawa (147),SRI MUKTSAR SAHIB,30.4864864,74.5603,35435,1907.981184659072,1909.11181640625,0.5991963294050777,0.286210500906397,1.6345729101985071,-0.569613280828213,-0.1902723585639162,566.7901876380341,24.07230351482088,1.0,1500.0,100,100,150,272.0,MUKTSAR
29003,Saitpur (73),KAPURTHALA,31.3873882,75.41406,29003,1911.1262448888044,1909.1099853515625,0.5246165883998357,0.2323219725520621,1.6401269281576016,-0.4953680575047011,-0.1416415715756799,800.9258451869385,22.437382947828382,1.0,2.0,10,0,100,111.0,NADALA
35086,Choharianwali (236),FAZILKA,30.2522526,74.17331,35086,1909.671876931444,1909.109130859375,0.648040435550746,0.3174037004516329,1.5908181987215344,-0.6039409845548819,-0.2193214199651176,493.9769449641602,24.417633952211705,1.0,650.0,455,315,455,678.0,FAZILKA
35810,Ghudda (89),BATHINDA,30.2149315,74.94416,35810,1909.309737846568,1909.1083984375,0.5529225723120149,0.1938669130948165,1.3042476567733865,-0.5397286918584319,-0.1063169487539255,504.8365834166901,24.60699601581615,1.0,1200.0,125,600,1027,1890.0,SANGAT
39404,Momnabad (20),SANGRUR,30.522522,75.88475,39404,1910.0634670433924,1909.105712890625,0.6745921344364103,0.3157820188438662,1.8951123842874635,-0.6244742872846136,-0.2409876474889619,798.1422933747666,22.84587891937236,1.0,339.0,16,0,299,375.0,AHMEDGARH
39957,Karoda (116),SANGRUR,29.7500973,75.90375,39957,1908.48359109986,1909.1046142578125,0.5484641725449132,0.2409370506364757,1.408349319369421,-0.5223147872227444,-0.1494775165801087,633.2651710558201,23.92867408505641,1.0,525.0,212,200,412,596.0,ANDANA
29672,Kot Puransinghwala (97),KAPURTHALA,31.36937,75.3784943,29672,1911.01955043743,1909.1043701171875,0.5933703198164204,0.2200616489574647,1.7298383881492363,-0.560899607360422,-0.1466945498623317,774.5449784209626,22.62641459229758,1.0,1.0,0,0,29,54.0,PHAGWARA
35385,Madrasa (50),SRI MUKTSAR SAHIB,30.594595,74.83173,35385,1911.9882379244257,1909.1036376953125,0.5871264333486792,0.229677135942342,1.5288793195909576,-0.5555013328286826,-0.1464930130065115,546.4187207629578,24.21506824123896,1.0,500.0,200,0,300,486.0,MUKTSAR
39970,Bhura (72),BARNALA,30.3243237,75.6472549,39970,1908.8741037618995,1909.100830078125,0.6580714408057091,0.3014257954801428,1.8246176641861185,-0.6048129009236715,-0.2227198738116528,659.6061241653045,23.834914822052017,1.0,819.0,83,207,319,568.0,BARNALA
32287,Sheikhe Mazara (271),Shahid Bhagat Singh Nagar,30.9909916,76.1497955,32287,1912.5217920502985,1909.0994873046875,0.3946654374376346,0.0585278522511722,1.1598718970353297,-0.3993340379154329,-0.0079688444452353,840.4909315516846,22.737270569515545,1.0,91.09,70,70,85,246.0,NAWANSHAHR
37292,Maure (194),AMRITSAR,31.6936932,74.85723,37292,1909.3399095349168,1909.0980224609375,0.5748280485946284,0.2352788062551602,1.4790475918824426,-0.5434369331153437,-0.147621553168145,904.1482898404496,22.86324585740084,1.0,384.0,73,99,158,414.0,CHOGAWAN
36263,Dotal (173),PATIALA,30.0180187,76.12003,36263,1908.100217018396,1909.0972900390625,0.4686690602968731,0.1966003921163898,1.320626219772518,-0.4678736749750861,-0.1027871253127677,639.2148532556802,23.85849464230593,1.0,5434.0,350,310,810,1069.0,PATRAN
34998,Lakheke Musahib Uttar (238),FAZILKA,30.6126118,74.25945,34998,1909.735256237617,1909.0970458984375,0.6317221853107925,0.3431950842211677,1.5826404176994229,-0.5910414360898011,-0.236039673881843,519.9245157649415,24.345211129938377,1.0,296.0,175,170,173,296.0,JALALABAD
35677,Jaidan (46),BATHINDA,30.216217,74.93847,35677,1907.785757767307,1909.0966796875,0.6876222536320996,0.3215795119923423,1.880726682801085,-0.6263882073338074,-0.2431188708725247,617.2333450808416,24.042931887467788,1.0,407.2,146,146,241,457.0,RAMPURA
34870,Fatehgarh (158),FIROZEPUR,30.4684677,74.5256,34870,1908.013337464252,1909.09619140625,0.6082441702671034,0.3091806091583749,1.591338580202071,-0.5818158924926514,-0.2091497893710199,566.3357021195555,24.093542773898253,1.0,587.0,522,57,244,639.0,GURU HAR SAHAI
35571,Dhulkot (88),FARIDKOT,30.6846848,74.75481,35571,1908.280834154987,1909.095703125,0.6308486245356837,0.2935738678784372,1.7132951059075558,-0.5970986444725402,-0.2057082610172895,618.8784929921525,23.680006817638287,1.0,888.0,166,0,823,971.0,FARIDKOT
34953,Chak Panj Kohi (210),FAZILKA,30.6126118,74.25945,34953,1908.96369060456,1909.094970703125,0.5537413832356624,0.2757489260724232,1.610894643289298,-0.5140382302280957,-0.1775819975254603,541.6168811728852,24.234375981316475,1.0,296.0,25,110,151,324.0,JALALABAD
35759,Akalia Kalan (8),BATHINDA,30.27027,74.93797,35759,1908.809639240264,1909.094970703125,0.5783547669320501,0.2395092332568024,1.4794135753855433,-0.5469753372219087,-0.1486354454405289,527.0959200654851,24.23638275163301,1.0,1550.0,450,438,938,1578.0,GONIANA
36612,Akot (147),PATIALA,30.216217,76.35633,36612,1907.1193703191784,1909.0947265625,0.4813908731945778,0.1730787346214425,1.3236736182281394,-0.4846416238813235,-0.0838463602730676,850.9585152231714,22.97919578216889,1.0,217.0,322,40,162,240.0,SANOUR
35560,Ghumiara (84),FARIDKOT,30.6846848,74.77576,35560,1906.6828978369128,1909.094482421875,0.6241573033785278,0.2722057220105729,1.6034208516061084,-0.5926950590352454,-0.1847485235952602,630.243663567424,23.6342185536565,1.0,333.0,0,0,260,370.0,FARIDKOT
34968,Chak Kherewala (226),FAZILKA,30.594595,74.24564,34968,1906.798988975576,1909.0926513671875,0.6117640695769987,0.309871046802993,1.7685397951281747,-0.562511939451258,-0.2169295456574382,537.9640830595058,24.29390092602943,1.0,50.0,52,51,71,459.0,JALALABAD
28576,Balarwal (5),GURDASPUR,31.6936932,75.47134,28576,1907.4624162524528,1909.0916748046875,0.4606531638311832,0.219990410275913,1.2872410439664146,-0.4419829842657846,-0.1187390248064556,861.3793808095712,22.40402251536125,0.8522771360407124,310.0,65,0,266,456.0,SRI HARGOBINDPUR
38272,Akbarpur (339),Tarn Taran,0.0,0.0,38272,1914.54171395637,1909.0902099609375,0.4389378703508438,0.1060525329048751,1.2382742466145935,-0.4432737586471507,-0.0374513441979568,904.0238502433198,22.61020811230276,1.0,220.0,100,100,195,108.0,KHADUR-SAHIB-10
30274,Ucha (176),JALANDHAR,31.333334,75.58166,30274,1902.72632362282,1909.089111328125,0.5773559368723405,0.2252975794856297,1.7384042510943734,-0.5416679217703477,-0.1492472347004999,770.2960337558038,22.770533870303463,1.0,8.9,90,90,296,370.0,JALANDHAR-EAST
39401,Jandali Kalan (17),SANGRUR,30.522522,75.88475,39401,1909.9582630921288,1909.0885009765625,0.5875532420277321,0.2282335544614024,1.7049860415774083,-0.5474609602684674,-0.1604756096720111,782.4989621818958,22.893796371887746,1.0,265.0,30,0,396,329.0,AHMEDGARH
35443,Takhat Malana (102),SRI MUKTSAR SAHIB,30.4684677,74.5256,35443,1907.5866162084983,1909.0885009765625,0.5778486338776972,0.2748893604773852,1.6417044145888309,-0.5478346347837872,-0.1808561726410072,557.766760087491,24.15392497768504,1.0,300.0,60,13,100,271.0,MUKTSAR
37306,Lanven (337),AMRITSAR,31.7159538,74.61439,37306,1912.6395679439613,1909.0853271484375,0.5666723220495395,0.2324875847244655,1.5238146972942936,-0.543316472285994,-0.1443347978958431,911.8557305829823,22.89974413770932,1.0,86.0,35,15,52,103.0,CHOGAWAN
36413,Agaul (166),PATIALA,30.45045,76.18389,36413,1906.264681415876,1909.0848388671875,0.5356815327133552,0.2110214648039418,1.4951686396725776,-0.514150719718461,-0.1261931084158036,782.6519926556974,22.984012597894136,1.0,538.0,45,80,376,554.0,NABHA
32863,Majri Raian (15),FATEHGARH SAHIB,30.5045052,76.2471161,32863,1907.6404243815648,1909.08349609375,0.4395906207461804,0.1296772758509767,1.3436693025891495,-0.4331149906218203,-0.0577881183179881,825.7323893716233,22.871801084820504,0.884841056121272,158.0,28,38,160,170.0,AMLOH
33228,kala (249),LUDHIANA,30.63063,76.09503,33228,1908.409189484999,1909.0826416015625,0.5501980462522384,0.2148001531317356,1.617903791628975,-0.5228063785067593,-0.1327672974456072,838.5368230750458,22.707484723278867,1.0,2.47,0,0,12,78.0,KHANNA
33223,Chakohi (235),LUDHIANA,30.63063,76.09503,33223,1908.6550361295187,1909.081787109375,0.5120584032108579,0.1904936422506941,1.5577398073194584,-0.4945385350276252,-0.1123817299660074,842.3883990307208,22.708293774473685,1.0,2.47,0,0,380,519.0,KHANNA
33260,Deva Mander (187),LUDHIANA,30.738739,76.01257,33260,1905.6320648661424,1909.0816650390625,0.5601260729333889,0.2698946055822342,1.6433242383430204,-0.5378261661049535,-0.1746660953439546,804.4345933690644,22.82813055285,1.0,150.0,5,0,50,133.0,DORAHA
34930,Chak Manewala (195),FAZILKA,30.6126118,74.25945,34930,1907.3197607692043,1909.0816650390625,0.5943522065568355,0.2966600922141728,1.4470112392486438,-0.56518293229587,-0.195734995817473,575.0692727973359,24.12326903753388,1.0,101.0,126,125,143,325.0,JALALABAD
30124,Raipur Araian (170),JALANDHAR,31.0270271,75.77908,30124,1909.329458930857,1909.0816650390625,0.5693084122880255,0.2176258370661858,1.575353156049747,-0.5556197755279775,-0.1355860817393553,860.0383581299976,22.66934782086409,1.0,519.0,44,44,310,519.0,PHILLAUR
36563,Dhamo Majra (17),PATIALA,29.9459457,76.06481,36563,1910.5677572962136,1909.080322265625,0.3979116421539006,0.027355111219359,1.0342214048066385,-0.4076964340913778,0.0208344166447483,836.5047128005102,23.00270233309981,0.0598055633585486,80.0,37,32,361,453.0,PATIALA
35454,Warring (91),SRI MUKTSAR SAHIB,30.594595,74.83173,35454,1908.118895324171,1909.0802001953125,0.5723471204337446,0.2554317493074844,1.580659598513372,-0.5476920914703545,-0.1663990917956743,545.8259084204898,24.20370414891596,1.0,830.0,200,0,640,936.0,MUKTSAR
33197,Khatra (240),LUDHIANA,30.63063,76.09503,33197,1907.9287803603904,1909.079833984375,0.494005376375671,0.1603753574723634,1.5888832533821278,-0.4753380991345501,-0.0895698553287335,865.374857466449,22.713122245179363,0.9638602090684686,2.47,0,0,271,312.0,KHANNA
33540,Dehlon (331),LUDHIANA,30.3948956,75.74166,33540,1906.087179436884,1909.078125,0.5442269422581565,0.2141244664140092,1.54537048218846,-0.533067840771276,-0.1364674226225039,801.7627539327588,22.815069871657943,1.0,487.0,630,62,1031,602.0,DEHLON
34946,Dhab Khushal Joya (206),FAZILKA,30.6126118,74.25945,34946,1907.5487600292863,1909.076171875,0.6013214411618377,0.3109382381123772,1.55000477970899,-0.572126669099935,-0.2073294913169743,542.9546533614667,24.22993277794303,1.0,70.0,10,10,143,473.0,JALALABAD
33307,Gosal (400),LUDHIANA,30.3783779,75.85614,33307,1909.2131384491192,1909.0753173828125,0.6172806536681774,0.2828430928010884,1.7253903144502516,-0.5774477882706578,-0.1966115571570971,798.1422933747666,22.84587891937236,1.0,388.0,300,200,330,388.0,Maloud
33550,Dhurkot (341),LUDHIANA,30.7027035,75.7117538,33550,1910.1316818902728,1909.0712890625,0.6619745831515409,0.3210576198191729,1.7704734345391429,-0.6196031869859251,-0.2381806851278887,782.3198976924317,22.894344868499104,0.9997976272457556,2525.0,252,452,673,729.0,PAKHOWAL
39793,Togawal (76),SANGRUR,30.2882881,75.82812,39793,1910.100567596946,1909.0709228515625,0.6622176968484351,0.316728015768067,1.763370569518791,-0.6102169529365418,-0.2340659139155465,657.9459175797401,23.901939772968245,1.0,428.0,12,350,550,632.0,SANGRUR
30237,Sunar Kalan (22),JALANDHAR,31.1288471,75.4798,30237,1909.790462929069,1909.07080078125,0.5548563940296676,0.2049530324013691,1.5778708236129964,-0.5347010620034411,-0.1272597944659647,821.2975802829163,22.77606139731529,1.0,2000.0,0,200,324,117.0,NURMAHAL
35616,Bish Nandi (6),FARIDKOT,30.3963966,75.01367,35616,1908.583687819972,1909.0699462890625,0.6302205856517371,0.2827601087375027,1.5966549076145944,-0.5878332678218323,-0.1919235566267949,522.5790349004551,24.25165107233352,1.0,900.0,60,300,696,980.0,Jaitu
38780,Karkhana Bharatgarh (89),RUPNAGAR,30.8828831,76.42063,38780,1900.0218622816865,1909.0677490234375,0.590359151922787,0.2511920323676267,1.5784581466232206,-0.5716957439230195,-0.160113076449984,844.7756114413636,22.646918597549643,1.0,42.0,2,0,1,45.0,CHAMKAUR SAHIB
39915,Dhindsa (93),SANGRUR,29.9459457,75.79449,39915,1908.8693531337408,1909.0675048828125,0.5834568895695089,0.2746814933491521,1.4473394747438524,-0.5632475918667474,-0.1739149438417062,644.5696893145936,23.9387221873472,1.0,499.0,138,220,338,546.0,LEHRAGAGA
29018,Miranpur (71),KAPURTHALA,31.54955,75.4390945,29018,1908.8332162600168,1909.0657958984375,0.5255364286833597,0.2138471152147487,1.6534534923009552,-0.4950784730741958,-0.1281134573193702,800.9258451869385,22.437382947828382,1.0,158.0,0,0,4,86.0,NADALA
34888,Chak Rakh Amir (189),FAZILKA,30.72072,74.4054642,34888,1906.6696314908763,1909.0655517578125,0.6178716038784091,0.3134074575224747,1.5013409206047874,-0.576943716747004,-0.2082899936600472,575.0692727973359,24.12326903753388,1.0,202.42,15,0,102,195.0,GURU HAR SAHAI
37899,Thathi (57),Tarn Taran,31.4755116,74.91056,37899,1911.204041279797,1909.0650634765625,0.5056831170001452,0.1592643949040363,1.360101768984577,-0.4905051766734997,-0.081300980910566,857.3961350133317,22.745808597055657,1.0,452.0,120,120,181,477.0,TARN TARAN-12
35195,Patti Taja (133),FAZILKA,30.1441441,74.21693,35195,1911.326198026456,1909.064697265625,0.6043798878793775,0.1944203304582996,1.542289061506758,-0.5562371659075978,-0.1191338006510471,431.4845146684037,24.751562021161728,0.9516018691121176,588.0,180,180,256,627.0,ABOHAR
37843,Khasi (4),AMRITSAR,31.6036034,75.2078247,37843,1910.203463913744,1909.0635986328125,0.5672592311621885,0.2592175403996409,1.7532010274398049,-0.5395088820518721,-0.1710114179476304,860.1867499759095,22.40933991115594,1.0,52.0,25,25,58,86.0,RAYYA
32256,Garh Padhana (213),Shahid Bhagat Singh Nagar,31.0630627,75.9970856,32256,1911.2343194633847,1909.0628662109375,0.618547173731814,0.2947662747688235,1.5905436017225574,-0.5980164082744079,-0.1991191638790406,838.9275048057376,22.624101692224446,1.0,3120.0,93,93,326,401.0,AUR
37837,Jhalari (50),AMRITSAR,31.6036034,75.2078247,37837,1909.913455116788,1909.0616455078125,0.5154628693334827,0.1780791804857727,1.5751481728340715,-0.4967430476386241,-0.1064335271266456,936.1196401526826,22.40871888290445,1.0,158.0,84,84,243,191.0,RAYYA
30109,Bir Phillaur (135),JALANDHAR,31.0270271,75.77908,30109,1912.9271823363083,1909.06103515625,0.5165987252507223,0.1393983205136749,1.4015050987030349,-0.5134182734802775,-0.0745557732284764,864.273304026355,22.76681682189809,0.8886883838821649,176.0,1,1,1,83.0,PHILLAUR
35419,Nurpur Kirpalke (135),SRI MUKTSAR SAHIB,30.4684677,74.5256,35419,1907.5922313993424,1909.0601806640625,0.5541588381575623,0.2422056666126179,1.3987009742709864,-0.5402520392369518,-0.1436842877621528,570.2862086703675,24.0762773005369,1.0,2.0,1,0,50,938.0,MUKTSAR
36538,Dealwal (75),PATIALA,30.3539829,76.35711,36538,1910.772350462222,1909.0599365234375,0.3949212541706156,0.0285677580714011,1.0935451502948978,-0.4206750244124388,0.0260631121880854,897.4641031222051,22.83754910694033,0.4403394745394095,58.0,58,50,290,131.0,SANOUR
35198,Bhangala (149),FAZILKA,0.0,0.0,35198,1908.7751996827365,1909.0599365234375,0.5277988312729247,0.1298483690733176,1.2225486523723834,-0.515688483219012,-0.0517452184912829,428.3794256856339,24.76826826044396,1.0,2100.0,311,305,519,885.0,ABOHAR
37912,Jawanda Khurd (94),Tarn Taran,31.4755154,74.91055,37912,1909.947863234584,1909.05859375,0.5540294619723364,0.2155847375117862,1.483054685608916,-0.5326109044158159,-0.1286300547178727,857.264083500604,22.7029878707465,1.0,50.0,40,50,100,83.0,TARN TARAN-12
35011,Taro Bari (221),FAZILKA,30.6126118,74.25945,35011,1908.2225485140973,1909.057373046875,0.6203217416633804,0.3145483264006571,1.5127656441995685,-0.5793090953153112,-0.2137262465055165,522.7340853510121,24.33809264655653,1.0,871.0,285,283,403,990.0,JALALABAD
37361,Ugar Aulakh (213),AMRITSAR,31.6756763,74.8427048,37361,1908.5610436949048,1909.0572509765625,0.566058670599991,0.217649020391444,1.4401224351291584,-0.5354885887446902,-0.1318474557491808,916.499489825,22.66210357915856,1.0,526.0,149,192,342,527.0,HARSHE CHHINA
29086,Pandori (121),KAPURTHALA,31.4234238,75.37968,29086,1908.134859636044,1909.056640625,0.5443176350735365,0.208307798219452,1.6755678880087093,-0.5153993762338922,-0.1304153840332874,843.1864175012009,22.479022681880625,1.0,2.0,5,1,497,291.0,NADALA
29005,Khalil (67),KAPURTHALA,31.3873882,75.41406,29005,1912.200388845324,1909.056640625,0.5501172448913348,0.2580971987368298,1.660667195986359,-0.5164111474596621,-0.1629773248405795,800.9258451869385,22.437382947828382,1.0,1.0,2,1,76,84.0,NADALA
33328,Ghurala (252),LUDHIANA,30.738739,76.01257,33328,1907.681526331489,1909.0565185546875,0.5826107409996664,0.2614967102611052,1.778943264817759,-0.5470933405620628,-0.1762579765003704,838.5368230750458,22.707484723278867,1.0,175.0,50,0,150,267.0,DORAHA
36233,Dhabi Gujran (138),PATIALA,29.8918915,76.08588,36233,1907.953366360607,1909.0552978515625,0.5043108969102353,0.2155522189275958,1.2922421057027451,-0.4945148735997959,-0.1222913209412261,634.3956681897538,23.89109672599153,1.0,890.0,2520,490,630,841.0,PATRAN
32846,Ramgarh (18),FATEHGARH SAHIB,30.5765762,76.22001,32846,1906.445965568372,1909.0552978515625,0.5188061738573176,0.1908513555181759,1.6769197293278917,-0.490346565212265,-0.1175333964908919,858.659430192896,22.740002413309973,1.0,222.0,98,76,260,236.0,AMLOH
36387,Gadaya (148),PATIALA,30.45045,75.974884,36387,1906.5195662819244,1909.053466796875,0.571769211141527,0.2653789605067104,1.3876897682574003,-0.5565199251048066,-0.1619689749416317,743.0886882134854,23.010484951330067,1.0,142.0,45,135,255,163.0,NABHA
35256,Patti Karam (148),SRI MUKTSAR SAHIB,30.3290482,74.34523,35256,1909.945283489841,1909.05322265625,0.579349178306688,0.2019027413262279,1.405718224338068,-0.5436953123158262,-0.1156673602622637,433.180824859905,24.74064569060848,1.0,632.0,80,80,296,687.0,MALOUT
35468,Wander Jatana (108),FARIDKOT,30.5765762,74.8178253,35468,1908.010341651999,1909.0523681640625,0.5516964393859342,0.2432152225691281,1.5924055423132846,-0.5280616277342176,-0.1521911248875685,555.3283694769549,24.034098871469386,1.0,2.47,0,250,400,1386.0,KOT KAPURA
35821,Kotli Sabo (105),BATHINDA,30.0915947,74.838356,35821,1910.46375119462,1909.0496826171875,0.6094200127370853,0.181249242042982,1.3951607620223536,-0.5778931725639922,-0.1017919238615386,480.8278772046464,24.673595354215536,1.0,607.0,650,150,250,616.0,SANGAT
33210,Bija (157),LUDHIANA,30.63063,76.0741,33210,1908.5274013287583,1909.044921875,0.4573110187434743,0.1401143046902394,1.5901251493384236,-0.4441831829734975,-0.0742180444827023,850.2781665617796,22.6733272403284,1.0,2.47,0,0,660,377.0,KHANNA
37531,Bhamma (158),AMRITSAR,31.5675678,75.0307159,37531,1910.663930017976,1909.0435791015625,0.4105260624527312,0.0792836685267435,1.2366073333576253,-0.4048346283869722,-0.0156560323202486,935.3196005713104,22.52969297720335,1.0,188.0,40,45,66,188.0,JANDIALA GURU
35462,Hari Nau (105),FARIDKOT,30.594595,74.83173,35462,1909.1655820533708,1909.043212890625,0.6058058980790741,0.2876065093016618,1.706144523554756,-0.5653159898060833,-0.1985400293921651,530.2511992862122,24.18723144646572,1.0,1705.0,637,637,1075,1691.0,KOT KAPURA
37381,Teli Chak (318),AMRITSAR,31.7864437,74.7529144,37381,1909.7323013060627,1909.0430908203125,0.4927309064719284,0.1548528097414934,1.2375545046287837,-0.4894000712021397,-0.0720315290066063,899.2397339010384,22.72904565623966,1.0,225.0,2,0,1,161.0,HARSHE CHHINA
35578,Sikhanwala (113),FARIDKOT,30.666666,74.76181,35578,1909.6401207941285,1909.0419921875,0.5719462857899869,0.2414268745140457,1.6387261351955793,-0.5480216841766182,-0.1576311954061477,558.576876204242,23.970800862113776,1.0,478.0,23,0,611,527.0,FARIDKOT
33118,Madudan (331),LUDHIANA,30.7567558,76.29937,33118,1907.3474341996528,1909.0419921875,0.5501877182338835,0.2364405641004164,1.7269067153993194,-0.5177793471404734,-0.1526109403067167,860.8907404353516,22.642453532259594,1.0,161.0,40,1,198,184.0,SAMRALA
30557,Jande Sarai (356),JALANDHAR,31.477478,75.54995,30557,1907.9178585907864,1909.041259765625,0.5634971641807811,0.2360257580458651,1.7380526012273692,-0.5331757578239986,-0.154160889312788,824.3364158487449,22.455966254431846,1.0,192.0,0,0,192,216.0,JALANDHAR - WEST
35444,Jamuana (101),SRI MUKTSAR SAHIB,30.4864864,74.5603,35444,1908.552705843865,1909.041259765625,0.6028047401076413,0.2974619032766386,1.7496732677732507,-0.56344318155897,-0.2042171790201685,566.603304038224,24.073993971437464,1.0,275.0,30,50,135,367.0,MUKTSAR
35363,Karniwala (25),SRI MUKTSAR SAHIB,30.55856,74.44822,35363,1907.4120155200096,1909.041015625,0.6074830797931206,0.2783763267878544,1.432722362428236,-0.5713877340388254,-0.1775308070710128,481.9064083506959,24.53581266435617,1.0,227.0,80,80,145,244.0,MALOUT
35272,Aulakh (191),SRI MUKTSAR SAHIB,30.4684677,74.5256,35272,1908.5716517155847,1909.0389404296875,0.5847747871165839,0.2069309448316532,1.3672831710834354,-0.5531974907870733,-0.1219947839794731,481.9064083506959,24.53581266435617,1.0,724.0,150,170,193,732.0,MALOUT
28535,Metla (47),GURDASPUR,31.783783,75.45999,28535,1906.7346704951133,1909.037841796875,0.5857468391852423,0.2641342554106591,1.854957464933272,-0.5412946844788052,-0.1806739767537197,908.6471211724923,22.2012704614321,1.0,157.0,26,0,191,175.0,SRI HARGOBINDPUR
35702,Burj Mansa (41),BATHINDA,30.27027,75.23005,35702,1907.5720524119515,1909.0367431640625,0.6730905223166704,0.3157394708293138,1.8403047296804744,-0.6159853004843532,-0.2356296966540223,620.8175810983079,23.93911276809149,1.0,300.0,130,130,220,294.0,RAMPURA
33147,Bamb (135),LUDHIANA,30.7567558,76.29937,33147,1907.671665755989,1909.0362548828125,0.5372258203390691,0.2051352133634594,1.6663668589836644,-0.507632056303997,-0.1284075400249634,875.2537715868223,22.68182629175353,1.0,204.0,40,40,267,236.0,SAMRALA
35664,Sandhu Khurd (442),BATHINDA,30.2882881,75.30646,35664,1910.9769764629243,1909.035400390625,0.6543569990822716,0.3198878695190552,1.8903648326987743,-0.6012804449761425,-0.2362396723717341,625.4272404124634,23.82009521468939,1.0,918.0,165,177,266,424.0,PHUL
35432,Najabat Kokrian (138),SRI MUKTSAR SAHIB,30.4864864,74.5603,35432,1907.6103730807235,1909.031982421875,0.5601223843973961,0.2011020548324074,1.3972284292448458,-0.551960372220622,-0.1155643435560481,569.5272091728297,24.07541457650457,1.0,174.0,20,10,40,303.0,MUKTSAR
35439,Jandoke (143),SRI MUKTSAR SAHIB,30.4684677,74.5465,35439,1908.7046335857765,1909.031494140625,0.6117574145570737,0.2996741833988945,1.72757546639467,-0.5738499625182011,-0.2071840487595304,566.7901876380341,24.07230351482088,1.0,950.0,110,230,530,798.0,MUKTSAR
35273,Enakhera (170),SRI MUKTSAR SAHIB,30.594595,74.45496,35273,1908.100750313524,1909.0302734375,0.5795557064412776,0.1993519799859928,1.3677419653043976,-0.552115578031958,-0.1143446930577486,459.7345682334166,24.63143444637522,0.999999128250917,500.0,95,95,112,1625.0,MALOUT
33122,Tamkaudi (332),LUDHIANA,30.7567558,76.29937,33122,1907.312219953864,1909.02734375,0.544357529668968,0.2448778204301303,1.7561859233139925,-0.5140650505071165,-0.1584591973374174,860.8907404353516,22.642453532259594,1.0,160.0,40,40,108,180.0,SAMRALA
36172,Rajgarh (88),PATIALA,30.1261253,76.18241,36172,1910.404668244726,1909.0267333984375,0.4559799912347345,0.1707998246768878,1.2012433927950874,-0.4658750776595879,-0.0765992727081245,710.5211856772797,23.303076809958327,0.9950525096431692,620.0,85,85,171,251.0,SAMANA
30356,Talhan (185),JALANDHAR,31.3153152,75.58828,30356,1909.107090164087,1909.024658203125,0.5002304629933367,0.1480131419479054,1.7278858487768858,-0.4728509142849418,-0.0870633050099697,814.4297393968003,22.591733580938524,1.0,7.2,305,300,898,369.0,JALANDHAR-EAST
29001,Ibrahimwal aliasGulam Nabi Khan (55),KAPURTHALA,31.3873882,75.41406,29001,1910.6841933759472,1909.0240478515625,0.4843878203466794,0.1741994736164026,1.5299676455534466,-0.4638749057300385,-0.097389364729112,849.2891679088299,22.41449678978748,1.0,1.0,1,2,4,270.0,NADALA
33281,Malo Daud (419),LUDHIANA,30.3783779,75.85614,33281,1905.5753714570512,1909.0196533203125,0.6042011194926639,0.2728291316209555,1.4730259064316755,-0.5769553056884588,-0.1807536228078067,765.016677266977,22.911769043354,1.0,161.0,60,60,107,178.0,Maloud
36278,Bakraha (194),PATIALA,29.8558559,75.99606,36278,1906.9495349627948,1909.0186767578125,0.4294355228768356,0.1802715734506665,1.2045893377027717,-0.4477536180434451,-0.0816996632861259,658.9777615252144,23.62177133148799,1.0,244.0,77,111,222,442.0,PATRAN
32239,Surapur Theh (190),Shahid Bhagat Singh Nagar,31.0810814,76.01149,32239,1906.5906771359755,1909.0177001953125,0.6897545862755456,0.338783152642917,1.930167252553601,-0.6284337509185289,-0.2562540795872034,833.0336305310624,22.58589359521818,1.0,2.47,0,0,14,114.0,AUR
37718,Naranjanpur Fattuwal (26),AMRITSAR,31.6036034,75.22898,37718,1908.6211071947737,1909.0177001953125,0.485980838646755,0.1736403064596971,1.4987740998350227,-0.4736280005793551,-0.0955063112938536,969.4209632924226,22.4143995920224,0.9074617407978244,182.0,150,150,280,418.0,RAYYA
33538,Kalak (345),LUDHIANA,30.3948956,75.74166,33538,1908.418476488705,1909.0167236328125,0.6217606783736043,0.2943472760220469,1.6954185299701363,-0.5899417495987582,-0.2091503070408018,782.3198976924317,22.894344868499104,1.0,201.0,856,51,496,598.0,DEHLON
37968,Mughal Chak (251),Tarn Taran,31.35135,74.79439,37968,1910.5486117484704,1909.0162353515625,0.5889433484643982,0.235186576090678,1.585968388376188,-0.5564424117426121,-0.1516670911730796,812.7280267884629,22.83291248283939,1.0,10.0,50,45,460,487.0,NAUSHEHRA PANNUAN-11
30182,Gura (207),JALANDHAR,31.0270271,75.77908,30182,1906.6658056277256,1909.0152587890625,0.6296841331329045,0.2634503888183351,1.814865472230158,-0.584682229683146,-0.1870696865034344,846.9261619260209,22.50267018928656,1.0,189.0,59,57,254,190.0,PHILLAUR
28542,Noorpur (52),GURDASPUR,31.9639645,75.41655,28542,1909.3445493214967,1909.013427734375,0.5729012524567232,0.2589118810341177,1.747013884596221,-0.5376902468216483,-0.1717251739784943,911.4671329056756,22.18070753074868,1.0,115.0,85,42,148,142.0,SRI HARGOBINDPUR
33209,Mehandipur (232),LUDHIANA,30.63063,76.09503,33209,1908.489295474344,1909.0133056640625,0.4903619626079165,0.1704059399454833,1.715424457154911,-0.4642692951525679,-0.1015330659056124,838.5368230750458,22.707484723278867,1.0,2.47,0,0,201,160.0,KHANNA
33415,Kalewal (32),LUDHIANA,30.7747746,76.607254,33415,1911.785246705252,1909.0133056640625,0.51575777637939,0.1500885058169592,1.371434754503493,-0.5155293934589318,-0.0740217110428882,848.1584730555909,22.68394309940942,0.9140841031253863,20.0,0,0,100,79.0,LUDHIANA-2
35791,Gurusar Sainewala (92),BATHINDA,30.0917759,74.83834,35791,1905.3061262713709,1909.0103759765625,0.541431474958665,0.1856985155244354,1.3760384362967863,-0.5218228158713444,-0.1035621868012059,530.9624816758594,24.5442242774708,1.0,2210.0,542,294,594,988.0,SANGAT
35211,Sardarpura (62),FAZILKA,30.1441441,74.21693,35211,1908.775939061195,1909.010009765625,0.5772995350528541,0.1280137070062322,1.4621308809241476,-0.5358390409780082,-0.0654728553623561,426.3471514963785,24.84721468609892,1.0,2228.0,101,486,691,1218.0,ABOHAR
35336,Chotian (11),SRI MUKTSAR SAHIB,30.2342339,74.68108,35336,1912.3166984304148,1909.0086669921875,0.5783762301213424,0.2377426730623384,1.4177477749551666,-0.5592173123986931,-0.1444299660199947,508.1322765439487,24.48850410930851,0.9989345043009124,520.0,20,246,476,672.0,GIDDERBAHA
33221,Bhamaddi (234),LUDHIANA,30.63063,76.09503,33221,1908.666120188721,1909.008544921875,0.5155623641084978,0.1797082227628543,1.6095951251045124,-0.4930851754717231,-0.1056876943464749,841.4069349407404,22.70808761089157,1.0,2.47,0,0,548,753.0,KHANNA
39529,Rampur Bhindran (181),SANGRUR,30.5045052,75.9334259,39529,1907.987223440072,1909.008056640625,0.6399249452670078,0.2974182465098326,1.5495287584824902,-0.6003625590161135,-0.2059703609193346,717.1626779248612,23.10685946835593,1.0,300.0,22,23,45,329.0,MALERKOTLA
32212,Ratainda (197),Shahid Bhagat Singh Nagar,31.0630627,75.9970856,32212,1907.4358333576693,1909.0067138671875,0.6339481553941202,0.283975085737542,1.8219270965042105,-0.5904867936545424,-0.2057462710516718,847.3562988450425,22.43174952083797,1.0,514.0,100,0,596,586.0,AUR
30393,Nangal Karkhan adjacent to Master Mehnga Singh Colony (OG),JALANDHAR,31.3153152,75.58828,30393,1910.9071399547165,1909.0062255859375,0.4464583043250401,0.1031577153986789,1.6287401543329612,-0.4280068272374532,-0.0498450598305368,814.4297393968003,22.591733580938524,0.5535841281482279,8.8,6,6,140,0.0,JALANDHAR-EAST
34873,Jhariwala (180),FIROZEPUR,30.714859,74.4094238,34873,1910.4591802401555,1909.005859375,0.6456075038717328,0.3087793702945829,1.6938227158439934,-0.595277578773403,-0.2170181961255538,565.2787926604645,24.0971571018585,1.0,165.5,155,0,55,452.0,GURU HAR SAHAI
35028,Ghatianwali Bodla (207),FAZILKA,30.3603611,74.2342758,35028,1906.7534164821448,1909.0054931640625,0.5740006681448279,0.2625330787781524,1.3812199370377551,-0.5521843489172606,-0.1616470871485237,502.4561080148118,24.386920412335428,1.0,619.0,280,280,468,675.0,Arniwala Shiekh Subhan
36468,Dittupur Jattan (345),PATIALA,30.4864864,76.29572,36468,1905.6294134967625,1909.005126953125,0.5755333387172762,0.2655681927536272,1.712133467032221,-0.544414067967674,-0.1699290150611649,815.9566017796891,22.94605681146857,1.0,493.0,221,260,414,493.0,NABHA
35378,Bhagsar (51),SRI MUKTSAR SAHIB,30.594595,74.83173,35378,1908.680569611472,1909.003662109375,0.6228800662384655,0.2640063344111946,1.5805915266784114,-0.5780619676845602,-0.176000606720596,522.2370402479969,24.33305908322334,0.9607966713451892,1200.0,610,20,1610,3104.0,MUKTSAR
30510,Talwandi Abdar (102),JALANDHAR,31.54955,75.65053,30510,1909.7241115460613,1909.003662109375,0.5950414837551247,0.2314415402807518,1.8845742492344155,-0.5567250618809992,-0.1588286965018449,805.4736348798173,22.43289419592901,1.0,1.0,0,0,25,188.0,BHOGPUR
36616,Bhatian (158),PATIALA,30.216217,76.39803,36616,1907.9860867921875,1909.002197265625,0.5258021809317546,0.2173475230691374,1.3859997863342557,-0.5168473945128352,-0.1229340558413201,855.5401804854768,23.039179985216663,1.0,146.0,48,56,168,165.0,BHUNER HERI
36070,Budhpura (39),MANSA,29.927927,75.55207,36070,1909.588820526435,1909.001708984375,0.7089006837478788,0.3513842012615877,1.8844168248223387,-0.6463118106884519,-0.2707560996816951,646.8460652043717,24.14646156334254,1.0,199.0,1,3,5,227.0,BUDHLADA
35614,Chaina (3),FARIDKOT,30.3963966,75.01367,35614,1910.2658726258835,1909.001708984375,0.6013133806926114,0.2619938483950466,1.6327965932874322,-0.5639060327214912,-0.1763921450498518,515.9969464050808,24.279974910556025,1.0,500.0,65,80,537,841.0,Jaitu
33249,Baupur (183),LUDHIANA,30.63063,76.09503,33249,1907.4253367033125,1909.00146484375,0.5725186795936679,0.2478406362107753,1.5430116402010925,-0.5499840167487139,-0.1556089380412884,797.9699912478821,22.851000825335177,1.0,2.47,0,0,42,146.0,KHANNA
30188,Cheema Kalan (193),JALANDHAR,31.0270271,75.77908,30188,1906.8308389148829,1908.9993896484375,0.6773226925581519,0.3251809297286631,1.9935269994206413,-0.6173244353778612,-0.247469919747692,847.3562988450425,22.43174952083797,1.0,137.0,53,53,113,137.0,PHILLAUR
28584,Chak Sidhwan (71),GURDASPUR,31.9639645,75.41655,28584,1907.4369726920995,1908.998291015625,0.5473050023805744,0.2279209525453097,1.6987347448731294,-0.516587447023147,-0.1447613805509818,860.1867499759095,22.40933991115594,1.0,30.0,12,0,14,29.0,SRI HARGOBINDPUR
35257,Ratta Tibba (147),SRI MUKTSAR SAHIB,30.3290977,74.3452148,35257,1909.9371901913423,1908.9971923828125,0.5497435143751387,0.1691057258830547,1.3293851812836484,-0.5186009828347153,-0.0884607396768613,451.4633780392165,24.63546570376776,1.0,25.0,150,0,488,882.0,MALOUT
28590,Balrampur (88),GURDASPUR,31.9639645,75.41655,28590,1909.449138010225,1908.9967041015625,0.5070958251339744,0.1802758462249388,1.5715410594007715,-0.4859839575300557,-0.1042762634972107,911.4683362653152,22.180698756103368,1.0,110.0,45,0,69,127.0,SRI HARGOBINDPUR
28539,Brahm (51),GURDASPUR,31.9639645,75.41655,28539,1909.293927123624,1908.9967041015625,0.630543189597535,0.3019762637508977,2.0271756644291368,-0.5747970151043902,-0.2181702273879148,904.7223756716944,22.22988887770724,1.0,120.0,24,25,26,131.0,SRI HARGOBINDPUR
36726,Ganeshpur (268),PATIALA,29.8558559,76.1830444,36726,1906.813908548532,1908.9954833984375,0.466262698925634,0.187885551994008,1.481067334661646,-0.4678763655205496,-0.0953341253558291,858.3437345433886,23.03570327289842,1.0,288.0,22,22,98,303.0,BHUNER HERI
29026,Mand Talwandi Kuka (44),KAPURTHALA,31.5422916,75.436264,29026,1906.388366419162,1908.99462890625,0.5634543522997656,0.2303065632618334,1.6782138419092936,-0.5243589287007332,-0.1472635717629781,859.3815499626098,22.40972094235433,1.0,2.0,15,36,56,54.0,NADALA
37721,Butari (82),AMRITSAR,31.5315323,75.21314,37721,1907.627601379299,1908.993408203125,0.4974705518585948,0.1863635463776988,1.579969985979941,-0.484391441449495,-0.1083959119662687,985.595131199588,22.42399866098981,1.0,85.0,45,45,130,319.0,RAYYA
39792,Dialgarh (78),SANGRUR,30.216217,75.7308044,39792,1909.855847412328,1908.9932861328125,0.6603316287511063,0.3184852921879903,1.7577911836064808,-0.6092465884452295,-0.2345106406998904,657.7211468375434,23.9112903893723,1.0,6500.0,425,260,425,520.0,SANGRUR
33283,Unchi Daud (420),LUDHIANA,30.3603611,75.8630447,33283,1909.067265394082,1908.9925537109375,0.6207713209254293,0.2976645511481863,1.4433602070611422,-0.5947152049467727,-0.1966528265286993,760.2889480998414,22.927026586350337,1.0,190.0,95,26,181,205.0,Maloud
29088,Surak (119),KAPURTHALA,31.5423431,75.43543,29088,1909.1144653762328,1908.990966796875,0.5901835244726843,0.2576805678454342,1.9339934470230995,-0.5401977843091865,-0.1766116501633316,843.1864175012009,22.479022681880625,1.0,145.0,80,35,135,153.0,NADALA
36561,Haji Majra (37),PATIALA,30.27027,76.3357544,36561,1912.3406798273816,1908.98828125,0.4271146240522582,0.040760159049963,1.135518392863816,-0.4394685992691624,0.0126144294682879,813.823466449715,23.049334382075912,0.0165746029444278,8.0,2,2,88,130.0,PATIALA
28567,Chhailowal (90),GURDASPUR,31.9639645,75.41655,28567,1907.1339681983336,1908.9876708984375,0.5758637622021131,0.2589163181756512,1.7380119745778593,-0.5385486856152937,-0.171490206790749,911.4683362653152,22.180698756103368,1.0,200.0,60,0,193,217.0,SRI HARGOBINDPUR
28569,Pandori(89),GURDASPUR,31.9819813,75.41011,28569,1907.986047327336,1908.9876708984375,0.5842569411558401,0.2658981233093533,1.8117220849832985,-0.5419545049517386,-0.1798656605419243,911.4683362653152,22.180698756103368,1.0,107.0,19,0,80,414.0,SRI HARGOBINDPUR
32147,Bharoli (30),Shahid Bhagat Singh Nagar,31.18919,75.9718,32147,1905.718431814097,1908.9871826171875,0.5910882670658868,0.2342191331577325,1.6581482461649022,-0.5602929243189575,-0.1547849569518618,790.3863450114578,22.69254842665081,1.0,2.47,110,0,700,371.0,BANGA
36540,Shekhpura (77),PATIALA,30.18018,76.161644,36540,1909.926200374241,1908.98583984375,0.3358434635767278,0.032871854354906,1.0071985859871035,-0.3637902584013707,0.0200991883764762,870.3448864629166,22.86558953724557,0.6718085611338521,44.0,40,180,685,44.0,PATIALA
30664,Pul Pukhta (534),HOSHIARPUR,31.7117119,75.63426,30664,1903.2136591139968,1908.9835205078125,0.572666787551078,0.2253204888028175,1.757937035236156,-0.5329767392637448,-0.1480858992499176,928.5261276175872,22.425879731414227,1.0,3.64,25,22,200,208.0,TANDA
28550,Paijo Chak (57),GURDASPUR,31.6936932,75.47134,28550,1910.322110267536,1908.983154296875,0.5655328111491605,0.2354015453575924,1.7681747003992736,-0.5306260173408105,-0.1538953597082452,911.4683362653152,22.180698756103368,1.0,140.0,22,0,256,197.0,SRI HARGOBINDPUR
30194,Dholeta (214),JALANDHAR,31.0270271,75.77908,30194,1907.294332766388,1908.9830322265625,0.6341356053715156,0.264356471972322,1.8191275998972831,-0.5939170637264746,-0.1910047073888607,846.9261619260209,22.50267018928656,1.0,590.0,171,169,664,590.0,PHILLAUR
37390,Sehnsra (304),AMRITSAR,31.7864151,74.75292,37390,1907.993816008056,1908.98193359375,0.5367075113127361,0.1870738538691546,1.3017198973966628,-0.5298605548121548,-0.0999681151321464,917.034205380041,22.659802665030377,1.0,115.0,110,110,310,1350.0,HARSHE CHHINA
30101,Rupowal (40),JALANDHAR,31.1171169,75.72464,30101,1909.0090543802908,1908.981689453125,0.650285642899168,0.2871591936872952,1.9420439983094784,-0.6027438497157906,-0.2117787259013407,831.9011124780076,22.70811725901973,1.0,116.19,40,40,250,140.0,RURKA KALAN
35756,Mehma Sarja (168),BATHINDA,30.2882881,74.95173,35756,1909.6148863785072,1908.9805908203125,0.5712085075735279,0.2299196350785967,1.552106304571235,-0.5393763453764543,-0.142466844722248,534.5672172244755,24.29852812080928,0.9722458993961756,800.0,150,200,400,2773.0,GONIANA
34892,Duleke Abad (283/332),FAZILKA,30.61647,74.26365,34892,1909.073351761985,1908.979248046875,0.640006772969199,0.3164921992036903,1.6305004927539035,-0.601528740201754,-0.2220889677386153,615.1498310177438,24.0147823736244,1.0,2.47,40,0,25,72.0,GURU HAR SAHAI
28553,Dhariwal (44),GURDASPUR,31.6936932,75.47134,28553,1907.70158789421,1908.9791259765625,0.5599769697574529,0.2306938768837689,1.7873710805762704,-0.5204397640377334,-0.1516443842571894,911.4683362653152,22.180698756103368,1.0,220.0,65,0,198,242.0,SRI HARGOBINDPUR
29094,Mana Talwandi (112),KAPURTHALA,31.3873882,75.41406,29094,1906.4112380814288,1908.9788818359375,0.57544687179354,0.2418886291796032,1.8433755339018407,-0.5368407420932559,-0.1613227331868734,843.7217988030446,22.478188905803872,1.0,2.0,20,0,294,475.0,NADALA
33201,Bahu Majra (327),LUDHIANA,30.63063,76.0741,33201,1910.8612925761813,1908.978515625,0.4732483698154308,0.1508185397082967,1.5844185635564716,-0.4556423400611641,-0.0808475440560873,865.374857466449,22.713122245179363,1.0,2.47,8,0,254,118.0,KHANNA
35023,Mulianwali (198),FAZILKA,30.3603611,74.2133942,35023,1909.586151697477,1908.9776611328125,0.6249287851685765,0.2638180287301632,1.5065493248577115,-0.5803423849662475,-0.1729019521573966,477.3114299671423,24.507113372256605,1.0,1142.0,205,202,555,1219.0,Arniwala Shiekh Subhan
35163,Dhinganwali (89),FAZILKA,30.2342339,74.22228,35163,1907.714194004561,1908.9774169921875,0.5094843258432395,0.0991097484842672,1.250940229044757,-0.5055187618645279,-0.031057384715547,394.43789972893217,24.84035169932329,1.0,1695.0,535,396,752,1795.0,ABOHAR
33371,Panjeta (209),LUDHIANA,30.9189186,75.84033,33371,1905.734068948669,1908.97705078125,0.5472035612545431,0.1985397526977463,1.7114811076396597,-0.5225958200128044,-0.1276344698909281,849.1459134032624,22.75239176079907,1.0,366.0,0,1,339,409.0,LUDHIANA-2
35334,Buttar Bakhuha (16),SRI MUKTSAR SAHIB,30.2342339,74.68108,35334,1909.44985665863,1908.9765625,0.5884758593430404,0.231844589725691,1.3582114012546698,-0.5654770236592963,-0.1383221693510808,497.8883996281879,24.54723817957965,1.0,895.0,22,362,538,966.0,GIDDERBAHA
30453,Firoz (397),JALANDHAR,31.35135,75.36405,30453,1913.9715124107545,1908.9747314453125,0.4735458120625839,0.1145949692269519,1.4587772921244615,-0.4685004638692901,-0.052103651224758,930.1249378068276,22.44361216714685,0.9892651794496108,2.5,250,50,500,146.0,JALANDHAR - WEST
28574,Chak Chau (62),GURDASPUR,31.6936932,75.47134,28574,1907.6242751433936,1908.9744873046875,0.5754003257436878,0.2758778899608584,1.7114757496912274,-0.5425410213591588,-0.184180259080301,909.1466465396912,22.1910501094639,1.0,155.0,28,0,166,162.0,SRI HARGOBINDPUR
35253,Ratta Khera (173),SRI MUKTSAR SAHIB,30.594595,74.45496,35253,1909.5672219999267,1908.9744873046875,0.6048190227323086,0.2928268384134206,1.4195589116842513,-0.5687904811905087,-0.1880787933445096,464.9701061656373,24.57111682044564,0.9892717103819716,797.0,32,35,80,797.0,MALOUT
35615,Ramgarh (4),FARIDKOT,30.4684677,74.9436951,35615,1909.584306304686,1908.9737548828125,0.5859084925547957,0.2593327561127328,1.5117284722012765,-0.5609462382935696,-0.1654877412873628,524.8786298158976,24.241755527111547,1.0,1200.0,80,210,312,594.0,Jaitu
35758,Chak Goniana Khurd (165),BATHINDA,30.4144154,74.9857254,35758,1908.936271955541,1908.9737548828125,0.6077160045874437,0.268732228699709,1.486954707812263,-0.5706358416128869,-0.1743141348598229,534.5806273629563,24.29846333290704,1.0,426.0,700,350,509,125.0,GONIANA
35370,Tamkot (39),SRI MUKTSAR SAHIB,30.594595,74.45496,35370,1907.8037033099968,1908.972900390625,0.5825115492980116,0.2506700721634329,1.36386154247182,-0.550259185082448,-0.1515332070324842,495.57679155147736,24.482505082647783,1.0,960.0,240,500,513,1036.0,MALOUT
37221,Khushupura (155),AMRITSAR,31.6936932,74.85723,37221,1911.840574774109,1908.9725341796875,0.5442949847565938,0.2012375211338502,1.3338843881936475,-0.5331464991474337,-0.1111636462512937,880.0824995720711,22.95995833885675,1.0,105.0,32,102,151,118.0,CHOGAWAN
37487,Nag (334),AMRITSAR,31.7657661,74.95786,37487,1908.1332802783736,1908.9715576171875,0.3774125458403187,0.0210334796515365,0.9945801790351072,-0.383084462152597,0.0352785543604652,938.9352783841512,22.51516093073899,1.0,532.0,70,70,155,1344.0,MAJITHA
30152,Dosanjh Khurd (218),JALANDHAR,31.3153152,75.609375,30152,1909.548555891373,1908.9708251953125,0.6328305872399508,0.2697278369694308,1.7905651137560634,-0.5880638040319385,-0.1963813021479392,846.9261619260209,22.50267018928656,1.0,125.0,7,17,174,261.0,RURKA KALAN
37733,Shahpur Khurd (119),AMRITSAR,31.6756763,75.16028,37733,1909.2927443135693,1908.970458984375,0.3472674349485408,0.013193107941126,1.1623600637171445,-0.340131738770202,0.0307522420795587,972.7645310571093,22.45527152660549,1.0,90.0,36,36,61,99.0,TARSIKKA
30654,Pindi Khair (530),HOSHIARPUR,31.6936932,75.5984,30654,1908.6046525682727,1908.969482421875,0.5382201779568255,0.2275354690284462,1.5069987904692106,-0.5213218955523607,-0.1346116988128257,928.5261276175872,22.425879731414227,1.0,0.81,5,10,91,102.0,TANDA
34910,Baghe Ke Uttar (253),FAZILKA,30.522522,74.2741852,34910,1908.8055523781093,1908.9691162109375,0.5989911130294786,0.2992308243203931,1.586767668402242,-0.565364053083857,-0.2031150686530475,573.5140833070176,24.17932731779252,1.0,202.0,105,101,118,420.0,JALALABAD
36132,Kotra (50),MANSA,29.9282074,75.39468,36132,1909.573849519051,1908.968505859375,0.6536276357889379,0.2865956723808313,1.7045258743912342,-0.6105507733355852,-0.2062594303899345,642.4790302269313,24.036494238900914,1.0,1640.0,380,380,572,552.0,BHIKHI
33959,Wandar (123),MOGA,30.4684677,75.04822,33959,1913.4798488908589,1908.96826171875,0.643647879398199,0.310934212918168,1.8725528816816588,-0.5915349258092906,-0.2261964090671296,558.6569401433366,24.024747710186148,1.0,3100.0,655,620,1020,1755.0,BAGHAPURANA
35271,Jhorar (190),SRI MUKTSAR SAHIB,30.5765762,74.46205,35271,1908.0167826136244,1908.968017578125,0.6347268302432644,0.2974805370600216,1.4967283966657752,-0.5892298044071521,-0.2006096586572132,478.4217658491669,24.54313355596278,0.9909623510174072,2019.0,425,875,1095,2019.0,MALOUT
32845,Rattan Palon (161),FATEHGARH SAHIB,30.2342339,76.12006,32845,1908.8556100567537,1908.9664306640625,0.5162755525020636,0.1810798778518896,1.572380151586405,-0.4991349007932671,-0.1042354042370719,865.374857466449,22.713122245179363,1.0,149.0,15,0,156,166.0,AMLOH
36613,Asmanpur (144),PATIALA,30.27027,76.52352,36613,1907.2655029809043,1908.9652099609375,0.4931661411385942,0.2095171265746635,1.3278775180482485,-0.5032577921575502,-0.1088448099631677,852.1080052493104,22.994245166875203,1.0,153.0,60,60,116,172.0,BHUNER HERI
37625,Miran Kot Khurd (343),AMRITSAR,31.6576576,74.84936,37625,1912.597781218048,1908.9632568359375,0.4355013577222804,0.0652360167509156,1.0651861494773902,-0.4558342327253462,0.0030732663754935,898.4865638425248,22.708453943606344,0.9750252949034208,140.0,33,26,398,170.0,VERKA
35820,Kal Jharani (104),BATHINDA,30.228344,74.9290543,35820,1909.769963256674,1908.9625244140625,0.5840586709381803,0.2226829870273846,1.3077084514771105,-0.5701863061524332,-0.127436277810457,480.8278772046464,24.673595354215536,1.0,2.47,300,376,817,1501.0,SANGAT
35073,Koharianwali (145),FAZILKA,30.3603611,74.2342758,35073,1909.6428675651568,1908.95947265625,0.6222021340214604,0.2115576567279551,1.5400700530530358,-0.5729570103642886,-0.1348031835516389,465.6314108285646,24.54560903466335,1.0,1268.0,372,372,539,1326.0,Arniwala Shiekh Subhan
35066,Islamwala (181),FAZILKA,30.3603611,74.2342758,35066,1909.715423011953,1908.9578857421875,0.6205847006246937,0.1908069531705994,1.575443722592941,-0.5713965513692814,-0.1215545187101706,478.6753385320631,24.491893335889127,1.0,1506.0,142,151,555,1505.0,Arniwala Shiekh Subhan
28514,Mahesh Dogar (17),GURDASPUR,31.6936932,75.47134,28514,1910.0289847573565,1908.9576416015625,0.5813501325486699,0.2154134872078036,1.85119358323576,-0.5381312818714462,-0.1447230453140246,899.495119135608,22.26800492968988,1.0,99.0,25,0,100,505.0,SRI HARGOBINDPUR
34476,Hakumat Singhwala (186),FIROZEPUR,30.8627014,74.9359,34476,1905.9073702906128,1908.955322265625,0.5985527636013386,0.2575626608279974,1.6083265982019324,-0.5658253131269017,-0.1736021973248383,659.3505310863884,23.53665185969877,1.0,242.91,0,76,196,485.0,GHALL KHURD
36194,Todarpur (14),PATIALA,30.1981983,76.21727,36194,1908.1055655078508,1908.9544677734375,0.4590518888481507,0.1624413518943743,1.1786310535915574,-0.4709174632299452,-0.071423830480324,803.3015565558137,23.07847976501075,1.0,412.0,118,120,194,193.0,SAMANA
36397,Bazidpur (210),PATIALA,30.4684677,75.98893,36397,1905.2547409359408,1908.9539794921875,0.6037017056221871,0.2304082651258761,1.60569493572455,-0.5672825592469022,-0.1490240538794658,746.2132938802349,22.9949325891813,1.0,304.0,70,100,190,304.0,NABHA
35465,Maur (103),FARIDKOT,30.64865,74.7688141,35465,1906.2428237004697,1908.953857421875,0.6045339473615142,0.2923299084700143,1.8051796807618767,-0.5604970789029525,-0.2040951111124517,535.6504723326249,24.186848987403177,1.0,912.0,385,400,615,1007.0,KOT KAPURA
39796,Sheron (12) (Part),SANGRUR,30.1365166,75.8103561,39796,1909.145330365557,1908.9537353515625,0.6924196591385786,0.3437745110490531,1.936014391959916,-0.6329790566140505,-0.2650306771843437,661.4145303296108,23.79190739450449,1.0,2.47,45,0,480,3352.0,SUNAM
33245,Panjrukha (266),LUDHIANA,30.63063,76.0741,33245,1906.7852589923227,1908.953125,0.5745165893853068,0.2626764949891697,1.5829494375136393,-0.5541284641088425,-0.1697044192322376,797.9699912478821,22.851000825335177,1.0,2.47,0,0,176,265.0,KHANNA
36134,Samaon (19),MANSA,30.15788,75.5475,36134,1909.584158918481,1908.95166015625,0.6498843990150869,0.2901998683192012,1.666227525194023,-0.6107353930269948,-0.2058863584010353,642.9419142673356,24.01559809752942,1.0,1040.0,780,504,950,1238.0,BHIKHI
34999,Chak Bhamba Wattu (235),FAZILKA,30.6126118,74.25945,34999,1907.440353472692,1908.951416015625,0.609285560090962,0.2933443846433639,1.5331349136642158,-0.5718016431230454,-0.1976806322747072,532.5055323388762,24.3133351593745,1.0,269.0,68,68,76,318.0,JALALABAD
35466,Khara (102),FARIDKOT,30.64865,74.7897644,35466,1906.0375667820213,1908.9483642578125,0.5906546565778144,0.2631676601751995,1.670902443724216,-0.5580134896540886,-0.174210809384616,540.0625492105368,24.18174958826638,1.0,1200.0,522,605,709,1798.0,KOT KAPURA
39865,Jakhepalbas (21),SANGRUR,30.2488155,75.83926,39865,1904.1811411456376,1908.9481201171875,0.6238109377410266,0.2931073217646768,1.7394631484580425,-0.5802728744881989,-0.2159856820187756,658.9489444325637,23.870243448796643,0.9693403094349912,2.47,0,0,318,479.0,SUNAM
35127,Khanwala (260),FAZILKA,30.3963966,74.03187,35127,1908.219280379011,1908.94775390625,0.5776447141496447,0.1786731665374911,1.5354024804400312,-0.5362435196168251,-0.1062915228152415,450.5904354628188,24.605197931388336,1.0,758.0,956,195,223,778.0,FAZILKA
30368,Kadianwali (292),JALANDHAR,31.261261,75.54496,30368,1913.0589006875773,1908.9454345703125,0.4447019526169931,0.0897213999031017,1.3416439804462317,-0.4504710822932768,-0.0286759930122808,857.0227855368059,22.54885815729516,0.9344115537534864,8.09,135,42,327,292.0,JALANDHAR-EAST
39403,Malikpur Alias Jandali Khurd (18),SANGRUR,30.522522,75.88475,39403,1909.1896659766253,1908.94384765625,0.6152575636206422,0.2670012685070072,1.745747438134648,-0.5682317990373177,-0.1908788729697886,790.0204177928904,22.87075722583656,1.0,302.0,22,0,329,349.0,AHMEDGARH
32141,Anokharwal (21),Shahid Bhagat Singh Nagar,31.18919,75.9718,32141,1907.1470581110204,1908.94140625,0.625868543151828,0.270148636838734,1.75975040221372,-0.589061045777921,-0.1871213677109333,794.1594812085526,22.669952482494125,1.0,10.0,12,25,112,197.0,BANGA
30161,Phalpota (215),JALANDHAR,31.0270271,75.77908,30161,1908.688690488397,1908.9410400390625,0.6341142499453529,0.2635336952277282,1.812647832791722,-0.5917174213010046,-0.1892629371594534,846.9261619260209,22.50267018928656,1.0,227.0,171,17,372,227.0,PHILLAUR
34113,Kishanpur Kalan (279),MOGA,30.81081,75.04157,34113,1909.4154518198504,1908.9403076171875,0.6610155021413895,0.3206725160039028,1.97900599006956,-0.611029477175795,-0.2434492772080302,756.8941438450553,22.88951867704689,1.0,922.0,324,259,1627,2510.0,KOT-ISE-KHAN
35728,Bath (197),BATHINDA,30.216217,74.93847,35728,1910.8970167187265,1908.9385986328125,0.6686499244212031,0.3183959010721275,1.924808599251524,-0.6010377328158499,-0.2389215294332365,587.1307367356648,24.084520477983343,1.0,211.0,133,133,283,217.0,NATHANA
37530,Bhangwan ((159),AMRITSAR,31.6216221,74.8838348,37530,1910.103684949347,1908.9383544921875,0.4104661195186333,0.070800655895109,1.1497474304902358,-0.4131934063330933,-0.0063826209754255,966.5873706851672,22.4675485753135,1.0,273.0,103,125,202,489.0,JANDIALA GURU
36192,Rajla (179),PATIALA,30.2342339,76.12006,36192,1908.7708065135653,1908.9368896484375,0.4335555269291918,0.1404541722600728,1.1383539086919794,-0.4466046518617926,-0.0530023419163004,800.7365055278806,23.08024904024296,1.0,213.0,27,128,248,641.0,SAMANA
28588,Sultanpur (68),GURDASPUR,31.6936932,75.47134,28588,1911.001806671011,1908.936279296875,0.5175690735124775,0.1961412394386112,1.5638276077461073,-0.4960469709804481,-0.1156928731347291,911.4683362653152,22.180698756103368,1.0,45.0,15,0,29,48.0,SRI HARGOBINDPUR
37364,Lalla Afganan (309),AMRITSAR,31.6756763,74.8427048,37364,1909.0118523880824,1908.9278564453125,0.5586035451716687,0.2053119197356712,1.4143103079320325,-0.5288733271731387,-0.1213757450532417,913.4362812695298,22.66998574294955,1.0,406.0,123,123,129,414.0,HARSHE CHHINA
33606,Jhamat (154),LUDHIANA,30.9009018,75.80505,33606,1910.0440144106733,1908.9267578125,0.4719646552961457,0.1292889277842117,1.461923549464671,-0.467931200087385,-0.0637847523823266,828.7134714355545,22.751321316423653,0.9429650989859576,147.0,53,63,213,238.0,LUDHIANA-1
35768,Killi Nihal Singhwali (179),BATHINDA,30.4144154,74.9857254,35768,1910.0185724052944,1908.9263916015625,0.5663161565849147,0.2379882142014546,1.3593738176934964,-0.5483051074644418,-0.139821603272026,514.2780187537568,24.39655056911073,1.0,681.98,680,205,615,575.0,GONIANA
30160,Mansurpur (217),JALANDHAR,31.0270271,75.80011,30160,1908.8407786777384,1908.9237060546875,0.6102508687428776,0.2512928196235447,1.7825133482647173,-0.5699257244559128,-0.1773764255435126,846.9261619260209,22.50267018928656,1.0,179.0,76,76,275,179.0,PHILLAUR
36314,Lohar Majra (199),PATIALA,30.3603611,75.77952,36314,1908.5800844051485,1908.923583984375,0.5932079935146277,0.254696712887149,1.5151205908866576,-0.5654137153009916,-0.1641943941259936,733.8665219952958,23.116596925856413,1.0,273.0,62,62,94,273.0,NABHA
30171,Dhandwar (194),JALANDHAR,31.0270271,75.77908,30171,1906.8238651294664,1908.9224853515625,0.6316584621720905,0.2760864682511477,1.8645642710454189,-0.5864026301902739,-0.1988702855578653,847.3562988450425,22.43174952083797,1.0,197.0,148,148,282,197.0,PHILLAUR
37142,Sundergarh (40),AMRITSAR,31.8378372,74.71943,37142,1914.508090677453,1908.921142578125,0.5527714657644627,0.1751091100268271,1.358964791259792,-0.540264985403365,-0.0934485452828218,917.5402614285844,22.767377350587992,1.0,10.0,4,4,5,240.0,AJNALA
29949,Muzaffarpur (23),JALANDHAR,31.1351357,75.3811646,29949,1913.7169737666648,1908.9193115234375,0.5925720905636899,0.2681171488464808,1.5314461326666018,-0.5778485120830058,-0.1752076104839957,834.8475488831895,22.65798149232063,1.0,52.0,10,10,79,61.0,NAKODAR
35252,Alamwala (172),SRI MUKTSAR SAHIB,30.3289986,74.34525,35252,1909.222234026824,1908.9190673828125,0.6120671139293796,0.2843835604678655,1.4490252991221293,-0.5716139683842779,-0.1857811203398442,456.31201142972697,24.61643903076749,0.981099695973642,1843.0,123,10,1120,1843.0,MALOUT
34198,Melak Kangan (208),MOGA,30.81081,75.04157,34198,1908.1678622549096,1908.918701171875,0.5486402497211589,0.2603055975439526,1.5534385200622287,-0.518620226054246,-0.1697582464565386,733.9174094607728,22.97211084760505,1.0,163.0,45,55,109,180.0,KOT-ISE-KHAN
35240,Shamkot (53),SRI MUKTSAR SAHIB,30.18018,74.49417,35240,1908.459488687476,1908.91748046875,0.5764678191428391,0.2045972672026167,1.3668753598576229,-0.5467047256770248,-0.1171041807824372,429.3760749509232,24.825229155186832,1.0,1844.0,200,200,483,1682.0,MALOUT
35371,Chak Tamkot (40),SRI MUKTSAR SAHIB,30.4684677,74.5256,35371,1908.287818076884,1908.91748046875,0.595347826768905,0.2726568207882017,1.387310207557694,-0.5683227172968973,-0.1704229990773833,495.38283566855847,24.46563839074929,1.0,2.47,150,150,225,513.0,MUKTSAR
33184,Lalheri (219),LUDHIANA,30.63063,76.09503,33184,1910.1325681001888,1908.9166259765625,0.4686912745458451,0.1565509175603789,1.304269588979415,-0.467884046708625,-0.0755445534736349,878.1558008246466,22.74287172525749,0.9928242515079096,2.47,0,0,437,409.0,KHANNA
34887,Barhandinwala (272),FAZILKA,30.5045052,74.0931244,34887,1905.832718600037,1908.9166259765625,0.628551231284103,0.3209370020358608,1.5330950773856735,-0.5895450797326874,-0.2171279458469984,580.6528616427854,24.1081558516551,1.0,3.0,0,0,88,168.0,GURU HAR SAHAI
35467,Wara Daraka (107),FARIDKOT,30.5765762,74.8178253,35467,1909.4583587649129,1908.915283203125,0.5539224732520116,0.255231935056833,1.5652518002109317,-0.5313979258712616,-0.1605182184107713,539.1633870791708,24.12260472913934,1.0,1010.0,368,368,680,934.0,KOT KAPURA
35460,Samagh (88),SRI MUKTSAR SAHIB,30.594595,74.83173,35460,1905.53790625584,1908.915283203125,0.6365806964927455,0.2949525126197682,1.8440408137500628,-0.5875675622733858,-0.2118992889612861,536.3985380096777,24.18679599795517,1.0,529.0,20,100,274,594.0,MUKTSAR
33399,Gopalpur Bulandewal (281),LUDHIANA,30.9189186,75.84033,33399,1911.6375519932485,1908.914794921875,0.5115321323238945,0.1615513214515901,1.5005283951140371,-0.4934119744818311,-0.0878664410342697,841.1037275711237,22.733008595662863,0.6438385624373154,21.0,5,0,8,81.0,LUDHIANA-2
30493,Daffarwal (338),JALANDHAR,31.4234238,75.59083,30493,1907.381289983724,1908.9134521484375,0.6092365368390611,0.2480023067819601,1.9754858778866893,-0.5561816816749341,-0.1762216161955071,805.4736348798173,22.43289419592901,1.0,155.0,18,0,18,163.0,JALANDHAR - WEST
35629,Gobindgarh (12),FARIDKOT,30.3963966,75.01367,35629,1909.6966439266464,1908.9107666015625,0.6204824205166706,0.29414296498101,1.6488404506448064,-0.5785857751120775,-0.2019566066407468,546.976976249397,24.148024644397687,1.0,800.0,70,70,600,1061.0,Jaitu
33505,Nat (247),LUDHIANA,30.3948956,75.74166,33505,1907.955577406666,1908.91064453125,0.5085404053009013,0.2267293098138673,1.516445313246183,-0.5046927332603077,-0.1327645767025576,822.9384216477769,22.76890863195922,1.0,150.0,110,48,310,212.0,DEHLON
37722,Lohgarh (28),AMRITSAR,31.6036034,75.2078247,37722,1907.9716925147184,1908.9091796875,0.4729789649539571,0.1678397765908039,1.4403556890584308,-0.4676003875071475,-0.0871010242542397,985.595131199588,22.42399866098981,1.0,261.0,158,158,356,293.0,RAYYA
35719,Giddar (181),BATHINDA,30.3963966,75.13901,35719,1906.5345445337648,1908.9090576171875,0.6242014690202315,0.2835217342091261,1.6709717339057304,-0.5889337678171057,-0.1961480325859183,579.066640832165,24.0218785897224,1.0,931.0,1500,300,493,1029.0,NATHANA
37120,Kot Razada (59),AMRITSAR,31.8378372,74.76184,37120,1907.335285146018,1908.9085693359375,0.5372808116159186,0.2229566041324895,1.3499118469580689,-0.5216677671647582,-0.1293855467772392,980.427154695978,22.56979310007243,1.0,1.0,0,0,1,487.0,AJNALA
40041,Tajoke (63),BARNALA,30.3603611,75.52894,40041,1908.6303249052423,1908.907958984375,0.6691785949984521,0.3211480421174948,1.8892001790088475,-0.6113503248166664,-0.2406070155861301,636.3172060591078,23.90767291695783,1.0,1400.0,25,480,880,1520.0,SEHNA
33199,Majri (238),LUDHIANA,30.63063,76.09503,33199,1909.042602345716,1908.907470703125,0.4465553208998245,0.1156632890877443,1.3979251723487154,-0.4400003053820701,-0.0495565151370533,865.374857466449,22.713122245179363,1.0,2.47,0,0,300,108.0,KHANNA
35713,Burj Dalla (184),BATHINDA,30.3963966,75.13901,35713,1908.0236520991955,1908.9058837890625,0.6507144635704797,0.3031085263785862,1.773648706855918,-0.5959973367557166,-0.2189616019092233,584.6905435039939,24.06168327638898,1.0,256.5,300,57,84,284.0,NATHANA
35348,Dhulkot (82),SRI MUKTSAR SAHIB,30.3243237,74.70793,35348,1910.2068886014208,1908.905029296875,0.5888177493716539,0.2702577736566329,1.4755015673055012,-0.5574857131476226,-0.1740875622049737,524.5537254025834,24.335125530149696,1.0,890.0,5,346,596,983.0,GIDDERBAHA
35388,Akalgarh (114),SRI MUKTSAR SAHIB,30.4684677,74.5256,35388,1908.487211811169,1908.9049072265625,0.5952396175266439,0.2769947141342825,1.462126300034208,-0.5753021477268218,-0.1774962433917701,546.4187207629578,24.21506824123896,0.9952904047300954,1000.0,130,130,240,781.0,MUKTSAR
35296,Punjawa (26),SRI MUKTSAR SAHIB,30.1981983,74.48695,35296,1908.3035971284569,1908.903076171875,0.5476335862401029,0.2054990556332402,1.2242816700278674,-0.5383296867878042,-0.1116944560679882,443.58574857901993,24.885531953581527,1.0,1821.0,320,660,780,1786.0,LAMBI
37570,Mahma (263),AMRITSAR,31.6216221,74.9261551,37570,1912.0145718042447,1908.903076171875,0.5110555343984042,0.187552357022544,1.35284793035402,-0.5047667862818958,-0.100559762014229,897.981772105922,22.67399627419917,1.0,172.0,37,57,259,222.0,VERKA
33504,Khakat (234),LUDHIANA,30.9009018,75.84705,33504,1908.228840071545,1908.90234375,0.3459044580614322,0.0507072963289324,0.9971837341093112,-0.3681359330240737,0.0077343117574203,827.2987641754324,22.784107298483487,0.3518770390580616,31.0,50,50,163,175.0,LUDHIANA-2
39911,Kal Banjara (60),SANGRUR,29.9459457,75.79449,39911,1910.6193952951896,1908.9007568359375,0.5913156981807138,0.2833251227468996,1.472717464446463,-0.5703680964579727,-0.1818428442213021,646.047518521346,23.9045882107069,1.0,2.47,0,0,545,980.0,LEHRAGAGA
34940,Chak Sohlewala (119),FAZILKA,30.6126118,74.25945,34940,1909.460985941628,1908.8970947265625,0.6413282653017063,0.3430096718524129,1.7063080388405192,-0.5954371650062955,-0.2463043666403876,544.9649425652063,24.220913745038423,1.0,1395.0,77,336,536,1614.0,JALALABAD
30222,Rurka Kalan (36),JALANDHAR,31.1171169,75.72464,30222,1908.430987049358,1908.89697265625,0.5937377292125998,0.2399515452544897,1.7182911306761328,-0.5653007565108973,-0.1611832501030022,831.9011124780076,22.70811725901973,1.0,1080.97,550,105,1640,1240.0,RURKA KALAN
39944,Fatehgarh Nauabad Alias Bahmniwala (112),SANGRUR,29.8344383,75.92473,39944,1909.8481723755708,1908.896240234375,0.6098319793574765,0.3050749196416563,1.6294453838909218,-0.5707849761096078,-0.2111575747290136,629.6595763262903,24.02519522050173,1.0,385.0,120,150,210,435.0,ANDANA
33335,Bishanpura (238),LUDHIANA,30.738739,76.01257,33335,1908.8425537131625,1908.896240234375,0.5743696677132077,0.2574499473927291,1.9885256902436443,-0.5263465963135687,-0.1769922139525031,850.8732780178648,22.671883107466737,1.0,380.0,5,1,74,412.0,DORAHA
30326,Sangowal (115),JALANDHAR,31.4954948,75.52224,30326,1905.95506274888,1908.8955078125,0.5887928075730242,0.2209372386414022,1.9215270442120749,-0.5413374950457098,-0.1517013037177634,842.4497213713294,22.46631747811788,1.0,1.4,40,1,365,263.0,JALANDHAR - WEST
32266,Dharmkot (168),Shahid Bhagat Singh Nagar,31.1171169,76.04034,32266,1907.1384459268645,1908.8955078125,0.5565893457622407,0.2204403785731875,1.5668518650493732,-0.5301344367702282,-0.1391246268485044,821.4404228141206,22.707407623049846,1.0,192.0,18,31,210,217.0,NAWANSHAHR
30564,Jamalpur (80),JALANDHAR,31.5080833,75.5953751,30564,1908.3830652036536,1908.894775390625,0.6029613996609007,0.2334295534979509,1.9243242244553267,-0.5615131256002216,-0.1605496864900034,805.4736348798173,22.43289419592901,1.0,2.47,18,0,190,211.0,BHOGPUR
35447,Motlewala (96),SRI MUKTSAR SAHIB,30.594595,74.83173,35447,1908.1493102196728,1908.894775390625,0.6100208566497876,0.2891984951634364,1.849481283579364,-0.5614804370455174,-0.2046931070395749,555.2153530528443,24.0456105442222,1.0,300.0,105,0,343,278.0,MUKTSAR
37140,Ballaharwal (44),AMRITSAR,31.8378372,74.76184,37140,1909.6584531510184,1908.8944091796875,0.5178251285656303,0.1525789749481879,1.3260663448291097,-0.5093036312068537,-0.0752199195124372,917.5402614285844,22.767377350587992,1.0,121.0,202,202,302,654.0,AJNALA
28537,Cheema (49),GURDASPUR,31.6756763,75.47786,28537,1908.243889219401,1908.894287109375,0.5678252539842561,0.2452011313396024,1.73581221254299,-0.5349781005459587,-0.1607214882870256,909.1115605661504,22.197883867345887,1.0,20.0,0,0,100,640.0,QADIAN
35827,Muhalan (101),BATHINDA,30.2283478,74.92905,35827,1910.0018408467763,1908.892822265625,0.5881415792658089,0.1976288130983997,1.3884265410412016,-0.5668406284529897,-0.1113135637640853,504.8365834166901,24.60699601581615,1.0,995.0,335,150,223,437.0,SANGAT
35386,Chak Madrasa (117),SRI MUKTSAR SAHIB,30.594595,74.83173,35386,1912.6266116860525,1908.88720703125,0.5986165265662586,0.2033207676708656,1.570328619440608,-0.5619616054624733,-0.1286124731482086,545.9929770717141,24.21678011610913,1.0,600.0,210,2,390,733.0,MUKTSAR
32255,Mahal Khurd (212),Shahid Bhagat Singh Nagar,31.0810814,75.9904556,32255,1908.808709679116,1908.8868408203125,0.600569763594519,0.2604371256344288,1.583636571808118,-0.5820880846120927,-0.1718897653108979,834.088989759283,22.5927351506851,1.0,3.0,110,0,261,341.0,AUR
28564,Udhanwal (99),GURDASPUR,31.9639645,75.41655,28564,1908.1754468417791,1908.8856201171875,0.519361922576745,0.195705522311554,1.5771242358257445,-0.4986258481850296,-0.1176199490270976,911.4683362653152,22.180698756103368,1.0,76.0,16,0,371,100.0,SRI HARGOBINDPUR
35498,Madahar (40),FARIDKOT,30.54054,74.85281,35498,1912.729924601506,1908.8848876953125,0.5805925395406341,0.2570902459415034,1.556581898369206,-0.5513162710817897,-0.1652987525111402,589.0005323102372,23.95004577035394,1.0,720.0,142,325,358,788.0,FARIDKOT
35212,Mehrajpur (42),FAZILKA,30.0792,74.2342,35212,1908.2969262362524,1908.8848876953125,0.5750933994098136,0.1337876813065566,1.408632940235623,-0.5367649535442871,-0.068510938490686,426.2023207724136,24.880118430147697,1.0,1096.0,430,430,572,1185.0,ABOHAR
39936,Rampura Gujran (86),SANGRUR,29.75223,75.92285,39936,1912.8488781063515,1908.884521484375,0.591060646378932,0.2935115287809429,1.6181842872678311,-0.5613857963009088,-0.1957727157520153,632.412822954148,24.124267816637143,1.0,585.0,210,300,610,642.0,ANDANA
29663,Dhak Maan (96),KAPURTHALA,31.3873882,75.39295,29663,1910.0872639142192,1908.884521484375,0.6275635831156661,0.2701341409178069,1.9460118106749733,-0.5758501458979031,-0.1932691130319172,774.5449784209626,22.62641459229758,1.0,200.0,0,0,130,29.0,PHAGWARA
39927,Bhundar Bhaini (101),SANGRUR,29.837225,75.92356,39927,1909.6767468245848,1908.88427734375,0.5790471434655747,0.2693002653546487,1.4272045323606188,-0.552866950965029,-0.1680536541553771,633.9757095206818,24.10533601802248,1.0,378.0,100,175,250,417.0,ANDANA
34956,Chak Khuranj (214),FAZILKA,30.6126118,74.25945,34956,1912.3928164363824,1908.8812255859375,0.5855928177551577,0.2732682144532001,1.502696674300032,-0.5552277835019674,-0.1788955237239867,541.6168811728852,24.234375981316475,1.0,288.0,62,70,137,329.0,JALALABAD
35362,Landewala (27),SRI MUKTSAR SAHIB,30.216217,74.6674042,35362,1910.024339459631,1908.88037109375,0.5654960452063028,0.2557443900753566,1.2466631983643055,-0.5464036459773701,-0.1497266900234114,499.5508842917103,24.52374216844684,1.0,668.0,14,275,406,745.0,GIDDERBAHA
35485,Rattirori (72),FARIDKOT,30.666666,74.78275,35485,1906.1442377903136,1908.87890625,0.5893001259254134,0.2857463752391238,1.6926577591871594,-0.5556695401725036,-0.1904205837246449,555.2153530528443,24.0456105442222,1.0,97.0,136,136,213,929.0,FARIDKOT
39519,Kheri Sodhian (168),SANGRUR,30.51057,76.05295,39519,1906.356796904804,1908.8787841796875,0.5676945289943557,0.255287807488232,1.4173914800772551,-0.547395026558101,-0.1565285821664447,752.3886164786762,22.964195637487283,1.0,199.0,124,0,172,222.0,MALERKOTLA
30189,Cheema Khurd (185),JALANDHAR,31.0270271,75.77908,30189,1908.0212147037007,1908.8780517578125,0.6581242930892974,0.2947407734579516,1.9400252650653245,-0.60348695356748,-0.2219214078341064,847.3562988450425,22.43174952083797,1.0,144.0,51,51,220,144.0,PHILLAUR
29010,Dabulian (76),KAPURTHALA,31.6017952,75.44642,29010,1909.183061126462,1908.8775634765625,0.5051116222832429,0.1914651035620954,1.514421174921298,-0.4856847585657736,-0.1077461456160876,836.9516161375714,22.47284692816038,1.0,20.0,30,100,215,152.0,NADALA
39871,Mojowal (40),SANGRUR,30.2488155,75.83926,39871,1910.606803534687,1908.877197265625,0.6413486584183042,0.3109688612898318,1.5843900712571757,-0.5998378006113838,-0.2158763138197059,654.0033015420335,23.855170430480143,1.0,2.47,45,0,225,449.0,SUNAM
30094,Saidowal (50),JALANDHAR,31.1562481,75.08831,30094,1909.8166048309247,1908.8731689453125,0.5879103799291744,0.2490910117757297,1.6480883336120091,-0.5633544698324475,-0.1655171506997453,826.1454807522209,22.74499755803384,1.0,124.0,35,40,155,139.0,RURKA KALAN
32866,Shahpur (7),FATEHGARH SAHIB,30.6126118,76.2274246,32866,1906.0824449435245,1908.8680419921875,0.478938990001599,0.1755173325634293,1.6842800046401023,-0.4583008350230974,-0.1028858470466644,872.8349857165956,22.73498557705924,1.0,345.0,59,59,226,388.0,AMLOH
30159,Kutbewal (219),JALANDHAR,31.3153152,75.609375,30159,1907.408953545942,1908.8677978515625,0.6217253164392713,0.2525615436325308,1.8208870166719675,-0.5727591888218635,-0.1829016764810277,846.9261619260209,22.50267018928656,1.0,69.0,8,7,173,192.0,RURKA KALAN
35373,Khunde Halal (42),SRI MUKTSAR SAHIB,30.594595,74.83173,35373,1908.8970200133824,1908.86669921875,0.6012439350627816,0.3043181060482084,1.3805187545753927,-0.5756662548296143,-0.1946375133361881,508.2384681885685,24.40132549928753,1.0,990.0,25,450,500,992.0,MUKTSAR
29985,Bangiwal (345),JALANDHAR,31.04365,75.46142,29985,1914.446099556147,1908.865966796875,0.5415606120472889,0.2162566705995852,1.4365836689095155,-0.5366632652480662,-0.1272019261299675,798.8147913961103,22.660830301996043,1.0,65.0,90,70,129,175.0,MEHATPUR
29024,Maqsudpur (19),KAPURTHALA,31.3873882,75.41406,29024,1908.6321583945385,1908.8653564453125,0.5340542957937885,0.242737240437143,1.6132342294921926,-0.5032196335391063,-0.149558365130366,800.9258451869385,22.437382947828382,0.9536378254359472,2.0,10,0,660,570.0,NADALA
39889,Gaga (67),SANGRUR,29.9459457,75.79449,39889,1908.9021437289505,1908.8621826171875,0.5987404734891582,0.267146102050782,1.4818619328985978,-0.5738243052068138,-0.1732073221580517,646.8365248255603,24.02153630570384,0.9934426892480656,683.0,0,130,750,809.0,LEHRAGAGA
35176,Jhurar Khera (85),FAZILKA,30.2342339,74.22228,35176,1907.9826872622807,1908.8621826171875,0.5312021554188551,0.0824480427123623,1.249360471605694,-0.5226064640162061,-0.0197448938674233,402.7854594399827,24.91377220911897,1.0,1600.0,205,205,615,1698.0,ABOHAR
29650,Dhak Baran (78),KAPURTHALA,31.27454,75.82226,29650,1905.063154332201,1908.862060546875,0.6090384558056727,0.2689613304976253,1.7045612792127984,-0.5861615239459402,-0.1802228247514266,762.6167810339771,22.802339066355835,1.0,3.0,0,0,15,130.0,PHAGWARA
33356,Deep Nagar (242),LUDHIANA,30.738739,76.01257,33356,1907.872163041503,1908.8607177734375,0.5169484951461351,0.2405097753932337,1.662786018769836,-0.4792527303894846,-0.1550620506280929,839.7097679784196,22.70817968043576,1.0,262.0,30,0,153,465.0,DORAHA
35411,Saddarwala (111),SRI MUKTSAR SAHIB,30.4684677,74.5256,35411,1907.216753109087,1908.860595703125,0.5823943229886855,0.2383583733804282,1.5328995131032892,-0.5616451493442919,-0.1506856377930337,551.7452749421494,24.214223010815147,0.9809586395607188,1293.0,401,200,415,1125.0,MUKTSAR
35381,Gander (45),SRI MUKTSAR SAHIB,30.594595,74.83173,35381,1910.3278198817368,1908.8602294921875,0.608820879205371,0.2715992717395032,1.4718723888650556,-0.5787837338593871,-0.1762778483824947,508.1724169661896,24.401347738773268,1.0,879.0,0,148,370,1168.0,MUKTSAR
35789,Baho Jattri (3),BATHINDA,30.2007141,74.9433746,35789,1907.849744507743,1908.85986328125,0.5501985843617113,0.2255481749084955,1.306764561665596,-0.5368091373814075,-0.1294739502922214,511.9539158762512,24.568273048164468,1.0,333.0,265,123,200,374.0,BATHINDA
33377,Bhaman Khurd (204),LUDHIANA,30.9189186,75.84033,33377,1907.02954427244,1908.85986328125,0.5374477533834485,0.210927637781082,1.4786935771402887,-0.5303518518429913,-0.1237373350811035,848.8578678348408,22.751888513973626,1.0,69.0,34,0,154,378.0,LUDHIANA-2
39939,Phulad (105),SANGRUR,29.74282,75.90985,39939,1911.2251860380616,1908.8582763671875,0.5535578117421738,0.2819063794237882,1.3724022764813997,-0.5425144074850594,-0.1713736391087172,633.4779950787919,24.113163681595665,1.0,721.0,120,100,360,750.0,ANDANA
37172,Bhindi Saidan (24),AMRITSAR,31.7159538,74.61439,37172,1912.0953881622863,1908.8572998046875,0.5364911606767954,0.1910100668556616,1.3155946982316074,-0.5253857759869489,-0.1035120868098097,882.2239334644102,22.9304410900084,1.0,710.0,276,276,1550,803.0,CHOGAWAN
35744,Jandanwala (155),BATHINDA,30.27027,74.95883,35744,1908.6328098871409,1908.8555908203125,0.6116547102922325,0.2743520938391429,1.6274033704117186,-0.5771544285748836,-0.1856970280691485,557.9000076614776,24.1611051218672,1.0,202.0,1000,900,1150,2346.0,GONIANA
39892,Gobindpura Jawarwala (72),SANGRUR,29.9459457,75.79449,39892,1908.7159066154725,1908.854736328125,0.5584924424423903,0.2441061959926885,1.3840428393543591,-0.5484580148086365,-0.1444447338643226,646.557206194629,24.02802026499603,1.0,153.0,125,102,342,603.0,LEHRAGAGA
35019,Naukerian (209),FAZILKA,30.6126118,74.25945,35019,1906.4964056162748,1908.8543701171875,0.5897154583254489,0.2625820344187319,1.4135325074827685,-0.5730316486327418,-0.165026313237914,502.8944218268664,24.38639628605137,1.0,1160.0,613,613,912,1308.0,JALALABAD
33593,Mansuran (290),LUDHIANA,30.9009018,75.80505,33593,1906.7918132392576,1908.8538818359375,0.5946996676485594,0.245370679124313,1.734536312217437,-0.5672849112481788,-0.1689108661746644,806.2356320719387,22.77782756331428,1.0,353.0,53,113,530,667.0,LUDHIANA-1
37566,Khankot (279),AMRITSAR,31.6396389,74.85601,37566,1911.9864502509508,1908.8533935546875,0.4280940502027643,0.0588778784015884,1.234545079327268,-0.4256100057845186,-0.0029716367820537,923.5868314284136,22.57248496274811,0.885997104929668,0.0494,5,50,150,0.0,VERKA
32216,Mahal Khairabad (201),Shahid Bhagat Singh Nagar,31.0990982,75.9627762,32216,1908.4400903956764,1908.8531494140625,0.6340226536940762,0.2759552620773369,1.8972731224913608,-0.5956626111653861,-0.1984875133893079,847.3562988450425,22.43174952083797,1.0,2.0,0,0,1,77.0,AUR
28522,Pindi Rori (24),GURDASPUR,31.6936932,75.47134,28522,1909.741354356969,1908.852783203125,0.6046492206974569,0.2781455819724469,1.9229777800557408,-0.5507608557259683,-0.1958745248309862,952.1159518347148,22.23210664846785,1.0,103.0,19,0,111,118.0,SRI HARGOBINDPUR
35125,Odian (249),FAZILKA,30.4144154,74.02464,35125,1905.993120377371,1908.852783203125,0.5789783785223197,0.1966788363182281,1.3905672847281252,-0.5485620671934966,-0.1148852530223609,461.0039161105829,24.575767971552136,1.0,627.0,925,112,132,732.0,FAZILKA
35781,Jhumba (5),BATHINDA,30.2006187,74.94327,35781,1909.969148108726,1908.8519287109375,0.6162383945100076,0.2487944854200381,1.425382149242735,-0.5879990159039636,-0.1575271820527267,513.9550973560091,24.55343295832145,1.0,1720.0,283,490,905,1819.0,BATHINDA
35811,Nandgarh (88),BATHINDA,30.2283421,74.92909,35811,1911.142216724785,1908.8494873046875,0.585621667682116,0.220519603300077,1.3571696914689284,-0.5672573023234347,-0.128304593550855,502.1209532086567,24.614529082096155,1.0,1690.0,290,200,340,667.0,SANGAT
30667,Talwandi Salhan (545),HOSHIARPUR,31.6936932,75.5984,30667,1902.378441515324,1908.8489990234375,0.6124136842370126,0.2800972089642047,1.819010144069171,-0.5676380423012077,-0.1936870032530884,851.7813793600135,22.407327570670745,1.0,8.9,21,21,262,321.0,TANDA
39530,Giga Majra (178),SANGRUR,30.4866142,75.95732,39530,1906.91331732027,1908.8485107421875,0.6365068267196993,0.2842758411394532,1.5587295781459882,-0.5997441656589665,-0.1923448299919499,717.1626779248612,23.10685946835593,1.0,125.0,76,0,148,139.0,MALERKOTLA
36360,Kularan (214),PATIALA,30.3963966,76.0999146,36360,1910.7419606908304,1908.8482666015625,0.5883942726867465,0.2530416701083172,1.511581501522275,-0.5619270124295144,-0.1608975392035014,742.1264591624634,23.01527433478094,0.9783450417867658,103.0,45,64,142,115.0,NABHA
35528,Machaki Khurd (57),FARIDKOT,30.666666,74.78275,35528,1907.6109291240296,1908.8460693359375,0.5872853749413786,0.259876173861375,1.6079512102870366,-0.5572783914138223,-0.1706353273383981,588.5878148486512,23.84773495640576,1.0,360.0,115,0,250,411.0,FARIDKOT
36312,Ghanurki (196),PATIALA,30.3063068,76.13423,36312,1908.104531746697,1908.8460693359375,0.5635474827400796,0.2380299799389161,1.4318012276579863,-0.5469551912458439,-0.1439817571697499,733.8665219952958,23.116596925856413,1.0,449.0,65,65,247,502.0,NABHA
35777,Virk Khurd (182),BATHINDA,30.489975,75.047554,35777,1911.0893693459568,1908.8458251953125,0.5640477187319364,0.1641669066304163,1.3456062715087644,-0.546260272761443,-0.085000806788918,506.9155944431943,24.55833904898412,1.0,658.6,207,219,493,720.0,BATHINDA
35389,Chak Badhai (113),SRI MUKTSAR SAHIB,30.4684677,74.5256,35389,1908.287111497621,1908.8458251953125,0.5611247562957724,0.2304300821888285,1.4051416970284314,-0.5475505433918344,-0.1366860546185179,546.5287591715551,24.215050780078386,1.0,590.0,43,45,143,609.0,MUKTSAR
39787,Mander Khurd (81),SANGRUR,30.1981983,75.71694,39787,1908.1845639957085,1908.8441162109375,0.6674978324098907,0.3226406105072227,1.783238532358894,-0.6148817990813491,-0.2383064609273288,659.4906988551514,23.83767581675164,1.0,1300.0,415,215,256,491.0,SANGRUR
37745,Raipur Khurd (92),AMRITSAR,31.6756763,75.18145,37745,1909.3736964523896,1908.843505859375,0.414385585942901,0.0557848546055948,1.3613259686885573,-0.3952963803171099,-0.0051673622963666,972.7645310571093,22.45527152660549,1.0,2.47,38,37,130,138.0,TARSIKKA
35745,Khemuana (154),BATHINDA,30.4144154,74.9857254,35745,1909.2967168345435,1908.84326171875,0.6087581520028654,0.2697092492846645,1.6324061561326122,-0.5772973993208618,-0.1823478665430315,554.8629852940934,24.11462123421813,1.0,598.0,350,400,800,768.0,GONIANA
39492,Dhiro Majra (162),SANGRUR,30.4866142,75.95732,39492,1905.6951914283527,1908.8428955078125,0.6010712107978698,0.2654334547760892,1.677331465903085,-0.5581129391450297,-0.1824674701535909,791.8514735673608,22.86292889375571,1.0,270.0,125,0,305,303.0,MALERKOTLA
36507,Baran (35),PATIALA,30.3423424,76.3710251,36507,1908.3399208525748,1908.8421630859375,0.49430598664136,0.1467076018819854,1.4356654457490878,-0.4835743373644636,-0.0735031260374373,839.1855749299424,22.919619997673408,0.9880466221269164,370.0,155,179,415,820.0,PATIALA RURAL
37386,Mehlanwala (305),AMRITSAR,31.6756763,74.8427048,37386,1908.4402258699704,1908.837890625,0.5127553584911853,0.1714506175291398,1.2397441539374103,-0.5076478097435392,-0.0848652163685906,916.499489825,22.66210357915856,1.0,836.0,180,193,513,817.0,HARSHE CHHINA
32843,Ghutind (164),FATEHGARH SAHIB,30.6126118,76.20649,32843,1906.87868727672,1908.83740234375,0.5403474613933188,0.2067809151268174,1.7040573837392496,-0.5063919977566896,-0.1303296840299027,846.8289264452701,22.787356947405645,1.0,410.0,85,86,215,421.0,AMLOH
29027,Mand Ahmedwal (52),KAPURTHALA,31.5160732,75.22186,29027,1903.8784550117427,1908.837158203125,0.5895182322595057,0.2627799585198517,1.642634050618781,-0.5573761707574485,-0.1715246001788669,860.1867499759095,22.40933991115594,1.0,74.0,1,2,2,76.0,NADALA
36361,Choudhri Majra (206),PATIALA,30.3243237,76.12736,36361,1909.698348083438,1908.836181640625,0.5879064245648032,0.2622943994026002,1.4923266104381387,-0.563415167127659,-0.1673157073875375,742.1264591624634,23.01527433478094,0.8426726032862348,208.0,0,0,273,262.0,NABHA
33286,Sohian (404),LUDHIANA,30.3783779,75.85614,33286,1912.292386867873,1908.83447265625,0.6308033297362406,0.2991705273710175,1.565030427583841,-0.6059165827857814,-0.20626649611438,760.2889480998414,22.927026586350337,1.0,303.0,175,90,285,329.0,Maloud
36350,Pednni Khurd (156),PATIALA,30.3603611,76.2597961,36350,1905.382545215512,1908.8343505859375,0.5334996720764312,0.2337877217429546,1.380632931754743,-0.5229445650651432,-0.1335749018581714,779.533288926196,22.99512901674371,1.0,238.0,25,60,105,257.0,PATIALA RURAL
32756,Panjoli Kalan (297),FATEHGARH SAHIB,30.5767651,76.4352646,32756,1902.611187061191,1908.832763671875,0.5439571021134283,0.2297991591205108,1.4262220134532984,-0.5238738653825493,-0.1353534179957241,847.9267861017613,22.8834637359673,1.0,220.0,60,60,190,241.0,SIRHIND
33346,Balaspur (216),LUDHIANA,30.738739,76.01257,33346,1907.11146309142,1908.8304443359375,0.5733805105612456,0.2816411882283622,2.0106348837842045,-0.5293529385792756,-0.1966964026540874,834.3075451487834,22.727346163852733,1.0,467.0,58,25,598,522.0,DORAHA
35715,Kalian Sadda (187),BATHINDA,30.3963966,75.13901,35715,1908.8633066937675,1908.8291015625,0.6657468535505306,0.3136756377875039,1.834303457354682,-0.604900670724829,-0.2294266385373759,585.1240101268189,23.947500589502624,1.0,1238.0,11,350,475,524.0,NATHANA
29061,Akbarpur (8),KAPURTHALA,31.3873882,75.41406,29061,1907.3152429287527,1908.825927734375,0.4827868213300432,0.1926904647978296,1.4739600964058033,-0.4681423030265728,-0.1087917535962553,800.9258451869385,22.437382947828382,1.0,8.0,150,180,275,139.0,NADALA
33521,Dhoda (323),LUDHIANA,30.3948956,75.74166,33521,1904.9440783288208,1908.8253173828125,0.640495640308891,0.3308126192404013,2.525168266799103,-0.5818476616230881,-0.2531357839297582,798.1422933747666,22.84587891937236,1.0,115.0,70,45,96,129.0,DEHLON
33508,Majara (230),LUDHIANA,30.9009018,75.84705,33508,1905.0050092746724,1908.8251953125,0.4170239771944019,0.1203431287427946,1.4450260359779177,-0.4199770080486844,-0.0548501185594205,839.7097679784196,22.70817968043576,1.0,25.0,50,50,172,193.0,LUDHIANA-2
33519,Guram (321),LUDHIANA,30.3948956,75.74166,33519,1906.4757377810552,1908.82275390625,0.5617658576690057,0.2545620647904912,1.808213036974044,-0.5400864502342106,-0.1707982992170713,814.7664470143012,22.794275464609385,1.0,365.0,130,55,412,401.0,DEHLON
39493,Bhumsi (161),SANGRUR,30.522522,75.88475,39493,1906.387589036805,1908.8187255859375,0.5952342970542116,0.2752647846199008,1.5949265744356484,-0.5628273430996866,-0.1810576370549615,760.4251894166367,22.92419452819485,1.0,428.0,195,0,256,458.0,MALERKOTLA
37387,Rajjian (229),AMRITSAR,31.8378372,74.76184,37387,1907.734298167915,1908.816650390625,0.5531785690705263,0.2119009296559462,1.394373072832017,-0.5303406932856193,-0.123946178573452,916.499489825,22.66210357915856,1.0,190.0,146,146,222,187.0,AJNALA
37795,Mehsampur Khurd (74),AMRITSAR,31.6396389,75.17347,37795,1905.324111301252,1908.816650390625,0.4766036636557459,0.1697351797332473,1.4386896570236458,-0.4681002013608188,-0.0891778515284258,991.3708439533452,22.395148645617056,1.0,200.0,140,140,402,215.0,TARSIKKA
35480,Chak Daggoromana (68),FARIDKOT,30.54054,74.85281,35480,1906.9423719353804,1908.8160400390625,0.6124748773271953,0.3098901786941228,1.758139567081154,-0.5733702513637413,-0.2117709913699964,555.2230399020041,24.045628271027887,1.0,15.0,0,8,12,287.0,FARIDKOT
35351,Chhatiana (13),SRI MUKTSAR SAHIB,30.3243237,74.7288055,35351,1908.998625456744,1908.8150634765625,0.6110431674121769,0.2802239816198663,1.4116800408542596,-0.5841640864639124,-0.181297360418627,508.0631916171082,24.489426254165817,1.0,815.0,550,550,805,1002.0,GIDDERBAHA
37880,Pandori Rahman (48),Tarn Taran,31.477478,74.91614,37880,1913.998626476244,1908.8125,0.5482989896789895,0.1953188161948185,1.4716292635867447,-0.5246146197478072,-0.1133139905982484,857.3961350133317,22.745808597055657,1.0,307.0,300,130,250,246.0,TARN TARAN-12
32789,Atapur (324),FATEHGARH SAHIB,30.7027035,76.2985,32789,1906.5809430368213,1908.8111572265625,0.516492995570477,0.2441426758921479,1.4869196013390364,-0.5062733663776691,-0.1440195982325299,844.8589387347596,22.88174218067712,1.0,80.0,40,32,227,306.0,SIRHIND
35610,Madhak (135),FARIDKOT,30.8468475,75.1536942,35610,1906.697264112288,1908.8096923828125,0.6525226359648614,0.3128692566164083,1.7647960215972698,-0.6057767941915343,-0.2260212547616405,529.1185902346855,24.2247582472406,1.0,890.0,305,205,562,963.0,Jaitu
36246,Gulahar (165),PATIALA,29.9639645,76.0578,36246,1907.5991260962792,1908.809326171875,0.4483949256168256,0.1919442388699024,1.2172413850890171,-0.4604883889074153,-0.0907267684956137,638.3295300252215,23.86591994242224,0.9995580484250052,566.0,90,120,157,1300.0,PATRAN
34945,Chak Dhab Khushal Joyia (205),FAZILKA,30.522522,74.2741852,34945,1909.0492112075967,1908.8089599609375,0.6160728777533357,0.3393974090489415,1.6893831927305976,-0.5662960164587924,-0.237508368086268,541.6168811728852,24.234375981316475,1.0,385.0,42,71,107,417.0,JALALABAD
33341,Chankoian Kalan (241),LUDHIANA,30.738739,76.01257,33341,1907.0748271534096,1908.80810546875,0.5412515858160847,0.2380429262783649,1.841921678063423,-0.5014864371128521,-0.1572424089906708,839.7097679784196,22.70817968043576,1.0,134.0,23,0,135,141.0,DORAHA
33153,Bhourla (158),LUDHIANA,30.7567558,76.29937,33153,1907.4429028698976,1908.8076171875,0.5561899790150829,0.2318728521020251,1.7652464538297594,-0.5198522676610149,-0.152630700802194,860.8907404353516,22.642453532259594,1.0,104.0,40,40,296,133.0,SAMRALA
30209,Nawan Pind Naicha (225),JALANDHAR,31.1689434,75.0853043,30209,1907.7882490418224,1908.80615234375,0.6277504369999587,0.2738981303950872,1.7376867984036743,-0.5905309671613815,-0.193763390715685,844.8672448244301,22.53082307402889,1.0,160.0,53,53,215,180.0,RURKA KALAN
37951,Kaler (102),Tarn Taran,31.4954948,74.8883057,37951,1909.37738732167,1908.805908203125,0.5369373435600185,0.2050846428546361,1.479485588133388,-0.5175500192556773,-0.1209144209507905,855.9307250192063,22.707733182606887,1.0,118.0,50,50,160,137.0,NAUSHEHRA PANNUAN-11
35761,Balahar Mehma (170),BATHINDA,30.27027,74.93797,35761,1909.6508799761416,1908.804931640625,0.5956811424255904,0.2604121628125123,1.567436998196056,-0.5582016042846305,-0.1686870647436002,533.6445395140594,24.290699117758702,1.0,451.0,250,250,421,668.0,GONIANA
37823,Chak Thathian (44),AMRITSAR,31.54955,75.22766,37823,1906.930235131529,1908.8035888671875,0.5465837036300315,0.2251664941219625,1.6756171332503105,-0.51517342988714,-0.1418668841762976,936.1196401526826,22.40871888290445,1.0,0.06,5,2,5,45.0,RAYYA
34960,Roranwala Urf Tarewali (218),FAZILKA,30.6126118,74.25945,34960,1910.1702223482105,1908.8028564453125,0.5490626458777936,0.2771541527798092,1.577849413190083,-0.5134643269822624,-0.1750841864104637,541.6168811728852,24.234375981316475,1.0,509.0,64,222,340,569.0,JALALABAD
32276,Bharta Kalan (219),Shahid Bhagat Singh Nagar,31.0450459,75.9406357,32276,1913.0932333644107,1908.8018798828125,0.5251801024503696,0.1873777834546204,1.4457734206455033,-0.5105957427753545,-0.1066159089319077,837.5664486267871,22.732686246953627,1.0,378.0,55,0,327,448.0,AUR
28533,Gill (27),GURDASPUR,31.9639645,75.41655,28533,1909.2130787175224,1908.7984619140625,0.6140761868090502,0.2796192701177753,1.9291057763534416,-0.5592104761132808,-0.1973164574198923,899.495119135608,22.26800492968988,1.0,38.0,10,0,58,41.0,SRI HARGOBINDPUR
30646,Jalalpur (529),HOSHIARPUR,31.81982,75.78629,30646,1910.2691211207125,1908.7982177734375,0.5184036757625822,0.2160772441377552,1.4890372620892718,-0.4968332670362731,-0.1252158324905363,893.9628794493792,22.374973018810408,1.0,0.1,35,7,145,577.0,TANDA
33524,Butahri (328),LUDHIANA,30.3948956,75.74166,33524,1906.6729404826087,1908.796875,0.635412757463371,0.3168020230425931,2.0603713533719548,-0.5901182967484006,-0.2367489893430744,798.1422933747666,22.84587891937236,1.0,120.0,95,60,642,834.0,DEHLON
35331,Baddian (24),SRI MUKTSAR SAHIB,30.2342339,74.68108,35331,1909.544771512898,1908.7960205078125,0.6085780510697386,0.2575438934201827,1.4057227975635596,-0.577327307853729,-0.1604906442681025,485.65635497372335,24.53324734501559,1.0,1093.0,5,376,534,1104.0,GIDDERBAHA
32793,Chanarthal Nauabad (322),FATEHGARH SAHIB,30.5829773,76.32495,32793,1906.514319358502,1908.7958984375,0.5358225003158897,0.2338500986649086,1.5489277640386228,-0.5165116262670175,-0.1433707241808774,833.1166703929813,22.907871543649428,1.0,2.47,12,0,14,136.0,SIRHIND
35830,Chak Ruldu Singhwala (113),BATHINDA,30.2145176,74.9442749,35830,1908.7610650436327,1908.795654296875,0.6084520344899588,0.1952938315446508,1.4987248903798585,-0.5692272570965263,-0.1168009715493812,484.8710986783402,24.72013169949571,0.979314204406141,2.47,463,355,755,1145.0,SANGAT
35036,Shaman Khanka (225),FAZILKA,30.3603611,74.2342758,35036,1908.4670729598868,1908.794677734375,0.6443987875380308,0.3335422714845925,1.600557270211285,-0.5969340331357613,-0.235651059501608,496.5969712490273,24.410321140563195,1.0,239.0,90,190,233,633.0,Arniwala Shiekh Subhan
30420,Jagan (297),JALANDHAR,31.2972965,75.55274,30420,1911.8036624730653,1908.79052734375,0.4166874029146363,0.0469377540402505,1.2609405883117306,-0.4206226268944466,0.0032182145489065,897.3442611624313,22.431139659720763,0.5396383554457224,8888.759,0,7,30,62.0,JALANDHAR - WEST
33229,Bijapur (246),LUDHIANA,30.63063,76.09503,33229,1908.2312754170944,1908.789306640625,0.4841773592475867,0.1726583757547703,1.3774208354417936,-0.4834669472922113,-0.0886189460869749,838.5368230750458,22.707484723278867,1.0,2.47,0,0,59,98.0,KHANNA
37313,Kohali (328),AMRITSAR,31.7117119,74.65997,37313,1910.4313721221465,1908.788818359375,0.5594647265580563,0.2369039448908352,1.407699985428032,-0.5368267842595082,-0.1453657090510059,904.1482898404496,22.86324585740084,1.0,861.0,335,345,947,980.0,CHOGAWAN
32215,Mahal Badowal (200),Shahid Bhagat Singh Nagar,31.0990982,75.9627762,32215,1908.5428429461688,1908.7886962890625,0.6345002974666862,0.2551027607133649,1.8728771767590568,-0.593896630617093,-0.1809888474896207,846.6824022368753,22.43900216166034,1.0,2.0,0,0,1,108.0,AUR
33296,Kuhli Kalan (396),LUDHIANA,30.3783779,75.85614,33296,1907.2132153073303,1908.787841796875,0.5967135804190539,0.2926624761260181,1.5582460015923036,-0.5675965360925778,-0.1936829895883043,817.5590130498307,22.778822665703103,1.0,355.0,15,108,270,350.0,Maloud
35182,Buraj Muhar (120),FAZILKA,30.1441441,74.19609,35182,1909.4917793033487,1908.7860107421875,0.5928563565062105,0.2425947976830083,1.4193122994002316,-0.5653981705376022,-0.1513896655314585,431.8077507426637,24.74982292150105,1.0,935.0,212,211,288,1022.0,ABOHAR
36380,Dhingi (215),PATIALA,30.3423424,75.7864456,36380,1908.4751878649968,1908.7860107421875,0.5973379023800744,0.2620537861985654,1.5588874782680182,-0.5649483125160969,-0.1719215114569161,742.1264591624634,23.01527433478094,1.0,457.0,203,205,339,705.0,NABHA
32343,Aur (211),Shahid Bhagat Singh Nagar,31.0687313,76.00083,32343,1909.6539373275136,1908.78515625,0.5970776491058996,0.2660585724211743,1.6266462962440216,-0.5686806270842732,-0.1818748924892795,834.8600093660641,22.597733423562257,1.0,29.0,227,352,864,0.0,AUR
33497,Bir Sahnewal (221),LUDHIANA,30.9189186,75.84033,33497,1907.8134491514968,1908.783935546875,0.457760482662216,0.1809567084465679,1.478188498896478,-0.457648681008206,-0.0939933034465901,839.499014785716,22.71213312411797,1.0,20.0,0,0,900,173.0,LUDHIANA-2
36321,Rohti Basta Singh (186),PATIALA,30.3603611,76.13451,36321,1912.2224572978955,1908.78271484375,0.5587628981643347,0.234525089872072,1.530199244026717,-0.5341940477957418,-0.1474550010250219,775.388428848018,23.00953171966017,1.0,204.0,45,62,181,225.0,PATIALA RURAL
36391,Kaul (213),PATIALA,30.3603611,76.13451,36391,1907.360787750856,1908.7825927734375,0.6027380131139721,0.2812635269893007,1.5499111451631864,-0.57284812120219,-0.1852086874414624,742.1264591624634,23.01527433478094,1.0,313.0,8,65,182,350.0,NABHA
34925,Chak Sohna Sandar (252),FAZILKA,30.6126118,74.25945,34925,1906.5439733701244,1908.7806396484375,0.631087943348628,0.345045766510786,1.5613328523783436,-0.5958206352410529,-0.2385648522252474,573.5140833070176,24.17932731779252,1.0,250.0,170,170,205,266.0,JALALABAD
34937,Ghanga Kalan (123),FAZILKA,30.6126118,74.32226,34937,1905.052165792792,1908.780517578125,0.6103973964373562,0.2924780568739443,1.5623333110126263,-0.5715310232375027,-0.1966169760112914,568.3641020876049,24.10538585062039,1.0,155.0,170,120,190,1252.0,GURU HAR SAHAI
32803,Ranghera Khurd (53),FATEHGARH SAHIB,30.5765762,76.30372,32803,1903.272744525312,1908.780517578125,0.5210595000280188,0.2054167077362612,1.5317523965861075,-0.4992260114772193,-0.1209958436739293,828.3150518053724,22.92781623200517,1.0,120.0,23,28,112,120.0,AMLOH
30584,Shaffipur (39),JALANDHAR,31.36937,75.35739,30584,1902.5582918278285,1908.77978515625,0.5769090686818689,0.2180189760787624,1.815684215304055,-0.5320654007445313,-0.1447002029652893,765.8243595498692,22.40838629571692,1.0,2.5,5,5,550,93.0,JALANDHAR - WEST
34995,Bhamba Wattu Uttar (239),FAZILKA,30.594595,74.24564,34995,1909.2584712939235,1908.779296875,0.6415507366068732,0.3438117661674968,1.593003398685826,-0.5979010486892891,-0.2424214609147069,519.9422416303432,24.345166218690046,1.0,162.0,52,52,205,191.0,JALALABAD
36513,Kishanpur urf Bakhshiwala (353),PATIALA,30.4684677,76.21889,36513,1905.4608776219625,1908.77685546875,0.5318401564695082,0.2289552434494895,1.3923859554000884,-0.521003268201554,-0.13171889579646,806.3507172276871,23.00491997713073,1.0,150.0,37,25,65,986.0,PATIALA RURAL
30547,Chak Mehmudpur (372),JALANDHAR,31.3153152,75.58828,30547,1908.666266507401,1908.775634765625,0.5506375493103698,0.1911289931026308,1.83529389493482,-0.5153478163315506,-0.1249135071784399,843.1864175012009,22.479022681880625,1.0,888.122,10,0,19,51.0,JALANDHAR - WEST
40046,Kahneke (56),BARNALA,30.3603611,75.52894,40046,1905.8936469295925,1908.77392578125,0.6890643645370624,0.3295988844290325,2.0961652473847683,-0.6235448787689862,-0.2562117033975075,649.7700516064664,23.815944774873003,1.0,819.0,65,410,550,871.0,BARNALA
35278,Jandwala Charat Singh (167),SRI MUKTSAR SAHIB,30.18018,74.5150146,35278,1908.3484365001875,1908.773681640625,0.5437435256316656,0.1864664830481334,1.2517344746229582,-0.5245719268605684,-0.1004428056248597,454.9164417197602,24.65291482275921,0.9286631021135942,1341.0,192,0,777,1361.0,MALOUT
39899,Chural Kalan (81),SANGRUR,29.9459457,75.8152847,39899,1908.5159499669944,1908.7730712890625,0.529346527341455,0.2183845873277153,1.2963811392302411,-0.5202627813229331,-0.1236306560466338,638.1494346072571,24.198190677526043,0.947969002063224,257.0,100,100,115,852.0,LEHRAGAGA
36621,Salempur Brahmana (208),PATIALA,30.1441441,76.3005,36621,1907.1644664184823,1908.7723388671875,0.4867645091524892,0.2040859317087186,1.342767667765045,-0.4931113665782082,-0.1044589626478453,855.5401804854768,23.039179985216663,1.0,117.0,42,34,134,117.0,SANOUR
36441,Nanoki (116),PATIALA,30.3603611,76.13451,36441,1905.0392358181657,1908.77001953125,0.5945780450078999,0.2682020400311318,1.6759659868429817,-0.5520685692366908,-0.1786369845222893,786.123851220836,22.97181489662404,1.0,230.0,12,8,8,115.0,NABHA
35029,Ghatianwali Jattan (206),FAZILKA,30.1981983,74.1951,35029,1908.4696330511224,1908.7679443359375,0.5597937571084747,0.2263734195448362,1.3549183790488657,-0.543340023001177,-0.1354445704280763,502.4561080148118,24.386920412335428,1.0,492.0,110,110,323,544.0,Arniwala Shiekh Subhan
32190,Malopota (76),Shahid Bhagat Singh Nagar,31.1723537,75.97315,32190,1904.8442756571008,1908.7647705078125,0.5960953276126071,0.2377071177941202,1.6846998181694537,-0.5642895463163579,-0.1600374155546511,794.7865145576774,22.71291700580077,1.0,300.0,10,0,410,361.0,BANGA
36145,Makha Chehlan (9),MANSA,30.0180187,75.39171,36145,1907.1007851469303,1908.7628173828125,0.6615622237043257,0.3007898117952369,1.7358552750909504,-0.6098600760118538,-0.2170432891428591,641.8046913218416,24.020204790601035,1.0,456.0,120,230,310,537.0,BHIKHI
39189,Manauli (270),S.A.S Nagar,30.72072,76.71098,39189,1907.7468196392788,1908.760498046875,0.3403416503039403,0.0177415360638859,0.9705849325757794,-0.3735790789891349,0.0372857842627891,810.9556307145226,22.81252272285295,0.4272289664572961,697.0,150,70,875,746.0,KHARAR
33544,Pohir 338),LUDHIANA,30.3948956,75.74166,33544,1908.328349778749,1908.7591552734375,0.6079326375217823,0.2644349749088107,1.655923257765744,-0.575422542283427,-0.1877777139418953,787.4523125252746,22.87862364895937,1.0,388.0,123,45,562,468.0,DEHLON
35760,Akalia Khurd (7),BATHINDA,30.27027,74.95883,35760,1909.0892899821404,1908.758544921875,0.5879206093390656,0.2422177946633081,1.536072850534294,-0.5502746649098801,-0.1544012619279962,526.7650130202668,24.233638101656823,1.0,855.0,55,60,115,314.0,GONIANA
30139,Palnau (163),JALANDHAR,31.0270271,75.77908,30139,1910.424181823968,1908.7584228515625,0.6323621884992356,0.2709600369210277,1.8255610843240129,-0.5877408488119794,-0.1940128208907455,846.9281358924945,22.502344723105903,1.0,153.0,95,95,173,153.0,PHILLAUR
37735,Talwandi (120),AMRITSAR,31.6756763,75.16028,37735,1909.30951766224,1908.758056640625,0.358944697048495,0.0141771681892865,1.1808577266757037,-0.3541638459900849,0.0300948353775831,972.7645310571093,22.45527152660549,1.0,166.0,69,69,107,187.0,TARSIKKA
29620,Bir Puad (67),KAPURTHALA,31.2248821,75.76635,29620,1907.121813683448,1908.75732421875,0.5539280627603488,0.2297680166020261,1.5461415805378522,-0.5400451567182756,-0.1403072018172677,784.5437318844263,22.61078572688591,1.0,283.0,11,0,87,159.0,PHAGWARA
33216,Kotpanech (153),LUDHIANA,30.63063,76.09503,33216,1907.9561145868884,1908.7569580078125,0.4759622753217052,0.1538654028906511,1.6723419205495793,-0.454317960206622,-0.0866691505333573,858.8130954098978,22.64849774045511,1.0,2.47,0,0,204,126.0,KHANNA
39903,Lehal Khurd (74),SANGRUR,29.9459457,75.79449,39903,1910.518626086424,1908.75634765625,0.5326430353078854,0.2232713993482308,1.2961650681456276,-0.5340481198412484,-0.1246357331869244,646.4351639059613,24.02253696979556,1.0,3901.0,125,125,610,572.0,LEHRAGAGA
35754,Nehianwala (167),BATHINDA,30.27027,74.93797,35754,1909.0605438969928,1908.755859375,0.5449997909940737,0.1998436175986063,1.5083219494944229,-0.5173582745543042,-0.1196621302316056,534.6300335114091,24.29825866616705,1.0,1341.0,800,900,1700,1702.0,GONIANA
33590,Lalton Kalan (291),LUDHIANA,30.9009018,75.80505,33590,1907.192425280928,1908.753662109375,0.5516840127892,0.1999382490794917,1.6638772291234385,-0.5292040431519203,-0.1267954872125845,813.9203071225135,22.775528287161528,0.954376861222706,946.0,63,63,970,1119.0,LUDHIANA-1
35613,Karirwali (5),FARIDKOT,30.4082851,74.82528,35613,1909.366678920235,1908.751708984375,0.5902652270054571,0.2608227970596316,1.5306529158326794,-0.5556619369608882,-0.1673608322932616,514.6972331216233,24.285567796277974,1.0,78.0,245,80,475,802.0,Jaitu
32777,Naraingarh Chhanna (290),FATEHGARH SAHIB,30.5765762,76.3874359,32777,1907.2722230195927,1908.7496337890625,0.5642217719878088,0.249393425684774,1.5458523470847316,-0.5344257576468969,-0.1554933047812216,844.8589387347596,22.88174218067712,1.0,189.0,60,60,175,207.0,SIRHIND
33385,Boothgarh Jattan (13),LUDHIANA,30.9369373,75.81261,33385,1908.289362179728,1908.7490234375,0.5125832674082644,0.2265604296430373,1.2996063468422696,-0.5237520204428915,-0.1235433461825208,843.3616409628031,22.74228600997169,1.0,24.0,21,0,113,200.0,LUDHIANA-2
36235,Galoli (207),PATIALA,29.9459457,76.044014,36235,1907.2934903367484,1908.7490234375,0.4322124777801876,0.2015120866068384,1.2297079255936636,-0.4458431067062195,-0.0990034235790639,660.3257476807482,23.788961866167497,1.0,2100.0,150,150,540,1029.0,PATRAN
34878,Chak Burwala (187),FAZILKA,30.7160454,74.41684,34878,1907.3804262441663,1908.748046875,0.6461305602689981,0.3141400264354794,1.733591467308376,-0.6090036776133715,-0.2204661471655735,575.0692727973359,24.12326903753388,1.0,20.0,100,60,137,223.0,GURU HAR SAHAI
30129,Bhar Singhpur (166),JALANDHAR,31.0270271,75.77908,30129,1909.069226865377,1908.7471923828125,0.6195963040977042,0.2580400151733137,1.8221510106160743,-0.5741773104595702,-0.1823040730871923,850.667179124623,22.49377884181317,1.0,331.0,150,150,419,314.0,PHILLAUR
37146,Sarang Dev (126),AMRITSAR,31.8558559,74.71281,37146,1906.5564321753352,1908.7462158203125,0.5133146117778496,0.1645756642616002,1.2702744013316034,-0.5003466871033388,-0.0824739608177633,917.5402614285844,22.767377350587992,1.0,80.97,20,10,46,465.0,AJNALA
39471,Badshahpur (44),SANGRUR,0.0,0.0,39471,1913.6762739200203,1908.74462890625,0.5622072341452907,0.238996780148375,1.3639197748427616,-0.5482585169793104,-0.1430075768836608,752.7681217045276,22.956248877232312,1.0,119.0,45,65,365,330.0,MALERKOTLA
33151,Sultanpur (333),LUDHIANA,30.738739,76.01257,33151,1906.838389801648,1908.744140625,0.5233668707903875,0.2043010453028791,1.7255648810505648,-0.4976461582377395,-0.1283226715293421,860.8907404353516,22.642453532259594,1.0,190.0,15,5,103,219.0,DORAHA
29013,Talwandi Purdal (80),KAPURTHALA,31.3873882,75.41406,29013,1907.1803017425257,1908.7432861328125,0.5368071492685546,0.2479879343158157,1.6442669844993465,-0.5119364669121116,-0.1522377892754494,843.1864175012009,22.479022681880625,1.0,2.0,0,0,96,213.0,NADALA
33163,Dhilwan (120),LUDHIANA,30.666666,76.2700348,33163,1906.8588489080853,1908.7423095703125,0.4692205519960277,0.1225514177678405,1.4096945393626164,-0.4580377755553835,-0.0577504729350165,887.4487522056,22.71525586757884,1.0,238.0,40,40,269,260.0,SAMRALA
37719,Kaler Ghumman (29),AMRITSAR,31.6036034,75.22898,37719,1910.2911761765736,1908.7412109375,0.4744742195325505,0.1621884315075926,1.5110902152065169,-0.4617580934322358,-0.0860394222286633,985.595131199588,22.42399866098981,1.0,294.0,200,200,395,329.0,RAYYA
36473,Dayagarh (344),PATIALA,30.4684677,76.23979,36473,1905.2356111214144,1908.740234375,0.5429146419354273,0.2198182948426623,1.3883196817405716,-0.5260045581451469,-0.1282790051656863,815.9566017796891,22.94605681146857,1.0,40.0,30,30,42,201.0,PATIALA RURAL
35670,Bugran (43),BATHINDA,30.27027,75.23005,35670,1908.5215562671367,1908.7398681640625,0.682884192661882,0.327611346262482,1.8383344717810604,-0.6299031987278174,-0.2475578595231452,620.8175810983079,23.93911276809149,1.0,421.0,250,231,405,490.0,RAMPURA
35837,Amarpura Urf Gurthuri (112),BATHINDA,30.2145176,74.9442749,35837,1908.5905288394697,1908.739501953125,0.5459645981615147,0.1717405188233462,1.3692854996917785,-0.5331538365890809,-0.0946641024304874,495.2337764074064,24.66141092987805,1.0,597.0,225,225,357,596.0,SANGAT
35445,Chak Baja Madahar (98),SRI MUKTSAR SAHIB,30.4684677,74.5256,35445,1909.106447459867,1908.7388916015625,0.5759995189396623,0.2846609512242118,1.650798586340225,-0.5447307672427741,-0.1864241343001137,566.1498807420508,24.070826889559417,1.0,400.0,350,60,102,325.0,MUKTSAR
35205,Jodhpura (59),FAZILKA,30.1441441,74.19609,35205,1907.783567984981,1908.738037109375,0.5688398309269717,0.1603133435598793,1.3562236804190702,-0.5395141886042916,-0.0831264655141959,429.40117976176674,24.82475682619889,1.0,866.0,359,338,499,865.0,ABOHAR
35764,Ganga (173),BATHINDA,30.216217,74.95932,35764,1908.562755209708,1908.73779296875,0.55744265895412,0.2181066585707965,1.4003543535185905,-0.5357630831510032,-0.1264989528592958,514.6007477806445,24.31159203757032,1.0,965.0,400,314,625,1171.0,GONIANA
39946,Ramgarh Gujran (113),SANGRUR,29.837225,75.92356,39946,1907.8207628688408,1908.7373046875,0.576319234291371,0.2734775794303278,1.553002483583262,-0.5522598163967719,-0.1757384308770296,630.94819514059,24.005689615037056,1.0,394.0,210,100,225,431.0,ANDANA
35450,Baja Madahar (99),SRI MUKTSAR SAHIB,30.4684677,74.5256,35450,1909.0045528865576,1908.73583984375,0.575176653238682,0.2733357507878353,1.6318381627672889,-0.5382238386640598,-0.1831592171488947,555.3608094143323,24.094572993810075,1.0,400.0,200,1,300,548.0,MUKTSAR
36037,Khudal Shekhupur (172),MANSA,29.927927,75.55207,36037,1909.4168837688585,1908.7354736328125,0.5533607952935826,0.2453368633093341,1.4534547008913816,-0.5400536529995972,-0.1486611078252694,650.7606355948038,24.10696527298419,1.0,177.0,0,100,440,481.0,BUDHLADA
29087,Sher Singhwala (120),KAPURTHALA,31.58205,75.46618,29087,1908.390069465459,1908.734619140625,0.5707185675785312,0.2334594575480161,1.750107748585431,-0.5349853660351221,-0.1530463394916226,843.1864175012009,22.479022681880625,1.0,174.0,20,20,80,170.0,NADALA
39873,Gobindgarh Jajian (56),SANGRUR,30.2488155,75.83926,39873,1911.6250463724668,1908.7314453125,0.6325772728799715,0.2959761982434734,1.5809846681941802,-0.5990366473623165,-0.2026115943140868,654.0033015420335,23.855170430480143,1.0,2.47,0,0,608,942.0,SUNAM
33180,Majra Rahaon (218),LUDHIANA,30.63063,76.09503,33180,1909.8638514989127,1908.7314453125,0.4546676138018403,0.1325754340860117,1.3498449146846256,-0.4485446100380989,-0.0612399585412938,865.4938920787539,22.713133750848595,1.0,2.47,0,0,194,258.0,KHANNA
35394,Goniana (62),SRI MUKTSAR SAHIB,30.594595,74.83173,35394,1907.4293819889176,1908.731201171875,0.5444617838067077,0.1840903375242002,1.3715150564165997,-0.531948307615419,-0.1019034003705167,527.0833295317841,24.34552739973192,1.0,900.0,500,450,800,870.0,MUKTSAR
30472,Randhawa Masandan (156),JALANDHAR,31.59663,75.6344757,30472,1908.2080870744808,1908.728271484375,0.5908686706837365,0.2294458240490129,1.803306209933604,-0.5531996021679555,-0.1544563888819052,866.5677848269837,22.48811818547273,1.0,249.0,300,60,925,296.0,JALANDHAR - WEST
33517,Ghawaddi (268),LUDHIANA,30.3948956,75.74166,33517,1906.65784086644,1908.728271484375,0.4816680302614504,0.2226497143908468,1.5342742230340798,-0.4778024129816662,-0.131436544370616,822.9384216477769,22.76890863195922,1.0,488.0,65,55,628,585.0,DEHLON
33503,Pawa (246),LUDHIANA,30.9009018,75.84705,33503,1908.6662507276685,1908.7274169921875,0.333165343633017,0.0672592405108595,1.0901274831399166,-0.3630256830914112,-0.0015048055818115,825.6108931525648,22.782758761346816,0.3903690479375672,50.0,50,50,146,182.0,LUDHIANA-2
32277,Bharta Khurd (220),Shahid Bhagat Singh Nagar,31.0630627,75.9970856,32277,1911.005982857686,1908.7198486328125,0.5258655422732894,0.1942250911499078,1.4343377293487138,-0.5137432532442644,-0.1105771228478659,826.8963042718974,22.715960082101493,1.0,281.0,148,148,365,321.0,AUR
35700,Kararwala (44),BATHINDA,30.27027,75.23005,35700,1907.8711994691985,1908.7181396484375,0.6470996159175331,0.3028552202998972,1.778876966638333,-0.5999492851843925,-0.2227895674133235,620.8175810983079,23.93911276809149,1.0,1058.1,0,303,862,1192.0,RAMPURA
33334,Kotla Afgana (236),LUDHIANA,30.738739,76.01257,33334,1908.4050788070824,1908.71630859375,0.544164608539426,0.2203870499453759,1.840137613656148,-0.5030476401283166,-0.1450557304664693,826.0485848237363,22.7499735966763,1.0,160.0,10,1,64,173.0,DORAHA
37524,Gill (168),AMRITSAR,31.6396389,75.17347,37524,1909.8637308986813,1908.715087890625,0.3989756229792219,0.0670542035670079,1.1570778522225014,-0.4050102786271407,-0.0048018892933656,955.6086079017584,22.444486636744585,1.0,2.47,46,46,150,143.0,TARSIKKA
37805,Dhianpur (30),AMRITSAR,31.54955,75.22766,37805,1910.570489481812,1908.715087890625,0.4792823457848372,0.1647276189707412,1.499134122801585,-0.4684593114262565,-0.0885096983528504,985.595131199588,22.42399866098981,1.0,455.0,188,188,442,535.0,RAYYA
35390,Badhai (112),SRI MUKTSAR SAHIB,30.4684677,74.5256,35390,1909.825440265845,1908.7147216796875,0.562745856984268,0.2194055268992529,1.4224035849834575,-0.5476062983194081,-0.1333482098932692,549.1841923295344,24.214629409560786,1.0,4270.0,204,203,403,880.0,MUKTSAR
35818,Bambiha (85),BATHINDA,30.2145176,74.9442749,35818,1910.172980340399,1908.7132568359375,0.5736150015336028,0.21948145753804,1.2839806202188122,-0.5685420796088033,-0.1231292939282476,480.8278772046464,24.673595354215536,1.0,1150.0,120,635,635,1341.0,SANGAT
36469,Sadhnauli (137),PATIALA,30.3963966,76.30881,36469,1906.9705070557245,1908.713134765625,0.5494909358213842,0.237628288458736,1.4471320172060478,-0.5297503209952071,-0.1430014646759204,815.9566017796891,22.94605681146857,1.0,476.0,56,96,197,517.0,NABHA
35750,Goniana Khurd (163),BATHINDA,30.216217,74.95932,35750,1909.069966858713,1908.712646484375,0.5874856130194906,0.2421943215453202,1.5387367847541529,-0.5538351216761835,-0.1546167717438087,532.5617060928745,24.247775446265297,1.0,426.0,700,355,570,530.0,GONIANA
34872,Tallewala (179),FIROZEPUR,30.7027035,74.41252,34872,1912.403937313252,1908.71240234375,0.6600746146176041,0.3429058283373611,1.848102886607453,-0.6147877476778602,-0.2500234825217983,571.4336300884493,24.077355452290888,1.0,1.15,200,5,126,431.0,GURU HAR SAHAI
33345,Bouiani (223),LUDHIANA,30.738739,76.01257,33345,1906.964212090578,1908.7108154296875,0.5328841816551937,0.2293908934629408,2.0172105665372606,-0.491939964701638,-0.1539042769293636,839.7090755316954,22.7081818887806,1.0,446.0,3,1,450,571.0,DORAHA
33629,Allowal (117),LUDHIANA,30.9007244,75.80892,33629,1912.619677790068,1908.71044921875,0.4347990874127906,0.1422634702366497,1.2700423054430077,-0.4325161293431344,-0.0591463445526216,862.1916170469277,22.771554544486627,0.7840384997971245,929.0,12,15,114,378.0,LUDHIANA-1
30181,Paddi Jagir (204),JALANDHAR,31.0270271,75.77908,30181,1906.494796399464,1908.7098388671875,0.6214454685037212,0.2632356082356571,1.8182467180346489,-0.5782698597909531,-0.1861446944386583,837.638786867096,22.5149815995876,1.0,337.0,98,98,466,338.0,PHILLAUR
35324,Doula (8),SRI MUKTSAR SAHIB,30.3243237,74.70793,35324,1910.020874566704,1908.709716796875,0.5918095356254554,0.1974016784727644,1.3890650098850863,-0.5669345468879359,-0.1144419072528863,498.6072423865693,24.57814968879643,1.0,1283.0,20,405,651,1130.0,GIDDERBAHA
39947,Makorad (104),SANGRUR,29.7347469,75.90731,39947,1909.2442419388472,1908.7088623046875,0.5808908108811871,0.2900760088071312,1.4825440209890794,-0.5595005870913936,-0.1865144500760882,632.9390736942681,24.09026856175852,1.0,95.0,2000,200,645,1558.0,ANDANA
39524,Bhatian Kalan (179),SANGRUR,30.4866142,75.95732,39524,1908.2689617397257,1908.7073974609375,0.6032668583416814,0.2681633590771137,1.4603883558742643,-0.5767819952930093,-0.1722811363787805,717.1626779248612,23.10685946835593,1.0,206.0,74,0,134,227.0,MALERKOTLA
30140,Landara (162),JALANDHAR,31.0270271,75.77908,30140,1909.9285786451835,1908.7054443359375,0.6077527659180043,0.2546156747233324,1.793245545406034,-0.56708117072412,-0.1798417998897794,847.287937831359,22.443020836026232,1.0,195.0,105,105,354,175.0,PHILLAUR
30123,Dialpur (174),JALANDHAR,31.0270271,75.80011,30123,1907.6957531764897,1908.70361328125,0.6089389892076333,0.2534024611120338,1.8869521000932528,-0.5704532140808147,-0.1793940386358571,847.3562988450425,22.43174952083797,1.0,247.0,102,102,240,242.0,PHILLAUR
33582,Brahman Majra (264),LUDHIANA,30.3948956,75.74166,33582,1908.9080612462587,1908.7015380859375,0.3955951734475082,0.0770280787668623,1.1950965611562214,-0.4119125742599623,-0.0143658390986232,823.2411536053514,22.770477545518457,0.6162442983987892,78.6,102,48,119,183.0,DEHLON
35072,Burj Hanumangarh (178),FAZILKA,30.45045,74.51182,35072,1908.862506852982,1908.7001953125,0.6208351784745335,0.2994208413085848,1.445346914715571,-0.5807029097650056,-0.1975317539801225,463.9723795595574,24.560275451131147,1.0,897.0,173,173,536,967.0,Arniwala Shiekh Subhan
30250,Daulatpur (237),JALANDHAR,31.4234238,75.717514,30250,1909.182149697839,1908.69775390625,0.6375322258794021,0.2748603625103756,2.0981436208892377,-0.5801646847793305,-0.2033036331509455,774.5449784209626,22.62641459229758,1.0,260.0,20,40,260,121.0,ADAMPUR
34879,Burwala (188),FAZILKA,30.72072,74.4054642,34879,1907.2800947599749,1908.697021484375,0.6167380266369734,0.2984726382848886,1.6273961485696518,-0.5773075898966507,-0.2040481623824773,575.0692727973359,24.12326903753388,1.0,420.0,510,105,218,457.0,GURU HAR SAHAI
36386,Bhilowal (149),PATIALA,30.45045,75.974884,36386,1906.4644686521333,1908.6964111328125,0.5569555635122454,0.2417013346666555,1.3990953972943294,-0.541397033245336,-0.1455333034324786,742.1264591624634,23.01527433478094,1.0,135.0,30,55,90,157.0,NABHA
28573,Kaure (63),GURDASPUR,31.6936932,75.47134,28573,1908.796967320944,1908.6954345703125,0.5617556727970814,0.249016742824853,1.6780066036165042,-0.535172657469068,-0.1601412972624311,911.4683362653152,22.180698756103368,1.0,190.0,45,0,146,197.0,SRI HARGOBINDPUR
33439,Mangli Tanda (49),LUDHIANA,30.9189186,75.84033,33439,1913.1345260292176,1908.6953125,0.4861547141760899,0.151631577228746,1.3667808708308389,-0.4972494191688238,-0.0723302532926814,850.2986306576371,22.685846119466497,1.0,100.0,19,0,395,104.0,LUDHIANA-2
33358,Haraichan (248),LUDHIANA,30.738739,76.01257,33358,1908.3002765983888,1908.6951904296875,0.4522536931193243,0.1308625317755897,1.579403316863747,-0.4387102241948042,-0.0681544995099189,849.0041310495844,22.67933857384069,0.9132404548995654,150.0,20,0,420,469.0,DORAHA
35398,Muktsar(Rural) (54),SRI MUKTSAR SAHIB,30.594595,74.83173,35398,1909.2058331260769,1908.6943359375,0.6028476596631245,0.2524017817562036,1.5213627600587487,-0.5774443245814151,-0.1610776779355104,551.6196375514751,24.214257704222028,1.0,275.0,275,35,42,4914.0,MUKTSAR
30403,Bhagwanpur (288),JALANDHAR,31.3153152,75.58828,30403,1912.2030748973616,1908.693359375,0.4384678121583623,0.0894108801587493,1.2363939851183183,-0.4472032089744105,-0.0257513172017956,955.9759299358292,22.393892265209374,1.0,43.7,15,15,360,157.0,JALANDHAR-EAST
37731,Kotla Bathungarh (125),AMRITSAR,31.6396389,75.10998,37731,1911.08943440804,1908.693115234375,0.3843655824938012,0.0373183602111616,1.3080899118163405,-0.3663272364706974,0.0093087893313063,972.7645310571093,22.45527152660549,1.0,144.8,123,45,324,160.0,TARSIKKA
37941,Aladinpur (75),Tarn Taran,31.477478,74.91614,37941,1907.594842289928,1908.6929931640625,0.4905182294791513,0.1519643995387719,1.2671044340105446,-0.4835705239625694,-0.0748054573163589,812.7395879679273,22.83287898446076,1.0,317.0,0,200,512,317.0,TARN TARAN-12
35140,Ghallu (138),FAZILKA,30.1981983,74.1534042,35140,1909.7176691973827,1908.69189453125,0.5769135710710143,0.1532402172784726,1.4341129195562403,-0.542893078388533,-0.0859630111279103,462.3077747236447,24.58441561122919,1.0,1249.0,324,423,1039,1355.0,KHUIAN SARWAR
30192,Lalian (184),JALANDHAR,31.0270271,75.77908,30192,1907.8765138294152,1908.6915283203125,0.6412113254577884,0.2788491017725303,1.85038782480209,-0.5886567386760088,-0.2047708118960781,847.3302637624952,22.43604216668789,1.0,174.0,81,81,138,173.0,PHILLAUR
30452,Mand (401),JALANDHAR,31.4234238,75.59083,30452,1914.1250924058268,1908.6905517578125,0.4660452108948868,0.0777463910809338,1.5250807255024357,-0.4549870671104595,-0.0282538834402943,950.5840824057144,22.40638161297035,0.6165014947476077,2.5,12,0,100,232.0,JALANDHAR - WEST
35241,Kolianwali (54),SRI MUKTSAR SAHIB,30.18018,74.5150146,35241,1909.1816738001733,1908.6883544921875,0.5402555203269688,0.1622467400016714,1.2558215923434797,-0.5309757236528705,-0.0807083573724739,439.1585467718505,24.798505453421026,1.0,1194.0,182,0,562,1281.0,MALOUT
35347,Gurri Sangar (85),SRI MUKTSAR SAHIB,30.216217,74.6674042,35347,1908.2155850899203,1908.686279296875,0.639808786395742,0.3208864503494514,1.682166503336123,-0.5919572870759907,-0.2271140101325864,524.5537254025834,24.335125530149696,1.0,940.0,125,210,600,851.0,GIDDERBAHA
39941,Bishanpura Nauabad Alias Kokhar (109),SANGRUR,29.837225,75.92356,39941,1911.9157939343984,1908.6861572265625,0.5779927933046637,0.279406673915184,1.5613220748998593,-0.558551957638429,-0.1822832952448552,627.6142488429078,24.157661464364946,1.0,385.0,120,200,315,444.0,ANDANA
33363,Chhandaran (213),LUDHIANA,30.9189186,75.84033,33363,1906.495773883909,1908.684326171875,0.4941807251222003,0.1670302210423208,1.536286816849415,-0.4808282833473782,-0.0935744985805425,849.1459134032624,22.75239176079907,1.0,20.0,0,0,900,220.0,LUDHIANA-2
36553,Saniar Heri (141),PATIALA,30.4216614,76.4478455,36553,1905.7020916369304,1908.6834716796875,0.4640671056045342,0.1587657048912704,1.4492336035145683,-0.4642251066039649,-0.0795481318412424,850.5485597064393,22.973828551360043,0.9708042316661988,351.0,220,220,350,385.0,SANOUR
35377,Chak Mahan Bhaddar (56),SRI MUKTSAR SAHIB,30.4684677,74.5256,35377,1907.4128534652311,1908.682861328125,0.6304695074397075,0.300968565162257,1.525291681565837,-0.5873555758949653,-0.2063062962847481,508.2414144489517,24.4013245072797,1.0,400.0,10,10,110,825.0,MUKTSAR
36082,Kishangarh Urf Pharwahi (48),MANSA,30.0,75.50285,36082,1909.008509741904,1908.6824951171875,0.6918987634805253,0.3353387054995381,1.822882452564249,-0.6429751939550258,-0.2537468297420099,646.8460652043717,24.14646156334254,1.0,1700.0,290,500,794,1176.0,BHIKHI
33207,Gaggar Majra (230),LUDHIANA,30.63063,76.0741,33207,1908.189037977084,1908.677978515625,0.5147023521554204,0.1763717187158596,1.6460585772963463,-0.4888546880003295,-0.1048303829566644,838.5368230750458,22.707484723278867,1.0,2.47,0,0,121,154.0,KHANNA
32228,Urapur(207),Shahid Bhagat Singh Nagar,31.0630627,75.9970856,32228,1910.8131542473573,1908.6773681640625,0.5709502159751737,0.2354379490513856,1.5581760516782053,-0.5560310318536931,-0.1496996335973697,839.3945194182777,22.626317272696284,1.0,706.0,597,0,892,789.0,AUR
33336,Barmalipur (237),LUDHIANA,30.738739,76.01257,33336,1908.377980010444,1908.675537109375,0.4753314342880707,0.1582185652761387,1.7316666019366516,-0.454785733412321,-0.0918668609984163,857.9061258094588,22.65113626292902,1.0,500.0,25,0,430,357.0,DORAHA
35242,Burj Sidhwan (55),SRI MUKTSAR SAHIB,30.3289623,74.34524,35242,1909.6863401590945,1908.6754150390625,0.554803418989561,0.1815264407662207,1.334797651410034,-0.5342793651822448,-0.0979256239053587,440.7708304387887,24.74807983677378,1.0,1192.0,1000,1000,1350,1662.0,MALOUT
32181,Hakimpur (195),Shahid Bhagat Singh Nagar,31.0810814,76.01149,32181,1906.7170758403413,1908.6744384765625,0.6076345627439502,0.2600994180648846,1.7174793579020409,-0.5735607555323146,-0.1808387768624056,847.3562988450425,22.43174952083797,1.0,231.0,150,0,525,265.0,AUR
33388,Kalis Kalan (8),LUDHIANA,30.9189186,75.8613358,33388,1906.7992959574096,1908.673583984375,0.5321698475939003,0.1999971190637551,1.4159148974011966,-0.5237636359168004,-0.1130176982661884,840.4909315516846,22.737270569515545,1.0,20.0,20,2,190,121.0,LUDHIANA-2
36313,Gunike (197),PATIALA,30.3603611,76.13451,36313,1908.8467470883409,1908.673583984375,0.576785360722714,0.2402301589251602,1.4556276269577892,-0.5547505148887887,-0.149454826040818,733.8665219952958,23.116596925856413,1.0,463.0,65,75,278,494.0,NABHA
30253,Chachowal (241),JALANDHAR,31.18919,75.55056,30253,1909.4041785929296,1908.6719970703125,0.597696737733423,0.2590773870989616,1.9809699396678315,-0.5439642485873085,-0.182649035535253,800.476262704417,22.613193054780645,1.0,44.0,18,16,135,326.0,JALANDHAR-EAST
35016,Sahiwala (212),FAZILKA,30.6126118,74.25945,35016,1906.20778079634,1908.671630859375,0.622566164292646,0.3021192670093146,1.6307781780814263,-0.5869967731954677,-0.206805142827916,526.3546695495479,24.328105623198635,1.0,300.0,60,71,110,333.0,JALALABAD
32775,Nalini (327),FATEHGARH SAHIB,30.6445961,76.385376,32775,1906.85432670586,1908.6697998046875,0.5449150339907892,0.2402518294831598,1.5084078122254914,-0.5198655496859684,-0.1461294877678623,844.8589387347596,22.88174218067712,1.0,250.0,46,98,298,359.0,SIRHIND
30341,Nangal Jamalpur (209),JALANDHAR,31.261261,75.54496,30341,1910.174100633372,1908.6697998046875,0.5235054552238612,0.171808892050499,1.658859436614094,-0.5007019745184139,-0.1028100263438422,866.5677848269837,22.48811818547273,1.0,6.477,125,25,225,39.0,JALANDHAR-EAST
36417,Malewal (158),PATIALA,30.3423424,76.41278,36417,1903.7644206452408,1908.6630859375,0.5534237477938266,0.230676568076194,1.5311372853706882,-0.5311361813216836,-0.142890556635838,778.5920102465805,22.95785817604205,1.0,365.0,41,61,202,765.0,NABHA
37528,Rana Kala (122),AMRITSAR,31.6396389,75.00416,37528,1910.490754444858,1908.6630859375,0.4051847756742115,0.0483532344176773,1.2124214036340517,-0.3945457290679462,0.0062589710685989,972.7645310571093,22.45527152660549,1.0,233.0,135,111,251,264.0,JANDIALA GURU
35244,Gurusar Jodha (58),SRI MUKTSAR SAHIB,30.18018,74.49417,35244,1906.3972826216093,1908.6602783203125,0.5594094095482732,0.1871758136021642,1.3310836046541574,-0.5323903181276027,-0.1022585090001849,430.4913901153453,24.80424530130573,1.0,1002.0,80,80,530,1152.0,MALOUT
36150,Bhopal (16),MANSA,30.09009,75.5299,36150,1909.344078666136,1908.6595458984375,0.6361781481994352,0.2578985557055908,1.6130742347654423,-0.5996455304852565,-0.1765816533957637,638.5911885346374,24.062698594888147,1.0,721.0,60,250,951,1256.0,BHIKHI
34889,Shamash Din Chishti (271),FAZILKA,30.6200428,74.26177,34889,1906.5106493648927,1908.6590576171875,0.6139625140999893,0.3001428850558051,1.5418966193511532,-0.5758083910944517,-0.1992140109513909,575.0692727973359,24.12326903753388,1.0,200.0,30,10,135,141.0,GURU HAR SAHAI
35617,Gumti Khurd (10),FARIDKOT,30.4684677,74.9436951,35617,1909.021411822869,1908.658935546875,0.6173779830148435,0.274395311022575,1.63091390180893,-0.5755083821156084,-0.1860824839038197,526.7650130202668,24.233638101656823,1.0,2440.0,200,200,532,1052.0,Jaitu
32272,Lalewal (282),Shahid Bhagat Singh Nagar,31.0692825,76.00263,32272,1913.230653845624,1908.6573486328125,0.4498772052960047,0.1863810036348908,1.1729888694438515,-0.4492094852752918,-0.0863559652910237,847.6890243683971,22.68720809782134,0.8075640668457911,2.4,5,12,32,298.0,AUR
33575,Doleh (271),LUDHIANA,30.3603611,75.7377548,33575,1907.6975892868657,1908.6568603515625,0.5486996990172777,0.2299713744587524,1.6380058548088674,-0.5341421534657388,-0.1491469913476439,810.2931058342813,22.77267152139787,1.0,264.0,63,103,355,313.0,LUDHIANA-1
33660,Bains (145),LUDHIANA,30.7121983,76.205,33660,1909.5319037507595,1908.654052734375,0.5553103198529646,0.1992268565424102,1.6615073892631038,-0.5317522202071274,-0.130902611885185,819.4311651399033,22.722257702118725,0.966128191876226,263.0,124,53,553,294.0,LUDHIANA-1
36661,Zaffarpur (197),PATIALA,30.1441441,76.3005,36661,1908.9509865278203,1908.6539306640625,0.5170123231242438,0.2075400805016802,1.2793532578844864,-0.5187967236845377,-0.1106618663254337,854.1323238861535,23.040260270336407,1.0,246.0,95,40,168,246.0,SANOUR
33499,Bilga (229),LUDHIANA,30.9189186,75.84033,33499,1906.0596664014647,1908.650634765625,0.4573132090960448,0.1698056617822362,1.448794122108659,-0.4530813657015389,-0.0886838460345636,839.7097679784196,22.70817968043576,1.0,20.0,0,0,900,374.0,LUDHIANA-2
36345,Ajnauda Khurd (154),PATIALA,30.3603611,76.15539,36345,1906.1671845982253,1908.650634765625,0.5704075915277932,0.2456721767805756,1.5380293587965068,-0.5394020407762878,-0.1572848105460903,794.9063807391186,23.006624577664617,1.0,242.0,25,25,177,257.0,PATIALA RURAL
37385,Bhala Pind (306),AMRITSAR,31.6756763,74.8427048,37385,1909.0484319618888,1908.650634765625,0.54788383084405,0.1956475439281318,1.3925803160425954,-0.521311329277182,-0.1134039706181575,916.499489825,22.66210357915856,1.0,531.0,205,205,545,531.0,HARSHE CHHINA
35420,Virvianwali (131),SRI MUKTSAR SAHIB,30.4684677,74.5256,35420,1907.9888928468,1908.64990234375,0.6043069500424947,0.2865748783665343,1.5490165641115707,-0.5769965259364939,-0.188571320235841,569.5089866484132,24.07951814199496,0.9900401677358612,1000.0,250,250,405,1032.0,MUKTSAR
36608,Bir Kule majra (143),PATIALA,30.3603611,76.3642044,36608,1906.525214609669,1908.6492919921875,0.5253083240245437,0.1486487042505997,1.7103534180784612,-0.5070426814098128,-0.0797910209643686,850.6931346793878,22.97572135976737,1.0,1.0,0,0,1,236.0,BHUNER HERI
35338,Bhalaiana (79),SRI MUKTSAR SAHIB,30.3243237,74.70793,35338,1908.98302425832,1908.649169921875,0.6047910282157803,0.2609349299316923,1.444568293439475,-0.5753530536071862,-0.1664832399505821,509.9806792478767,24.46423608129598,1.0,2024.0,250,800,1405,2910.0,GIDDERBAHA
37494,Kathu Nangal (241),AMRITSAR,31.7657661,74.95786,37494,1905.9277625535103,1908.64794921875,0.4047275493313337,0.0758722949879108,1.243299777150458,-0.3995386684048271,-0.0169766285298016,969.8854777028458,22.378567518482896,1.0,160.0,37,37,92,527.0,MAJITHA
34943,Chak Jandwala (212),FAZILKA,30.6126118,74.25945,34943,1910.86142295202,1908.647705078125,0.6245411686806006,0.3222426652950185,1.7593436417408483,-0.5741970469224986,-0.2257159619095926,541.6168811728852,24.234375981316475,1.0,306.0,18,140,194,335.0,JALALABAD
28549,Machrai (56),GURDASPUR,31.9639645,75.41655,28549,1909.831335610114,1908.6458740234375,0.5342618114112175,0.218412881676461,1.6015523959314766,-0.5106245171970064,-0.1343725409635681,911.4683362653152,22.180698756103368,1.0,135.0,60,0,232,151.0,SRI HARGOBINDPUR
33570,Jhameri (286),LUDHIANA,30.9009018,75.80505,33570,1907.6529604993605,1908.64306640625,0.5901289295213029,0.2304130664314276,1.8237613099282293,-0.5578399176923547,-0.1576928796911029,808.5676672866242,22.77318496325944,1.0,97.0,0,32,97,118.0,LUDHIANA-1
35668,Allike (446),BATHINDA,30.2882881,75.3273239,35668,1908.3752730747744,1908.642578125,0.6816242839700154,0.3212200969445675,1.8560609959814065,-0.6235165495279302,-0.2430653395805011,620.8849208646138,23.93737411156887,1.0,529.0,226,226,446,597.0,PHUL
30480,Sarmastpur (149),JALANDHAR,31.6036034,75.6309357,30480,1906.128832816508,1908.6419677734375,0.5973661581003644,0.2079081118663924,1.8907293543315025,-0.5504313674474155,-0.1416204775973066,866.5677848269837,22.48811818547273,1.0,143.0,90,100,220,178.0,JALANDHAR - WEST
36156,Rar (4),MANSA,30.0180187,75.39171,36156,1909.24542990265,1908.6400146484375,0.6607055470206616,0.3091613260345078,1.6895850119843363,-0.6113565263550182,-0.2222919191509474,631.3589874715404,24.06040447861841,1.0,506.0,450,250,431,799.0,BHIKHI
28554,Sohian (46),GURDASPUR,31.6936932,75.47134,28554,1907.1325670868564,1908.6395263671875,0.5983643629790927,0.2725471922546929,1.889586396144469,-0.5537944393892301,-0.188093421435018,911.4683362653152,22.180698756103368,1.0,10.0,15,0,136,114.0,SRI HARGOBINDPUR
33246,Taunsa (178),LUDHIANA,30.63063,76.0741,33246,1905.9476951352967,1908.6376953125,0.5514205596307196,0.2163341910614109,1.5193993278104647,-0.5312651442457886,-0.1352545355497817,797.9699912478821,22.851000825335177,1.0,2.47,0,0,147,170.0,KHANNA
37485,Nangal Pannuwan (333),AMRITSAR,31.7477474,74.96446,37485,1907.2908783354133,1908.6373291015625,0.3954673520092355,0.0470451218063439,1.0345133860286928,-0.4000312314261503,0.0148754803990533,933.7671125066336,22.551652050864217,1.0,231.0,51,300,335,273.0,MAJITHA
29652,Nangal Majha (88),KAPURTHALA,31.405405,75.3863144,29652,1906.8142522798576,1908.635498046875,0.5811371003829375,0.2237415181175852,1.794437792595353,-0.5461097101532331,-0.1471611649803755,814.3273635339144,22.59214971078161,1.0,354.0,230,0,464,258.0,PHAGWARA
35829,Kishanpura Urf Kutti (110),BATHINDA,30.2282887,74.92913,35829,1909.944648851376,1908.63525390625,0.5821141395912481,0.1656382522321251,1.380402756704637,-0.5599577663395894,-0.0870019331759935,490.9513069688273,24.68567781415894,1.0,759.0,600,250,325,740.0,SANGAT
37940,Jodhpur (74),Tarn Taran,31.3873882,74.99193,37940,1909.4118813564328,1908.6343994140625,0.4998348229645307,0.1548505888207323,1.3711518624259451,-0.4852853287594394,-0.0813001579396197,812.7280267884629,22.83291248283939,1.0,70.0,150,0,410,185.0,TARN TARAN-12
36480,Kasiana (335),PATIALA,30.3660545,76.37666,36480,1905.8201550936344,1908.6343994140625,0.5035670790422181,0.1804013661347863,1.3964680571275272,-0.4955826050335998,-0.0967716833055478,839.1855749299424,22.919619997673408,1.0,3.4,126,0,340,362.0,PATIALA RURAL
37730,Naraingarh (124),AMRITSAR,25.7657661,87.47129,37730,1911.132496820729,1908.6341552734375,0.4163847483907298,0.0568260349239014,1.335657483926835,-0.3992265954542892,-0.0045159012008525,972.7645310571093,22.45527152660549,1.0,9.0,17,0,142,146.0,TARSIKKA
37159,Sherpur (30),AMRITSAR,31.707859,74.65416,37159,1913.7975976703665,1908.6334228515625,0.5627325115706315,0.1903572366648684,1.4072258407059477,-0.5432282361452103,-0.1094199014091263,884.0865436007874,22.8815582718164,1.0,1.0,0,0,1,201.0,CHOGAWAN
30506,Rani Bhatti (108),JALANDHAR,31.5537338,75.60557,30506,1908.7004936431304,1908.6329345703125,0.5640320726656044,0.209187735440629,1.7493629088313396,-0.5311723280678946,-0.1350766859316504,805.4736348798173,22.43289419592901,1.0,124.3,10,0,145,139.0,BHOGPUR
28568,Bhagtupur (93),GURDASPUR,31.9639645,75.41655,28568,1908.040855790461,1908.63134765625,0.5653234654513588,0.2290700780313831,1.7846875550449326,-0.5261945772198533,-0.1520007188292164,911.4683362653152,22.180698756103368,1.0,85.0,60,0,260,105.0,SRI HARGOBINDPUR
32236,Bajjon (184),Shahid Bhagat Singh Nagar,31.0810814,76.01149,32236,1906.997300183789,1908.63134765625,0.6818859441108052,0.3146710926616541,2.043078443049159,-0.6202511230196873,-0.2414131991880967,833.0336305310624,22.58589359521818,1.0,171.0,42,38,103,181.0,AUR
34982,Lamochar Kalan Uttar (245),FAZILKA,30.6126118,74.25945,34982,1907.3251151680447,1908.630126953125,0.571447381065829,0.2932115834868797,1.404825994424454,-0.5526476343952451,-0.1864048033986701,573.5140833070176,24.17932731779252,1.0,343.0,300,400,500,376.0,JALALABAD
35723,Poohli (178),BATHINDA,30.3063068,75.09073,35723,1907.2053347234191,1908.6290283203125,0.6393409095447207,0.3046528761486759,1.6663163214708436,-0.5933922677385767,-0.2162911290157037,584.5189630323481,24.0940062851204,0.9433666496756375,842.0,635,635,906,1168.0,NATHANA
39489,Gajjan Majra (130),SANGRUR,30.5117016,75.90316,39489,1905.8265579725448,1908.625244140625,0.5842761949497588,0.2562910176089183,1.4035863740004084,-0.5608591913097769,-0.1614056717659928,777.9621127059357,22.86999094422293,1.0,150.0,20,25,110,168.0,MALERKOTLA
30474,Bulandpur (162),JALANDHAR,31.59663,75.6344757,30474,1908.7352077570392,1908.6243896484375,0.4708678523593703,0.1116289156534828,1.4957558360300582,-0.4556045847126395,-0.0535107151269907,866.5677848269837,22.48811818547273,0.7263740192280784,177.0,150,200,940,245.0,JALANDHAR - WEST
36357,Rohti Chhanna (173),PATIALA,30.3603611,76.2597961,36357,1910.105919098503,1908.623291015625,0.5624681946856396,0.2521243281518273,1.2036940291850042,-0.5350408535137645,-0.1600234322361204,775.388428848018,23.00953171966017,1.0,106.0,30,60,212,145.0,PATIALA RURAL
34933,Sawahwala (192),FAZILKA,30.7027035,74.41252,34933,1906.817820833617,1908.6202392578125,0.6198368171156687,0.3095729114282438,1.577632226195952,-0.5764184914432707,-0.2105533486764191,575.0692727973359,24.12326903753388,1.0,10.0,20,10,30,647.0,GURU HAR SAHAI
39520,Mahala (169),SANGRUR,30.51054,76.05234,39520,1905.5876816577625,1908.61474609375,0.6233703217288786,0.2984221326334737,1.5864548181111453,-0.588202182563335,-0.2019680335470776,733.5247298878074,23.046831674476245,1.0,160.0,65,0,145,181.0,MALERKOTLA
39923,Hamirgarh (99),SANGRUR,29.7517452,75.89989,39923,1909.5167018340144,1908.61279296875,0.604301689439198,0.2856860288714258,1.508336887010331,-0.568411949180036,-0.1876568581833384,639.4387311376912,24.00314284392252,1.0,1021.0,120,100,680,1108.0,ANDANA
33667,Khanjarwal (75),LUDHIANA,30.9369373,75.3714752,33667,1914.5877963298608,1908.611572265625,0.596511809681826,0.1970774647427493,1.745625709242888,-0.5614565639129054,-0.1345712475597807,793.1981625964539,22.71537406249968,1.0,175.0,75,45,177,209.0,SIDHWAN BET
35738,Bibiwala (174),BATHINDA,30.3963966,75.13901,35738,1904.895783918842,1908.6112060546875,0.5824832767391899,0.1784897488746409,1.6142951649843966,-0.5456659557737555,-0.1120948732433417,560.0596025855126,24.24360779170454,1.0,375.0,2000,310,619,885.0,NATHANA
37537,Khela (131),AMRITSAR,31.6216221,74.8838348,37537,1911.069780539126,1908.609619140625,0.4688782347316186,0.1090488981367983,1.3661809333443362,-0.449842027030653,-0.0444318896945225,957.8301792982072,22.451862676074963,1.0,159.0,70,70,128,180.0,JANDIALA GURU
33589,Thakarwal (280),LUDHIANA,30.9009018,75.80505,33589,1908.569386446091,1908.6075439453125,0.471988569871773,0.1267531386711951,1.4800846295561,-0.4590594602727118,-0.0654279667756904,816.1668852745355,22.775848487357862,0.7541114894867817,216.0,63,112,370,312.0,LUDHIANA-1
30376,Dhanal (291),JALANDHAR,31.261261,75.54496,30376,1912.7384784045423,1908.60693359375,0.4359341882411179,0.0617209377932502,1.3338648352158045,-0.4408496478231157,-0.0092047592159104,896.492801691679,22.43171345929603,1.0,6.0728,135,50,306,227.0,JALANDHAR-EAST
37559,Makhan Windi (251),AMRITSAR,31.6396389,75.00416,37559,1908.5030615206297,1908.60546875,0.3622927144039942,0.0366501560631699,1.0679736155558464,-0.3724527398938039,0.0202849632253705,969.8854777028458,22.378567518482896,1.0,645.0,288,340,590,750.0,JANDIALA GURU
30151,Bhattian (140),JALANDHAR,31.0270271,75.80011,30151,1911.700259734052,1908.603515625,0.6424508405038828,0.2868297277294202,1.853651335965723,-0.5976968652708896,-0.2125935766140041,846.9261619260209,22.50267018928656,1.0,88.0,58,58,154,88.0,PHILLAUR
35482,Hariewala (65),FARIDKOT,30.54054,74.8318939,35482,1907.6622969868188,1908.603515625,0.6061178964382752,0.2850381803593666,1.7504793447590914,-0.5701243184912662,-0.1950387611344248,559.8260247009624,24.05624331152834,1.0,617.0,125,212,226,701.0,FARIDKOT
38307,Nathuke (133),Tarn Taran,31.5629978,75.02921,38307,1911.62839584006,1908.6029052734375,0.4946684087817306,0.1616308937088336,1.3708235802355522,-0.488018506836969,-0.0810166058438038,940.791333000888,22.44797346272628,1.0,10.0,10,0,110,116.0,KHADUR-SAHIB-10
36149,Atla Kalan (17),MANSA,30.072073,75.5369644,36149,1909.9108781320824,1908.59912109375,0.6567390313332124,0.3044910623956836,1.6539761380944706,-0.6175363945323483,-0.2162136502030334,641.4632100769526,24.024720373175107,1.0,900.0,290,290,618,972.0,BHIKHI
38845,Bhoje Majra (61),RUPNAGAR,30.8468475,76.49685,38845,1898.3728133585707,1908.59814453125,0.5656953196175525,0.2361342470804649,1.5650101502671403,-0.5409673174915268,-0.1499246438292406,914.3115886410654,22.786416817139685,1.0,2.47,21,47,190,348.0,CHAMKAUR SAHIB
35785,Naruana (65),BATHINDA,30.2006,74.9433,35785,1907.4453928718376,1908.59814453125,0.527076550282823,0.1723238279704419,1.3985671776167792,-0.5108810852916253,-0.0928206595733654,539.6916064431565,24.469838786568232,0.9670842249525138,1262.0,0,505,765,1438.0,BATHINDA
36351,Paidan (356),PATIALA,0.0,0.0,36351,1905.724456152706,1908.595947265625,0.5239743264551888,0.2178258856400858,1.3918992036810356,-0.5127776073490385,-0.1240237408618585,801.045487276967,22.966874489224217,1.0,273.0,87,60,225,356.0,PATIALA RURAL
35332,Gurusar (22),SRI MUKTSAR SAHIB,30.216217,74.6674042,35332,1909.5555405580767,1908.5958251953125,0.6041884054882671,0.2806503085087226,1.3958948209884077,-0.5696090993429243,-0.179687980521412,505.4638311750124,24.519842330246384,0.9841120409958184,1936.0,811,845,1250,2433.0,GIDDERBAHA
29137,Shahpur Peera (103),KAPURTHALA,31.6756763,75.16028,29137,1913.2983063618767,1908.595703125,0.5279170956826421,0.2008887570060059,1.5717507739505443,-0.498079741203161,-0.1201564172302743,855.3183767011063,22.46012897505409,1.0,175.0,30,68,165,213.0,DHILWAN
35200,Gaddan Doab (151),FAZILKA,30.1441441,74.21693,35200,1909.184574456122,1908.5926513671875,0.5814298784123563,0.2474415364489168,1.3998880586890288,-0.5444646616214146,-0.1538878307821829,429.5206261357472,24.76122512172876,1.0,1023.0,311,325,410,1093.0,ABOHAR
35697,Patti Karam Chand Mehraj (193),BATHINDA,30.3243237,75.22978,35697,1908.0403945819155,1908.5906982421875,0.6350747806400211,0.283921387063774,1.8340725396678743,-0.5830627735858924,-0.2067378952245331,600.6662962930061,24.03546820308273,0.9562560761635348,234.0,99,99,103,2163.0,PHUL
39509,Salar (144),SANGRUR,30.5045052,75.9334259,39509,1906.3160191728475,1908.590087890625,0.6095549594730484,0.2789189453552622,1.5854085859300464,-0.5813233426054242,-0.1891691119871673,742.3286381175416,22.955177382900672,1.0,250.0,62,60,221,304.0,MALERKOTLA
35812,Bajak (87),BATHINDA,30.2145176,74.9442749,35812,1911.125430970468,1908.589111328125,0.5753590169298256,0.2320906333043417,1.3182715118257142,-0.5633007901201383,-0.137857506589696,497.231220618062,24.628093034797235,1.0,4000.0,242,580,580,1091.0,SANGAT
33389,Bahadurpur (4),LUDHIANA,30.9009018,75.84705,33389,1906.5360255922749,1908.5885009765625,0.5305618193984347,0.2029051954703649,1.4208096246065876,-0.525939274509998,-0.1144250841773858,840.4909315516846,22.737270569515545,1.0,20.0,10,10,89,84.0,LUDHIANA-2
37844,Jalalpur Sheron (55),AMRITSAR,31.6036034,75.2078247,37844,1909.9493829452035,1908.5880126953125,0.507579548671565,0.2032782081129065,1.5402983440410094,-0.4828167171794957,-0.11896508971082,860.1867499759095,22.40933991115594,0.8933341123869734,34.0,30,30,38,104.0,RAYYA
30167,Katana (188),JALANDHAR,31.0270271,75.77908,30167,1906.6753876882249,1908.5859375,0.6556488913085406,0.2951362438659802,1.947701616675621,-0.6005764835609676,-0.2215607013158056,847.3562988450425,22.43174952083797,1.0,123.0,68,68,188,123.0,PHILLAUR
35064,Chahlanwali (228),FAZILKA,30.45045,74.1565,35064,1908.461389460965,1908.5841064453125,0.6151151108681291,0.2721872052955583,1.4632978906803435,-0.5867428405139558,-0.1747798098974428,502.4561080148118,24.386920412335428,1.0,1111.0,220,300,371,740.0,Arniwala Shiekh Subhan
34981,Sukhera Bodal (248/360),FAZILKA,30.6126118,74.25945,34981,1906.8380955863693,1908.5819091796875,0.5466902565541903,0.2627379394876081,1.4754050486760064,-0.5307591909024831,-0.1652595412832702,573.5140833070176,24.17932731779252,1.0,363.0,202,202,362,404.0,JALALABAD
39503,Jattuan (131),SANGRUR,30.5045052,75.9334259,39503,1907.8877110916271,1908.57763671875,0.6035484725732545,0.2792025030006137,1.456909020209329,-0.5720468691025973,-0.1804559782513352,753.3954724359984,22.928720681332305,1.0,310.0,50,60,116,325.0,MALERKOTLA
36148,Maujo Kalan (13),MANSA,30.0180187,75.39171,36148,1907.177674488559,1908.5755615234375,0.6648551064397018,0.3087993121508021,1.699750764691938,-0.6218087042954964,-0.220038058355871,641.8226900508301,24.019966784127803,1.0,215.0,37,35,67,90.0,BHIKHI
33348,Bir Katahri (213),LUDHIANA,30.738739,76.01257,33348,1906.7742636683813,1908.574462890625,0.6029135008057562,0.3019082703530749,2.0396717496668453,-0.5616464019262627,-0.2145796538758838,827.976544728739,22.74876113132409,1.0,100.0,3,0,15,97.0,DORAHA
35364,Bhundar (26),SRI MUKTSAR SAHIB,30.216217,74.6674042,35364,1907.713009932008,1908.5740966796875,0.6050721624632414,0.2824962967929712,1.373244692830231,-0.5722879734610593,-0.1788467746264417,483.8335476134799,24.534494318224617,0.9623162137760874,1221.0,461,461,632,1218.0,GIDDERBAHA
33079,Bhattian (78),LUDHIANA,30.8468475,76.11909,33079,1906.7535975718915,1908.572265625,0.5474863038583595,0.2089295416385282,1.6231453411132326,-0.5249617274715148,-0.131843298858425,876.6879233529465,22.82727164855009,1.0,254.0,0,15,141,287.0,MACHHIWARA
35032,Jore Jand Urf Chimnewala (217),FAZILKA,30.3603611,74.2342758,35032,1905.971933273636,1908.571533203125,0.6125752563684317,0.295069556764362,1.536151702037115,-0.5782554966045232,-0.1996827832526033,511.0752526070914,24.365708542699792,1.0,546.0,126,128,305,502.0,Arniwala Shiekh Subhan
30649,Balla (526),HOSHIARPUR,31.8018017,75.6655045,30649,1907.6712397260148,1908.5697021484375,0.4920988728835159,0.1914400846323478,1.5327287115437171,-0.4689543833904414,-0.1125379842866823,814.03006670877,22.414865108529103,1.0,16.0,50,5,350,115.0,DASUYA
35423,Mangatker (134),SRI MUKTSAR SAHIB,30.4864864,74.5603,35423,1907.8516721087235,1908.568603515625,0.5941117926989703,0.2857305743143545,1.5031163794407123,-0.5719691986891542,-0.1859210237147612,570.2862086703675,24.0762773005369,1.0,490.0,110,110,260,529.0,MUKTSAR
33114,Bijlipur (142),LUDHIANA,30.7567558,76.29937,33114,1908.201897411464,1908.5684814453125,0.5491806399586217,0.2292190445103269,1.748263563546175,-0.5125632901822254,-0.1497126648516174,860.6969756447043,22.6442672803698,1.0,103.0,40,40,105,114.0,SAMRALA
32145,Cheta (31),Shahid Bhagat Singh Nagar,31.1857414,75.98812,32145,1903.131328246548,1908.567138671875,0.5818071989833561,0.276196821125067,1.5022600107663433,-0.5665854115434289,-0.1741512842512121,758.6326393296616,22.882709852809228,1.0,3.15,0,0,195,342.0,BANGA
39482,Dalanwal (128),SANGRUR,30.5045052,75.9334259,39482,1905.823850644225,1908.5670166015625,0.6571691722779602,0.3243128655934589,1.587357661347004,-0.6151843538001772,-0.2252265638804477,777.9621127059357,22.86999094422293,1.0,145.0,100,50,96,166.0,MALERKOTLA
33367,Kot gangurai (210),LUDHIANA,29.5135136,74.59891,33367,1904.9409903115893,1908.5665283203125,0.5781865888945058,0.2371675052905192,1.8017277775558616,-0.5406137314144659,-0.1604159334227548,849.1459134032624,22.75239176079907,1.0,650.0,15,50,449,700.0,LUDHIANA-2
36394,Raj Garh (209),PATIALA,30.4684677,75.98893,36394,1906.1566766884623,1908.5662841796875,0.5761279708474715,0.2550605234163841,1.4644787851576146,-0.552133094238002,-0.1592461573347856,742.1264591624634,23.01527433478094,1.0,200.0,55,99,197,231.0,NABHA
36074,Alampur Bodla (350,MANSA,29.927927,75.55207,36074,1907.656338940537,1908.5655517578125,0.6953691881036429,0.3418614967336227,1.8510713542327013,-0.6390539938848268,-0.2589926893603001,655.458966176738,23.956971999803613,1.0,467.0,123,120,212,499.0,BUDHLADA
38016,Takhu Chak (242),Tarn Taran,31.35135,74.81548,38016,1911.073463039219,1908.564208984375,0.5298704807631965,0.1955372781444053,1.367691717894228,-0.5201719985131522,-0.1110445730907133,812.7280267884629,22.83291248283939,1.0,10.0,120,110,176,187.0,NAUSHEHRA PANNUAN-11
39504,Bulapur (132),SANGRUR,30.5045052,75.9334259,39504,1906.9811857216096,1908.5640869140625,0.6330607055596682,0.3019134799293157,1.5307441674464208,-0.5962056017349442,-0.2058020902790125,742.3286381175416,22.955177382900672,1.0,185.0,50,40,140,211.0,MALERKOTLA
35243,Dabwali Dhab (56),SRI MUKTSAR SAHIB,30.18018,74.5150146,35243,1907.8788962329552,1908.5621337890625,0.5752827609350523,0.2345369648367606,1.4172367161151782,-0.5482227536656303,-0.1412104366587259,432.11586911005065,24.77368189560228,1.0,853.0,163,193,399,930.0,MALOUT
35458,Khokhar (71),SRI MUKTSAR SAHIB,30.9729729,75.77817,35458,1908.4855162359213,1908.5616455078125,0.586081884119157,0.2714759886734635,1.5271654825061691,-0.5616693015409556,-0.1772174722867992,539.5255181004899,24.186574497416583,1.0,1800.0,550,220,555,765.0,MUKTSAR
33591,Dolon Kalan (288),LUDHIANA,30.9009018,75.80505,33591,1906.7720483028447,1908.5584716796875,0.5411969665948532,0.1798268819442574,1.651729489243574,-0.5192368175241283,-0.1116975578715153,808.5676672866242,22.77318496325944,1.0,223.0,52,63,332,588.0,LUDHIANA-1
35354,Samagh (28),SRI MUKTSAR SAHIB,30.2342339,74.68108,35354,1908.6992721135944,1908.55810546875,0.5980681851456229,0.2813542403988242,1.368042951537402,-0.5548219633470627,-0.1784831010835144,505.521410982837,24.51965776162052,1.0,758.0,215,215,364,793.0,GIDDERBAHA
36147,Alisher Kalan (12),MANSA,30.072073,75.5369644,36147,1907.6457554564645,1908.5565185546875,0.6375968638829841,0.2697529481607656,1.6782943228560632,-0.5981927945069732,-0.1909393222701015,641.8226900508301,24.019966784127803,1.0,1138.0,198,64,231,495.0,BHIKHI
32179,Balowal (193),Shahid Bhagat Singh Nagar,31.0630627,75.9970856,32179,1906.5826290309408,1908.5560302734375,0.6454263250861796,0.2871634563511304,1.8566796579975824,-0.600013410013652,-0.2104215314981626,847.3562988450425,22.43174952083797,1.0,152.0,73,73,221,185.0,AUR
33211,Mandiala Kalan (151),LUDHIANA,30.63063,76.09503,33211,1908.4478712098253,1908.555908203125,0.450726480184645,0.1569752359533262,1.5851247080806643,-0.4360157485298139,-0.0862750023204134,851.0168151769494,22.671178391050027,1.0,2.47,0,0,355,272.0,KHANNA
35204,Malukpura (60),FAZILKA,30.1441441,74.21693,35204,1905.226226696058,1908.55419921875,0.5738828797047808,0.2115469749704598,1.4228103083873798,-0.5389002150274548,-0.1254185908467855,427.4808368499102,24.82460934099572,1.0,1142.0,560,570,710,1298.0,ABOHAR
34869,Lepo (157),FIROZEPUR,30.5082417,74.2118759,34869,1908.508047835744,1908.5535888671875,0.5808516923271858,0.2809628062071025,1.574112176866517,-0.5553908842628617,-0.1820139666046827,571.6810704511291,24.07198280562553,1.0,946.5,513,251,321,1044.0,GURU HAR SAHAI
33394,Kalis Khurd (7),LUDHIANA,30.9189186,75.8613358,33394,1906.5284093997827,1908.5518798828125,0.5087198080334439,0.205612633364873,1.3709874898429504,-0.5060892492834344,-0.1155752954788884,840.4909315516846,22.737270569515545,1.0,24.0,50,0,71,74.0,LUDHIANA-2
37318,Othian (203),AMRITSAR,31.7864437,74.7529144,37318,1906.5808691492907,1908.5496826171875,0.559659293570272,0.2163611209211427,1.410025995146686,-0.5359289484305633,-0.1293906448213861,890.6723353078263,22.813989407574297,1.0,628.0,308,305,631,671.0,HARSHE CHHINA
30168,Garhi Mahansingh (187),JALANDHAR,31.0270271,75.77908,30168,1906.8590509943328,1908.5478515625,0.6235412189967442,0.2641126071911487,1.823963978615598,-0.5797445692178459,-0.188332186066587,847.3562988450425,22.43174952083797,1.0,238.0,88,88,266,238.0,PHILLAUR
37804,Danial (38),AMRITSAR,31.54955,75.22766,37804,1909.86578782534,1908.54345703125,0.534631551297235,0.217022752904814,1.730286027351027,-0.5061049691112807,-0.1374025309470404,985.595131199588,22.42399866098981,1.0,182.0,95,95,230,151.0,RAYYA
35721,Ganga Nathana (180),BATHINDA,30.3963966,75.13901,35721,1908.19631013307,1908.543212890625,0.6262549464435471,0.289163692691217,1.666261855074786,-0.5874390659842438,-0.1992579450830403,580.7388626046527,24.109293339115805,1.0,794.0,400,340,465,862.0,NATHANA
36087,Mansa Khurd (55),MANSA,30.2522526,75.19539,36087,1909.7226284239248,1908.5413818359375,0.5687010587678893,0.192201154557831,1.425511144116528,-0.5540340118629442,-0.1150360456850775,648.9332857539551,24.227849493039344,0.9890585329443916,979.0,502,180,249,979.0,MANSA
37074,Sarai Mughal (139),PATIALA,30.4864864,76.58844,37074,1907.2417112969977,1908.5396728515625,0.3809849088037683,0.0831872392622904,1.141236482087768,-0.414542548535005,-0.0101271302302297,825.9812089612382,23.1960268126378,1.0,27.0,94,5,98,46.0,Shambu Kalan
32864,Salana Jiwan Singh Wala (11),FATEHGARH SAHIB,30.594595,76.23418,32864,1906.4068281977943,1908.53857421875,0.4944182620332528,0.1860256118197933,1.5960779993855625,-0.4774868994596032,-0.1090413439373163,859.5014464810121,22.73663203366496,1.0,790.0,295,295,495,851.0,AMLOH
35174,Waryam Khera (87),FAZILKA,30.2342339,74.22228,35174,1908.5963698168807,1908.5379638671875,0.4546839396441033,0.0518470298528672,1.0816145789109648,-0.470615658501146,0.0127518453537708,402.7414322945792,24.913409042434942,1.0,2458.0,751,745,1298,2597.0,ABOHAR
32146,Sandwan (29),Shahid Bhagat Singh Nagar,31.1862812,75.89424,32146,1904.8892488283489,1908.5369873046875,0.6092804349737512,0.2713900435550182,1.7023029774133474,-0.5745023782815893,-0.1850541523321913,782.3426971926581,22.740718915981635,1.0,256.0,690,360,690,629.0,BANGA
32214,Mallo Mazara (293),Shahid Bhagat Singh Nagar,31.0810814,75.9904556,32214,1907.6537433314247,1908.536376953125,0.5736979058344294,0.2274881214662566,1.7007486549564714,-0.5539070561497315,-0.1482725896091106,840.4090788378892,22.506517208956296,1.0,104.0,58,71,172,244.0,AUR
36506,Mirjapur (83),PATIALA,30.3658886,76.37704,36506,1909.0653044191592,1908.534912109375,0.4845429418509638,0.192984142688787,1.3432249948070387,-0.4908743487428311,-0.0982509778635812,839.1855749299424,22.919619997673408,1.0,1.3,18,0,94,150.0,PATIALA RURAL
30635,Raipur Rasulpur (CT),JALANDHAR,31.6036034,75.6309357,30635,1907.380014751699,1908.5316162109375,0.5192875350237893,0.1498107530141073,1.6208143516795843,-0.4942866835653275,-0.0871753808998193,866.5677848269837,22.48811818547273,0.9950110444793784,166.0,80,20,190,0.0,JALANDHAR - WEST
30560,Kurala (353),JALANDHAR,31.54955,75.65053,30560,1908.783266905288,1908.531494140625,0.587953670026445,0.2134637197374215,1.9175206755072816,-0.5456595403992379,-0.1439467816322931,805.4736348798173,22.43289419592901,1.0,2.47,0,0,108,222.0,BHOGPUR
33248,Turmari (184),LUDHIANA,30.63063,76.09503,33248,1907.293420700486,1908.531494140625,0.6007297267636377,0.2427245021647149,1.71775675344186,-0.5620760422545772,-0.1645115785193585,797.9699912478821,22.851000825335177,0.9999041446845568,2.47,0,0,192,159.0,KHANNA
35464,Thara (106),FARIDKOT,30.5854454,74.8165054,35464,1907.7296253431505,1908.52978515625,0.5887609706091905,0.2882465622704689,1.727691942462613,-0.5513614404074668,-0.195624279118611,531.135045880729,24.187168838937875,1.0,488.0,72,68,258,535.0,KOT KAPURA
35484,Sango Romana (70),FARIDKOT,30.54054,74.85281,35484,1905.4144490989088,1908.528076171875,0.6173950838307944,0.2937370742221016,1.8050334284476328,-0.5732078688890103,-0.2043990439977622,555.2153530528443,24.0456105442222,1.0,141.0,24,35,41,156.0,FARIDKOT
32288,Niamatpur (270),Shahid Bhagat Singh Nagar,31.0270271,76.1996155,32288,1911.1298632829528,1908.525146484375,0.5100171522059432,0.1951490024451418,1.3457991954379394,-0.5117896834049929,-0.1040099476637302,840.4909315516846,22.737270569515545,1.0,168.0,70,70,87,176.0,NAWANSHAHR
35675,Balloh (48),BATHINDA,30.216217,74.93847,35675,1909.8053119528267,1908.5250244140625,0.6642353176640631,0.3053305860312043,1.8160920614357896,-0.6109838449984586,-0.2250643797643346,626.2015580508363,24.04312072036451,1.0,1197.2,560,560,921,1326.0,RAMPURA
37753,Jaspal (76),AMRITSAR,31.6756763,75.16028,37753,1907.7318305046333,1908.52392578125,0.4594451007483825,0.1327554378269779,1.4583917143082503,-0.4443275331943851,-0.0640435505069745,985.595131199588,22.42399866098981,1.0,240.0,85,85,177,257.0,TARSIKKA
35740,Gill Patti (71),BATHINDA,30.27027,74.93797,35740,1908.162374014328,1908.523193359375,0.55797649318588,0.2004301281417101,1.4534304732698435,-0.5321465756373585,-0.1204796807813597,549.7784387323402,24.23550585480906,1.0,604.0,400,400,750,883.0,GONIANA
39517,Salempur (166),SANGRUR,30.5237942,75.88622,39517,1906.529643024638,1908.5223388671875,0.5883846509123267,0.2575725415508731,1.5245876128014924,-0.5577709740657938,-0.1644418835946657,760.4251894166367,22.92419452819485,1.0,165.0,56,0,120,182.0,MALERKOTLA
30195,Bir Shersingh (205),JALANDHAR,31.0270271,75.77908,30195,1907.024714600184,1908.5218505859375,0.6485527083819639,0.2780327840215494,2.022185457807032,-0.5967347440402654,-0.2086936198746551,846.9261619260209,22.50267018928656,1.0,32.0,2,2,5,32.0,PHILLAUR
35580,Bir Sikhanwala (114),FARIDKOT,30.58544,74.81651,35580,1909.741458335603,1908.5205078125,0.497042036809096,0.1220063317511959,1.2939442991530103,-0.4905823063987991,-0.0565977067198179,562.8153716965004,23.951875995124624,1.0,370.0,250,95,107,1021.0,KOT KAPURA
32809,Bhadal Thuha (62),FATEHGARH SAHIB,30.6126118,76.2274246,32809,1907.165467920075,1908.5198974609375,0.4480627857264263,0.0992433799836948,1.2588563115061535,-0.4459489023822611,-0.0316987191498384,836.7380297603547,22.87501950327186,1.0,492.0,450,45,700,583.0,AMLOH
30226,Sarhali (6),JALANDHAR,31.3153152,75.609375,30226,1909.2193822745708,1908.5189208984375,0.6120422824577094,0.279584068885799,1.6919180381546886,-0.5816144824921409,-0.1913956870125039,774.5449784209626,22.62641459229758,0.9999907742815058,102.0,23,7,797,779.0,RURKA KALAN
36071,Khiwa Mihan Singh Urf Smundgarh (32),MANSA,29.927927,75.55207,36071,1909.4484505846444,1908.5185546875,0.6599694654969774,0.337367494619367,1.681027611344762,-0.6102409392010714,-0.2441997679434639,653.8201513697999,24.059252199364263,1.0,92.0,110,70,96,245.0,BUDHLADA
30351,Puranpur (190),JALANDHAR,31.27928,75.6437149,30351,1909.9904457259029,1908.5181884765625,0.5823019280845919,0.2308313490094937,2.0987178957451675,-0.5329619260311363,-0.1609271133407665,814.4297393968003,22.591733580938524,1.0,4.8,25,35,272,165.0,JALANDHAR-EAST
32205,Batuli (87),Shahid Bhagat Singh Nagar,31.2972965,76.12208,32205,1905.3097331372112,1908.51806640625,0.6286062653064168,0.2512454788923822,1.728569566788135,-0.5951322525725662,-0.171117156842854,795.2970954587357,22.747902170555847,0.9473797021563852,40.0,0,0,15,43.0,BANGA
33569,Himayunpura (285),LUDHIANA,30.9009018,75.80505,33569,1907.0584317147875,1908.5155029296875,0.5483896815898522,0.2097229730509163,1.5823657251378926,-0.5328615199019453,-0.1329256468626878,808.5676672866242,22.77318496325944,1.0,161.0,0,20,354,199.0,LUDHIANA-1
30729,Kahlwan (501),HOSHIARPUR,31.81982,75.8074951,30729,1904.067624757607,1908.513671875,0.5031094986472617,0.2001712216698302,1.6715125592495896,-0.4703045237078117,-0.120944871851318,928.5261276175872,22.425879731414227,1.0,2.83,30,99,164,126.0,TANDA
33574,Alamgir (273),LUDHIANA,30.3603611,75.7377548,33574,1908.0017933526588,1908.51220703125,0.5495295161827373,0.2372227889489689,1.6478091107950137,-0.5364659347107223,-0.1532645847365077,815.4741842115757,22.771129778558247,1.0,609.0,253,113,700,743.0,LUDHIANA-1
30191,Rajpur (183),JALANDHAR,31.0270271,75.77908,30191,1907.1370965880053,1908.5106201171875,0.6591713877506025,0.2897624071502989,1.908501061676932,-0.6067281254996555,-0.2152882695064242,847.2575168195763,22.448036630754626,1.0,153.0,23,23,131,152.0,PHILLAUR
39872,Chhajla (39),SANGRUR,30.2621021,75.85394,39872,1909.908695036902,1908.5106201171875,0.6347022358902218,0.3033118564685872,1.599590459882615,-0.5947751376234746,-0.2083168569511715,655.125581691018,23.82468002547436,1.0,2.47,0,0,395,479.0,SUNAM
30484,Kala Bahian (331),JALANDHAR,31.5855846,75.63746,30484,1907.1095997726225,1908.51025390625,0.5634215461318103,0.2038033189282139,1.8074094164742105,-0.5226650622564456,-0.1345579584085066,866.5677848269837,22.48811818547273,1.0,234.0,100,60,348,265.0,JALANDHAR - WEST
35414,Attari (129),SRI MUKTSAR SAHIB,30.4864864,74.518486,35414,1907.513881266952,1908.5096435546875,0.6034478464363016,0.2784374187217814,1.573496725452186,-0.5749373863475543,-0.1828151339288819,560.5869706304122,24.13072750229089,1.0,2.47,200,75,150,514.0,MUKTSAR
30328,Daulatpur (148),JALANDHAR,31.333334,75.60275,30328,1906.490638763401,1908.5068359375,0.5686270956638101,0.2010136430455636,1.7703058427815674,-0.5290275202608054,-0.1315673248227341,866.5677848269837,22.48811818547273,1.0,6.477,50,30,155,269.0,JALANDHAR-EAST
33592,Shehzad (289),LUDHIANA,30.9009018,75.80505,33592,1906.2185536896968,1908.503662109375,0.5617166613370949,0.1928925945541144,1.7405296367053298,-0.5326799573242795,-0.1274725137362595,808.5676672866242,22.77318496325944,1.0,163.0,53,72,362,194.0,LUDHIANA-1
37594,Tajuchak (416),AMRITSAR,31.6576576,74.87052,37594,1912.075056954891,1908.501708984375,0.561084471408898,0.2039237835542737,1.536318706805646,-0.5171579288836534,-0.1261926031686369,908.8512656058848,22.874240410712115,1.0,161.0,56,83,192,159.0,ATTARI
32106,Mahal Gehla (45),Shahid Bhagat Singh Nagar,31.18919,75.99287,32106,1905.378799425156,1908.5010986328125,0.5281669210358741,0.170719125106387,1.506441047801961,-0.5246054444752766,-0.0967522818651172,795.4964814643959,22.746303829593213,1.0,100.0,300,203,754,560.0,BANGA
29614,Bishanpur (71),KAPURTHALA,31.2248821,75.76635,29614,1907.015129270172,1908.5009765625,0.5950786192557995,0.2276976964823345,1.8007271604109143,-0.5553881905961326,-0.1532682874012733,789.2529609610932,22.57912219385276,1.0,210.0,55,0,62,210.0,PHAGWARA
35269,Sanoke (193),SRI MUKTSAR SAHIB,30.5765762,74.46205,35269,1908.787915997904,1908.4974365234375,0.6365428232149917,0.3089819885481083,1.4746555764162244,-0.5917779996953834,-0.2085168652209265,481.9064083506959,24.53581266435617,1.0,571.0,126,142,201,588.0,MALOUT
35177,Rukanpura Urf Khui Khera (84),FAZILKA,30.1621628,74.20964,35177,1907.6732351167043,1908.4970703125,0.5734846314188555,0.1467308473132794,1.4408211943492508,-0.5432243301933176,-0.0765114733575926,407.0057354051115,24.895403055064342,1.0,900.05,209,197,433,959.0,ABOHAR
33242,Patti Ishanpur (176),LUDHIANA,30.63063,76.09503,33242,1906.437340396808,1908.4964599609375,0.5934685195234911,0.2612553815127951,1.6780853177199877,-0.560883322418521,-0.1751571621983722,798.0027410536187,22.85088496407073,1.0,2.47,0,0,12,81.0,KHANNA
37727,Muchhal (91),AMRITSAR,31.6396389,75.10998,37727,1910.305856744879,1908.49609375,0.4362275409798117,0.107585012765121,1.4093431165801755,-0.4224493665942486,-0.0429866467915134,973.0275788282568,22.45463038297133,1.0,790.0,390,390,815,821.0,TARSIKKA
33370,Kum Khurd (199),LUDHIANA,29.5315323,75.04707,33370,1907.624422694024,1908.4951171875,0.5260362643162569,0.2238171534272613,1.491079000076243,-0.5146642052437311,-0.1328172993049189,849.1459134032624,22.75239176079907,1.0,33.0,15,20,109,394.0,LUDHIANA-2
28543,Khanpur (53),GURDASPUR,31.9639645,75.41655,28543,1908.3948411829745,1908.4945068359375,0.5810669564033613,0.2570740098038729,1.8723360904782256,-0.5378506662951458,-0.1751451970510739,904.9714187240872,22.22807290830462,1.0,55.0,6,0,9,62.0,SRI HARGOBINDPUR
30149,Bachhowal (137),JALANDHAR,31.0270271,75.80011,30149,1913.2877049551928,1908.4937744140625,0.5617134835357621,0.1962007331381678,1.5836003382240107,-0.5413764021529336,-0.1254042105267481,850.8588550349564,22.56255369262136,1.0,267.0,58,58,178,267.0,PHILLAUR
35628,Okandwala (13),FARIDKOT,0.0,0.0,35628,1910.9670850419377,1908.49072265625,0.6419344554055966,0.3094040161916511,1.765050189454337,-0.5964494467002873,-0.2193051972912348,553.6638090729513,24.119700682512445,1.0,295.0,12,109,267,363.0,Jaitu
32185,Sadhpur (70),Shahid Bhagat Singh Nagar,31.0810814,75.9904556,32185,1905.548532017928,1908.4879150390625,0.5984757288801337,0.2285240621464943,1.7576560297430752,-0.5658807962885304,-0.1556525174915937,826.6642589646495,22.524403656953883,1.0,2.47,0,0,195,164.0,AUR
33215,Kot Sheikhon (154),LUDHIANA,30.63063,76.09503,33215,1908.0079269798805,1908.4874267578125,0.4295979079707923,0.1212300782670874,1.494388591043146,-0.4205993624815826,-0.059947020982403,860.8907404353516,22.642453532259594,1.0,2.47,0,0,289,134.0,KHANNA
39139,Bariwala (300),S.A.S Nagar,30.35963,76.3640442,39139,1904.235584349697,1908.4873046875,0.3715349925316367,0.0454649282973151,0.92000441054725,-0.415743802097603,0.0270878530631004,815.1112758616437,22.78283194849521,1.0,2.47,20,0,100,132.0,KHARAR
35181,Roherianwali (132),FAZILKA,30.1441441,74.19609,35181,1909.43360232497,1908.4862060546875,0.61933702135487,0.2267380879814858,1.5465616045133068,-0.5699735850658744,-0.1446181970009816,431.8077507426637,24.74982292150105,1.0,1484.43,581,562,714,1571.0,ABOHAR
35631,Romana Ajit Singh (8),FARIDKOT,30.3963966,75.01367,35631,1909.030442735499,1908.482421875,0.6359071984003193,0.3009401325321702,1.6960861714249449,-0.5939082819688062,-0.2121135865908994,555.5209054555256,24.110987780223425,1.0,3600.0,25,300,800,1245.0,Jaitu
35476,Phide Khurd (99),FARIDKOT,30.5854473,74.81651,35476,1907.38692988306,1908.4815673828125,0.6004548229988427,0.287727797101224,1.7958810903549134,-0.5557551387147255,-0.1993002950170191,555.2153530528443,24.0456105442222,1.0,217.0,251,0,275,375.0,KOT KAPURA
39478,Chandigarh (140),SANGRUR,30.522522,75.88475,39478,1908.7323126774847,1908.4814453125,0.6068712639430922,0.2912451826301891,1.4587606371688293,-0.5798947548703046,-0.1887635372424045,742.3286381175416,22.955177382900672,1.0,256.0,20,13,14,288.0,MALERKOTLA
37800,Rajdhan (73),AMRITSAR,31.6036034,75.22898,37800,1906.788348402539,1908.479248046875,0.4942856241355454,0.1822864840856606,1.5425112971170338,-0.4754920983844178,-0.103171950098409,985.595131199588,22.42399866098981,1.0,406.0,125,125,325,463.0,RAYYA
30379,Barsal (256),JALANDHAR,31.261261,75.52388,30379,1912.3267588927413,1908.4779052734375,0.5813919405033499,0.208941339946033,1.8355791964502624,-0.5426787379733083,-0.1418256219128682,842.5791057755845,22.591726153523496,1.0,121.0,15,8,155,138.0,JALANDHAR-EAST
30163,Moron (179),JALANDHAR,31.0270271,75.77908,30163,1907.026610703962,1908.4769287109375,0.6360102775444315,0.2743538742200747,1.885960037515386,-0.5895041621918257,-0.1997148046635095,847.3562988450425,22.43174952083797,1.0,547.0,133,133,472,547.0,PHILLAUR
34942,Chak Janisar (118),FAZILKA,30.594595,74.24564,34942,1912.466410592664,1908.4764404296875,0.5934451500794629,0.282850722498083,1.5542745988503597,-0.5650965204884907,-0.1894087446498739,543.9411953910961,24.22503013501265,1.0,940.0,49,321,514,1087.0,JALALABAD
33337,Malhipur (247),LUDHIANA,30.738739,76.01257,33337,1908.402514584484,1908.4747314453125,0.5041800552723589,0.1825915710326194,1.7989888220358186,-0.4712529643345665,-0.1144202998862411,860.8907404353516,22.642453532259594,1.0,230.0,20,2,310,267.0,DORAHA
37379,Saidopura (314),AMRITSAR,31.6756763,74.8427048,37379,1909.6325154608464,1908.4739990234375,0.4678003252813805,0.1339305057317193,1.1713669970570222,-0.4715943841830514,-0.0527949241131959,898.4865638425248,22.708453943606344,1.0,288.4,64,64,143,408.0,HARSHE CHHINA
32842,Himmatgarh (165),FATEHGARH SAHIB,30.2342339,76.12006,32842,1907.093316496556,1908.472412109375,0.5305529100773135,0.1940185989536728,1.6473583552504538,-0.4999872596129748,-0.1189477649106812,826.6618136827927,22.86808083281983,1.0,2.0,0,0,60,358.0,AMLOH
37399,Ghukeywali (296),AMRITSAR,31.78641,74.75283,37399,1907.1722972663413,1908.47021484375,0.5536199693345671,0.2041287650981242,1.357220086018338,-0.5349560267894415,-0.1172369817912699,916.499489825,22.66210357915856,1.0,200.0,170,125,281,234.0,HARSHE CHHINA
32885,Badinpur (8),FATEHGARH SAHIB,30.64865,76.2767639,32885,1906.778326507677,1908.4700927734375,0.3961445898931912,0.1256282792605293,1.4211416986419918,-0.3928782002253195,-0.0552284734735896,890.4748042454531,22.771545973829515,0.7851216343106588,402.0,160,150,360,408.0,AMLOH
32835,Kanjari (171),FATEHGARH SAHIB,30.594595,76.23418,32835,1908.3646472078376,1908.4681396484375,0.5454777561770324,0.2299523898065569,1.4908699708038242,-0.529584820143314,-0.1392025194391186,798.4335098875921,22.851348104700545,1.0,298.0,20,45,125,323.0,AMLOH
37315,Bhitte Wadh (192),AMRITSAR,31.7865677,74.753006,37315,1908.102328050104,1908.468017578125,0.5675992957040595,0.2241180773215417,1.4600315919782196,-0.5389387644042594,-0.1383601564689258,904.1482898404496,22.86324585740084,1.0,769.0,290,290,583,913.0,HARSHE CHHINA
39929,Gobindpura Papra (90),SANGRUR,29.9459457,75.79449,39929,1910.6964603772904,1908.4644775390625,0.5333129116159812,0.2191009310306776,1.2909049935143062,-0.523370281138913,-0.1200123750111143,639.9190858341025,24.011863242542123,1.0,399.0,225,110,250,447.0,LEHRAGAGA
37492,Kotla Saidan (243),AMRITSAR,31.8558559,74.96737,37492,1906.0494811020053,1908.462890625,0.3972679104052553,0.0902124645445465,1.2634825753524088,-0.390214518955866,-0.0272829357131069,969.8854777028458,22.378567518482896,1.0,140.0,96,63,204,234.0,MAJITHA
29883,Singhpur (143),JALANDHAR,31.18919,75.40312,29883,1913.615057744952,1908.4622802734375,0.5410691587878329,0.184715274529982,1.530293477179841,-0.5286203439515657,-0.1138903646405642,892.3655989577668,22.53479004222732,1.0,138.0,7,10,94,151.0,NAKODAR
34965,Sarian (223),FAZILKA,30.522522,74.2741852,34965,1907.950200715829,1908.4605712890625,0.5626225935054657,0.2598967180169756,1.5638605085121575,-0.5320780860406565,-0.1646176785630543,537.5568660905259,24.30053681632836,1.0,431.0,150,150,246,480.0,JALALABAD
28515,Khojkipur (16),GURDASPUR,31.6936932,75.47134,28515,1910.5605610279688,1908.4603271484375,0.5525292308874675,0.1947830381399815,1.762653370785664,-0.5207167810662059,-0.1231013868229246,899.495119135608,22.26800492968988,1.0,160.0,65,0,86,176.0,SRI HARGOBINDPUR
36541,Bir Bahadurgarh (113),PATIALA,30.3783779,76.39917,36541,1909.1083372094672,1908.458251953125,0.477389525276916,0.1230525382843507,1.3789216438270588,-0.4745149576316723,-0.0557162037984067,870.3448864629166,22.86558953724557,0.637241075060391,120.0,5,10,200,171.0,SANOUR
34874,Rattewala Urf Sohangarh (121),FIROZEPUR,30.72072,74.4054642,34874,1907.3347911286564,1908.45458984375,0.6180403789950029,0.298680211711643,1.546414933831881,-0.5762699804790135,-0.2044705503400578,565.2787926604645,24.0971571018585,1.0,1146.0,223,0,617,1253.0,GURU HAR SAHAI
28563,Chak Bhagtupur (91),GURDASPUR,31.9639645,75.41655,28563,1908.2381913311567,1908.4539794921875,0.6021847848127068,0.2876302943650602,1.876433139301257,-0.5548735958968134,-0.2004313321586815,911.4683362653152,22.180698756103368,1.0,30.0,9,0,15,30.0,SRI HARGOBINDPUR
34123,Chak Jindra (300),MOGA,30.9549541,75.15457,34123,1911.463058193111,1908.4532470703125,0.3792522411730581,0.1905293896580621,1.0748128094422156,-0.3744666568473925,-0.0950123380431074,747.5682365430656,22.87317597183337,1.0,115.0,5,18,38,119.0,KOT-ISE-KHAN
30258,Kot Khurd (227),JALANDHAR,31.27928,75.6437149,30258,1910.65937391292,1908.4532470703125,0.5788641045455214,0.2026870583170899,1.9022554419519464,-0.5326917459486863,-0.1361541297841715,814.4297393968003,22.591733580938524,1.0,11.0,5,6,190,193.0,JALANDHAR-EAST
36378,Sakohan (217),PATIALA,30.3603611,75.77952,36378,1907.036796471409,1908.451416015625,0.5648794991841555,0.2437689064921751,1.441555908836278,-0.5503170331963484,-0.1475068142203021,742.1264591624634,23.01527433478094,1.0,259.0,55,65,150,281.0,NABHA
35429,Bhangewala (151),SRI MUKTSAR SAHIB,30.4864864,74.518486,35429,1909.2403652956689,1908.4508056640625,0.5896065758928761,0.2437303428595088,1.597723796950636,-0.5598093549679333,-0.158695845306685,567.3803152287281,24.072721398918503,1.0,607.0,179,179,355,1129.0,MUKTSAR
33327,Chima (254),LUDHIANA,30.738739,76.01257,33327,1908.4342336080028,1908.447998046875,0.5661055089975557,0.2525364401188582,1.7147947459472423,-0.5347598959769096,-0.1668592704481341,838.5368230750458,22.707484723278867,1.0,200.0,25,0,180,252.0,DORAHA
35714,Bhaini (188),BATHINDA,30.216217,74.93847,35714,1908.21887948454,1908.4461669921875,0.6696660357227007,0.3120422306463999,1.8333816040185809,-0.6080823771763434,-0.2324459786663672,601.0174295572856,23.90811546442342,1.0,440.0,300,300,580,587.0,NATHANA
37623,Bal Mashmula Sachander (345),AMRITSAR,31.6396389,74.85601,37623,1910.2943576272369,1908.44287109375,0.4830980542185297,0.123894228972627,1.209104020308083,-0.4858083503884737,-0.0463223316178431,898.4865638425248,22.708453943606344,1.0,95.0,167,23,163,143.0,VERKA
33010,Udhowal Khurd (42),LUDHIANA,30.8828831,76.18969,33010,1906.841025214376,1908.4425048828125,0.4882160069930472,0.1817096946267189,1.2836953335784325,-0.5041521567113171,-0.0884166866766845,851.0235640218156,22.741619939577788,0.9913114953263932,45.0,102,5,20,173.0,MACHHIWARA
35323,Peori (6),SRI MUKTSAR SAHIB,30.27027,74.62504,35323,1908.285989841608,1908.440673828125,0.5422966605968931,0.1933749355440313,1.2050081324610773,-0.5478947900411896,-0.095273025830167,498.6072423865693,24.57814968879643,1.0,1315.0,498,498,777,1311.0,GIDDERBAHA
37526,Khalhera (161),AMRITSAR,31.6396389,75.00416,37526,1909.917225772016,1908.440185546875,0.4122190062035832,0.062414976024082,1.2474095815405168,-0.4018619432173436,-0.0051262510130261,966.45186338412,22.467817894812686,1.0,147.0,40,76,105,147.0,JANDIALA GURU
35186,Khatwan (78),FAZILKA,30.2342339,74.22228,35186,1908.1437272209216,1908.439697265625,0.5411072349860908,0.0920575871804576,1.2968270535611783,-0.5279886819323164,-0.0288717787318421,406.9645931594095,24.93997047225179,1.0,1100.0,125,125,376,1159.0,ABOHAR
30566,Kotli Sazawar (82),JALANDHAR,31.5081978,75.595314,30566,1907.845981003536,1908.438720703125,0.5809270977565858,0.2056874550736658,1.903462298752316,-0.5419934018515362,-0.1365581700282339,805.4736348798173,22.43289419592901,1.0,2.47,0,0,120,94.0,BHOGPUR
34967,Lakhowali (225),FAZILKA,30.6126118,74.3641357,34967,1907.0705280576603,1908.4383544921875,0.567478058279302,0.272185066390636,1.5242793449791214,-0.5340420702978649,-0.1736277230844396,537.5568660905259,24.30053681632836,1.0,383.0,172,171,181,428.0,JALALABAD
29023,Bhadas (16),KAPURTHALA,31.36937,75.3996,29023,1908.522286700904,1908.4373779296875,0.5175252860332828,0.2227784507427985,1.5888818113896486,-0.49243036423791,-0.1331290436388564,800.9258451869385,22.437382947828382,1.0,2.47,200,0,511,470.0,NADALA
35767,Mehma Bhagwana (176),BATHINDA,30.27027,74.95883,35767,1908.1094841347413,1908.437255859375,0.5791571638631327,0.2245585715851655,1.4522826705545302,-0.5538594352465648,-0.1346745686693304,516.9989476633883,24.38340504669164,1.0,505.0,150,250,340,637.0,GONIANA
37295,Tapiala (189),AMRITSAR,31.6216221,74.65108,37295,1910.67935231116,1908.436279296875,0.5396663771854393,0.2105656994966435,1.4351762994090096,-0.5169743984676879,-0.1264254814316565,906.1254137323172,22.885641561220147,1.0,282.0,98,98,349,320.0,CHOGAWAN
30141,Khanpur (165),JALANDHAR,31.0270271,75.77908,30141,1909.2092598309764,1908.43408203125,0.6406660381522623,0.2751582030608007,1.865694661096845,-0.5899650297916698,-0.2002467638548231,847.3562988450425,22.43174952083797,1.0,176.0,31,31,146,175.0,PHILLAUR
33113,Ghulal (141),LUDHIANA,30.594595,76.35977,33113,1906.8730633153484,1908.43359375,0.5269405335053833,0.1936711657690267,1.600859643353114,-0.5002465100180697,-0.1179785465792744,860.85279376774,22.642808734545863,1.0,366.0,60,40,434,417.0,SAMRALA
37422,Kotli Korotana (221),AMRITSAR,31.6756763,74.8427048,37422,1906.8553740472105,1908.432861328125,0.5346747993402017,0.1910909520469243,1.2562203926159543,-0.5240884193068264,-0.1005174490029555,896.6648708137528,22.79825329174914,0.7957337668622169,2.94,70,70,97,293.0,HARSHE CHHINA
34963,Chak Paliwala (221),FAZILKA,30.522522,74.2741852,34963,1909.4496242426349,1908.43212890625,0.6141689080907783,0.3048090816820484,1.758083438101009,-0.5666341982325859,-0.2124534429765678,540.1861200030875,24.25769125275727,1.0,332.0,45,153,314,498.0,JALALABAD
34939,Ladhuwala Uttar (125),FAZILKA,30.6126118,74.25945,34939,1906.4237944406827,1908.43017578125,0.6374862017074762,0.3356636647420026,1.7182670004701397,-0.5899103576005814,-0.2393049164588741,547.0696023805286,24.2109989994263,1.0,968.0,0,260,445,1069.0,JALALABAD
35339,Kotliablu (80),SRI MUKTSAR SAHIB,30.38716,74.63245,35339,1907.3827132388908,1908.4295654296875,0.5994110022260327,0.2642113461635681,1.5002919920481128,-0.5645478170001932,-0.1702112001287777,515.6597173995028,24.29944736518955,1.0,220.0,60,66,168,3482.0,GIDDERBAHA
36144,Joga (8),MANSA,30.0180187,75.39171,36144,1907.8215696175848,1908.4278564453125,0.6625441883716451,0.3045222942933069,1.821479141041069,-0.6148658119894638,-0.2240789995168085,637.7282605123643,23.99413363157268,1.0,24.0,80,150,210,3559.0,BHIKHI
29244,Mansoorwal Dona (149),KAPURTHALA,31.3834724,75.3275757,29244,1915.2317005498487,1908.4276123046875,0.4904283083978632,0.1260728521893936,1.548596753369704,-0.4726606461879482,-0.0658886434839999,914.8733773075976,22.39943360682606,0.7697112208180292,82.0,75,26,126,402.0,KAPURTHALA
35784,Birtalab Urf Talab Neehar (68),BATHINDA,30.549778,75.07795,35784,1909.2421523242915,1908.42724609375,0.5108339053612306,0.1320989750798268,1.3726197585018023,-0.4998470726150507,-0.0611804396168627,539.6916064431565,24.469838786568232,0.988631315781953,850.0,500,500,603,529.0,BATHINDA
40040,Pakho (53),BARNALA,30.3783779,75.54286,40040,1908.8309716062552,1908.4256591796875,0.6824979452652761,0.3289930322223402,1.8348726960096025,-0.6245377206276039,-0.2477099820493223,632.953748765006,24.002017186666663,1.0,2800.0,4852,560,770,3105.0,BARNALA
33112,Chehlan (140),LUDHIANA,30.666666,76.2700348,33112,1905.7986158466,1908.4237060546875,0.5324631772005447,0.1917009121713998,1.5769834594325742,-0.5131504926048944,-0.1149635164627141,881.8458179504407,22.699896784904805,1.0,268.0,10,40,386,300.0,SAMRALA
39938,Babangarh Alias Ghamur Ghat (81),SANGRUR,29.7517452,75.89989,39938,1911.9618889461,1908.423583984375,0.5455009704381736,0.2723180871436547,1.3308052779123072,-0.5401935675937702,-0.1608824027881865,633.4779950787919,24.113163681595665,1.0,441.0,200,200,300,469.0,ANDANA
35438,Budhimal (144),SRI MUKTSAR SAHIB,30.4864864,74.518486,35438,1908.5299942748725,1908.42041015625,0.6172519484320441,0.2977188894959262,1.8506708724359804,-0.5766800430739171,-0.209510684464381,565.4356589020459,24.06917980748343,1.0,400.0,350,100,146,443.0,MUKTSAR
35276,Katorewala (169),SRI MUKTSAR SAHIB,30.4684677,74.5256,35276,1908.949012826428,1908.4193115234375,0.6152100868780129,0.2057337248938529,1.4544185156006264,-0.5777109311363717,-0.123178802615343,454.9164417197602,24.65291482275921,1.0,5.004,365,370,570,514.0,MALOUT
37632,Chakmukand (363),AMRITSAR,31.54955,74.67793,37632,1911.8746374272205,1908.4189453125,0.4544257352247546,0.0875683957054694,1.1471542488293245,-0.466794883446114,-0.0204959186014341,919.357717175982,22.930582039573235,0.9547084671012248,320.0,100,50,500,405.0,ATTARI
37394,Bua Nangali (299),AMRITSAR,31.7865677,74.753006,37394,1908.0514638933723,1908.41748046875,0.5149608355387948,0.1741154578798592,1.2361023029128564,-0.5127705347511432,-0.0834350966084069,913.9675433643312,22.668618713975867,1.0,194.0,158,100,206,227.0,HARSHE CHHINA
36941,Kamalpur (131),PATIALA,30.3963966,76.41325,36941,1906.738354411637,1908.41552734375,0.2986278438230727,0.0965515694222851,0.7502298047706064,-0.37601930336311,0.0057305453556231,825.9812089612382,23.1960268126378,1.0,1.0,0,0,1,78.0,GHANAUR
32199,Nagra (95),Shahid Bhagat Singh Nagar,31.1763115,76.0162,32199,1905.387941800729,1908.4151611328125,0.5655172518897472,0.2092569438369644,1.5140163391430337,-0.5469263668244216,-0.1310579442793769,803.371641751648,22.71323693860193,1.0,2.4,10,0,150,80.0,BANGA
32784,Rajinder Nagar (342),FATEHGARH SAHIB,30.6105347,76.37348,32784,1904.3969121644288,1908.4146728515625,0.5592054929583353,0.2543037897715471,1.4852650054050152,-0.5355784744729352,-0.1570140501874929,841.2239339147179,22.88983093811085,1.0,4642.0,45,35,155,496.0,SIRHIND
37356,Makam (242),AMRITSAR,31.6576576,74.828186,37356,1907.117840611476,1908.4127197265625,0.5442456532916112,0.1995038444720151,1.3131266717598085,-0.5328921297294975,-0.1097720114126944,916.499489825,22.66210357915856,1.0,80.0,140,145,196,260.0,AJNALA
36038,Bakhshiwala (173),MANSA,29.927927,75.55207,36038,1907.758229196052,1908.412353515625,0.5727439415748242,0.2718205889005596,1.3614507268506648,-0.5653160834194927,-0.1646921775147349,644.8053231500649,24.13855522193717,1.0,504.0,102,200,400,589.0,BUDHLADA
33580,Sangowal (257),LUDHIANA,30.3603611,75.7377548,33580,1908.3623639707337,1908.4119873046875,0.5032993506225973,0.1884009027810263,1.55964364562861,-0.5035024990519302,-0.1095367432882038,822.9384216477769,22.76890863195922,1.0,259.23,53,83,500,343.0,LUDHIANA-1
37736,Maluwal (121),AMRITSAR,31.6756763,75.16028,37736,1909.546017745735,1908.4112548828125,0.4054578269347741,0.0518493898525072,1.2049197449107871,-0.3924336401914772,0.0002825672429702,972.7645310571093,22.45527152660549,1.0,550.0,197,197,334,569.0,TARSIKKA
37368,Balaggan (320),AMRITSAR,31.7657661,74.78832,37368,1909.991048137277,1908.410888671875,0.5523971043651096,0.2147822803017599,1.4128391939062834,-0.5270733823609417,-0.1282539289743066,903.6876085044602,22.85065080322701,1.0,300.0,80,80,130,334.0,HARSHE CHHINA
37355,Tera Kalan (241),AMRITSAR,31.7477474,74.96446,37355,1906.7116430296487,1908.408935546875,0.5270116111133167,0.1887158655833041,1.2530144030486658,-0.5215714494334002,-0.098998981016886,918.655542137322,22.652825952610968,1.0,21.0,60,60,72,447.0,AJNALA
29677,Nihalgarh (115),KAPURTHALA,31.3873882,75.39295,29677,1909.9462117655305,1908.4075927734375,0.6380147035571085,0.2741777957571458,1.872203732675724,-0.5943018164841167,-0.1978431052799094,774.5449784209626,22.62641459229758,1.0,148.0,61,0,121,106.0,PHAGWARA
39485,Hazurgarh (197),SANGRUR,30.5117016,75.90316,39485,1905.5634201359508,1908.4061279296875,0.6127893207421318,0.3247220158144891,1.443051966045388,-0.5942135519765234,-0.2109793782425892,777.9621127059357,22.86999094422293,1.0,397.0,0,0,70,411.0,MALERKOTLA
35708,Patti Kala Mehraj (192),BATHINDA,30.2882881,75.3273239,35708,1908.3019956349744,1908.4056396484375,0.6774702939470074,0.3285178417402365,1.889580961752996,-0.6179442123479023,-0.246931666177147,597.2157178616352,24.047972948162723,0.9643881809182822,200.0,57,57,60,2419.0,PHUL
33433,Kariana Kalan (54),LUDHIANA,30.9009018,75.84705,33433,1912.174586644854,1908.4033203125,0.4933498855284365,0.1635256335448493,1.263608816159447,-0.5015650868226024,-0.0812369428221071,845.1807301600188,22.70932904487908,1.0,20.0,50,50,298,436.0,LUDHIANA-2
35822,Faridkot (106),BATHINDA,30.2145176,74.9442749,35822,1910.0483344105885,1908.4029541015625,0.602810730889846,0.2175496492960506,1.35087507414811,-0.5849050528554182,-0.1277131857716829,461.7559317511932,24.78692499401892,1.0,1255.0,1100,300,450,1068.0,SANGAT
36142,Maujo Khurd (14),MANSA,30.0180187,75.39171,36142,1907.343838468346,1908.400390625,0.6538329153956018,0.2919091713714411,1.684972323510016,-0.6124556385778601,-0.2083258748282139,641.8226900508301,24.019966784127803,1.0,462.0,160,160,316,499.0,BHIKHI
35635,Maluka (5),BATHINDA,30.4859,75.04454,35635,1908.467015228684,1908.3992919921875,0.6416678528570353,0.3122317985059691,1.8140799477006453,-0.5926428146987495,-0.2257638331062305,570.9444431783708,24.01943268989793,1.0,547.0,187,187,350,2093.0,BHAGTA BHAIKA
33115,Nilon Khurd (339),LUDHIANA,30.7567558,76.29937,33115,1908.350749281016,1908.3990478515625,0.5214858735127481,0.2119967453070158,1.6593009061697463,-0.4857270199433892,-0.1363616512250158,859.2788043476794,22.657542166388527,1.0,268.0,45,40,199,302.0,SAMRALA
30349,Nangal Shama (219),JALANDHAR,31.3153152,75.58828,30349,1910.39007010666,1908.3975830078125,0.4268785649908908,0.0687134228291756,1.4136388090728609,-0.4253784007180674,-0.0135439325326548,892.4292416843981,22.439623621578857,1.0,7.2,0,0,315,118.0,JALANDHAR-EAST
32217,Chak Dana (202),Shahid Bhagat Singh Nagar,31.1225357,76.12336,32217,1910.347737798828,1908.3955078125,0.5531454950584028,0.2089663593844365,1.5111685542920954,-0.545555279359166,-0.1278288778110035,844.9341909248112,22.56470379441421,1.0,186.0,150,0,362,217.0,AUR
37619,Loharka Khurd (338),AMRITSAR,31.7657661,74.8519,37619,1906.0985023763649,1908.3953857421875,0.4765909391540738,0.1331460450269956,1.196198001498902,-0.4740588689045969,-0.0547977170224834,926.0588681763626,22.57250640304574,1.0,155.0,0,52,192,174.0,VERKA
37144,Chhanna (8),AMRITSAR,31.6216221,74.73572,37144,1911.041561085268,1908.3946533203125,0.4702365058251147,0.127999219345289,1.1918553476898734,-0.4713950210909427,-0.0513495792656088,917.5402614285844,22.767377350587992,1.0,99.0,33,33,99,119.0,CHOGAWAN
37392,Ladhe (303),AMRITSAR,31.6756763,74.8427048,37392,1908.0037984475168,1908.3939208984375,0.5421936700318889,0.1823659907689187,1.2989844376526152,-0.5263102048116927,-0.0970273759768089,908.3650356462014,22.683034932351344,1.0,124.08,25,30,105,145.0,HARSHE CHHINA
37707,Bule Nangal (11),AMRITSAR,31.6036034,75.2078247,37707,1915.591890948352,1908.3935546875,0.4693948411870351,0.1528415865907952,1.40087294558543,-0.465227060861923,-0.0763448858960202,918.7828340602068,22.406923155705545,1.0,45.0,65,65,178,103.0,RAYYA
36376,Dhanauri (219),PATIALA,30.3603611,75.77952,36376,1907.2983564570047,1908.389404296875,0.5816388710425766,0.2526205138419642,1.4481246131880516,-0.5580263304327047,-0.1569984785101519,718.1539202517649,23.103222877406417,1.0,140.0,55,64,124,156.0,NABHA
37917,Nalagarh (69),Tarn Taran,31.477478,74.91614,37917,1911.276961019018,1908.38818359375,0.4795389358506436,0.1149346087866517,1.2698501619584146,-0.4743586240372054,-0.0455149177317005,847.2178024629977,22.7656565904274,0.5135530930078941,10.0,0,11,21,80.0,TARN TARAN-12
37330,Chamyari (236),AMRITSAR,31.6216221,74.8415146,37330,1908.0015827937088,1908.38818359375,0.5304149093070715,0.1863125371831416,1.2635703863155685,-0.5190719325390919,-0.0976479898701097,926.1212888361976,22.656174080072606,1.0,469.0,250,250,425,1455.0,AJNALA
35726,Seman (199),BATHINDA,30.3063068,75.09073,35726,1906.576840029231,1908.3873291015625,0.6610183623299102,0.3099754259128653,1.7221777033947865,-0.6091700049560512,-0.2220420435722314,582.902018766556,24.100545347976425,1.0,959.0,2400,450,882,1105.0,NATHANA
35425,Shivpura (136),SRI MUKTSAR SAHIB,30.4864864,74.5603,35425,1907.2464895531584,1908.384765625,0.5421632368734025,0.1965499928135801,1.419566214445298,-0.5246303326814902,-0.1107278137713354,570.2862086703675,24.0762773005369,1.0,260.0,110,82,202,629.0,MUKTSAR
32183,Jagatpur (69),Shahid Bhagat Singh Nagar,31.0810814,76.13772,32183,1905.9778614009792,1908.3826904296875,0.601622151686937,0.2471668783559787,1.6698642064049776,-0.5693739970118812,-0.1687605589250257,847.3562988450425,22.43174952083797,0.8884548674426685,2.47,0,0,475,284.0,AUR
32072,Barsian (160),Shahid Bhagat Singh Nagar,31.1171169,76.04034,32072,1908.064184673858,1908.382568359375,0.5642447901704697,0.2165906103766073,1.59924802129101,-0.5401317996514949,-0.1362342536036596,821.4404228141206,22.707407623049846,1.0,184.0,13,11,600,208.0,NAWANSHAHR
37746,Sarja (93),AMRITSAR,31.6396389,75.17347,37746,1909.2047746243584,1908.3800048828125,0.4050093840869815,0.0649507095125814,1.3171911437271786,-0.3904798271505231,-0.0099116537454311,985.4556798308378,22.42433855498318,1.0,185.0,48,48,216,208.0,TARSIKKA
29669,Kirpalpur (108),KAPURTHALA,31.2484074,75.73042,29669,1910.5151390722235,1908.3800048828125,0.6204918633374268,0.2586400271522655,1.8323708453399328,-0.58062069085177,-0.1812296662994702,774.5449784209626,22.62641459229758,1.0,49.0,36,0,68,22.0,PHAGWARA
36075,Kanakwal Chahlan (34),MANSA,29.927927,75.55207,36075,1906.606560549568,1908.379150390625,0.6821635795798239,0.3455005666344953,1.8278631013951547,-0.6282624502629409,-0.2611456363106282,655.4580671414011,23.95702810957139,1.0,531.0,132,210,380,577.0,BUDHLADA
33301,Kartarpur (393),LUDHIANA,30.3783779,75.85614,33301,1906.8460280416807,1908.3779296875,0.5515625567505366,0.2486592546910278,1.5522409316963726,-0.5371466743825607,-0.1538791858689917,817.5590130498307,22.778822665703103,1.0,150.0,121,32,152,150.0,Maloud
39518,Mola Badha (167),SANGRUR,30.51054,76.05234,39518,1906.460959097049,1908.3768310546875,0.5872982252838955,0.2593711229992006,1.531486256692231,-0.5544615924713127,-0.1677370121467083,760.4251894166367,22.92419452819485,1.0,180.0,125,0,191,225.0,MALERKOTLA
35123,Jandwala Kharta (243),FAZILKA,30.3963966,74.03187,35123,1905.093232920802,1908.3765869140625,0.6092778724319661,0.2672195885332307,1.4286101837870266,-0.578368341709194,-0.1694599670689383,463.6840842561248,24.569937010189243,1.0,678.0,1195,305,347,698.0,FAZILKA
35199,Ramgarh (150),FAZILKA,30.1621628,74.20964,35199,1908.0289860367443,1908.3751220703125,0.5660984931932873,0.1740959696683199,1.3443019725789798,-0.5361735504280042,-0.094666161543823,428.43128550794256,24.767948197547483,1.0,618.0,116,116,274,651.0,ABOHAR
34234,Wara Kalirana (224),FIROZEPUR,30.9571819,74.6173,34234,1913.2167748423408,1908.3740234375,0.2939345339936896,0.1280951822048661,0.8543176537071429,-0.3056461394982643,-0.0265592874909632,729.2441966941254,23.069153166359456,1.0,140.0,50,0,148,263.0,MAKHU
33640,Chark (121),LUDHIANA,30.9006939,75.80898,33640,1911.6342107226883,1908.373779296875,0.4459244849983196,0.1119306095250718,1.313477081925991,-0.4533075753610853,-0.0421681400968386,850.9543065663639,22.797129599831766,1.0,166.0,27,42,115,149.0,LUDHIANA-1
29058,Fatehgarh Sikri (20),KAPURTHALA,31.3873882,75.41406,29058,1906.7051416911256,1908.3695068359375,0.5169456391130323,0.2174031198679656,1.632647728237476,-0.4890781097449415,-0.1312640387679527,800.9258451869385,22.437382947828382,1.0,2.0,20,0,291,261.0,NADALA
28562,Sakhowal (42),GURDASPUR,31.9639645,75.41655,28562,1908.1265336713216,1908.3692626953125,0.5742995317274571,0.2506770900476123,1.768104853878074,-0.5342033371344774,-0.1664292504607154,911.4683362653152,22.180698756103368,1.0,364.0,0,0,306,400.0,SRI HARGOBINDPUR
29095,Bamuwal (111),KAPURTHALA,31.44144,75.43641,29095,1906.6654325053216,1908.36669921875,0.5633687294877363,0.2510195081419367,1.7578957177267027,-0.5302888764105769,-0.1632239695371968,852.4979823131282,22.464521316294444,1.0,0.1,0,0,250,657.0,DHILWAN
35921,Raipur (94),MANSA,29.8018017,75.33205,35921,1908.6816072730608,1908.365966796875,0.5983280972277265,0.1815243830530021,1.4610379507059037,-0.5684614679733909,-0.1066410833721621,639.4696237604288,24.420674915901262,1.0,2133.0,0,595,605,2396.0,JHUNIR
29020,Mubarikpur (17),KAPURTHALA,31.3873882,75.41406,29020,1908.812477258324,1908.3656005859375,0.5463232345267046,0.2427902289265877,1.7172452292604778,-0.5110163018110836,-0.1535698116465109,800.9258451869385,22.437382947828382,1.0,1.0,2,1,151,195.0,NADALA
29666,Drawesh Pind (110),KAPURTHALA,31.3873882,75.39295,29666,1908.903622760913,1908.3609619140625,0.6772739009385688,0.3057240884629555,2.146444340045483,-0.613475210361069,-0.2337032515292173,774.5449784209626,22.62641459229758,1.0,955.0,172,0,381,569.0,PHAGWARA
30190,Lohgarh (186),JALANDHAR,31.0270271,75.77908,30190,1907.62918434092,1908.36083984375,0.633492247527906,0.2655877196568604,1.826294552405738,-0.5841531672967611,-0.1911594811330627,847.3562988450425,22.43174952083797,1.0,153.0,97,97,185,156.0,PHILLAUR
28589,Mallowali (67),GURDASPUR,31.9639645,75.41655,28589,1909.839383806688,1908.3607177734375,0.5339864672013768,0.2101088966598223,1.5908027192606444,-0.5065231560258073,-0.1275217199035682,911.4683362653152,22.180698756103368,1.0,55.0,25,0,60,60.0,SRI HARGOBINDPUR
35157,Kaler Khera (100),FAZILKA,30.1981983,74.1534042,35157,1907.8544053958435,1908.3603515625,0.4203274702237363,0.0296457033598108,0.9963278824102156,-0.4486662748796524,0.0333250050957855,392.4729745911546,24.744305889336506,1.0,1764.0,865,857,1000,1837.0,KHUIAN SARWAR
35752,Balahar Vinjhu (166),BATHINDA,30.27027,74.93797,35752,1908.3964869497763,1908.3599853515625,0.5913329564496523,0.248193665120859,1.4924067518285573,-0.5625635296328739,-0.1597061955271501,535.7899629208734,24.29345361703113,1.0,390.0,250,300,605,547.0,GONIANA
35562,Misriwala (85),FARIDKOT,30.522522,74.83893,35562,1906.975844728323,1908.359130859375,0.6074253284596706,0.2665844744730949,1.5933887347528786,-0.5806196948647574,-0.1766043571824421,602.084119209244,23.75927108021091,1.0,232.0,35,0,193,262.0,FARIDKOT
35248,Karamgarh (155),SRI MUKTSAR SAHIB,30.1981983,74.5078049,35248,1909.54809510269,1908.356201171875,0.5860066685499311,0.2186276102358506,1.3934430466619618,-0.5550372946700916,-0.128829616905993,436.3328552656179,24.72381237622216,1.0,1126.0,80,80,383,1202.0,MALOUT
29057,Chak Purana (21),KAPURTHALA,31.477478,75.40206,29057,1905.5430095421848,1908.3555908203125,0.5275475694852276,0.2176679171448581,1.6624648877207968,-0.4912475193876044,-0.1356415680553283,800.9258451869385,22.437382947828382,1.0,2.0,2,0,5,29.0,NADALA
39539,Niamatpur (151),SANGRUR,30.5116081,75.9034,39539,1907.04965832458,1908.3541259765625,0.6215479141153895,0.2921052952274729,1.4850036905870572,-0.5886006174187965,-0.1934426580372771,732.6505766117394,23.013509691349537,1.0,318.0,114,0,218,363.0,MALERKOTLA
37671,Kathania (356),AMRITSAR,31.54955,74.67793,37671,1911.2299534090653,1908.3509521484375,0.4625062759193732,0.0394207751030908,1.1426843911061515,-0.4786362027690126,0.0177751905690429,904.1026220613236,22.848775456117384,0.6083632177666273,120.0,55,30,100,0.0,ATTARI
39933,Handa (84),SANGRUR,29.74282,75.90985,39933,1909.504404660352,1908.350830078125,0.5521092619346418,0.3009517466270199,1.446358133976609,-0.5482621474883477,-0.186189626389417,633.6374375231281,24.116065766057964,1.0,20.0,0,101,171,435.0,ANDANA
29017,Bakarpur (70),KAPURTHALA,31.54955,75.4390945,29017,1908.552854524503,1908.3502197265625,0.5278193856166737,0.2330666113989751,1.5347840602077705,-0.5020506585469752,-0.1374269995900669,800.9258451869385,22.437382947828382,1.0,10.0,2,13,108,194.0,NADALA
36739,Noorpur Faranswala (251),PATIALA,30.3423424,76.41278,36739,1905.9090841646027,1908.3480224609375,0.3070017123272888,0.1304050783644628,0.7322882666760615,-0.3768424878534853,-0.0146262401644624,838.7113861003891,23.0675866741897,1.0,113.0,125,125,155,123.0,BHUNER HERI
28597,Veela Bajju (75),GURDASPUR,31.9639645,75.41655,28597,1908.6215814432228,1908.347412109375,0.5397572818591944,0.2290834289077944,1.661433680653805,-0.5125074180785012,-0.1437238273881936,946.5990171537186,22.22317469810535,1.0,615.0,15,0,731,751.0,SRI HARGOBINDPUR
28551,Sukala (58),GURDASPUR,31.9639645,75.41655,28551,1910.094854502298,1908.34619140625,0.5525821539351365,0.2461983311235473,1.6829710991411548,-0.5232819998969271,-0.1587224009449942,911.4683362653152,22.180698756103368,1.0,350.0,16,0,301,386.0,SRI HARGOBINDPUR
37954,Sheikh Chak (109),Tarn Taran,31.4757462,74.91092,37954,1908.2601649621947,1908.344970703125,0.54239631976536,0.2021330673018752,1.4913155029522016,-0.5209156749395489,-0.1196643909643238,855.9307250192063,22.707733182606887,1.0,203.0,320,150,320,261.0,TARN TARAN-12
39508,Gowara (146),SANGRUR,30.522522,76.0520859,39508,1908.1417993858909,1908.342529296875,0.6233023542081517,0.304570229361878,1.535598256299633,-0.5878700916734273,-0.2071710035661625,742.2380244402809,22.955752515831488,1.0,810.0,355,0,580,822.0,MALERKOTLA
30254,Hardo Pharala (236),JALANDHAR,31.261261,75.54496,30254,1909.6573578290545,1908.3416748046875,0.5823946412446733,0.2317917684269042,1.9066273239407727,-0.5342982745824228,-0.1590921886712587,775.8932536375798,22.625242226035454,1.0,16.19,135,35,339,322.0,JALANDHAR-EAST
33315,Siarh (390),LUDHIANA,30.3783779,75.85614,33315,1907.3549048383115,1908.34033203125,0.6441657370997862,0.3315230774670535,2.085471783566843,-0.59858003492972,-0.248180590477555,798.1422933747666,22.84587891937236,1.0,1075.0,750,225,884,1153.0,Maloud
36396,Udha (211),PATIALA,30.4684677,75.98893,36396,1905.8891513435,1908.3389892578125,0.6038702122865025,0.2520727444733339,1.5896627914254744,-0.5683902177737725,-0.1662388086269845,747.8469815492991,22.98680109837019,1.0,165.0,15,50,100,180.0,NABHA
33672,Pandori (78),LUDHIANA,30.7747746,75.6425858,33672,1913.4641533370127,1908.3360595703125,0.5976075077699049,0.2453462600108931,1.709842435344262,-0.568755525235334,-0.1692777301454577,764.5863198736361,22.88845614762091,1.0,300.0,33,33,312,300.0,SUDHAR
29616,Dhak Khalwara (69),KAPURTHALA,31.2698345,75.6930161,29616,1906.8265152228173,1908.3355712890625,0.5561161743973042,0.2122747997123947,1.569955665195896,-0.5338809741868047,-0.1304769065171412,789.2529609610932,22.57912219385276,1.0,1.0,0,0,1,210.0,PHAGWARA
35160,Paniwala Mahla (98),FAZILKA,30.1981983,74.17425,35160,1910.1258128164304,1908.3341064453125,0.3927000261718326,0.0118338011046565,0.9074039811827882,-0.432681455945701,0.0509033739874544,386.4032196050625,24.750738818565694,1.0,1832.0,485,452,515,1617.0,KHUIAN SARWAR
33299,Ferozepur (209),LUDHIANA,30.738739,76.01257,33299,1906.575839965211,1908.33349609375,0.5510906147430837,0.2679621113395862,1.4696529233392237,-0.5405794667620585,-0.1636111797137734,817.5590130498307,22.778822665703103,1.0,262.0,3,0,60,125.0,DORAHA
32308,Kazampur (261),Shahid Bhagat Singh Nagar,31.1171169,76.04034,32308,1908.1465767230104,1908.3333740234375,0.5074768120533896,0.1919921788825626,1.4293062312525813,-0.5050000342169855,-0.1031326482630706,849.2179955505986,22.679850930024813,1.0,136.0,90,90,170,149.0,NAWANSHAHR
35070,Ghurianan (177),FAZILKA,30.3423424,74.2414856,35070,1909.7836543412163,1908.332763671875,0.6183733017813788,0.2892816726982421,1.4722656163533956,-0.5749554710965259,-0.1910712179178957,462.9275741984742,24.569511895819574,1.0,1156.0,195,195,555,1233.0,Arniwala Shiekh Subhan
36722,Jodhpur (261),PATIALA,30.1621628,76.5228348,36722,1906.0495584365349,1908.332275390625,0.3348089506681059,0.1634954912472164,0.8152948658202062,-0.3941751098611201,-0.0397271307869673,845.6379654402215,23.0576068617799,1.0,196.0,30,30,85,211.0,BHUNER HERI
30185,Anihar (210),JALANDHAR,31.0270271,75.80011,30185,1907.2341105320115,1908.3310546875,0.6195554676228782,0.270204191227945,1.83148437995139,-0.5705368471064852,-0.192375875503293,836.1903273367172,22.49548548311857,1.0,205.0,63,63,208,205.0,PHILLAUR
35730,Lehra Sondha (195),BATHINDA,30.3963966,75.13901,35730,1906.903808403144,1908.3297119140625,0.5850782938582478,0.2342493360661703,1.6619946249847564,-0.539766652197721,-0.162779101763993,601.2760321681341,24.068548981097216,0.96129617797944,1511.0,175,170,350,738.0,NATHANA
36379,Sadho Heri (154),PATIALA,30.3603611,76.15539,36379,1908.3507654058064,1908.3280029296875,0.5373768876241921,0.2212098466849445,1.3314194922515443,-0.5264344894599613,-0.1273115540282973,742.1264591624634,23.01527433478094,1.0,335.0,76,64,248,366.0,NABHA
30203,Birk (242),JALANDHAR,31.0270271,75.77908,30203,1907.733678403834,1908.3265380859375,0.6372599214902364,0.2815976217762754,1.945498816469709,-0.5839129770898286,-0.2075951757738093,789.2529609610932,22.57912219385276,0.9990474101092844,595.95,183,183,1152,670.0,PHILLAUR
39948,Mandvi (118),SANGRUR,29.837225,75.92357,39948,1907.8059869453048,1908.3245849609375,0.5155402740040469,0.2280098207978838,1.3212865852986857,-0.508845068851707,-0.1268636276743412,630.9517067213692,24.00583879832012,1.0,98.0,3500,700,1123,2464.0,ANDANA
35326,Husnar (17),SRI MUKTSAR SAHIB,30.216217,74.6674042,35326,1909.2320653440552,1908.3232421875,0.5640134099185261,0.2375930621522239,1.3280260554620642,-0.5396620286096472,-0.1413999986792406,479.2291321647076,24.6089044694576,0.9665267527880298,1527.0,6,592,1072,2079.0,GIDDERBAHA
30465,Ram Singhpur (321),JALANDHAR,31.4954948,75.54337,30465,1908.200277159901,1908.3223876953125,0.5381805950684991,0.1875138263809061,1.5552044135113487,-0.5175691137769334,-0.1096526081362407,901.4909910225688,22.46453125102829,1.0,100.0,20,5,110,74.0,JALANDHAR - WEST
35446,Wattu (97),SRI MUKTSAR SAHIB,30.4684677,74.5256,35446,1908.695831558703,1908.3221435546875,0.5713299379657438,0.2811222032313449,1.698750843904955,-0.5367195650326511,-0.1861760484174524,556.2209866186473,24.047929657036647,1.0,800.0,200,0,305,820.0,MUKTSAR
37577,But (140),AMRITSAR,31.6216221,74.9261551,37577,1907.3553765205843,1908.3216552734375,0.4999616740086096,0.1893449457184366,1.359037250268125,-0.488883404764645,-0.0993268704540744,885.7632969752154,22.613543595643325,1.0,164.0,16,67,136,181.0,VERKA
28593,Sandhwan (96),GURDASPUR,31.9639645,75.41655,28593,1907.9923272082751,1908.3203125,0.5795181468393227,0.2613525145998713,1.806117517366562,-0.5369357892461697,-0.1760291728416136,939.6018531207848,22.16399485966884,1.0,203.0,15,0,181,305.0,SRI HARGOBINDPUR
33500,Sahnewal Khurd (228),LUDHIANA,30.9009018,75.84705,33500,1906.9913486361947,1908.3192138671875,0.297950242728992,0.0287102657085471,0.903065995820047,-0.3226525002399336,0.0227804489819393,839.7097679784196,22.70817968043576,0.5297249799420852,41.0,50,30,112,213.0,LUDHIANA-2
37127,Dadian (55),AMRITSAR,31.8378372,74.76184,37127,1909.2993993558928,1908.3192138671875,0.3657248255974483,0.149730900381665,0.9104235808099952,-0.3890876239147935,-0.0376143625534887,953.765833657016,22.6391379412903,1.0,1.0,0,0,1,141.0,AJNALA
28591,Bariar (95),GURDASPUR,31.6936932,75.47134,28591,1908.6060327924108,1908.318115234375,0.5549466858449341,0.2346739666997978,1.750830430923421,-0.5197916433728118,-0.1522900611189473,915.0595013729948,22.17856655022464,1.0,235.0,0,0,204,187.0,SRI HARGOBINDPUR
33552,Ghungrana (344),LUDHIANA,30.7027035,75.7117538,33552,1908.2402559879192,1908.3172607421875,0.614782070926674,0.2831461583637696,1.67774972199248,-0.5892361430515639,-0.19819710000971,782.3198976924317,22.894344868499104,1.0,689.0,507,460,661,779.0,PAKHOWAL
33545,Khera (343),LUDHIANA,30.3948956,75.74166,33545,1909.013486507916,1908.31689453125,0.5544638420079874,0.206633701461233,1.5251516584066689,-0.5357142505248104,-0.1352201394834363,782.3198976924317,22.894344868499104,0.9739889133203768,246.0,120,45,374,276.0,DEHLON
33128,Chak Raudi (129),LUDHIANA,30.7567558,76.29937,33128,1905.5288903066328,1908.31640625,0.5130710166146477,0.1908780544439945,1.3016811569562905,-0.4878558727795373,-0.1084339875319683,887.4487522056,22.71525586757884,1.0,91.0,0,0,5,104.0,SAMRALA
35483,Dana Romana (71),FARIDKOT,30.54054,74.8318939,35483,1906.2943731242856,1908.3157958984375,0.5848652675859753,0.2686451286857224,1.6731167121200228,-0.5538255182386691,-0.1774809754192274,555.2153530528443,24.0456105442222,1.0,335.0,90,0,238,389.0,FARIDKOT
37314,Rakh Kohali (191),AMRITSAR,31.7117119,74.65997,37314,1908.651288172287,1908.3153076171875,0.563677260030153,0.2340920982562882,1.413290057585193,-0.5344636030126511,-0.1423135929154428,904.1482898404496,22.86324585740084,1.0,158.0,40,31,47,156.0,CHOGAWAN
36961,Bhadak (93),PATIALA,30.4864864,76.58844,36961,1908.6274950322456,1908.3145751953125,0.3546646699693395,0.0622682170487535,1.0909768685827792,-0.3785408249794556,0.0023979180394004,838.6602151470867,22.993380139726906,1.0,93.0,72,72,185,126.0,Shambu Kalan
35731,Lehra Mohabat (196),BATHINDA,30.3963966,75.13901,35731,1907.4946034042864,1908.31396484375,0.6216690293823846,0.2821678961586235,1.8330688421373849,-0.5662293483957394,-0.2057245748068105,595.8708215630273,24.13302679249293,0.9642109616027916,525.0,55,59,99,2670.0,NATHANA
37380,Rudala (313),AMRITSAR,31.6756763,74.8427048,37380,1911.811160826693,1908.312744140625,0.436434110969498,0.071239705721265,1.073489826319867,-0.4556263953896411,-0.0025716039434042,898.4865638425248,22.708453943606344,0.9994702851675238,290.93,98,98,218,473.0,HARSHE CHHINA
36717,Majrakhurd (248),PATIALA,30.1261253,76.5157242,36717,1907.147457535864,1908.3109130859375,0.3689629660721886,0.1387292171077583,0.9583035317958988,-0.4088963400972571,-0.037876260785164,831.8383189847367,23.081396195602963,1.0,395.0,560,100,108,158.0,BHUNER HERI
35306,Killianwali (8),SRI MUKTSAR SAHIB,30.1981983,74.48695,35306,1907.3919801530312,1908.3109130859375,0.5263228217413407,0.1271015948944416,1.16366621891394,-0.5300970005524375,-0.0493826347808141,447.70576156529,24.86171419432576,0.8216732597813337,586.63,228,228,3407,2261.0,LAMBI
34944,Jandwala (211),FAZILKA,30.6126118,74.25945,34944,1909.279354379344,1908.308349609375,0.6093413594401486,0.3459415602136476,1.660986411158169,-0.5523247508290817,-0.2352376296229005,541.6168811728852,24.234375981316475,1.0,50.0,30,30,50,442.0,JALALABAD
39894,Alisher (70),SANGRUR,29.9459457,75.8152847,39894,1907.3900435900696,1908.30712890625,0.5675957550583024,0.2638931607326458,1.330198066980074,-0.5632186803630849,-0.1562476541417357,646.557206194629,24.02802026499603,1.0,2.47,0,0,302,456.0,LEHRAGAGA
35172,Sappanwali (92),FAZILKA,30.1584911,74.1851349,35172,1906.703675651065,1908.3052978515625,0.540378185199074,0.1206474233901433,1.374934095738181,-0.5165689775180025,-0.0552598507740342,419.5062312295335,24.84099345354161,0.915547110642116,1420.0,252,802,891,1776.0,KHUIAN SARWAR
28582,Darewali (74),GURDASPUR,31.9639645,75.41655,28582,1909.390286906957,1908.304931640625,0.5015657365988275,0.2006146369585632,1.435881543339817,-0.4950923881757501,-0.1120070384642487,862.6432921743095,22.4084393593292,1.0,265.0,65,0,250,289.0,SRI HARGOBINDPUR
30227,Dhesian Kahna (28),JALANDHAR,31.1688271,75.08524,30227,1908.587265344604,1908.304443359375,0.5820655452865331,0.2523136688065223,1.6018945406043152,-0.5624086922089016,-0.1653205105239035,801.6018760626566,22.664956602265143,1.0,434.0,270,270,721,496.0,RURKA KALAN
37807,Wadala Kalan (41),AMRITSAR,31.6036034,75.22898,37807,1907.150431137581,1908.3043212890625,0.5138070042696856,0.2069599677646518,1.6296134344404636,-0.4922643152447083,-0.1257331761913619,970.3289259767356,22.419283917930763,1.0,771.0,420,420,970,889.0,RAYYA
36477,Phagan Majara (334),PATIALA,30.4684677,76.21889,36477,1905.5746417667049,1908.303955078125,0.516596623120075,0.2100135821023642,1.4589123203426952,-0.5013891044222921,-0.1222315089277141,839.2900984832331,22.918922153473368,1.0,9.0,13,8,180,511.0,PATIALA RURAL
32225,Grupar (210),Shahid Bhagat Singh Nagar,31.0693569,76.00235,32225,1910.4405593897725,1908.3033447265625,0.6359871639298093,0.2766175732518777,1.75895855883154,-0.5951661454447718,-0.1960591578853528,834.8770263483501,22.597843739201856,1.0,403.0,45,35,225,474.0,AUR
35780,Chugha Kalan (79),BATHINDA,30.20062,74.94326,35780,1907.7767990381465,1908.3013916015625,0.5862915787460846,0.2314501690476843,1.3731273435674696,-0.5640395908970081,-0.1375796610391882,519.1351416518586,24.5292024588677,1.0,1625.0,493,493,895,1847.0,BATHINDA
39788,Sahoke (83),SANGRUR,30.2882881,75.84898,39788,1907.154667045241,1908.298095703125,0.6920504763176804,0.3321700968820025,1.914487777538266,-0.6365462699479286,-0.2544041213858058,659.4906988551514,23.83767581675164,1.0,342.0,100,280,370,511.0,SANGRUR
32191,Mahrampur (86),Shahid Bhagat Singh Nagar,31.2972965,76.12208,32191,1905.1711792930107,1908.298095703125,0.5775721058487124,0.2247723768431284,1.6245365167752222,-0.5598155121717083,-0.1428946143856846,795.2970954587357,22.747902170555847,1.0,80.0,0,0,150,95.0,BANGA
39532,Sampurangarh (175),SANGRUR,30.5116673,75.90324,39532,1904.652827337284,1908.2972412109375,0.6490550025728222,0.3104704009042658,1.53030124809895,-0.6113280232786815,-0.2110311171093474,717.1626779248612,23.10685946835593,1.0,247.0,0,0,10,131.0,MALERKOTLA
36352,Sahauli (114),PATIALA,30.3423424,76.41278,36352,1906.4156544787184,1908.296630859375,0.5317968272959893,0.2251387129578083,1.3908166995333369,-0.5189650411715362,-0.1305064332933264,785.1448306363172,22.975254495445576,1.0,524.0,250,253,398,577.0,NABHA
35461,Bhairon-Ki-Bhatti (104),FARIDKOT,30.594595,74.81081,35461,1907.213297634963,1908.2962646484375,0.6454032086330534,0.3190259899292969,1.8649076295590048,-0.5970326441295666,-0.2303328977777682,530.2511992862122,24.18723144646572,1.0,1181.0,82,80,142,480.0,KOT KAPURA
35340,Mallan (81),SRI MUKTSAR SAHIB,30.4684677,74.5256,35340,1908.689899068315,1908.295654296875,0.6220459446693349,0.2946659857318687,1.5763998587244727,-0.5838385235500219,-0.2001016548153613,523.5818636308163,24.330239079102785,1.0,263.0,35,90,110,3151.0,GIDDERBAHA
30513,Bula (351),JALANDHAR,31.54955,75.62938,30513,1910.358326081936,1908.2955322265625,0.5563432036172058,0.196484456672591,1.6669525125208746,-0.5309453440067831,-0.122438888630711,805.4736348798173,22.43289419592901,1.0,2.8,35,0,190,358.0,BHOGPUR
32229,Sheikhupur (182),Shahid Bhagat Singh Nagar,31.0810814,75.9904556,32229,1906.9793570796965,1908.29541015625,0.6097305164949399,0.2668139052281249,1.7353593192066703,-0.5801305755997579,-0.1860618355878896,833.134436019774,22.584808701788408,1.0,2.47,0,0,429,420.0,AUR
37612,Sohian Khurd (288),AMRITSAR,31.6216221,74.86267,37612,1909.386115254585,1908.2940673828125,0.3653075869143959,0.0242373001916477,0.9355463961825388,-0.3796635708809486,0.0364220738361789,969.8854777028458,22.378567518482896,1.0,2.3,20,0,170,359.0,VERKA
29093,Lit (114),KAPURTHALA,31.3873882,75.41406,29093,1907.909182654568,1908.293701171875,0.5672529848280138,0.2258021493503655,1.8369236061344527,-0.5288981137711983,-0.1508370719852418,843.1864175012009,22.479022681880625,1.0,2.0,20,0,239,320.0,NADALA
34200,Sanghera (205),MOGA,30.9729729,75.1477356,34200,1907.434653676141,1908.2919921875,0.4583909011161335,0.1956680547404402,1.277378815806283,-0.4464875711439187,-0.1063245664603654,733.8650031639644,22.973199098625987,1.0,239.0,10,100,119,265.0,KOT-ISE-KHAN
30337,Johal (201),JALANDHAR,31.3153152,75.58828,30337,1909.193860738602,1908.291748046875,0.4967012213707193,0.1488601057939828,1.672209137351325,-0.4735001639580336,-0.086409494522293,804.1580686506817,22.571016254908173,1.0,7.8,15,20,290,139.0,JALANDHAR-EAST
35227,Kandu Khera (20),SRI MUKTSAR SAHIB,30.4324322,74.39356,35227,1907.071097987844,1908.2901611328125,0.5917360928722196,0.1926870975348069,1.3835631969373317,-0.560007758323712,-0.1093174871304703,430.9029238671433,24.920786169948222,1.0,1260.0,648,648,997,1619.0,LAMBI
30509,Garhi Bukhsha (101),JALANDHAR,0.0,0.0,30509,1909.1076651786784,1908.2891845703125,0.5894143307139785,0.2044215852088389,1.941540823125476,-0.5435944774660808,-0.1402895792183372,805.4736348798173,22.43289419592901,1.0,2.9,45,40,325,215.0,BHOGPUR
35807,Sangat Kalan (99),BATHINDA,30.1974144,74.9475861,35807,1907.8170666596843,1908.2882080078125,0.571190364208202,0.1632205116276719,1.521357432557477,-0.5460449103806307,-0.0905630447482113,518.2617077824798,24.580097116543115,1.0,607.0,126,50,180,1799.0,SANGAT
35772,Behman Dewana (74),BATHINDA,30.20053,74.94333,35772,1907.345323610084,1908.279052734375,0.5431292485105077,0.1975454833983663,1.4443212446974394,-0.5230794495026708,-0.1121824862032243,533.2016078119003,24.487783888131293,0.8693722615736332,1400.0,522,500,879,1749.0,BATHINDA
28998,Hassuwal (59),KAPURTHALA,31.6016369,75.44676,28998,1905.1317695199275,1908.2777099609375,0.5462574280458704,0.2311395443524197,1.499994907753348,-0.5233500520161555,-0.1374492521760293,860.1867499759095,22.40933991115594,0.9492791580477028,731.0,12,22,48,124.0,NADALA
30128,Chak Sahbu (176),JALANDHAR,31.0270271,75.77908,30128,1908.037257930968,1908.276123046875,0.5781828633607475,0.2216180889759155,1.6957208202066023,-0.5422644774052103,-0.1511050867470045,847.3562988450425,22.43174952083797,1.0,219.0,130,130,394,211.0,PHILLAUR
29333,Qaulpur (170),KAPURTHALA,0.0,0.0,29333,1912.918876518888,1908.27587890625,0.5024506861750331,0.1607565382507647,1.4407760794810636,-0.498604441785715,-0.0877270764404871,877.3390377441392,22.57116212805404,1.0,2.5,25,20,80,239.0,KAPURTHALA
33526,Rurka (330),LUDHIANA,30.3948956,75.74166,33526,1906.908466004691,1908.275634765625,0.5393027945006047,0.2133166122821525,1.5633328536247886,-0.527834051550327,-0.1351970728908967,806.7433639511537,22.81918011917922,1.0,430.0,135,45,524,486.0,DEHLON
33333,Maksudra (226),LUDHIANA,30.738739,76.01257,33333,1906.168049394795,1908.2745361328125,0.584319294511153,0.2783418762377282,1.8835336110309688,-0.53370541727648,-0.1930578144114052,819.5858857840636,22.772358581695546,1.0,300.0,50,0,675,883.0,DORAHA
37141,Bhogan (42),AMRITSAR,31.8378372,74.71943,37141,1912.845255214704,1908.2725830078125,0.5019709790164495,0.1531220823756354,1.2117942939777242,-0.5032184847600416,-0.0672953417997793,917.5402614285844,22.767377350587992,1.0,1.0,0,0,1,214.0,AJNALA
36631,Mardan Heri (33),PATIALA,30.2812347,76.4392,36631,1907.2574991639224,1908.2724609375,0.4941445347473828,0.1877437422968082,1.2245790562779837,-0.5059419404739873,-0.0915388274360611,855.5401804854768,23.039179985216663,1.0,381.0,1224,200,452,532.0,SANOUR
30165,Turan (189),JALANDHAR,31.0270271,75.80011,30165,1907.5255099454992,1908.2723388671875,0.611417829776201,0.2660801088690098,1.728973098095323,-0.5776880937003527,-0.1820096029411406,847.3562988450425,22.43174952083797,1.0,121.0,45,45,135,121.0,PHILLAUR
30126,Muzara (178),JALANDHAR,31.0270271,75.77908,30126,1907.798551750299,1908.2720947265625,0.6368316517713736,0.2724734092163831,1.8600716905768668,-0.5909249743794645,-0.1996448612219677,847.3562988450425,22.43174952083797,1.0,149.0,55,55,243,149.0,PHILLAUR
29678,Parwa (116),KAPURTHALA,31.3873882,75.39295,29678,1908.0340520810407,1908.2718505859375,0.6561110643763911,0.2893977560774672,1.93373073052912,-0.60833587524527,-0.2139757864484477,775.6061152253845,22.623002587664534,1.0,676.0,253,0,243,567.0,PHAGWARA
36084,Dalel Singhwala (51),MANSA,30.2522526,75.19539,36084,1910.393719496372,1908.2716064453125,0.6518518945392597,0.3026297120565563,1.7034829285491653,-0.6179596751799175,-0.2167439760985282,646.8460652043717,24.14646156334254,1.0,821.0,850,500,610,937.0,MANSA
35881,Ghuman Khurd (69),BATHINDA,30.072073,75.2246552,35881,1907.0825783570417,1908.2706298828125,0.6523250605715597,0.2819699261488037,1.6786129213936043,-0.6061267723013888,-0.1987991531729894,626.4518740584748,24.188499415187493,1.0,566.0,118,113,193,616.0,MAUR
37536,Chauhan (128),AMRITSAR,31.6396389,75.00416,37536,1911.648512225216,1908.2705078125,0.4261989151714075,0.0749632460013206,1.273877163516612,-0.4202547676301004,-0.0163936467654152,972.7587939094312,22.455270217068367,1.0,390.0,248,244,403,457.0,JANDIALA GURU
33108,Bharthala (89),LUDHIANA,30.7567558,76.29937,33108,1906.361271787694,1908.2703857421875,0.5661782945082693,0.2176894178571365,1.6264645623918832,-0.5366560200185405,-0.1398104956408248,877.0423434912443,22.823582281391523,1.0,40.0,40,60,216,377.0,SAMRALA
36035,Jalwehra (162),MANSA,29.8558559,75.70521,36035,1908.9006794080487,1908.26904296875,0.5450146643461145,0.2407703026037332,1.414686301933694,-0.5336952481282892,-0.1429945122374241,654.370926955447,24.152787182240072,1.0,396.0,180,165,265,442.0,BUDHLADA
37253,Anayatpura (118),AMRITSAR,31.6175823,74.87588,37253,1905.7064299710191,1908.267822265625,0.5452607661778454,0.2164296335492904,1.3223786387592964,-0.5261862021873598,-0.1233843648758838,953.765833657016,22.6391379412903,1.0,30.0,55,57,62,346.0,AJNALA
33266,Aluna Pallah (258),LUDHIANA,30.738739,76.01257,33266,1905.8896089944672,1908.267333984375,0.5416306628624229,0.2208222031070117,1.588172381250364,-0.5218247438364143,-0.137009985739011,826.4746396743894,22.748503845099325,1.0,250.0,50,0,150,223.0,DORAHA
30466,Nussi (320),JALANDHAR,31.5855846,75.63746,30466,1908.321618740449,1908.267333984375,0.5515160847226291,0.1846312332365097,1.711282488392739,-0.5212593254173654,-0.115513442316141,870.0524671054311,22.4857646509202,1.0,372.0,260,80,500,419.0,JALANDHAR - WEST
33191,Bhadla Nicha (213),LUDHIANA,30.63063,76.09503,33191,1905.3230263887888,1908.2664794921875,0.4473310763458769,0.1325467369487352,1.3897644564231293,-0.4398703954601572,-0.0599347938290316,901.8612000157732,22.79804944424137,0.8470556465654675,2.47,0,0,400,377.0,KHANNA
35368,Mehrajwala (37),SRI MUKTSAR SAHIB,30.594595,74.45496,35368,1906.772452522678,1908.265869140625,0.5902997964109677,0.2587008118758819,1.3581182280806627,-0.557344188012773,-0.1610690806381802,496.8575983900741,24.47751405585157,1.0,703.0,126,330,342,703.0,MALOUT
30257,Kukar Pind (228),JALANDHAR,31.27928,75.58047,30257,1910.372578412564,1908.26513671875,0.5567399765399355,0.2092378187778497,1.8109019778642648,-0.5199196489431513,-0.137763434785532,807.6697910271959,22.597611561410435,1.0,8.09,125,76,604,512.0,JALANDHAR-EAST
34979,Chak Lamochar (246),FAZILKA,30.6126118,74.25945,34979,1906.571356566846,1908.26416015625,0.6224182543284147,0.3306063163565483,1.4891929436454845,-0.5879996420888166,-0.2226213143079225,558.8483404877186,24.22876460661428,1.0,275.0,82,80,138,304.0,JALALABAD
35341,Kishanpura (86),SRI MUKTSAR SAHIB,30.3243237,74.70793,35341,1907.8795475315485,1908.263916015625,0.6390763813780753,0.2980438778065577,1.726736952949779,-0.5913193397555434,-0.2130606093995673,523.9143642124292,24.331910868098586,1.0,445.0,180,180,355,491.0,GIDDERBAHA
36650,Nogawan (192),PATIALA,30.1441441,76.3005,36650,1912.1978105998608,1908.263916015625,0.3240746572627531,0.0917421579030774,0.7153806603647463,-0.4052255712984018,0.0147672776396371,804.4390770604508,23.17196258495545,1.0,364.0,850,85,242,399.0,SANOUR
28531,Chak Wasan (30),GURDASPUR,31.6936932,75.47134,28531,1908.0722388291829,1908.263671875,0.572579339894556,0.2395534784170456,1.7522070851600544,-0.5362469119770441,-0.1575153841260715,957.1092558764948,22.22870018331882,1.0,65.0,55,0,86,72.0,SRI HARGOBINDPUR
37149,Saido Gazi (37),AMRITSAR,31.8378372,74.76184,37149,1906.7168518269973,1908.260498046875,0.5255724267523261,0.1825988945948765,1.3382935177083628,-0.5119581638889683,-0.1005965164985469,917.5402614285844,22.767377350587992,1.0,38.0,15,15,41,131.0,AJNALA
35171,Saiyadwala (108),FAZILKA,30.1621628,74.16796,35171,1908.0244045313336,1908.2589111328125,0.5539320231999204,0.1440606978451762,1.5395763981903414,-0.509188295776915,-0.0806675405151906,419.5062312295335,24.84099345354161,1.0,1661.0,118,124,1218,1775.0,KHUIAN SARWAR
30172,Sarhal Mundi (195),JALANDHAR,31.0270271,75.80011,30172,1906.3747576566027,1908.2568359375,0.5812907460346551,0.2228529142421981,1.651375978255743,-0.5503700836466372,-0.1487299678943325,820.5191071367345,22.551920215843552,1.0,284.0,76,76,366,284.0,PHILLAUR
29617,Khalwara (68),KAPURTHALA,31.2204113,75.76806,29617,1906.214359901604,1908.255126953125,0.5722884192431342,0.2092608339985317,1.642281549758724,-0.545437590959485,-0.1313690700819757,775.5412345803128,22.671315989082583,1.0,172.0,99,99,288,172.0,PHAGWARA
33125,khatran (138),LUDHIANA,30.594595,76.35977,33125,1906.488403007634,1908.2545166015625,0.5478575586255865,0.2020375850254596,1.5961471037075163,-0.5214943065923948,-0.1252664075485435,868.6501004285751,22.663723932052964,1.0,299.0,40,40,260,329.0,SAMRALA
33659,Dewatwal (144),LUDHIANA,30.63063,75.52966,33659,1910.4375015382727,1908.2532958984375,0.5483571342224376,0.1618404565527155,1.604802963627868,-0.5271132106140862,-0.099721792267358,819.4311651399033,22.722257702118725,1.0,376.0,199,199,440,376.0,SUDHAR
35068,Dhabwala Kalan (183),FAZILKA,30.3423424,74.22061,35068,1909.111721225846,1908.253173828125,0.6255847366917285,0.2788719583951154,1.4570522107772597,-0.5850775065732066,-0.1869796397000807,464.068105652057,24.559570769093813,0.991850006515508,1457.0,718,718,839,1530.0,Arniwala Shiekh Subhan
33369,Partapgarh (198),LUDHIANA,30.9189186,75.84033,33369,1909.0908657826192,1908.2509765625,0.54013461366152,0.1908552354062964,1.6818236310059125,-0.515467578791309,-0.1204219501184102,848.4794360061029,22.75444189803348,1.0,153.0,14,0,163,174.0,LUDHIANA-2
29670,Jagatpur Jattan (113),KAPURTHALA,31.3240147,75.53772,29670,1909.537879644496,1908.2509765625,0.645535629776962,0.2795774611123391,1.8966844638950056,-0.597785492522743,-0.2052767679792577,774.5449784209626,22.62641459229758,1.0,763.0,368,0,517,455.0,PHAGWARA
33305,Theh Bhaini (399),LUDHIANA,30.3783779,75.85614,33305,1908.8999584322107,1908.2506103515625,0.6454286446086662,0.3117538465556416,1.7544039144407466,-0.5926638033817525,-0.2203094795906145,798.1422933747666,22.84587891937236,1.0,388.0,0,0,330,35.0,Maloud
29287,Rawal (129),KAPURTHALA,31.36937,75.3784943,29287,1915.3229557375964,1908.2503662109375,0.5329889892761316,0.1227070112453494,1.8087257844957336,-0.5025111654723075,-0.0755237486758847,931.4781430133828,22.495089209651,0.6243004860884961,6.27,110,110,150,92.0,KAPURTHALA
38269,Miani (340),Tarn Taran,0.0,0.0,38269,1911.8546613359783,1908.249755859375,0.2652284299972326,0.1513820006577417,0.7468938804072568,-0.2663673604045229,-0.020430709515282,871.8868125053334,22.743685445910145,0.8162421191505778,220.0,8,10,19,288.0,KHADUR-SAHIB-10
39858,Kotra Amru (25),SANGRUR,30.2488155,75.83926,39858,1907.0178135193776,1908.2490234375,0.6990138844497288,0.3651056161664326,1.9476976881938093,-0.6348371016126512,-0.2822151308212027,659.8070183079295,23.84482168059319,1.0,2.47,0,0,315,452.0,SUNAM
30183,Kot Garewal (208),JALANDHAR,31.0270271,75.77908,30183,1907.0487941978804,1908.248046875,0.6340308032759556,0.2716576676604906,1.881716826477871,-0.5822599211698885,-0.1966759124278246,811.7652870838955,22.559190918929023,1.0,195.0,58,58,230,195.0,PHILLAUR
36294,Dawarkapur (190),PATIALA,30.0180187,76.16165,36294,1908.4580363681712,1908.2471923828125,0.3391119636990267,0.1401643923211352,0.8272858723199927,-0.3927707995790627,-0.0282246514256774,664.6154168059724,23.58825847430029,1.0,330.0,40,40,50,434.0,SAMANA
35418,Ranjitgarh (159),SRI MUKTSAR SAHIB,30.4684677,74.5256,35418,1906.4732319853035,1908.2470703125,0.6164882473533569,0.3056393333121819,1.5433409114552277,-0.5823129956724366,-0.2062230795032407,565.9232051257491,24.094470046456404,1.0,1083.0,110,140,470,1163.0,MUKTSAR
35121,Beganwali (240),FAZILKA,30.2522526,74.17331,35121,1907.9105943034208,1908.246337890625,0.600643993855892,0.28059414409179,1.420394073816975,-0.5706263546252005,-0.1798234953602856,468.16796481936194,24.55181117181409,1.0,1042.0,330,350,500,1063.0,FAZILKA
33453,Panglian (218),LUDHIANA,30.9009018,75.84705,33453,1907.9643292378944,1908.2462158203125,0.4657386033058651,0.1621978062237516,1.4765775793337712,-0.460224592179109,-0.0830361391696992,837.7125502020066,22.74564477359885,1.0,31.0,40,50,172,142.0,LUDHIANA-2
29025,Ibrahimwal Daudpur Kharaj(54),KAPURTHALA,31.6017189,75.44681,29025,1908.7629647071929,1908.2452392578125,0.5055496022275066,0.2011080841884944,1.5709467709194456,-0.4821950242326887,-0.1169070710037575,825.6689870660432,22.425674168869403,0.964455990600331,10.0,4,2,4,506.0,NADALA
37618,Birbalpura (336),AMRITSAR,31.7477474,74.85852,37618,1907.096227887588,1908.2449951171875,0.4746620774218826,0.1282988227150924,1.1887074211043658,-0.4789673843574776,-0.0492927653577443,925.7557782342332,22.57332640097519,1.0,2.47,15,0,101,349.0,VERKA
36373,Achal (3),PATIALA,30.3603611,75.77952,36373,1908.1470037014528,1908.2432861328125,0.5383611370947076,0.2374111621538498,1.2792011675115085,-0.5311478917468977,-0.1333565993944132,742.0950377635705,23.015389611108944,1.0,443.0,105,186,293,501.0,NABHA
28552,Tananiwal (59),GURDASPUR,31.9639645,75.41655,28552,1908.6348705941448,1908.2430419921875,0.5879484265173389,0.2864074787900745,1.785979329894291,-0.5524038349653586,-0.1936502957322048,911.4683362653152,22.180698756103368,1.0,70.0,15,0,30,76.0,SRI HARGOBINDPUR
29283,Rasulpur Chisti (127),KAPURTHALA,31.333334,75.22305,29283,1913.7349769923208,1908.24267578125,0.3142409645399178,-0.0113074696723078,0.886827167245238,-0.3443171149550941,0.0572651503881753,923.7338992764847,22.55090936966161,0.5253860310263339,2.47,0,0,183,45.0,KAPURTHALA
30482,Manan (151),JALANDHAR,31.5855846,75.63746,30482,1905.524213604121,1908.242431640625,0.5753022624039059,0.2044438512799208,1.7547964092373365,-0.5387858400361556,-0.13479961124157,866.5677848269837,22.48811818547273,0.8810225297182577,179.0,80,50,200,192.0,JALANDHAR - WEST
39877,Sangatiwala (35),SANGRUR,30.2488155,75.83926,39877,1909.117341400718,1908.2420654296875,0.6572790618075118,0.3143651316725575,1.7286047627685324,-0.6051971090105792,-0.2271797324734187,652.1042379548447,23.76469388549134,1.0,2.47,0,0,498,569.0,SUNAM
36140,Gurthari (22),MANSA,30.0,75.50285,36140,1908.58251506212,1908.2413330078125,0.6509911520041544,0.3062990203005861,1.6383147431152698,-0.6100948534449474,-0.2160048214839065,646.1164880073057,24.00320673077227,1.0,486.0,0,285,357,781.0,BHIKHI
37293,Mananwala (193),AMRITSAR,31.7145386,74.6277847,37293,1908.2153399525723,1908.2403564453125,0.5956541748352887,0.2485678571839309,1.5286263673278278,-0.561165379848046,-0.1616084210185684,904.1482898404496,22.86324585740084,1.0,597.0,172,295,475,618.0,CHOGAWAN
32186,Mander (71),Shahid Bhagat Singh Nagar,31.1723537,75.97315,32186,1905.3710949395847,1908.239501953125,0.6428477981106695,0.276713734586803,1.8577985334467009,-0.6023113993998542,-0.2004378394182151,834.603883415573,22.4941340413702,1.0,90.0,20,44,134,145.0,BANGA
33081,Gurugarh (53),LUDHIANA,30.8468475,76.11909,33081,1907.9037800799488,1908.2376708984375,0.4986096288930187,0.1938631706252903,1.3764861287306362,-0.4956253057461631,-0.1047712528089217,874.8140137542158,22.8221769535499,1.0,133.0,0,15,115,148.0,MACHHIWARA
35479,Chak Shama (66),FARIDKOT,30.54054,74.85281,35479,1907.2246715460751,1908.237060546875,0.5554832432240286,0.2824936756554879,1.6560434543631242,-0.5154826907831795,-0.1829540991990997,555.2153530528443,24.0456105442222,1.0,15.0,0,0,9,106.0,FARIDKOT
32112,Heon (47),Shahid Bhagat Singh Nagar,31.2252254,76.14825,32112,1903.34177218874,1908.236572265625,0.6045732211788024,0.2645392122987709,1.6164820733699754,-0.5876949177461759,-0.1752261779032175,795.2970954587357,22.747902170555847,1.0,305.0,200,200,609,498.0,BANGA
37547,Nijarpura (144),AMRITSAR,31.6216221,74.8838348,37547,1911.1623115032623,1908.234375,0.4171551097689326,0.0841819530011041,1.1234588146354545,-0.4300805558154353,-0.0149455491213176,933.436656277408,22.53343531145123,1.0,175.0,100,110,290,210.0,JANDIALA GURU
32241,Raipur Daba (92),Shahid Bhagat Singh Nagar,31.0990982,75.9627762,32241,1905.5101464933264,1908.2332763671875,0.6269332970133803,0.2845599031588276,1.664884075870716,-0.5971044901726951,-0.1989063934686275,833.0336305310624,22.58589359521818,1.0,207.0,50,100,291,235.0,AUR
32265,Rahon(Ghakewal) (223),Shahid Bhagat Singh Nagar,31.1171169,76.04034,32265,1910.330510033648,1908.2314453125,0.5258896159158317,0.2112233770060426,1.4451834366945977,-0.5219009772226012,-0.1201195042572375,827.7784011776432,22.705808947226533,0.9703699728967912,2.47,14,0,282,2829.0,NAWANSHAHR
36398,Naraingarh (109),PATIALA,30.4684677,75.98893,36398,1905.0527690612405,1908.22900390625,0.6059724671723914,0.2647503616585507,1.5889483880066164,-0.5686148359680058,-0.1736111697533916,760.4305120773939,22.924204391240995,1.0,223.0,80,26,48,240.0,NABHA
35437,Chak Dohak (145),SRI MUKTSAR SAHIB,30.4684677,74.5465,35437,1907.8828183229048,1908.2286376953125,0.6527243205523823,0.3179467370359117,1.892830891035208,-0.6033668636905573,-0.2312453481778645,566.7901876380341,24.07230351482088,1.0,356.0,0,40,80,285.0,MUKTSAR
33383,Mallewal (15),LUDHIANA,30.9009018,75.84705,33383,1908.0343319838453,1908.2264404296875,0.5161528406701921,0.2046361168666907,1.37272230587008,-0.5181344460237904,-0.1113782065621875,849.1459134032624,22.75239176079907,1.0,30.0,20,20,90,35.0,LUDHIANA-2
36146,Ali Sher Khurd (11),MANSA,30.072073,75.5369644,36146,1907.8734709706432,1908.22607421875,0.6550365149769541,0.2867415278331215,1.6668699355158014,-0.6155787431363215,-0.2018533749257547,641.8226900508301,24.019966784127803,1.0,1133.0,207,207,407,495.0,BHIKHI
35806,Anoopgarh Urf Machhana (98),BATHINDA,0.0,0.0,35806,1907.1257195079927,1908.22509765625,0.5653337209277716,0.1838942434406461,1.4733616549299735,-0.5380265168855931,-0.1079244616229481,523.7409724048492,24.573792138624658,1.0,506.0,850,200,330,484.0,SANGAT
28559,Manesh (38),GURDASPUR,31.81982,75.21376,28559,1907.1956186764653,1908.2244873046875,0.5650200026109667,0.2416091964468468,1.7431681224177342,-0.5240315514925354,-0.1592883627507549,938.348985365112,22.15736502370601,1.0,203.0,185,185,219,235.0,QADIAN
35727,Poohla (198),BATHINDA,30.3063068,75.09073,35727,1910.3738522361275,1908.2237548828125,0.6723015098162033,0.3234606646046771,1.875691493874879,-0.6073922609313608,-0.2426327115834385,584.5685991456406,24.09380555237368,1.0,2243.0,812,812,1159,2249.0,NATHANA
29131,Paharipur (2),KAPURTHALA,31.405405,75.3652039,29131,1911.5631277198968,1908.2205810546875,0.4867907846073347,0.1776071859567513,1.534043826448428,-0.4696128498891103,-0.0997238346754395,855.3183767011063,22.46012897505409,1.0,0.4,22,0,135,80.0,DHILWAN
36402,Nauhra (104),PATIALA,30.4684677,75.98893,36402,1905.5875878997429,1908.219970703125,0.5899482426084245,0.2689849803003437,1.5441963821679756,-0.5570025735883283,-0.1749980013851772,760.4251894166367,22.92419452819485,1.0,705.0,60,204,410,747.0,NABHA
35159,Gumjal (99),FAZILKA,30.1621628,74.16796,35159,1909.19732172344,1908.2196044921875,0.364304385586619,0.0055446402142586,0.8609815094942512,-0.4073941833459013,0.0562680904524647,383.1487837245362,24.710817035864352,0.9992392853593997,2147.0,421,421,515,1522.0,KHUIAN SARWAR
30717,Talla (508),HOSHIARPUR,31.6756763,75.64723,30717,1905.3247525021447,1908.218994140625,0.5822720577805743,0.2731525725510192,1.716964630122236,-0.5459110673511666,-0.1811754862214167,928.5261276175872,22.425879731414227,1.0,8.09,88,0,150,270.0,TANDA
35313,Bhagu (11),SRI MUKTSAR SAHIB,30.4324322,74.39356,35313,1907.518962580591,1908.21533203125,0.5313707781400926,0.1924790958761276,1.1873285353372611,-0.5336128479873581,-0.0964841860451084,444.7111728598969,24.88359003870295,1.0,607.0,200,200,230,613.0,LAMBI
30164,Chhokran (180),JALANDHAR,31.0270271,75.80011,30164,1907.0990425711152,1908.2144775390625,0.6033162450777475,0.2537631733960627,1.7109114647778587,-0.5716248171049301,-0.1734425047414826,847.3562988450425,22.43174952083797,1.0,396.0,73,73,517,388.0,PHILLAUR
35249,Bhagwanpura(154),SRI MUKTSAR SAHIB,30.18018,74.49417,35249,1909.8205614303545,1908.2142333984375,0.5994335097322576,0.2659035370459771,1.4130353647893814,-0.5694890011024961,-0.1661863704594909,445.0352540407531,24.69061217646796,0.9969036613215142,1113.0,245,80,356,1213.0,MALOUT
35137,Ramkot (141),FAZILKA,30.1981983,74.17425,35137,1907.549658237311,1908.2130126953125,0.5440945933944684,0.140222957896088,1.3469043494082522,-0.5250998074424676,-0.0681686173043956,464.43703202508857,24.5712077611438,1.0,965.0,285,102,459,1049.0,KHUIAN SARWAR
36091,Khilian (45),MANSA,30.0,75.39883,36091,1907.324705384382,1908.210693359375,0.6775041997935954,0.3304961756903292,1.7741415061680563,-0.6273718653186146,-0.2435212099089164,646.8460652043717,24.14646156334254,1.0,440.0,256,205,322,441.0,MANSA
29107,Butala (90),KAPURTHALA,0.0,0.0,29107,1913.9394215592424,1908.20947265625,0.5204880068020385,0.1704533503051583,1.6625247699160637,-0.4942816852512361,-0.09906422866066,855.3183767011063,22.46012897505409,1.0,178.0,500,40,300,198.0,DHILWAN
30127,Mandi (177),JALANDHAR,31.0270271,75.80011,30127,1907.8204475353928,1908.20947265625,0.6099540722175697,0.2505707198691515,1.7822953108902235,-0.5690374486640217,-0.1767802604589675,847.3562988450425,22.43174952083797,1.0,376.0,112,112,525,376.0,PHILLAUR
36089,Bapiana (47),MANSA,30.072073,75.5369644,36089,1909.8921085271256,1908.205078125,0.6835626875920646,0.3267010467600821,1.8273840406930664,-0.6385109762862197,-0.2415460935058755,646.8460652043717,24.14646156334254,1.0,764.0,260,260,517,828.0,BHIKHI
30485,Bhatija Randhawa (330),JALANDHAR,31.5855846,75.63746,30485,1907.2117134934413,1908.205078125,0.5539241726227115,0.194933832618433,1.7785061465165448,-0.5177717941039728,-0.1256388156981789,866.5677848269837,22.48811818547273,1.0,285.0,200,85,245,422.0,JALANDHAR - WEST
35376,Mahan Bhaddar (57),SRI MUKTSAR SAHIB,30.594595,74.83173,35376,1907.179755119701,1908.2049560546875,0.6068953825819476,0.2794675391187882,1.437495866541073,-0.573844421251756,-0.1798206511179506,516.0497678186964,24.398695430009205,1.0,250.0,50,40,80,993.0,MUKTSAR
37486,Sohian Kalan (335),AMRITSAR,31.7657661,74.93667,37486,1906.188938643253,1908.2039794921875,0.4285125395785281,0.0879113111903268,1.091098653695447,-0.4346582638726586,-0.0155850664041574,941.212990494397,22.531507520514428,1.0,354.0,65,65,163,1486.0,MAJITHA
34972,Chak Sotrian (232),FAZILKA,30.594595,74.24564,34972,1906.37738916938,1908.2025146484375,0.6484615589363233,0.3490473947316756,1.608291932533779,-0.6015650987801631,-0.2524270838843213,537.5568660905259,24.30053681632836,1.0,363.74,72,72,102,404.0,JALALABAD
32792,Bhal Majra (312),FATEHGARH SAHIB,30.5832787,76.3223343,32792,1903.1364336408776,1908.2008056640625,0.5260246751010431,0.2086733766955788,1.5484209489287488,-0.5068928368238748,-0.1235104296406253,830.6058623497072,22.92443508698432,1.0,161.9,80,46,250,191.0,SIRHIND
37571,Jhita Khurd (261),AMRITSAR,31.6216221,74.9261551,37571,1910.314088837616,1908.2005615234375,0.4709393548475003,0.1406380666303482,1.2147202452674568,-0.4748803229356061,-0.0596338853934852,912.7677254981508,22.615377330927515,1.0,2.47,40,0,90,107.0,VERKA
39885,Gidrani (51),SANGRUR,29.927927,75.80155,39885,1907.9054262334057,1908.2005615234375,0.5890705151699419,0.2688611173483128,1.4216152696335889,-0.5651170595108014,-0.1694791851640877,652.4315561514615,24.067674939486608,1.0,744.0,375,356,425,813.0,LEHRAGAGA
39897,Kalia (79),SANGRUR,29.9459457,75.79449,39897,1907.770788509924,1908.1993408203125,0.5282022739442481,0.236438332555078,1.4543660462497692,-0.5157956971390453,-0.1403521353112296,642.8550312939677,24.19889513855411,1.0,50.0,405,380,470,649.0,LEHRAGAGA
35359,Duhewala (34),SRI MUKTSAR SAHIB,30.216217,74.6674042,35359,1908.000112123682,1908.19921875,0.6153968666395351,0.2893889569065948,1.408723235429852,-0.5834170597790137,-0.1880311089481566,502.0259535750386,24.476429827971707,1.0,784.0,240,240,412,843.0,GIDDERBAHA
37611,Jethuwal (246),AMRITSAR,31.6756763,74.9909058,37611,1907.8270135487496,1908.1983642578125,0.3756761631675332,0.0301860433800506,1.0404353281341263,-0.3835457107530312,0.0267682587545902,969.8854777028458,22.378567518482896,1.0,0.00274,200,200,816,531.0,MAJITHA
32847,Salana Dulla Singh Wala (17),FATEHGARH SAHIB,30.6126118,76.2274246,32847,1906.490609547609,1908.1978759765625,0.4627486018562892,0.1644411673587913,1.3989675668052477,-0.4566039223268938,-0.0836291032047395,825.7323893716233,22.871801084820504,1.0,1.0,180,182,302,477.0,AMLOH
33179,Goh (172),LUDHIANA,30.63063,76.09503,33179,1906.400714328051,1908.19775390625,0.4810345361852426,0.1540654632220506,1.3474253550277002,-0.4773250645542307,-0.0773445478515574,893.4929565835549,22.76446271459364,1.0,2.47,0,247,548,606.0,KHANNA
36086,Malakpur (56),MANSA,30.0,75.39883,36086,1909.0056496762527,1908.197509765625,0.5666689103919857,0.1674391818924269,1.4451734751392562,-0.5455764445438057,-0.0978296405686809,644.9050858423301,24.195639718507422,0.9854828606491888,940.0,370,370,570,1102.0,MANSA
39883,Daska (48),SANGRUR,29.927927,75.80155,39883,1907.8823102990204,1908.196533203125,0.5850306836886099,0.2671991581747473,1.4028230567923214,-0.5679796379269408,-0.1672730679463868,651.9196354287534,24.09821001306341,1.0,2105.0,375,865,935,2107.0,LEHRAGAGA
30184,Ladian (209),JALANDHAR,31.0270271,75.80011,30184,1906.873795904734,1908.194580078125,0.6659226752816687,0.302889137585169,1.979658442063188,-0.609877154405875,-0.2275226767958714,794.1507370884449,22.66979060994204,1.0,204.0,25,25,124,204.0,PHILLAUR
28570,Bhattiwal (43),GURDASPUR,31.6936932,75.47134,28570,1908.4754200699333,1908.1932373046875,0.5460516086520896,0.2330562817705358,1.6806247592428905,-0.5153815035150623,-0.1480649735618101,911.4683362653152,22.180698756103368,1.0,400.0,60,0,428,442.0,SRI HARGOBINDPUR
28592,Nangal (94),GURDASPUR,31.6756763,75.47786,28592,1907.6904871966035,1908.191650390625,0.5366954385075497,0.2093201094144919,1.590553868440801,-0.513810014062394,-0.1289123450268152,911.4683362653152,22.180698756103368,1.0,15.0,0,0,10,120.0,BATALA
30138,Pal Qadiam (145),JALANDHAR,31.0270271,75.77908,30138,1911.228853608429,1908.1915283203125,0.5985886585995441,0.2484891504932136,1.693557100511352,-0.564702160453792,-0.1695639375208842,846.9261619260209,22.50267018928656,1.0,138.0,97,97,235,137.0,PHILLAUR
30096,Shampur (45),JALANDHAR,31.1563168,75.69985,30096,1910.815170408593,1908.18896484375,0.6743355494513028,0.3241497205432815,1.9724815277852272,-0.625773344686424,-0.2454315586200338,831.9011124780076,22.70811725901973,1.0,85.0,20,70,140,95.0,NURMAHAL
35434,Wangal (148),SRI MUKTSAR SAHIB,30.4864864,74.518486,35434,1908.1741575429987,1908.1884765625,0.6144177577514461,0.2877455952962134,1.7204634479255383,-0.5752590739048703,-0.1971402491516942,566.7901876380341,24.07230351482088,1.0,485.0,88,20,100,520.0,MUKTSAR
32213,Bakhlaur (199),Shahid Bhagat Singh Nagar,31.0990982,75.9627762,32213,1907.1421554063493,1908.1881103515625,0.6561198193903871,0.3092066365027044,1.822462376878028,-0.619379404898617,-0.2239293414014803,841.1638757731403,22.498393898943075,1.0,100.0,110,108,642,527.0,AUR
39514,Nangal (154),SANGRUR,30.4866142,75.95732,39514,1904.7541862855944,1908.1875,0.6251845782684424,0.2840011861587144,1.5230470375624547,-0.5933705785260235,-0.1875031663414597,742.3286381175416,22.955177382900672,1.0,168.0,85,0,121,195.0,MALERKOTLA
34949,Dhab Karyal (202),FAZILKA,30.522522,74.2741852,34949,1906.7633512308648,1908.1875,0.5688037679352763,0.2716711065292874,1.456129093412204,-0.5433564935975176,-0.1751817813392606,561.204139976006,24.16931993129932,1.0,200.0,102,81,116,435.0,JALALABAD
35474,Dhimanwali (98),FARIDKOT,30.5765762,74.8178253,35474,1908.579344919089,1908.1842041015625,0.5711448090789105,0.2679068126023059,1.6367056238259805,-0.5431916491947646,-0.175074263815053,555.250316283182,24.044832448095413,1.0,695.0,425,425,487,761.0,KOT KAPURA
33583,Bulara (265),LUDHIANA,30.3603611,75.7377548,33583,1908.128045971659,1908.1826171875,0.408961723678189,0.0983927439051968,1.214549426001277,-0.425258651748355,-0.0315581719397301,822.9384216477769,22.76890863195922,1.0,282.31,0,50,497,324.0,LUDHIANA-1
30262,Paras Rampur (184),JALANDHAR,31.3153152,75.58828,30262,1908.3262980338889,1908.1826171875,0.5963005406653464,0.2395048612439107,2.079989903628195,-0.5457016326094635,-0.169152951398718,814.4297393968003,22.591733580938524,1.0,82.6,55,55,360,200.0,JALANDHAR-EAST
34886,Rukna Qasam (281),FAZILKA,30.7027035,74.41252,34886,1906.6665285380543,1908.1815185546875,0.6355462076671542,0.2909814839359647,1.6890875004836945,-0.5902652667989098,-0.2048684126112905,613.8076342832733,24.018415318186783,1.0,2.0,60,0,178,241.0,GURU HAR SAHAI
32252,Sodhian (186),Shahid Bhagat Singh Nagar,31.0810814,75.96941,32252,1904.598252307404,1908.1793212890625,0.6869061136443166,0.3273765475083669,1.9771239891982493,-0.6288840451296405,-0.2512695028445366,833.0336305310624,22.58589359521818,1.0,110.0,63,79,180,115.0,AUR
32627,Mughal Majra (191),FATEHGARH SAHIB,30.72072,76.3546753,32627,1903.36942584733,1908.17724609375,0.5579919650153288,0.2591957924730936,1.456604130460449,-0.5508792044187426,-0.1577041280981787,923.065257582026,22.832755958024663,1.0,0.4,0,0,1,58.0,BASSI PATHANA
36159,Aklia (6),MANSA,30.072073,75.5369644,36159,1908.929827798362,1908.17724609375,0.65390198252233,0.2992071355302163,1.7382516993567516,-0.603866521314201,-0.2159254507209682,631.7981256319949,24.02291919856077,1.0,6500.0,532,532,1232,2664.0,BHIKHI
36271,Patran (176),PATIALA,29.9639645,76.037,36271,1910.3212739598723,1908.176513671875,0.4469328736726657,0.1482685976579411,1.3315480774084014,-0.4433290148867123,-0.0745612530542862,639.0855584510149,23.86085331408955,1.0,202.0,150,150,244,450.0,PATRAN
30719,Kotsitar Khan (519),HOSHIARPUR,31.81982,75.78629,30719,1911.478838704021,1908.17529296875,0.5970893287994731,0.2876486288425103,1.7460219329625346,-0.5478304107769784,-0.1938106822940822,911.607003486362,22.33387109970529,1.0,1.33,0,0,1,73.0,TANDA
35034,Ojhanwali (216),FAZILKA,30.216217,74.25038,35034,1906.3666575800287,1908.17431640625,0.6551172518456015,0.3312350606755143,1.6840694041124131,-0.6107888275641948,-0.2386407627290471,500.80993282033546,24.395636860454665,1.0,200.0,351,85,257,532.0,FAZILKA
37378,Kotla Doom (321),AMRITSAR,31.6576576,74.5953445,37378,1909.761060337284,1908.173095703125,0.527456514310426,0.1920575526089431,1.3608540082271663,-0.5103899902866612,-0.1065920961011929,903.1070698779092,22.83477884385119,1.0,435.0,149,132,262,518.0,CHOGAWAN
35448,Chak Motlewala (95),SRI MUKTSAR SAHIB,30.4684677,74.5256,35448,1906.018454756672,1908.17138671875,0.5988845449664433,0.2771905512922805,1.7386790866025583,-0.5580975375222798,-0.1891745206281435,555.2153530528443,24.0456105442222,1.0,215.0,15,0,129,194.0,MUKTSAR
33302,Kuhli Khurd (394),LUDHIANA,30.3783779,75.85614,33302,1907.4492445937285,1908.1712646484375,0.5749512274832002,0.2536790872783663,1.5690228772610924,-0.5496820782544014,-0.1643103474712287,817.5590130498307,22.778822665703103,1.0,215.0,125,100,208,240.0,Maloud
35763,Warkandi (172),BATHINDA,30.27027,74.93797,35763,1909.1748816037773,1908.1680908203125,0.5917988531834463,0.2534685254990528,1.4786799879850916,-0.5601127852016208,-0.1596214289646319,515.5841777688453,24.28175112369625,1.0,400.0,126,126,296,377.0,GONIANA
34932,Araianwala (193),FAZILKA,30.522522,74.2741852,34932,1905.779832222764,1908.1678466796875,0.6238823735762596,0.3311170884210156,1.6660080078634671,-0.5745769278112638,-0.2292757116819558,575.0692727973359,24.12326903753388,1.0,380.0,105,101,199,433.0,JALALABAD
29063,Narangpur (6),KAPURTHALA,31.5651474,75.48562,29063,1905.93540670848,1908.167724609375,0.587021249123385,0.2655152175732628,1.7851520508902066,-0.5436616894473127,-0.180790804399178,799.557413827498,22.43312480152916,1.0,120.0,200,100,150,121.0,NADALA
35356,Sukha Ablu (76),SRI MUKTSAR SAHIB,30.27027,74.6459,35356,1908.35023863886,1908.166259765625,0.6287388287762778,0.3018037537769584,1.4718575586083145,-0.5815962782142843,-0.2021744656767306,510.9902424588833,24.486756084147387,1.0,1723.0,615,650,1246,1904.0,GIDDERBAHA
37809,Dhardeo (70),AMRITSAR,31.6036034,75.22898,37809,1906.536391865836,1908.1661376953125,0.4933300564338456,0.1831073045173879,1.5387269476751078,-0.4750032637527232,-0.1044432941118231,967.4140350739764,22.418383696726348,1.0,857.0,302,260,538,966.0,RAYYA
30799,Sadullapur (504),HOSHIARPUR,31.81982,75.8074951,30799,1902.6794248050348,1908.1658935546875,0.5149802849992426,0.2160626335547659,1.449935635051132,-0.5038908732585647,-0.1216661497791905,928.5261276175872,22.425879731414227,1.0,0.1,0,0,1,59.0,TANDA
35426,Kanianwali (150),SRI MUKTSAR SAHIB,30.4684677,74.5256,35426,1907.653193752017,1908.1658935546875,0.570891671679402,0.2219615594709583,1.520817967712833,-0.5467154206235455,-0.1359731823047556,570.28217328725,24.07627271368021,1.0,2.47,3000,400,700,1472.0,MUKTSAR
29111,Mughal Chak (97),KAPURTHALA,31.4954948,75.35319,29111,1912.24647170258,1908.1644287109375,0.5275995865832854,0.2253541905731604,1.5312710069376128,-0.5208087672963834,-0.1302523012658636,855.3183767011063,22.46012897505409,1.0,10.0,30,20,112,126.0,DHILWAN
36457,Tarkheri Kalan (314),PATIALA,30.3423424,76.41278,36457,1904.4200162213472,1908.1641845703125,0.5474890910022226,0.2332674959821492,1.5011729176560422,-0.5260194537082515,-0.1420238690501054,815.9566017796891,22.94605681146857,1.0,276.0,114,53,110,309.0,NABHA
35734,Bhucho Kalan (201),BATHINDA,30.216217,74.93847,35734,1905.4272175147632,1908.1611328125,0.5643662918678435,0.2067338049186536,1.531426220480859,-0.5407745844480771,-0.1300804444187532,577.6919041436615,24.202671183196653,1.0,1945.74,260,960,1651,3290.0,NATHANA
35632,Ghanian (7),FARIDKOT,30.4324322,74.87419,35632,1908.177541756012,1908.1602783203125,0.6238593521425916,0.2931889022283775,1.6720705980382269,-0.579589499069627,-0.2045127472222748,556.6030059442892,24.105011732408613,1.0,1500.0,12,90,400,845.0,Jaitu
39863,Satoj (18),SANGRUR,30.2624779,75.85379,39863,1906.5527140636048,1908.159423828125,0.7093613381513824,0.3599654623393015,1.9262020733359413,-0.6478330337591887,-0.2804396379683879,656.7974593974908,23.94596260766964,1.0,2.47,0,0,690,871.0,SUNAM
33507,Umedpur (231),LUDHIANA,30.3948956,75.74166,33507,1906.19817845386,1908.1575927734375,0.4031360870698669,0.1114973297888611,1.421692676238963,-0.4092596453713147,-0.0451271350054352,833.0484648027585,22.732300222082348,1.0,201.0,105,48,367,261.0,DEHLON
29642,Bhakhriana (1),KAPURTHALA,31.22302,75.76714,29642,1906.6102222706936,1908.1552734375,0.5853262587360064,0.2327090161606798,1.834829733169568,-0.5453873878062236,-0.1560429617205518,814.4297393968003,22.591733580938524,1.0,903.0,180,12,340,548.0,PHAGWARA
29085,Bhagwanpur war salamatpur(125),KAPURTHALA,31.3873882,75.41406,29085,1908.305286360336,1908.1541748046875,0.5539076764600307,0.2230805657277343,1.7282533741055457,-0.5217026220145083,-0.1417651415465214,843.1864175012009,22.479022681880625,1.0,170.0,50,30,135,184.0,NADALA
36096,Jawaharke (114),MANSA,30.0,75.39883,36096,1907.3930414177205,1908.152099609375,0.5471740191622829,0.2057087578306337,1.3675828356136894,-0.5401930489895306,-0.1195603230941548,648.9332857539551,24.227849493039344,1.0,931.0,720,610,931,1136.0,MANSA
39536,Burj Baghel Singhwala (145),SANGRUR,30.5045052,75.9334259,39536,1906.5343428370988,1908.15185546875,0.6006782251725628,0.2613496814859682,1.4762683957602247,-0.5678185493982247,-0.1700397272507539,742.3286381175416,22.955177382900672,1.0,430.0,25,50,142,448.0,MALERKOTLA
28600,Bolewal (80),GURDASPUR,31.9639645,75.41655,28600,1907.6440198553107,1908.1494140625,0.5628700908109499,0.2399548145957135,1.761953311852307,-0.5239306633869203,-0.1575594416220991,955.498552550342,22.272143852112634,1.0,465.0,55,0,441,529.0,SRI HARGOBINDPUR
36131,Khiala Kalan (52),MANSA,30.0,75.39883,36131,1909.5166459711013,1908.145263671875,0.6363971516726021,0.2549240520497049,1.6243424071258397,-0.601665469423064,-0.1752159771323197,639.9097332312715,24.11758676494488,0.998644956920624,1639.0,990,890,1280,1807.0,MANSA
36244,Saidewala Alias Naiwala (167),PATIALA,29.9459457,76.06481,36244,1906.8583038786244,1908.1441650390625,0.4235977744556762,0.1841526977676616,1.0958765264515011,-0.4520653990333205,-0.0779562717537642,639.0663030555146,23.86120458232682,0.9999125646893328,412.0,120,55,305,442.0,PATRAN
35254,Bodiwala Kharak Singh (174),SRI MUKTSAR SAHIB,30.1981983,74.5078049,35254,1910.0639454482512,1908.142578125,0.6036560273282898,0.2682308701548167,1.4600382958446123,-0.5605943064730379,-0.1724952221457664,456.6637032582824,24.61459804247744,1.0,1099.0,260,540,716,1099.0,MALOUT
33525,Nangal (329),LUDHIANA,30.3948956,75.74166,33525,1907.121798798704,1908.14208984375,0.5936461378511902,0.267022326796138,1.6200152389913691,-0.5713679014512502,-0.1801040597778232,798.1422933747666,22.84587891937236,1.0,349.0,210,45,382,403.0,DEHLON
30663,Feroze Rolia (543),HOSHIARPUR,31.72973,75.79725,30663,1904.0801547608344,1908.1412353515625,0.5525622249705463,0.2447086618481481,1.587213164355311,-0.5305763223854066,-0.1528250927737227,928.5261276175872,22.425879731414227,1.0,3.92,0,0,43,570.0,TANDA
34923,Sohna Sandar (251),FAZILKA,30.594595,74.37123,34923,1907.0134798750687,1908.1405029296875,0.5964165834193201,0.311522687081664,1.5017024319349157,-0.5648433948011975,-0.2074799919287186,573.5140833070176,24.17932731779252,1.0,190.0,180,181,235,203.0,JALALABAD
35433,Lubhanianwali (139),SRI MUKTSAR SAHIB,30.4684677,74.5256,35433,1907.3588822143847,1908.1383056640625,0.6018130591304536,0.2837896934574387,1.6186568035893083,-0.5738955019351281,-0.1900354415870607,567.3184423290523,24.07290396056434,1.0,100.0,800,140,400,1405.0,MUKTSAR
32109,Banga (Rural) (82),Shahid Bhagat Singh Nagar,31.18919,75.99287,32109,1905.019441655888,1908.13818359375,0.5658032150520186,0.212871368955686,1.5691833175991463,-0.5506742546522608,-0.136865474999154,795.2970954587357,22.747902170555847,1.0,2.4,0,0,4,647.0,BANGA
34978,Chak Bhabra (233),FAZILKA,30.522522,74.2741852,34978,1907.417068746671,1908.1356201171875,0.6126185897922474,0.328779421323914,1.5272700219576902,-0.5773366466321904,-0.2249887869315375,537.5568660905259,24.30053681632836,1.0,413.0,93,91,152,471.0,JALALABAD
36609,Kule Majra (142),PATIALA,30.2825241,76.44085,36609,1905.7081911988096,1908.13525390625,0.4519971457581714,0.1717083095851093,1.300445016966076,-0.4657115418647894,-0.0793585739887402,850.5485597064393,22.973828551360043,1.0,145.0,60,65,86,161.0,SANOUR
36133,Atla Khurd (18),MANSA,30.072073,75.5369644,36133,1910.0572601085616,1908.1334228515625,0.6516133945322052,0.3079013702778052,1.654776960596832,-0.6181087620019676,-0.2183641123516972,641.8226900508301,24.019966784127803,1.0,655.0,260,280,407,735.0,BHIKHI
37139,Dalla Rajputan (113),AMRITSAR,31.8378372,74.76184,37139,1908.8429177943783,1908.1302490234375,0.5094188081595751,0.1458100872965394,1.238648630096003,-0.5181135960110317,-0.0636123787188514,917.5402614285844,22.767377350587992,1.0,154.0,30,0,130,176.0,AJNALA
32285,Ratnana (275),Shahid Bhagat Singh Nagar,31.0810814,75.96941,32285,1910.8970588522127,1908.130126953125,0.5035033118856503,0.1878458436835335,1.283726264910963,-0.512387633191942,-0.0949414513158723,840.4909315516846,22.737270569515545,0.9856094960486516,2.0,0,0,72,142.0,AUR
35161,Bhanger Khera (97),FAZILKA,30.1621628,74.1888046,35161,1909.1604289438296,1908.129638671875,0.4173468012524935,0.0282347061773608,0.9608593418560007,-0.4504070861566889,0.0365466104912403,393.3469596316712,24.83591686190124,1.0,1630.0,277,80,3481,1594.0,KHUIAN SARWAR
39900,Bakhora Kallan (77),SANGRUR,29.9459457,75.79449,39900,1907.5064770322408,1908.12841796875,0.5378246982342652,0.2211689748264602,1.367300716565555,-0.528412762051801,-0.1259948802719308,645.4615891014298,24.050195179098047,1.0,660.0,520,520,600,735.0,LEHRAGAGA
30638,Kulla (516),HOSHIARPUR,31.81982,75.8074951,30638,1909.4084094335308,1908.1280517578125,0.4255007335980847,0.2028532933194998,1.209774016519754,-0.3931890154868066,-0.1002260506775624,904.3115167063228,22.29419719276537,0.8709061125653013,2.47,35,70,80,547.0,TANDA
35676,Badlala (47),BATHINDA,30.216217,74.93847,35676,1908.539368980703,1908.127197265625,0.6810230459663661,0.3237487580565579,1.828108329644912,-0.623617276084668,-0.2396897084548097,614.9858179500001,24.108032591316544,1.0,596.4,231,231,282,650.0,RAMPURA
36293,Rampur Parta (189),PATIALA,30.216217,76.2520752,36293,1908.2704441833312,1908.125244140625,0.3850771770171408,0.1536754139972393,0.9503422154439756,-0.4302639107698378,-0.0455004138274252,664.6154168059724,23.58825847430029,1.0,434.0,105,105,124,434.0,SAMANA
35229,Tarmala (22),SRI MUKTSAR SAHIB,30.4324322,74.39356,35229,1908.3374054670744,1908.1246337890625,0.5891261577009866,0.1937522080935017,1.356621792992791,-0.5602019738434472,-0.1097375124627125,427.7255134665977,24.92437661701881,1.0,1609.0,550,495,690,1690.0,LAMBI
36381,Ladha Heri (153),PATIALA,30.3603611,76.13451,36381,1907.113426050556,1908.12451171875,0.595210709634898,0.2462857494571345,1.534236286576924,-0.5636383644596948,-0.1588192984063426,742.1264591624634,23.01527433478094,1.0,241.0,45,50,166,251.0,NABHA
35473,Machaki Mal Singh (97),FARIDKOT,30.6846848,74.75481,35473,1908.2784232554664,1908.124267578125,0.5449504584480949,0.2542003717646682,1.58156362864865,-0.513481058201884,-0.1596390589483072,555.7360789417893,24.03402194689271,1.0,789.0,103,0,598,927.0,FARIDKOT
35408,Kotli Dewan (108),SRI MUKTSAR SAHIB,30.4684677,74.5256,35408,1906.8948276778824,1908.123779296875,0.543115907894325,0.1966645976417187,1.3850334040736705,-0.5308050251901657,-0.11466833247479,551.7452749421494,24.214223010815147,1.0,20.0,250,250,500,684.0,MUKTSAR
35393,Rohurianwali (55),SRI MUKTSAR SAHIB,30.594595,74.81081,35393,1907.791158570828,1908.120849609375,0.5915067619136061,0.202965926682305,1.472658478006732,-0.5598126047356645,-0.1271356553784443,520.2714457226012,24.3811705156526,1.0,1100.0,250,300,700,976.0,MUKTSAR
37803,Wadala Khurd (40),AMRITSAR,31.6036034,75.2078247,37803,1907.1763443729285,1908.120849609375,0.5450206498017292,0.2388968184180183,1.7390147296281449,-0.5186213693132079,-0.1538446119832083,985.595131199588,22.42399866098981,1.0,370.0,204,204,512,460.0,RAYYA
35826,Dhunike (102),BATHINDA,30.2145176,74.9442749,35826,1910.620046628913,1908.1187744140625,0.6082984905697386,0.2396962303223565,1.409128446054302,-0.5856417648356321,-0.144634674806231,497.7910674887975,24.62654003852716,1.0,1550.0,125,172,272,607.0,SANGAT
33357,Jaipura (245),LUDHIANA,30.738739,76.01257,33357,1908.256023113741,1908.11865234375,0.5321722363752391,0.2133210423729628,1.790347404975022,-0.4995208888353381,-0.1366510911571423,839.7097679784196,22.70817968043576,0.9999929448595306,195.0,15,2,244,243.0,DORAHA
28997,Chugawan (58),KAPURTHALA,31.3873882,75.41406,28997,1907.831564470973,1908.1177978515625,0.486765805381312,0.1747425444646899,1.4942696184909017,-0.4647493686138721,-0.0983744398704036,860.1867499759095,22.40933991115594,0.8098732909964308,170.0,80,90,140,191.0,NADALA
35062,Chak Banwala (226),FAZILKA,30.3423424,74.2414856,35062,1907.3509589325847,1908.1162109375,0.6617139268480532,0.3355557840955682,1.6428163029764542,-0.6198337295325411,-0.2384295868319919,496.75087716076666,24.407586111801635,1.0,553.0,175,175,196,602.0,Arniwala Shiekh Subhan
35122,Hiranwali (242),FAZILKA,30.3963966,74.03187,35122,1905.5962869465031,1908.115234375,0.5898790223716142,0.2478027725857334,1.398124082393036,-0.5633634117292362,-0.1526047777175471,463.9846459634967,24.57321682735668,1.0,260.0,118,125,345,724.0,FAZILKA
37325,Raipur Khurd (215),AMRITSAR,31.7534122,74.7847,37325,1908.0468086490343,1908.11474609375,0.5670058865761295,0.2150306981833194,1.4612291240031223,-0.5387812514210961,-0.1299270508152751,903.7009101448336,22.73737020893711,1.0,56.0,38,0,58,205.0,HARSHE CHHINA
35441,Sangrana (141),SRI MUKTSAR SAHIB,30.4864864,74.5603,35441,1905.889657069392,1908.112548828125,0.6029746448151949,0.2941649251260068,1.7246453159627086,-0.5668314576975719,-0.2008755505019312,557.6405023189338,24.15506704301555,1.0,648.0,285,285,387,998.0,MUKTSAR
35612,Ramiana (137),FARIDKOT,30.4324322,74.89509,35612,1908.033884685517,1908.1099853515625,0.6410580220676918,0.2806388486145957,1.711231128881907,-0.5866011663434205,-0.1978113093090988,514.6972331216233,24.285567796277974,1.0,1097.0,555,784,906,1616.0,Jaitu
36036,Khudal Kalan (174),MANSA,29.927927,75.55207,36036,1908.868398998345,1908.1063232421875,0.5531632590348299,0.2516798868594019,1.5366305301354612,-0.5324440743148132,-0.1583051303131506,652.8196672077834,24.133421712397155,1.0,500.0,280,280,430,560.0,BUDHLADA
32880,Jalalpur (31),FATEHGARH SAHIB,30.5443821,76.11282,32880,1907.1130897417595,1908.10595703125,0.3665517338098035,0.0808574609840878,1.222407869723505,-0.3746931748586676,-0.0162563188340291,859.5636877229111,22.88169449138212,0.9074883100149164,144.0,85,85,212,155.0,AMLOH
30521,Ghumiara (244),JALANDHAR,31.477478,75.5288239,30521,1910.453158079274,1908.10302734375,0.5572409841095128,0.1804691253117719,1.776134080751589,-0.5221262810309534,-0.1151698201250282,807.7492509190262,22.43567762147349,1.0,2.0,0,0,87,154.0,JALANDHAR - WEST
36158,Burj Jhabran (5),MANSA,30.072073,75.5369644,36158,1908.37150494664,1908.1029052734375,0.6507130085847379,0.3039065735165889,1.70237781040346,-0.6087646193454299,-0.2162902847151911,634.475685482609,24.10687908657213,1.0,906.0,178,178,242,391.0,BHIKHI
35333,Madhir (15),SRI MUKTSAR SAHIB,30.216217,74.6674042,35333,1908.172166198344,1908.1025390625,0.6243866000310879,0.2844417105374757,1.4604943031841229,-0.5830068131381011,-0.1866289058920902,504.0533430262442,24.524056141603168,1.0,1350.0,6,500,1975,1504.0,GIDDERBAHA
29661,Gandhawan (92),KAPURTHALA,31.3873882,75.39295,29661,1908.997558997364,1908.1016845703125,0.585507170589542,0.2391505418981538,1.8229556070402448,-0.5497906771007618,-0.164634393885692,774.5449784209626,22.62641459229758,1.0,336.0,61,0,299,208.0,PHAGWARA
37747,Ramana Chak (81),AMRITSAR,31.6756763,75.16028,37747,1909.6027747305764,1908.1015625,0.4808249621289991,0.1711646513132554,1.4801329551292202,-0.4746242758052623,-0.0908481665495992,985.595131199588,22.42399866098981,1.0,186.0,304,304,398,212.0,TARSIKKA
35456,Chak Khokhar (70),SRI MUKTSAR SAHIB,30.9729729,75.77817,35456,1908.135095392156,1908.101318359375,0.6334560540155716,0.3069753176488667,1.6959737707255278,-0.593439650153594,-0.2120669446340402,539.5642786251464,24.186679880457625,1.0,110.0,80,0,100,482.0,MUKTSAR
37734,Sangrai (118),AMRITSAR,31.6756763,75.16028,37734,1909.189148912904,1908.0999755859375,0.3509498982835571,0.0256996524200806,1.271499596454255,-0.3521206578400719,0.02284368622461,972.7645310571093,22.45527152660549,1.0,101.0,26,26,58,115.0,TARSIKKA
36081,Dhalewan (30),MANSA,30.0180187,75.41252,36081,1908.2513337906985,1908.0972900390625,0.6968911307378499,0.3498393508202156,1.8596594405600524,-0.6382642260788451,-0.267838659372679,653.5548389089817,24.06256987144776,1.0,1417.0,780,456,793,1426.0,BHIKHI
35013,Ahal Bodla (222),FAZILKA,30.4144154,74.02464,35013,1906.995023223985,1908.0968017578125,0.6323404108897135,0.3130922913785671,1.5662347555858902,-0.5949705210223705,-0.2154358837539061,526.3627954384461,24.32879799738825,1.0,105.0,280,36,53,607.0,FAZILKA
37135,Sahowal (45),AMRITSAR,31.8378372,74.76184,37135,1909.7694627725657,1908.0968017578125,0.5481626054900457,0.1801813953044282,1.4039220615928931,-0.5327023268194784,-0.100738309560715,917.5402614285844,22.767377350587992,1.0,120.0,102,0,60,265.0,AJNALA
29089,Musa Khel (118),KAPURTHALA,31.5160732,75.22186,29089,1908.9997585472024,1908.0931396484375,0.579813983329622,0.2324881592549849,1.8139576433987383,-0.5363223193550893,-0.1588888356590855,843.1864175012009,22.479022681880625,1.0,76.0,95,50,120,82.0,NADALA
33158,Bagli Kalan (162),LUDHIANA,30.8288288,76.18873,33158,1908.4719154159527,1908.0928955078125,0.4586578040353826,0.1167539066699971,1.3875375501474378,-0.4545866862108682,-0.0532578943709828,886.645817561454,22.713054817374964,1.0,278.0,50,60,483,310.0,SAMRALA
29610,Balalo (36),KAPURTHALA,31.2248821,75.76635,29610,1904.6163338473243,1908.0924072265625,0.6671214750582795,0.3178008748694275,1.8768738233132307,-0.6135026259595269,-0.234771550685272,791.510955951284,22.64443364016259,1.0,159.0,15,0,26,88.0,PHAGWARA
36076,Heron Khurd (33),MANSA,29.8558559,75.70521,36076,1908.231771100264,1908.091796875,0.6581250320483424,0.3286903813822469,1.714006916088896,-0.610971845611847,-0.2406949642465121,654.7476014303788,24.025655239224097,1.0,92.0,435,420,802,648.0,BUDHLADA
35487,Qila Nau (73),FARIDKOT,30.6846848,74.77576,35487,1907.174256960596,1908.0911865234375,0.5776045534614813,0.2527712921911957,1.6149066905927827,-0.5513736973544676,-0.1636411726720446,575.0456181395485,23.92803080483744,0.999405523176455,1268.0,650,685,884,1948.0,FARIDKOT
33124,Madpur (143),LUDHIANA,30.7567558,76.29937,33124,1907.365925081172,1908.0887451171875,0.5209888548670165,0.1956270876322744,1.6520516501528295,-0.494426397417166,-0.1188725583039629,860.8907404353516,22.642453532259594,1.0,415.0,40,40,450,465.0,SAMRALA
39874,Gandwan (43),SANGRUR,30.2488155,75.83926,39874,1907.0996583271888,1908.086181640625,0.6420059588511363,0.3046103441247367,1.6564145198698832,-0.5975504261721355,-0.2145402227200917,654.2132790768705,23.86985516077973,1.0,2.47,0,0,913,1998.0,SUNAM
39895,Gurney (71),SANGRUR,29.927927,75.80155,39895,1907.080155212466,1908.084716796875,0.5019821095369442,0.1995129709339437,1.219577220264585,-0.510474916511032,-0.1000205044182256,646.557206194629,24.02802026499603,1.0,1847.0,875,875,1025,505.0,LEHRAGAGA
35809,Kot Guru (100),BATHINDA,30.2282887,74.92913,35809,1908.5467372765647,1908.0841064453125,0.5820806223992319,0.1932797678382048,1.4624324822161254,-0.5543824556449437,-0.1117957377539823,504.8365834166901,24.60699601581615,1.0,875.0,158,567,714,965.0,SANGAT
35900,Gadhianwala Urf Bhagwanpura (30),BATHINDA,29.9819813,75.09392,35900,1908.35655895083,1908.082275390625,0.6147403071851619,0.1902013261056338,1.409296309682844,-0.5892236317495826,-0.1139130183265464,604.1593941857712,24.39534023565085,1.0,505.0,103,98,183,505.0,TALWANDI SABO
35232,Kutianwali (37),SRI MUKTSAR SAHIB,30.1981983,74.48695,35232,1907.8586224601968,1908.08203125,0.5899388634851749,0.2468032354019627,1.3773546244814043,-0.564107049640173,-0.1488621193027854,437.6119160787545,24.896273946505413,1.0,1352.0,460,460,670,1436.0,LAMBI
38880,Bari Jhallian (168),RUPNAGAR,28.8648643,77.13242,38880,1900.8418984433165,1908.081787109375,0.5775546022164805,0.2537080902487798,1.5563588214442627,-0.5484881474342409,-0.1637941175945194,903.4168812444108,22.62808539330217,1.0,385.0,185,145,345,452.0,RUPNAGAR
32783,Dhatonda (347),FATEHGARH SAHIB,30.6280956,76.38407,32783,1904.899777731416,1908.08056640625,0.5503482022073685,0.2290608013072495,1.5095625315923935,-0.5283291765185671,-0.1401185717398894,844.8589387347596,22.88174218067712,1.0,250.0,40,40,215,273.0,SIRHIND
39486,Lasoi (196),SANGRUR,30.5116634,75.90321,39486,1905.6614243689776,1908.0799560546875,0.6222377183322455,0.2994208590420287,1.5232043150664478,-0.5921697801224128,-0.2024095268288069,777.9621127059357,22.86999094422293,1.0,1050.0,600,600,935,1199.0,MALERKOTLA
38268,Khakh (341),Tarn Taran,0.0,0.0,38268,1912.8933643305352,1908.0780029296875,0.4318229042567798,0.1563980252348143,1.2240248577821236,-0.4308432026209418,-0.064347359298159,875.8345570290165,22.72221666089265,0.847038481599269,190.0,90,90,200,335.0,KHADUR-SAHIB-10
33293,Chomon (409),LUDHIANA,30.3948536,75.74185,33293,1907.650093194928,1908.076171875,0.6163315863965413,0.2726506695697357,1.556068886491748,-0.5845398704282307,-0.1823944618150835,775.9894226331488,22.87635729951461,1.0,298.0,180,180,338,433.0,Maloud
34924,Ladhuwala Hithar (249/358),FAZILKA,30.522522,74.2741852,34924,1906.2120322969947,1908.0738525390625,0.5931558303242422,0.3172198405461099,1.4436193710804337,-0.5749400449264855,-0.2060546069849497,573.5140833070176,24.17932731779252,1.0,221.0,162,251,301,245.0,JALALABAD
35905,Teona Pujarian (130),BATHINDA,29.9819813,75.07312,35905,1907.9622574005195,1908.0738525390625,0.5668651250600977,0.1207472154156235,1.5410352552947078,-0.5355402229181857,-0.0637810896296753,576.39137832426,24.54118743308993,1.0,1177.0,150,58,227,1177.0,TALWANDI SABO
36258,Shutrana (200),PATIALA,29.9459457,76.06481,36258,1906.5715761814256,1908.07373046875,0.4178400057945508,0.1701473757007051,1.1329651783476269,-0.4402412713669486,-0.0710427305907403,639.1712222724075,23.859091156894788,0.9831100139652366,202.0,120,120,131,2937.0,PATRAN
36416,Bishanpura (112),PATIALA,30.3423424,76.3919,36416,1903.9523554593327,1908.0732421875,0.5749122525929359,0.2087252213226246,1.5860477151675978,-0.5524972913622335,-0.1270351115567775,782.5724084889796,22.965233969857582,1.0,136.0,37,40,70,145.0,NABHA
36234,Shergarh (137),PATIALA,29.9639645,76.037,36234,1907.1381852616216,1908.072021484375,0.4251948722995587,0.1588187486009965,1.183938644916874,-0.4330589806361677,-0.0695917846959852,640.404283729656,23.86751022039542,1.0,310.0,15,200,260,825.0,PATRAN
35733,Lehra Bega (200),BATHINDA,30.3963966,75.13901,35733,1909.1312780624648,1908.071533203125,0.6272319417049443,0.2809048334924325,1.78943785705747,-0.5801197686132876,-0.201335883687306,581.8042649176756,24.182461150069887,1.0,1044.0,900,340,644,1168.0,NATHANA
33263,Karoundian (255),LUDHIANA,30.738739,76.01257,33263,1908.6500387769784,1908.0692138671875,0.5273277812285831,0.2334068782482503,1.5217966103273886,-0.4985875419712801,-0.1455982240442968,838.5368230750458,22.707484723278867,1.0,250.0,15,0,250,284.0,DORAHA
37388,Bhoewali (238,AMRITSAR,31.8378372,74.76184,37388,1907.8170032428168,1908.068603515625,0.5393132464354723,0.1952729177586478,1.3192336071657824,-0.528119376860985,-0.1069913662062647,916.499489825,22.66210357915856,1.0,320.0,230,230,325,359.0,AJNALA
30193,Johal (213),JALANDHAR,31.0270271,75.77908,30193,1907.6723074383049,1908.068115234375,0.6329637310328786,0.2660293572433267,1.79367895289961,-0.5881111220218429,-0.1907749265686723,847.1113381931334,22.47213845843145,1.0,244.0,73,73,228,244.0,PHILLAUR
32297,Nilowal (262),Shahid Bhagat Singh Nagar,31.0990982,76.06799,32297,1911.1297314960289,1908.0679931640625,0.4874704233574883,0.2015954402216614,1.297086952600645,-0.5022975235858685,-0.101821230888953,844.3575019858481,22.73886724021929,1.0,100.0,52,52,130,278.0,NAWANSHAHR
36080,Mohar Singhwala (29),MANSA,30.0,75.50285,36080,1909.7293383191368,1908.0670166015625,0.6974845527697994,0.3377380330200945,1.8179671442928929,-0.6401342180802119,-0.2565568164006743,655.2976458745125,24.00572983078249,1.0,432.0,305,305,481,602.0,BHIKHI
37288,Mehmadpura (196),AMRITSAR,31.6576576,74.5953445,37288,1910.0025809137417,1908.0648193359375,0.5696913730386209,0.2389659326123779,1.403926121186569,-0.5476172270005779,-0.1432927853597151,893.9354209804809,22.82591643028102,1.0,108.0,131,50,117,108.0,CHOGAWAN
39930,Balran (82),SANGRUR,29.9459457,75.8152847,39930,1909.675755859412,1908.064697265625,0.5425766193049153,0.2257493820907576,1.3586585119102612,-0.5289520877005179,-0.1300994967985577,639.3014845408587,24.129167193992373,0.9778692866129446,1820.0,2055,1050,1580,2100.0,LEHRAGAGA
30162,Samrari (182),JALANDHAR,31.0270271,75.77908,30162,1907.8137016305595,1908.0634765625,0.6269186686855406,0.2693883391953663,1.7287015437880018,-0.5907118012620419,-0.188889260719349,847.205241500483,22.45665574808617,0.9372015027779014,567.0,48,48,435,569.0,PHILLAUR
35037,Theh Kalandar (224),FAZILKA,30.3963966,74.03187,35037,1908.385682160744,1908.0633544921875,0.6383602017161729,0.3223278352927406,1.6455101999686998,-0.5887550314463056,-0.2283553242032011,518.9232526421789,24.34800577695091,1.0,480.0,210,250,315,499.0,FAZILKA
36090,Fafre Bhaike (46),MANSA,30.072073,75.51614,36090,1908.513194824256,1908.0633544921875,0.6621641717889082,0.3092782204961172,1.726734956095184,-0.6130025660969898,-0.2279075705148462,646.8460652043717,24.14646156334254,1.0,1570.0,460,720,942,1639.0,BHIKHI
34950,Chak Balochanwala (207),FAZILKA,30.594595,74.24564,34950,1906.4767601320848,1908.063232421875,0.533660960962718,0.2386128538476518,1.280681575459396,-0.5247779492332455,-0.1353574163756856,541.6168811728852,24.234375981316475,1.0,280.0,275,241,569,398.0,JALALABAD
34926,Jalalabad ( R )(196) (Part),FAZILKA,30.6126118,74.25945,34926,1906.651490355008,1908.0609130859375,0.5641824621442675,0.2937646494977747,1.379628134867262,-0.5460826422934776,-0.1840068159042475,573.5140833070176,24.17932731779252,1.0,60.0,156,151,211,1923.0,JALALABAD
35270,Ramnagar Khazan Singh (192),SRI MUKTSAR SAHIB,30.329071,74.34526,35270,1908.526315208801,1908.05859375,0.6364127433273101,0.3139522716240434,1.488872037822544,-0.5939019267775952,-0.2107533833037436,481.9064083506959,24.53581266435617,1.0,543.2,70,170,200,604.0,MALOUT
36296,Harchandpura (81),PATIALA,30.0180187,76.16165,36296,1908.163344498569,1908.0560302734375,0.4261047350201711,0.1683426605279718,1.2272421381301124,-0.4397104754015917,-0.0731830005417957,664.6154168059724,23.58825847430029,1.0,500.0,70,70,82,835.0,SAMANA
36043,Sirsiwala (165),MANSA,29.927927,75.55207,36043,1908.919258118685,1908.055908203125,0.5295424410194617,0.1866861516596281,1.407148311416385,-0.5141116072409988,-0.1044503465572531,656.8744172417757,24.19074842720309,1.0,508.0,156,180,300,569.0,BUDHLADA
33318,Bhikhi Khutra (325),LUDHIANA,30.3783779,75.85614,33318,1904.5537591732784,1908.0556640625,0.5878605547572431,0.2655125933204661,1.9091817949294467,-0.5596640898721383,-0.1859919601437067,798.1422933747666,22.84587891937236,1.0,232.39,130,150,320,232.0,Maloud
36068,Jitgarh Urf Biroke Khurd (41),MANSA,29.927927,75.55207,36068,1907.3241333750136,1908.055419921875,0.652592092378311,0.3254981255027847,1.6209044296701682,-0.617372010056825,-0.2307101539441346,652.5665259502052,24.07492850059285,1.0,540.0,175,175,315,583.0,BUDHLADA
35231,Fatuhi Khera (36),SRI MUKTSAR SAHIB,30.4324322,74.39356,35231,1909.2062306582025,1908.05419921875,0.5836036335958367,0.2476411741918617,1.3233972795521467,-0.5617304091575944,-0.1487813776999296,438.1507578303712,24.89491000732602,1.0,809.0,450,450,620,815.0,LAMBI
39495,Chaunda (164),SANGRUR,30.5116081,75.9034,39495,1906.026659153286,1908.0533447265625,0.5854953965421683,0.2657047862276949,1.4929800513323734,-0.5599601801966344,-0.1695973204995039,754.5922889968411,22.934180956175023,1.0,1362.0,635,0,969,1473.0,MALERKOTLA
33181,Harion Kalan (217),LUDHIANA,30.63063,76.09503,33181,1909.334519532372,1908.051513671875,0.486115078887802,0.1700731897355976,1.3786873542928113,-0.4799510502966785,-0.0899164215483804,886.341078883982,22.7619241347495,1.0,2.47,0,0,275,349.0,KHANNA
35770,Deon (177),BATHINDA,30.2157841,74.94427,35770,1907.6217226280407,1908.0511474609375,0.5544289638170108,0.2170317325840366,1.416626519911354,-0.5318299993634827,-0.1270735630467327,528.623852950988,24.379231973765,1.0,157.6,63,63,348,2162.0,BATHINDA
32240,Lal Mazara (189),Shahid Bhagat Singh Nagar,31.0630627,76.01812,32240,1906.087754467528,1908.05078125,0.6633998498736272,0.3155363535795374,1.7789706110982657,-0.6143237004456409,-0.2325983069482194,833.0336305310624,22.58589359521818,1.0,70.0,50,50,138,87.0,AUR
38292,Alia (131),Tarn Taran,31.54955,75.01623,38292,1911.5846630952544,1908.05029296875,0.5016845709910747,0.1621959385220533,1.4369840517444763,-0.4935363603627931,-0.0840657823549258,904.0238502433198,22.61020811230276,1.0,190.0,300,40,62,68.0,KHADUR-SAHIB-10
32790,Chanarthal Khurd (321),FATEHGARH SAHIB,30.5829773,76.32495,32790,1905.984136062135,1908.04833984375,0.5208953949762088,0.2284477142688322,1.4452304572797467,-0.5084637858784307,-0.1337164332928768,832.5487251889547,22.90913535792728,1.0,607.2,55,46,340,566.0,SIRHIND
37117,Bajwa (99),AMRITSAR,31.8378372,74.76184,37117,1905.3966092928245,1908.0478515625,0.5620224819357371,0.2416378423519306,1.3603854014015409,-0.5442963836107774,-0.1468197683229832,953.765833657016,22.6391379412903,1.0,88.35,50,20,26,89.0,AJNALA
35457,Sarai Naga (90),SRI MUKTSAR SAHIB,30.4684677,74.5256,35457,1907.746970964039,1908.0474853515625,0.537973372565635,0.2277831417626615,1.4301325555839832,-0.5242919205898026,-0.1348958294250632,539.5255181004899,24.186574497416583,1.0,200.0,160,200,505,690.0,MUKTSAR
29006,Dalla (69),KAPURTHALA,31.36937,75.3996,29006,1910.090109926616,1908.0455322265625,0.508457823164281,0.2076559783001257,1.5406203325924483,-0.4795021109270954,-0.1211344471135655,800.9258451869385,22.437382947828382,1.0,161.0,20,20,185,127.0,NADALA
34948,Chak Arniwala (203),FAZILKA,30.522522,74.2741852,34948,1907.018014391604,1908.045166015625,0.6386620674305529,0.3441644273380415,1.6544612832129046,-0.5939224781222638,-0.240689697737199,575.0692727973359,24.12326903753388,1.0,301.0,194,198,494,337.0,JALALABAD
36667,Bir Bhuner Heri (154),PATIALA,30.216217,76.39803,36667,1905.468295688168,1908.042236328125,0.6268634123066478,0.2049735925339529,2.439021048331877,-0.5531824368279734,-0.1502882240475063,898.9032374674603,22.947264559701186,1.0,120.0,0,0,545,654.0,BHUNER HERI
37575,Rakh Jhita (142),AMRITSAR,31.6206112,74.9302444,37575,1911.509889117095,1908.0408935546875,0.4086038996009686,0.0752946652356547,1.039229657408541,-0.4287500846611089,-0.0033131519344187,933.436656277408,22.53343531145123,1.0,2.47,0,30,60,984.0,VERKA
29091,Shadipur (116),KAPURTHALA,31.54247,75.4361038,29091,1910.289434059782,1908.040283203125,0.5564848034291083,0.1995135711332828,1.79453013763684,-0.5220485278088404,-0.1324503461533553,843.1864175012009,22.479022681880625,1.0,253.0,35,20,62,260.0,NADALA
30214,Randhawa (35),JALANDHAR,31.1593056,75.2091446,30214,1907.9228747090783,1908.040283203125,0.5841876037141341,0.2272212039807655,1.649162547730817,-0.5595991364029309,-0.1460804725598911,831.9011124780076,22.70811725901973,1.0,127.0,20,22,188,144.0,RURKA KALAN
28999,Bhakuwal (60),KAPURTHALA,31.60196,75.4475861,28999,1904.2031501107765,1908.0372314453125,0.5490869572879904,0.2285921740941245,1.644549005533893,-0.5196520602382131,-0.1410083833502464,860.1867499759095,22.40933991115594,1.0,60.0,80,50,95,54.0,NADALA
37565,Mehoka (258),AMRITSAR,31.6396389,75.00416,37565,1911.8615562818447,1908.037109375,0.4071397913069552,0.0577626831703399,1.1882080823395216,-0.4018056186279666,0.0011628023913729,933.436656277408,22.53343531145123,1.0,188.0,200,145,290,237.0,JANDIALA GURU
35424,Landarode (137),SRI MUKTSAR SAHIB,30.4684677,74.5256,35424,1907.182436537226,1908.03662109375,0.5750067753591614,0.2602998626088134,1.4775570458797924,-0.5562298663742465,-0.1627887717899569,570.2862086703675,24.0762773005369,1.0,478.0,200,98,230,652.0,MUKTSAR
33262,Aluna Tolla (256),LUDHIANA,30.738739,76.03354,33262,1906.7708423660288,1908.0364990234375,0.5677093887972781,0.2484946887564251,1.7488840738782208,-0.5350920659180785,-0.1650988345902778,838.5368230750458,22.707484723278867,1.0,350.0,5,0,250,330.0,DORAHA
35027,Aliana (208),FAZILKA,30.3603611,74.2342758,35027,1906.6635785794745,1908.035400390625,0.6056623112289877,0.2774396668037799,1.4255932325625198,-0.583689505076012,-0.1763161063918743,502.4561080148118,24.386920412335428,1.0,204.85,325,323,610,558.0,Arniwala Shiekh Subhan
32283,Udhowal (272),Shahid Bhagat Singh Nagar,31.0270271,76.11551,32283,1912.747603679636,1908.0350341796875,0.4854710600762716,0.1908789237056185,1.293198363889982,-0.4975563966403946,-0.0950008901528559,840.4909315516846,22.737270569515545,1.0,245.0,60,60,179,256.0,NAWANSHAHR
35997,Lakhiwala (148),MANSA,29.8558559,75.68443,35997,1908.106414766048,1908.0335693359375,0.4523884819791295,0.1166900989756619,1.2260870131232249,-0.4618273089700596,-0.039154919569561,683.2817155254427,24.323755262053183,1.0,338.0,135,90,160,370.0,BUDHLADA
35440,Sakanwali (142),SRI MUKTSAR SAHIB,30.4864864,74.518486,35440,1908.4996887881184,1908.031494140625,0.6324057377070541,0.3195243362024021,1.851840171071301,-0.5862460289929485,-0.2292765625267978,566.7901876380341,24.07230351482088,1.0,2.47,250,120,243,720.0,MUKTSAR
35422,Jaseana (133),SRI MUKTSAR SAHIB,30.4684677,74.5256,35422,1906.487754413612,1908.0286865234375,0.5780395708278268,0.2776801349089273,1.4343280822712003,-0.5651838674553116,-0.1748182902826795,570.2862086703675,24.0762773005369,1.0,3.5,500,200,312,789.0,MUKTSAR
33679,Baddowal (CT),LUDHIANA,30.7747746,75.6425858,33679,1907.7024878537063,1908.0277099609375,0.5527575558768685,0.2130399943555591,1.686969816265805,-0.5319992819157481,-0.1412717061181639,818.1709756736601,22.73328381922912,1.0,50.0,300,300,1377,0.0,SUDHAR
39477,Khanpur (123),SANGRUR,0.0,0.0,39477,1909.751332671335,1908.02685546875,0.6200684599881965,0.2805726471734286,1.4800257507038066,-0.5908121963492611,-0.1859679251658224,763.5220352160098,22.915031255885296,1.0,420.0,95,95,263,464.0,MALERKOTLA
28614,Chaura (98),GURDASPUR,31.6936932,75.47134,28614,1908.3903954262448,1908.0263671875,0.5206665179641801,0.2160062988314005,1.5211566757301391,-0.5018343264957925,-0.1281336208715087,918.584856360984,22.176473418217235,1.0,105.0,55,0,214,114.0,SRI HARGOBINDPUR
32264,Hansron (167),Shahid Bhagat Singh Nagar,31.1171169,76.08243,32264,1906.0729235457216,1908.0240478515625,0.5449118499685156,0.2089292172389175,1.4903679038740492,-0.5294130337989869,-0.1240616553993662,821.4404228141206,22.707407623049846,1.0,163.0,22,0,230,195.0,NAWANSHAHR
35743,Har Raipur Urf Bhokhri (158),BATHINDA,30.27027,74.93797,35743,1908.2450153900704,1908.022705078125,0.6156970064207627,0.2783258844829694,1.592064967868027,-0.5859122209787436,-0.1860389882722423,559.9516396290423,24.192506876066552,1.0,1557.0,700,700,905,1877.0,GONIANA
30210,Dhanda (232),JALANDHAR,31.1688061,75.08524,30210,1907.644935967549,1908.0224609375,0.6202862363512932,0.272656099131745,1.7002449848428167,-0.5881893728745475,-0.1888677625572656,837.7988345666985,22.62747394896596,1.0,353.44,8,3,337,396.0,RURKA KALAN
30169,Aujla (191),JALANDHAR,31.0270271,75.80011,30169,1906.397222348745,1908.02197265625,0.6083197350647824,0.2567207033951049,1.806435588993996,-0.5668742537820962,-0.182288308194127,847.3562988450425,22.43174952083797,1.0,162.0,109,109,261,162.0,PHILLAUR
34970,Bahmaniwala (199),FAZILKA,30.6126118,74.25945,34970,1905.8755334369969,1908.0213623046875,0.576650921126964,0.2770967718501688,1.4467017571312646,-0.5513330227847488,-0.1754592593812291,540.677007778372,24.279956784381675,1.0,952.0,205,200,271,1467.0,JALALABAD
30324,Karari (112),JALANDHAR,31.4234238,75.59083,30324,1906.9984374961543,1908.020263671875,0.5765824840615751,0.2075905209483463,1.8270666228648889,-0.5332831047837198,-0.1373496341207102,805.4736348798173,22.43289419592901,1.0,190.0,59,29,365,203.0,JALANDHAR - WEST
36653,Dulbha (214),PATIALA,30.1441441,76.3005,36653,1906.100471584904,1908.020263671875,0.4989894684061856,0.1940184990639502,1.2538932237550946,-0.4968491252476021,-0.0990468353404574,855.5401804854768,23.039179985216663,1.0,170.0,40,40,90,167.0,SANOUR
35887,Rajgarh Kuba (11),BATHINDA,30.0540543,75.23178,35887,1905.51639279642,1908.0198974609375,0.6341849835165223,0.2618717302320546,1.5480109496764036,-0.6010020548218743,-0.1752199985208231,613.1120422039487,24.37814502500729,1.0,155.0,13,26,86,1388.0,MAUR
35346,Kauni (83),SRI MUKTSAR SAHIB,30.3936844,74.66802,35346,1907.2910358450165,1908.0157470703125,0.6352421446870501,0.3216566596006193,1.5632219021446223,-0.5908104503139756,-0.2211402362444445,527.1365909859662,24.35387685440004,0.9855466720930126,3036.0,810,810,1518,3030.0,GIDDERBAHA
30200,Gohawar (238),JALANDHAR,31.1245,75.70982,30200,1906.793178913469,1908.01513671875,0.6463243993967062,0.2755119564849647,1.9687766562387368,-0.5945752942259547,-0.2047471171673291,818.7798380988015,22.539981155937213,1.0,120.0,12,10,154,534.0,RURKA KALAN
33149,Majli Kalan (145),LUDHIANA,30.7567558,76.29937,33149,1907.0138981788489,1908.013427734375,0.4965360238391212,0.1735488782199719,1.5705760373088502,-0.4800190228246506,-0.098494018611282,860.8907404353516,22.642453532259594,1.0,247.0,40,40,219,269.0,SAMRALA
29015,Talwara (72),KAPURTHALA,31.3873882,75.39295,29015,1907.8527147717243,1908.0111083984375,0.5051350843232255,0.1848535064214953,1.5299093719529846,-0.4859671998190721,-0.1050927312023133,839.1470062687753,22.47504261251057,1.0,1.0,1,0,400,342.0,NADALA
32870,Saunti (30),FATEHGARH SAHIB,30.2342339,76.14092,32870,1907.8601480825569,1908.0107421875,0.4470896938690444,0.1224222709668453,1.3832586330223522,-0.4377978909509962,-0.0542666423708067,848.6354138144702,22.878498697485977,1.0,470.0,320,325,505,499.0,AMLOH
32824,Tanda Badha Khurd (93),FATEHGARH SAHIB,30.5765762,76.178154,32824,1905.9168298736947,1908.0084228515625,0.5272886084353817,0.2163223551108153,1.4208592339221062,-0.5103007488505382,-0.1273002240811834,760.728793307255,22.923602651507988,1.0,2.47,70,60,95,159.0,AMLOH
36073,Bhadra (36),MANSA,29.927927,75.55207,36073,1907.4961599276808,1908.007568359375,0.6761231042975618,0.3310872699478382,1.7663443216384722,-0.6270178472685478,-0.2465851762796627,654.3909010374172,24.02363109705859,1.0,666.0,515,298,517,720.0,BUDHLADA
29062,Innowal (7),KAPURTHALA,31.477478,75.40206,29062,1907.4560703182624,1908.00537109375,0.5426520058520277,0.2416356612459296,1.6220886847038212,-0.5137402550572842,-0.1498330178466622,800.9258451869385,22.437382947828382,1.0,47.0,90,30,66,52.0,NADALA
39898,Chural Khurd (80),SANGRUR,29.9459457,75.79449,39898,1908.3971861176965,1908.0035400390625,0.5045834539422371,0.225927831513845,1.3199377567275887,-0.5080957630666645,-0.1242953453718341,638.1494346072571,24.198190677526043,0.9424725399730336,371.0,200,200,232,436.0,LEHRAGAGA
32253,Buhara (176),Shahid Bhagat Singh Nagar,31.0810814,75.9904556,32253,1904.5229541890303,1908.0003662109375,0.6554727761539961,0.2956527299777186,1.871191491415116,-0.6114199711453402,-0.2178568539911011,833.0336305310624,22.58589359521818,1.0,84.0,20,20,74,102.0,AUR
36437,Halotali (118),PATIALA,30.3423424,76.41278,36437,1904.3347774498773,1907.9989013671875,0.5694781428095704,0.2269868120781447,1.6478581579832223,-0.5411513449751655,-0.143258002130089,786.123851220836,22.97181489662404,1.0,133.0,34,52,125,162.0,NABHA
30400,Gokalpur (265),JALANDHAR,31.2432442,75.55161,30400,1913.2785736130184,1907.9984130859375,0.5308617972493004,0.1453035322660276,1.5339185055199789,-0.5132671676522134,-0.081230096310808,883.8781713194043,22.54370746708997,1.0,3.0,5,5,19,70.0,JALANDHAR-EAST
35184,Kandhwala Amarkot (83),FAZILKA,30.1621628,74.20964,35184,1907.6448392301547,1907.9974365234375,0.5870205215814572,0.1409640417726644,1.4911601883886092,-0.5514379406041173,-0.0756626773373478,415.8205053999719,24.869231545016163,1.0,468.0,33,33,142,2352.0,ABOHAR
35478,Phide Kalan (100),FARIDKOT,0.0,0.0,35478,1906.0141779616376,1907.9957275390625,0.5895270988854293,0.2927525425267927,1.797033529196796,-0.5395161142606886,-0.2018353426726846,555.2153530528443,24.0456105442222,1.0,470.0,178,170,222,580.0,KOT KAPURA
29591,Gopalpur (30),KAPURTHALA,31.3240147,75.53772,29591,1903.379460626247,1907.9945068359375,0.6354106598406672,0.2710508669919211,1.823895418887024,-0.5876449033946456,-0.1904270654923116,758.6326393296616,22.882709852809228,1.0,2.0,0,0,1,67.0,PHAGWARA
37872,Bala Chak (52),Tarn Taran,31.477478,74.91614,37872,1910.7600100780653,1907.994140625,0.4878418126011403,0.1483204018966567,1.3070928134215871,-0.4739085180043345,-0.072435605981841,860.4541490196362,22.740397739796894,0.99974759618646,400.0,300,120,420,433.0,TARN TARAN-12
36041,Bahadarpur (158),MANSA,29.927927,75.55207,36041,1909.123287076176,1907.9931640625,0.5368157109267654,0.214170807451131,1.389935543535275,-0.5230205328690936,-0.1244540438116688,651.2014064004319,24.115243431474084,1.0,1407.0,1500,700,1267,1607.0,BUDHLADA
33082,Irak (330),LUDHIANA,30.8468475,76.11909,33082,1907.0786281965404,1907.9915771484375,0.5132706296119521,0.1892757262952616,1.5593956312715698,-0.4944146342179642,-0.1149095327398951,862.3902486397106,22.78839982040215,1.0,283.0,0,15,105,346.0,MACHHIWARA
36920,Hassanpur (125),PATIALA,30.315115,76.6670761,36920,1904.7948525780905,1907.989013671875,0.3255245543020725,0.0535152947028693,1.020062952664997,-0.3775588647997144,0.0170462635889874,844.3374365009528,23.077897097995827,1.0,0.001,0,0,1,193.0,GHANAUR
35729,Lehra Dhul Kot (194),BATHINDA,30.3963966,75.13901,35729,1907.7971794267835,1907.9859619140625,0.5386865663034641,0.2037108390592151,1.4416137110258336,-0.5164158585589218,-0.1266436276596414,602.2502085424262,24.041450638430582,0.9888450966947142,579.0,350,308,578,728.0,NATHANA
36083,Moola Singhwala (49),MANSA,30.0180187,75.39171,36083,1909.5423387990816,1907.983642578125,0.658396718670817,0.3057637741496919,1.6481529434332345,-0.6285723086973563,-0.2164263061215366,646.8460652043717,24.14646156334254,1.0,740.0,112,91,203,507.0,BHIKHI
35369,Phulewala (38),SRI MUKTSAR SAHIB,30.55856,74.44822,35369,1906.9573300347347,1907.983154296875,0.6154237840933862,0.2957960465774546,1.4165093383450542,-0.5788475597565876,-0.1927238155467181,500.928868579274,24.46163910634932,1.0,736.0,189,400,433,639.0,MALOUT
36040,Kishangarh Urf Sedha Singhewala (170),MANSA,29.927927,75.55207,36040,1908.39749609522,1907.9794921875,0.5652051603663901,0.2564264979426024,1.3931172027673104,-0.550826071040081,-0.1543493097309754,650.2499927955643,24.09737484192693,1.0,2110.0,800,800,1271,2296.0,BUDHLADA
28548,Mari Buchian (6),GURDASPUR,31.6936932,75.47134,28548,1907.6096860599464,1907.9779052734375,0.4691864730742786,0.2125144949924314,1.424381524173315,-0.4396336970014173,-0.1165409514633488,879.618191946905,22.288043448687013,0.9016486620637374,1792.0,25,0,1102,2100.0,SRI HARGOBINDPUR
37434,Galowali (331),AMRITSAR,31.8558559,74.96737,37434,1905.0368178971185,1907.975830078125,0.4129540104943746,0.0704208388043619,1.015561890026499,-0.431577772462702,0.0024762214932768,971.363570086146,22.414999580967127,1.0,438.0,189,0,257,490.0,MAJITHA
36374,Hassanpur (4),PATIALA,30.3963966,76.0999146,36374,1907.538323546675,1907.9757080078125,0.611239751805911,0.2836961274595947,1.504254482482171,-0.5793482387665937,-0.1859626358936112,720.6558664514453,23.094043936335115,1.0,138.0,59,48,87,159.0,NABHA
37321,Chahia (208),AMRITSAR,31.78641,74.75283,37321,1905.415009644183,1907.9747314453125,0.5740528075546876,0.2317927423046126,1.435285671094492,-0.5481314899054485,-0.1421507149368196,890.6723353078263,22.813989407574297,1.0,5.0,3,0,5,87.0,HARSHE CHHINA
35724,Dhilwan (177),BATHINDA,30.216217,74.93847,35724,1906.4139912514336,1907.974609375,0.6112936961707579,0.2702092075925472,1.5887895715860485,-0.5771544150783939,-0.1820794789678071,565.6254853702726,24.17041314750556,1.0,394.0,237,186,386,448.0,NATHANA
37802,Sudhar Rajputan (39),AMRITSAR,31.6036034,75.2078247,37802,1908.0294775690663,1907.974609375,0.5103692515823401,0.2083215682281753,1.6219933350088749,-0.492487097805612,-0.1252108028022771,985.595131199588,22.42399866098981,1.0,489.8,96,96,365,547.0,RAYYA
30456,Hirapur (399),JALANDHAR,31.3153152,75.58828,30456,1911.2476876285511,1907.97265625,0.4233476112783209,0.0619702795392829,1.2245389838743788,-0.4418305693153403,-0.0028450576127687,928.7443551232712,22.4461244842264,0.9630203668539884,2.5,10,10,500,109.0,JALANDHAR - WEST
35775,Baluana (77),BATHINDA,30.4828854,75.09396,35775,1907.1421998154208,1907.9720458984375,0.5572445472371517,0.1963311280921477,1.3310193011024247,-0.5388541269839563,-0.1069251557814533,519.1351416518586,24.5292024588677,1.0,1441.0,615,615,977,1798.0,BATHINDA
30260,Semi (186),JALANDHAR,31.27928,75.6437149,30260,1908.0776900732496,1907.9705810546875,0.5945568663030769,0.2339496057328216,1.928127654831005,-0.5467775905760702,-0.1633067293346287,814.4297393968003,22.591733580938524,1.0,17.2,5,10,129,244.0,JALANDHAR-EAST
35417,Chak Jawahar Singhwala (130),SRI MUKTSAR SAHIB,30.4684677,74.5256,35417,1907.6476283486777,1907.9703369140625,0.658405440488195,0.3397483039755964,1.7064406970978985,-0.6024625748422587,-0.2460298475798773,565.2787926604645,24.0971571018585,1.0,1200.0,200,200,502,1244.0,MUKTSAR
33636,Gorsian Hakamrai (124),LUDHIANA,30.9007111,75.8089447,33636,1912.8475256941608,1907.969970703125,0.4859455589024519,0.1278318939711648,1.3783278112592174,-0.4881826724300672,-0.0607708740398222,846.9622078349488,22.80621523879904,1.0,158.0,12,12,44,198.0,LUDHIANA-1
32286,Hussainpur (274),Shahid Bhagat Singh Nagar,31.1351357,76.11793,32286,1910.7799904701408,1907.96875,0.5083551133215628,0.1865682441122128,1.3547667371012544,-0.5079206645224332,-0.1001135998915946,840.4909315516846,22.737270569515545,1.0,550.0,100,112,248,579.0,NAWANSHAHR
29671,Bhanoki (107),KAPURTHALA,31.27454,75.82226,29671,1909.2855882971987,1907.9674072265625,0.6300617523668733,0.2571658245293918,1.838858309462311,-0.5858369762046756,-0.1843723805044879,780.2342207909853,22.6081212664606,1.0,592.0,215,20,526,382.0,PHAGWARA
37673,Mudhal (286),AMRITSAR,31.6396389,74.85601,37673,1908.466301222652,1907.9671630859375,0.3791429127515321,0.0594620453647056,1.0058715663765203,-0.3936451169106619,0.0090192507611051,946.1523303896709,22.48330970581761,1.0,0.00352,200,300,950,0.0,VERKA
36550,Ghalori (69),PATIALA,30.216217,76.35633,36550,1908.5053978608264,1907.966064453125,0.4131365858770063,0.0897961412607272,1.2984482806913191,-0.4284243876302526,-0.0229154942933557,850.5485597064393,22.973828551360043,0.7968523126723279,213.0,210,68,170,379.0,SANOUR
35379,Chibranwali (44),SRI MUKTSAR SAHIB,30.594595,74.83173,35379,1906.9395434086568,1907.9647216796875,0.6275460766159022,0.3254150481550029,1.5064452120511898,-0.5868524136382386,-0.2208140036005711,508.1724169661896,24.401347738773268,1.0,200.0,25,50,600,870.0,MUKTSAR
28586,Sidhwan (70),GURDASPUR,31.9639645,75.41655,28586,1908.425525771668,1907.962158203125,0.5166511680052308,0.2026327821193366,1.5511868670884814,-0.4965243000890392,-0.1201417321016832,896.9134276665893,22.24559244123508,1.0,112.0,55,55,120,122.0,SRI HARGOBINDPUR
39886,Ladal (52),SANGRUR,29.927927,75.80155,39886,1908.0103620580244,1907.9619140625,0.566414246042539,0.2618423872153854,1.3715553715220234,-0.5557862088014563,-0.1588325016271191,647.9117995080335,24.05346101105577,1.0,680.0,442,440,510,745.0,LEHRAGAGA
39891,Rampura Jawarwala (73),SANGRUR,29.927927,75.82234,39891,1909.314308985772,1907.9617919921875,0.547733731411577,0.2338538015959449,1.3115916912676588,-0.5426704237736444,-0.1337835205737316,646.557206194629,24.02802026499603,1.0,410.0,410,10,304,394.0,LEHRAGAGA
35849,Tarkhanwala (118),BATHINDA,29.9819813,75.07312,35849,1907.6485230127169,1907.960693359375,0.5717213114238477,0.1639573836920923,1.4398168202597288,-0.5435754128635312,-0.0924472324940135,512.3206286165899,24.643874259050182,1.0,1214.0,100,174,501,1220.0,TALWANDI SABO
32282,Kahlon (222),Shahid Bhagat Singh Nagar,31.0810814,75.94838,32282,1912.082553176879,1907.9595947265625,0.4949469446338264,0.1871769957056321,1.3192955995365216,-0.4993435645537907,-0.0970372517747583,838.3129817169107,22.73385648749751,1.0,2.47,247,0,495,640.0,AUR
35353,Seikh (29),SRI MUKTSAR SAHIB,30.216217,74.6674042,35353,1908.6164664789296,1907.9588623046875,0.6019438167221091,0.2690519983631189,1.3565208907801325,-0.5746254451812641,-0.1671591049107097,505.521410982837,24.51965776162052,1.0,432.0,14,135,182,433.0,GIDDERBAHA
37749,Berianwala (78),AMRITSAR,31.6576576,74.9763641,37749,1908.442561465482,1907.958740234375,0.393897172097757,0.0703097564569108,1.3135887599090446,-0.3897026398510352,-0.0125993939517243,985.595131199588,22.42399866098981,1.0,182.0,28,28,92,197.0,TARSIKKA
38308,Dhota (136),Tarn Taran,0.0,0.0,38308,1912.0428048268527,1907.9559326171875,0.4555344416812603,0.1277013106871661,1.260198858312153,-0.4583977207249902,-0.0514811878655378,940.791333000888,22.44797346272628,1.0,190.0,55,100,230,203.0,KHADUR-SAHIB-10
33119,Khaira (336),LUDHIANA,30.81081,76.34226,33119,1907.5927902417188,1907.954345703125,0.4948035964342119,0.1848302528068278,1.5315081611561938,-0.483210925369825,-0.1042867370119514,860.8907404353516,22.642453532259594,1.0,200.0,3,150,235,222.0,MACHHIWARA
36530,Hassanpur Prohtan (25),PATIALA,30.4215221,76.4477844,36530,1910.2214080579804,1907.95361328125,0.4867570970923648,0.1107464373136374,1.4562588398291016,-0.4693130318827283,-0.0503514500831285,839.1855749299424,22.919619997673408,0.4138034453332452,246.0,125,125,325,246.0,SANOUR
33304,Dhaul Khurd (389),LUDHIANA,30.3948536,75.74185,33304,1908.1483450043163,1907.95166015625,0.5988207811486396,0.2805288568086011,1.6715929009683357,-0.561164414383056,-0.1895667347692116,798.5365469633679,22.844517352172105,1.0,235.22,107,107,240,260.0,Maloud
30374,Usmanpur (293),JALANDHAR,31.27928,75.58047,30374,1912.470690826229,1907.949462890625,0.3845862340130196,0.0292050040056167,1.134705916489933,-0.4077733826297128,0.0247171395226127,896.5068998744385,22.43167161671425,0.9339106516651964,76.0,25,25,83,99.0,JALANDHAR-EAST
39890,Kotra Lehal (68),SANGRUR,29.9459457,75.79449,39890,1908.3654426400408,1907.9493408203125,0.581009377398844,0.2531531174463268,1.442326650762895,-0.5590567983427429,-0.1583228789855112,646.557206194629,24.02802026499603,1.0,645.0,517,480,510,748.0,LEHRAGAGA
30199,Mahal (237),JALANDHAR,31.124752,75.7096,30199,1907.0880646627447,1907.947998046875,0.5936983576889366,0.2257452115078762,1.7733332885408937,-0.5599879557905214,-0.1540671290217095,846.9261619260209,22.50267018928656,1.0,227.0,65,62,725,277.0,RURKA KALAN
35343,Assa Buttar (84),SRI MUKTSAR SAHIB,30.3936844,74.66802,35343,1907.3384790049536,1907.947509765625,0.6311071799189839,0.3075320617461383,1.61180980945877,-0.5873969765624403,-0.2127358167851282,527.5356287227082,24.305919428359925,1.0,876.0,468,500,821,877.0,GIDDERBAHA
35142,Dangar Khera (131),FAZILKA,30.18018,74.1815262,35142,1908.407165715933,1907.9471435546875,0.6494192593126654,0.191827715706623,1.722999346467863,-0.5800637828302474,-0.1312134880541444,432.1248990554114,24.75042553650133,1.0,1800.0,450,102,1197,1614.0,KHUIAN SARWAR
39487,Dugri (131),SANGRUR,30.3603611,75.8630447,39487,1906.136550411968,1907.94580078125,0.5838725940441789,0.2528381572036424,1.3775675098053068,-0.5625642886573358,-0.1592173917533193,777.9621127059357,22.86999094422293,1.0,285.0,1333,219,354,322.0,DHURI
32134,Dhahan (56),Shahid Bhagat Singh Nagar,31.18919,75.99287,32134,1905.0128820182963,1907.945556640625,0.6023419415937272,0.2451873577968324,1.7808371668512066,-0.5629055112185043,-0.1711975790972666,794.2889129272141,22.67882118477218,1.0,130.0,25,90,290,274.0,BANGA
37848,Khilchian (CT),AMRITSAR,31.6036034,75.22898,37848,1907.2160323229907,1907.9432373046875,0.4595353982015711,0.1282027025498999,1.4815363331170024,-0.4476080656931382,-0.0627891227540987,982.7927970954838,22.42377237991353,1.0,331.0,300,300,891,0.0,RAYYA
28587,Cheema Kalan (69),GURDASPUR,31.9819813,75.41011,28587,1911.55164294261,1907.943115234375,0.5779440138259612,0.2646640107942307,1.6596002264082557,-0.5472107376440394,-0.1714988202448232,911.4683362653152,22.180698756103368,1.0,75.0,45,0,43,76.0,SRI HARGOBINDPUR
33185,Mahawan (215),LUDHIANA,30.63063,76.09503,33185,1907.6065934544083,1907.94140625,0.5439079638300947,0.2333006850454178,1.5235223279329366,-0.5255915666401284,-0.142135260716344,901.8612000157732,22.79804944424137,1.0,2.47,0,0,114,323.0,KHANNA
35706,Patti Sandli Mehraj (189),BATHINDA,30.2882881,75.3273239,35706,1907.075503767068,1907.9400634765625,0.6802692531543458,0.3328909104156001,1.9104373552108675,-0.6204039450456772,-0.2496139132349293,603.1290116248515,24.011848568392185,0.9989991890061932,253.0,71,91,104,1231.0,PHUL
30179,Indna Kalaske (201),JALANDHAR,31.0270271,75.77908,30179,1906.3908941461373,1907.93896484375,0.6427872613294016,0.2769517826122497,1.9387915686542536,-0.5937661067398813,-0.2033694535031028,789.2529609610932,22.57912219385276,1.0,402.0,55,55,253,403.0,PHILLAUR
35720,Nathpura (182),BATHINDA,30.3063068,75.09073,35720,1907.975148205365,1907.9383544921875,0.6519649313215471,0.2931969047268674,1.7714484226001843,-0.5991415026918635,-0.212313355803801,584.7015195522766,24.05879199337694,1.0,953.0,400,342,576,1032.0,NATHANA
30353,Patara (196),JALANDHAR,31.27928,75.6437149,30353,1907.0803798786533,1907.9366455078125,0.5733321814339788,0.2206769999860817,1.915762912487814,-0.5310445141407016,-0.1486255790225843,810.1778899542803,22.588835919085337,1.0,5.0,85,78,910,195.0,JALANDHAR-EAST
37126,Kotli Barwala (56),AMRITSAR,31.6175823,74.87588,37126,1908.5769823478447,1907.9351806640625,0.4051613955139706,0.1780484779238751,0.9814110173408126,-0.4165074753846209,-0.0673708720497443,953.765833657016,22.6391379412903,1.0,1.0,0,1,1,197.0,AJNALA
35294,Khudian Mohan Singh (29),SRI MUKTSAR SAHIB,30.1981983,74.48695,35294,1909.2400259021567,1907.9346923828125,0.5717190475081876,0.2572532981589767,1.28744322854082,-0.5564839563462716,-0.1558523704267179,456.10141879963527,24.79543586222121,1.0,594.0,110,110,288,675.0,LAMBI
35156,Jandwala Hanwanta (96),FAZILKA,30.1441441,74.1752548,35156,1908.6943337563105,1907.9306640625,0.4612368055575612,0.0595933164724332,1.0987302978944542,-0.4755664402038127,0.0057394212585075,396.96799971127183,24.82034166703552,1.0,3191.0,523,534,945,1480.0,KHUIAN SARWAR
36671,Teja (157),PATIALA,30.3603611,76.3642044,36671,1906.077402752768,1907.929443359375,0.4309793749121336,0.1823418870696554,1.07547354974207,-0.4598112779215786,-0.0755997303624795,855.5401804854768,23.039179985216663,0.9609390791415712,198.0,56,52,120,214.0,BHUNER HERI
30507,Rohjri (100),JALANDHAR,31.54955,75.62938,30507,1909.7545068111065,1907.9290771484375,0.5692929169777136,0.1883299140398781,1.8124455842261349,-0.5330680648089335,-0.1237446945624461,805.4736348798173,22.43289419592901,1.0,2.0,15,5,96,205.0,BHOGPUR
33168,Salodi (169),LUDHIANA,30.7567558,76.29937,33168,1907.0916348324683,1907.9273681640625,0.4428610122075684,0.1059808266351479,1.3257155299764027,-0.4392849086652112,-0.0425030178446693,881.778218440843,22.71470776412841,1.0,519.0,30,40,625,583.0,SAMRALA
35312,Badal (3),SRI MUKTSAR SAHIB,30.1981983,74.48695,35312,1908.7428590311915,1907.92724609375,0.5679479167135325,0.223950308471299,1.2712668553117032,-0.5582321440230059,-0.1304008512681389,471.9106106395012,24.715347055956627,1.0,1375.0,510,513,736,1495.0,LAMBI
36606,Jhandi (200),PATIALA,30.3532677,76.39936,36606,1907.4725828037992,1907.9268798828125,0.4889672806782356,0.1746971665046695,1.246550382770785,-0.5026600880295077,-0.0811305945530127,854.8395561265978,23.03000725185453,1.0,381.0,150,150,331,421.0,SANOUR
29084,Maitle Kherabad (127),KAPURTHALA,31.5160732,75.22186,29084,1908.711266198632,1907.9249267578125,0.5686976969399365,0.2311747672942039,1.8244036373009884,-0.5308038049497417,-0.1541163423494329,843.1864175012009,22.479022681880625,1.0,262.0,120,130,230,289.0,NADALA
39881,Phulera (46),SANGRUR,30.2488155,75.83926,39881,1907.723250333237,1907.923828125,0.6615965834252633,0.3396175512551593,1.702813178391644,-0.6158502942374613,-0.2464315640782251,655.458966176738,23.956971999803613,1.0,2.47,0,0,485,686.0,SUNAM
33272,Mangewal (204),LUDHIANA,30.3783779,75.85614,33272,1907.064500616012,1907.923095703125,0.6205789179655116,0.2895570238320559,1.6372404298989829,-0.5782247397646094,-0.1997389729300394,791.0941996696713,22.83975550277513,1.0,170.0,226,28,136,295.0,Maloud
32291,Saidpur Khurd (268),Shahid Bhagat Singh Nagar,31.0270271,76.1996155,32291,1908.0170321859885,1907.919921875,0.0822578873012209,0.0797212190680567,0.0794143266257628,-0.1138572184777605,0.0416218467471255,849.4488059709768,22.74096965528013,0.4483712536262768,62.0,0,0,1,156.0,NAWANSHAHR
30469,Ispur (154),JALANDHAR,31.6036034,75.60978,30469,1907.9125413114289,1907.919921875,0.5881901663863218,0.2183112452756538,1.8102810733061,-0.5434893970936955,-0.1483878821666764,866.5677848269837,22.48811818547273,1.0,2.47,20,30,95,237.0,JALANDHAR - WEST
37495,Mann (240),AMRITSAR,31.7477474,74.96446,37495,1905.4637992660607,1907.9197998046875,0.3907130492159919,0.0834200701019817,1.1650493037051812,-0.3925158679429383,-0.0157134798177343,969.8854777028458,22.378567518482896,1.0,447.0,375,0,273,525.0,MAJITHA
36426,Kalsana (159),PATIALA,30.3423424,76.41278,36426,1903.6492288293937,1907.9193115234375,0.5370848872009121,0.2223221981255339,1.4373086287364527,-0.5243587303765194,-0.1290404962479564,786.1227275043392,22.971812814345224,1.0,284.0,39,58,129,284.0,NABHA
30561,Butran (79),JALANDHAR,31.5081978,75.595314,30561,1905.974207980853,1907.9171142578125,0.5884582990931755,0.2387894478725622,1.8607849961588527,-0.5482650870213348,-0.1619328709099703,795.3186371205321,22.41110076162236,1.0,2.47,42,0,350,518.0,BHOGPUR
36341,Dandrala Kharaur (148),PATIALA,30.54054,76.23355,36341,1904.014708371585,1907.9151611328125,0.5476382794816655,0.2328417273260536,1.5225437040725625,-0.5284402025186699,-0.1408809807382239,815.5973068484044,22.94825850741397,1.0,708.0,280,345,550,791.0,PATIALA RURAL
39497,Daulowal (160),SANGRUR,30.5045052,75.9334259,39497,1906.067867331668,1907.9149169921875,0.6114853696051721,0.2981401256536642,1.53083879407751,-0.5725259084123638,-0.200264118037257,749.7704491322208,22.94243636138792,1.0,132.0,50,0,95,162.0,MALERKOTLA
32748,Badhochhi Khurd (304),FATEHGARH SAHIB,30.6154671,76.38123,32748,1905.3476924424133,1907.91357421875,0.5272487541121773,0.2415758625363843,1.4528917613148131,-0.5107891436530387,-0.1420722270117469,888.7562545945542,22.84437835799872,1.0,24.4,20,0,204,82.0,SIRHIND
35320,Dhaula (160),SRI MUKTSAR SAHIB,30.1981983,74.48695,35320,1904.0793103483525,1907.912109375,0.6090358103076969,0.2790739495635624,1.3612237683582344,-0.5807809849650576,-0.1741657447636988,469.90154247171023,24.68629842379306,1.0,568.0,120,115,320,611.0,LAMBI
39511,Bathan (150),SANGRUR,30.5045052,76.0589,39511,1905.7839071737528,1907.9114990234375,0.59999158734875,0.2661643889492216,1.474223474260724,-0.57067979726852,-0.1721037184310961,742.3286381175416,22.955177382900672,1.0,370.0,145,0,315,410.0,MALERKOTLA
30662,Prempur (546),HOSHIARPUR,31.6936932,75.5984,30662,1903.027911913833,1907.9100341796875,0.5465057137704702,0.2605138988035415,1.6022987915993532,-0.5226556073588438,-0.1664400111100131,843.7863055780387,22.40539485348365,1.0,8.9,15,18,170,214.0,TANDA
35477,Chak Kalyan (101),FARIDKOT,30.5765762,74.8178253,35477,1906.9181833724256,1907.909912109375,0.610283710728948,0.2985175743973409,1.7916419332338116,-0.5660671732430116,-0.2078947364684283,555.2153530528443,24.0456105442222,1.0,368.0,185,182,266,408.0,KOT KAPURA
35782,Teona (4),BATHINDA,30.4853687,75.0530853,35782,1907.562596610309,1907.906982421875,0.5982883836194675,0.2563027373798449,1.398236081580046,-0.5673875609985766,-0.1595718079619677,519.1389873694626,24.52919135307257,1.0,1107.0,480,480,778,1329.0,BATHINDA
30342,Kotla (213),JALANDHAR,31.261261,75.54496,30342,1910.512282143164,1907.9052734375,0.4157907299970952,0.0862752603818453,1.4636650034373864,-0.4123859228763828,-0.0314633368331873,866.5677848269837,22.48811818547273,0.6234311733087071,4.04,58,25,128,53.0,JALANDHAR-EAST
32180,Rehpa (194),Shahid Bhagat Singh Nagar,31.0810814,75.9904556,32180,1906.768093173648,1907.9027099609375,0.6252925049422782,0.2776452943864058,1.807856117945623,-0.5852775808283905,-0.2004703293657886,847.3562988450425,22.43174952083797,1.0,216.0,140,120,355,251.0,AUR
30223,Rurki (32),JALANDHAR,31.1635571,75.21017,30223,1908.6777498002937,1907.902099609375,0.6084178819058321,0.244952637018572,1.7664026669311488,-0.5729235069552515,-0.1680700845712123,799.0332628319693,22.66129766405072,1.0,357.0,223,215,655,411.0,RURKA KALAN
33523,Birhans (327),LUDHIANA,30.3603611,75.8630447,33523,1905.8121966866656,1907.8974609375,0.6282447598541794,0.3331414407239607,2.3580442413640923,-0.5685936765628671,-0.2517285461036473,798.1422933747666,22.84587891937236,1.0,1.0,0,0,1,106.0,Maloud
37244,Talwandi Rai Dado (220),AMRITSAR,31.8378372,74.76184,37244,1905.7269365075265,1907.8968505859375,0.5663699643428651,0.2114403700209588,1.369728276497011,-0.5438902187884355,-0.124391019908595,917.5402614285844,22.767377350587992,0.936053280966582,194.0,150,150,230,333.0,AJNALA
29041,Mand Sardar Sahibwala (49),KAPURTHALA,31.6014843,75.44653,29041,1906.5030495483784,1907.896484375,0.5207134535710455,0.1935298928820439,1.4864187677449958,-0.5016924862368811,-0.1123863909567539,860.1867499759095,22.40933991115594,1.0,40.0,4,15,25,89.0,NADALA
36153,Burj Rathi (60),MANSA,30.2522526,75.23711,36153,1907.231492232355,1907.896484375,0.6418805277397123,0.2833168451398043,1.5886696819375925,-0.600088431803006,-0.1958867971734438,628.0062749023627,24.17448432308173,1.0,900.0,802,381,565,925.0,MANSA
35295,Sikhwala (27),SRI MUKTSAR SAHIB,30.1981983,74.48695,35295,1909.5414848307096,1907.896240234375,0.5835424155518507,0.2381515661316379,1.3023641516190656,-0.5626766012228364,-0.1418108080145733,438.1507578303712,24.89491000732602,1.0,1396.0,740,740,1030,1231.0,LAMBI
35327,Thehri (19),SRI MUKTSAR SAHIB,30.4684677,74.5256,35327,1907.00678992471,1907.8955078125,0.5708830727802437,0.2486599703414695,1.3447053435741765,-0.5427756653700205,-0.1516661041903488,476.8292733876061,24.61310499220469,1.0,1493.0,5,345,618,1725.0,GIDDERBAHA
35611,Khachran (136),FARIDKOT,30.414793,74.81912,35611,1908.283848557244,1907.8927001953125,0.6247545832657969,0.2637578013496278,1.6899875733421146,-0.5832905900443462,-0.1828247027912058,514.7482860153068,24.28524502617941,1.0,24.0,49,0,345,560.0,Jaitu
36042,Dialpura (167),MANSA,29.927927,75.55207,36042,1908.7076441111924,1907.8924560546875,0.56785052244073,0.2448982456963264,1.4077179381111324,-0.5521784148784689,-0.1485126395335398,652.7565401272238,24.135941499691725,1.0,536.0,360,290,513,595.0,BUDHLADA
35442,Dodanwali (103),SRI MUKTSAR SAHIB,30.4684677,74.5256,35442,1907.844584626304,1907.8919677734375,0.5583161886864798,0.2535901285106641,1.5871134157153532,-0.5278036733796017,-0.1635046836068561,550.7757755925553,24.21716196586232,1.0,120.0,150,120,460,553.0,MUKTSAR
35815,Bahadargarh Jandian (82),BATHINDA,30.2145176,74.9442749,35815,1906.8965577669364,1907.8916015625,0.5356564327957062,0.1999160506517688,1.1605132535850369,-0.5410869706099232,-0.1057635914632934,487.3473983953202,24.636493781913533,1.0,1517.0,850,250,418,641.0,SANGAT
35939,Fatehgarh Sahnianwali (151),MANSA,29.90991,75.5384,35939,1905.572473541624,1907.8916015625,0.5544060426433115,0.1079076854489988,1.4536359109939698,-0.5227498238677871,-0.0464725884329428,677.1074923684495,24.41611745199475,1.0,618.0,78,198,282,618.0,JHUNIR
30402,Lambra (267),JALANDHAR,31.2432442,75.55161,30402,1912.649278317908,1907.888671875,0.550823232272622,0.1830519303519427,1.660872218825642,-0.5250378650119745,-0.1158390521931582,929.3614583063448,22.44343371181034,1.0,0.8,12,11,395,120.0,JALANDHAR-EAST
30512,Ghug (104),JALANDHAR,31.54955,75.62938,30512,1911.279471265373,1907.8880615234375,0.5407621338482927,0.1882313233529019,1.6268442271735992,-0.5215437930431743,-0.1146164686057735,805.4736348798173,22.43289419592901,1.0,250.0,1,0,140,127.0,BHOGPUR
33581,Jaspal Bangar (259),LUDHIANA,30.3948956,75.74166,33581,1908.487060488822,1907.88525390625,0.4190924966477171,0.1097095299519468,1.22348001639305,-0.4339607287557616,-0.0407723934221154,823.3052092230146,22.770809514855127,0.8772069790596986,359.59,285,55,658,481.0,DEHLON
35239,Mahni Khera (52),SRI MUKTSAR SAHIB,30.1981983,74.48695,35239,1907.9995579420404,1907.8837890625,0.6035940608246347,0.235834028541859,1.465992694170568,-0.5634372583836125,-0.1465587663324735,429.3760749509232,24.825229155186832,1.0,940.0,390,450,545,1029.0,LAMBI
35015,Haujkhas (218),FAZILKA,30.6126118,74.25945,35015,1906.860117083069,1907.8824462890625,0.6122526684263124,0.3047065610907135,1.598796850836827,-0.5773346597726144,-0.2051527623737634,533.0506148130527,24.31162678165112,1.0,718.0,255,255,460,768.0,JALALABAD
39150,Landran (37),S.A.S Nagar,30.738739,76.64147,39150,1904.2346993922968,1907.88232421875,0.4581996239083745,0.0750318667197447,1.298455906743149,-0.4558054632833788,-0.0200972395593518,814.3875989129441,22.74644426539641,0.4766954781582039,2.0,20,32,62,280.0,KHARAR
35283,Rathrian (158)0,SRI MUKTSAR SAHIB,30.1981983,74.5078049,35283,1906.392068209673,1907.8814697265625,0.5653281800684322,0.2215162540956279,1.331244203353152,-0.5483216891034508,-0.1296011185554706,452.8616634803061,24.70049723646652,1.0,2.47,388,0,251,509.0,MALOUT
32733,Siduwal (142),FATEHGARH SAHIB,30.63063,76.38819,32733,1902.5517503777653,1907.8804931640625,0.5076004606616956,0.2219533764811254,1.3863670827876011,-0.4957211310316926,-0.1273814341462746,888.7562545945542,22.84437835799872,1.0,2.47,46,19,72,154.0,SIRHIND
34977,Chak Khundwala (234),FAZILKA,30.6126118,74.25945,34977,1907.4505487776069,1907.88037109375,0.6500409292764487,0.3361006278370669,1.6501402810209267,-0.6059070841031537,-0.2387223240848182,537.5568660905259,24.30053681632836,1.0,352.0,115,115,150,408.0,JALALABAD
35274,Virk Khera (171),SRI MUKTSAR SAHIB,30.18018,74.49417,35274,1909.5483678641424,1907.8779296875,0.5927704250348002,0.2704703374057919,1.368194604708235,-0.559521602946364,-0.1661852962491228,434.3680831601517,24.73130810562617,1.0,488.0,141,340,354,528.0,MALOUT
37755,Saidpur (98),AMRITSAR,25.783783,87.48457,37755,1906.5905460638323,1907.875732421875,0.4677429086407646,0.1601589305326235,1.4993510756747874,-0.4506975590902681,-0.0862627643804831,985.595131199588,22.42399866098981,1.0,14.0,28,2,375,261.0,TARSIKKA
35699,Pitho (45),BATHINDA,30.27027,75.23005,35699,1908.1544097117792,1907.8734130859375,0.6583527587522859,0.3057548603309524,1.7450101019442057,-0.6095742485582805,-0.2235177560545905,616.7894224515222,24.055790319842977,1.0,1760.8,983,973,1135,1948.0,RAMPURA
33577,Dangora (267),LUDHIANA,30.3948956,75.74166,33577,1907.2905442345605,1907.8720703125,0.5177248996047141,0.2161289440340473,1.4847473911572435,-0.5200203713433883,-0.1266857201570859,822.9384216477769,22.76890863195922,1.0,136.0,60,61,111,150.0,DEHLON
30639,Phatta (517),HOSHIARPUR,31.81982,75.8074951,30639,1910.674472193797,1907.87158203125,0.4918547364448404,0.2179416098848235,1.3302418441241226,-0.44916346574286,-0.1250515571094747,905.0165114888052,22.29803105584254,0.9880733001762682,2.47,45,20,36,177.0,TANDA
30178,Miranpur (202),JALANDHAR,31.0270271,75.77908,30178,1906.1359211698607,1907.871337890625,0.6823808731611064,0.3124233850236595,2.1064809761653214,-0.6218664120817518,-0.241639144593078,789.2529609610932,22.57912219385276,1.0,132.0,10,10,22,132.0,PHILLAUR
35251,Aspal (152),SRI MUKTSAR SAHIB,30.1981983,74.5078049,35251,1909.899848034043,1907.8709716796875,0.6455953088492086,0.3184643970333177,1.5811860763183068,-0.5846604652398243,-0.2218123024330205,434.3680831601517,24.73130810562617,1.0,1099.0,80,0,389,1199.0,MALOUT
36056,Khatriwala (169),MANSA,29.927927,75.55207,36056,1907.455182430284,1907.8697509765625,0.5643491923633182,0.2490104967194314,1.3900381371539672,-0.5544581332690693,-0.1493338003933678,651.6007890526315,24.12055901896124,1.0,423.0,180,175,346,473.0,BUDHLADA
39880,Fatehgarh (50),SANGRUR,30.27027,75.85592,39880,1906.553250276057,1907.8660888671875,0.6477688765739393,0.3261098442337867,1.6365741497773696,-0.6067005045396474,-0.230116559795534,655.1541329381631,23.93565355781553,1.0,2.47,0,0,541,931.0,SUNAM
35936,Bhama Kalan (154),MANSA,29.927927,75.53128,35936,1906.9295964491296,1907.86572265625,0.5880636499365721,0.2246100893702965,1.4778186938978084,-0.5622785369462211,-0.1377227208067783,659.3515724919694,24.371245405818165,0.9629060387563748,1007.0,0,595,709,1086.0,JHUNIR
36603,Khusropur (165),PATIALA,30.27027,76.35662,36603,1908.732658928828,1907.86572265625,0.4623936436968504,0.163157419323453,1.223813428160392,-0.4670044997268278,-0.0777511356213794,850.5485597064393,22.973828551360043,1.0,147.0,5,5,283,179.0,PATIALA
36151,Ralla (7),MANSA,30.0180187,75.39171,36151,1908.1698332805613,1907.8653564453125,0.6572560254432822,0.3038503497974348,1.7284208622474186,-0.6126865021655381,-0.2192951862775406,635.5244808710792,24.10325125156561,1.0,2456.0,815,485,1546,2845.0,BHIKHI
30261,Damudarpur (187),JALANDHAR,31.3153152,75.58828,30261,1909.163220457409,1907.8653564453125,0.5480398522513369,0.2011479677276738,1.887194433483652,-0.5122499507046314,-0.1313638007709287,814.4297393968003,22.591733580938524,1.0,0.1,0,0,7,93.0,JALANDHAR-EAST
39179,Jagatpur (261),S.A.S Nagar,30.72072,76.71098,39179,1907.2003999499857,1907.864990234375,0.2600136570544019,-0.0258441545836151,0.8480120333957786,-0.2999315644629028,0.0628869532596864,785.3327634742158,22.763507083242928,0.2891371138685783,33.0,35,20,1162,202.0,KHARAR
34974,Chak Lakhowali (228),FAZILKA,30.522522,74.2741852,34974,1907.5426266188588,1907.8636474609375,0.6070093975057874,0.3100470499542187,1.528667597197533,-0.5696317871377732,-0.2059860925164809,537.5568660905259,24.30053681632836,1.0,297.0,135,141,190,339.0,JALALABAD
36709,Julah Heri (225),PATIALA,30.1621628,76.5228348,36709,1909.141668922632,1907.86279296875,0.3692232853871871,0.1453334030827908,0.8606424773521099,-0.4271107760521134,-0.0325288597432139,820.6120691888519,23.11889754380887,1.0,351.0,36,153,204,385.0,BHUNER HERI
30205,Sargundi (236),JALANDHAR,31.1171169,75.72464,30205,1906.952180476936,1907.859619140625,0.5876036486694984,0.2213012174294151,1.6471746322655354,-0.5512637869732304,-0.1530028824837719,846.9261619260209,22.50267018928656,1.0,270.0,35,50,218,316.0,RURKA KALAN
35292,Adhania (34),SRI MUKTSAR SAHIB,30.4324322,74.39356,35292,1907.8383219804016,1907.859130859375,0.5639042223394298,0.2259891402292931,1.2754216834836387,-0.545245400202498,-0.1276837607440419,452.1339404160297,24.76268097896508,1.0,4000.0,160,160,495,1089.0,LAMBI
35449,Madahar Kalan (94),SRI MUKTSAR SAHIB,30.594595,74.81081,35449,1907.3651035792943,1907.8555908203125,0.5815374362163401,0.2788513733962522,1.5936348601632393,-0.5573976601129481,-0.1813979257793834,544.0241428699787,24.14615699568112,1.0,1500.0,150,0,600,1520.0,MUKTSAR
32128,Katarian (33),Shahid Bhagat Singh Nagar,31.2072067,75.9862747,32128,1902.966128883062,1907.8519287109375,0.624138971328773,0.2931653607095477,1.7747174891858974,-0.5896188120842275,-0.2065655065618915,773.5361466537327,22.778415130451545,1.0,159.0,253,120,250,399.0,BANGA
30398,Rampur Lallian (425),JALANDHAR,31.2972965,75.55274,30398,1913.4912225912008,1907.851806640625,0.5056548232784598,0.1454230013347718,1.405570172610954,-0.497177474815229,-0.0761058665928229,924.1827265742348,22.466039544657512,1.0,2.47,0,0,183,229.0,JALANDHAR - WEST
28565,Shahpur Araian (100),GURDASPUR,31.9639645,75.41655,28565,1908.144832511562,1907.85107421875,0.5402769492524158,0.2282044417467009,1.5723624564748693,-0.5177261026930108,-0.1396107806880215,911.4683362653152,22.180698756103368,1.0,89.0,18,0,91,100.0,SRI HARGOBINDPUR
36556,Rawas Brahmanan (65),PATIALA,30.2342339,76.32861,36556,1906.5702975995712,1907.85009765625,0.4712520972007775,0.1241718995522528,1.2856827600187868,-0.4811891805764872,-0.0492748761331996,850.5485597064393,22.973828551360043,1.0,1.1,25,25,150,240.0,PATIALA
35317,Channu (31),SRI MUKTSAR SAHIB,30.4324322,74.39356,35317,1907.1940676594097,1907.8489990234375,0.6063274043361218,0.286378489651531,1.3996548362117578,-0.5742760909080541,-0.186147074582868,465.8419284036057,24.72291597380996,1.0,1206.0,406,406,1488,2218.0,LAMBI
35674,Jeondan (71),BATHINDA,30.27027,75.23005,35674,1909.009976725105,1907.8486328125,0.6775443631046829,0.3217936335233116,1.8309268597900423,-0.6207429946363587,-0.2412672365992471,618.7790544751432,24.00475159897166,1.0,1237.0,185,181,609,1313.0,RAMPURA
30656,Doburji (533),HOSHIARPUR,31.6936932,75.5984,30656,1904.0518379648488,1907.847900390625,0.5090561891419657,0.1753394549152062,1.477372849295597,-0.4939891205665573,-0.0967747828795485,928.5261276175872,22.425879731414227,1.0,2.83,15,12,178,126.0,TANDA
29047,Nangal Lobana (32),KAPURTHALA,31.6011333,75.44704,29047,1907.766446201252,1907.8477783203125,0.4812699807580865,0.1785468929759847,1.497451257290873,-0.4666625760781606,-0.0987888134581982,800.9258451869385,22.437382947828382,1.0,400.0,600,700,1200,173.0,NADALA
29646,Madhopur (81),KAPURTHALA,31.2484074,75.73042,29646,1905.3261338404968,1907.8466796875,0.5853770751046252,0.2464271356414524,1.6977194913740652,-0.5576048530198979,-0.161938300027057,814.4297393968003,22.591733580938524,1.0,936.0,261,0,429,571.0,PHAGWARA
35814,Raike Khurd Urf Chak Dana (84),BATHINDA,30.2148151,74.94384,35814,1908.2606146266808,1907.8466796875,0.5841605351459387,0.2409848216753346,1.27534860230436,-0.5778307611699163,-0.1401095426798793,480.941976193645,24.672982832123296,1.0,1100.0,150,150,297,384.0,SANGAT
35179,Alamgarh (109),FAZILKA,30.1621628,74.1888046,35179,1909.147950059395,1907.845947265625,0.5607496867435078,0.1603315112084144,1.4432396989042386,-0.5315336645507641,-0.0878171104872384,421.3487786337236,24.862516752488084,0.9832007024088164,3719.0,856,985,1015,2323.0,KHUIAN SARWAR
30574,Alamgir (121),JALANDHAR,31.405405,75.68186,30574,1906.2133396241973,1907.845458984375,0.5957085037032044,0.229213038682725,1.951751282008211,-0.5508797197237106,-0.1578033356730667,774.4341702782851,22.413795975537163,1.0,150.0,100,100,120,151.0,BHOGPUR
35875,Jatri (25),BATHINDA,30.0540543,75.23178,35875,1909.7677876682408,1907.84521484375,0.6155265500971003,0.2471694988923764,1.4602748470433369,-0.5890916599702413,-0.1581819739396316,593.4174302031892,24.27416767654819,1.0,350.0,73,217,226,385.0,MAUR
35769,Burj Mehma (178),BATHINDA,30.47892,75.02486,35769,1907.7870499826229,1907.8446044921875,0.5805337463088187,0.2059628909221376,1.4274603769281864,-0.5593795929190555,-0.1182822406303961,515.5420680683927,24.431072761333844,1.0,1100.0,380,360,840,1222.0,BATHINDA
36628,Kakapur (211),PATIALA,30.2811165,76.43913,36628,1906.6894828075435,1907.84423828125,0.5326899818223063,0.2268116265094869,1.363527906525237,-0.5238569067951427,-0.1289561623304957,855.5401804854768,23.039179985216663,1.0,68.0,262,55,90,78.0,SANOUR
35857,Malkana (125),BATHINDA,29.9819813,75.07312,35857,1909.0883454199568,1907.84228515625,0.6057809003756474,0.1640793942350885,1.541108935883443,-0.5654933318094759,-0.0962382219687564,542.388766674348,24.60636779679533,1.0,2448.0,0,250,945,2448.0,TALWANDI SABO
36247,Gobindpura Alias Paind (168),PATIALA,29.9459457,75.79449,36247,1906.6208013952617,1907.8402099609375,0.4572591728655995,0.1920819909546081,1.231863572628788,-0.4631493635641449,-0.0954399307843826,639.0663030555146,23.86120458232682,1.0,259.0,101,40,104,752.0,PATRAN
34203,Bundala (204),MOGA,30.9369373,75.1404,34203,1908.433229367033,1907.83984375,0.2269367206609912,0.09707178625186,0.6211299287161912,-0.257937157326375,0.0068423802911824,731.2058593436029,23.02841795877847,1.0,33.0,25,18,45,43.0,KOT-ISE-KHAN
30345,Mubarakpur (210),JALANDHAR,31.2432442,75.55161,30345,1909.2796044512888,1907.8369140625,0.4299147496558208,0.0866014636755493,1.4045842820156975,-0.4255542781853057,-0.0313645624159396,866.5677848269837,22.48811818547273,0.7465809076119705,3.23,123,28,221,108.0,JALANDHAR-EAST
39861,Tolawal (17),SANGRUR,30.2485275,75.83867,39861,1905.640165154438,1907.8358154296875,0.6674143088045745,0.3309484511321713,2.0850105809278223,-0.6141261372071238,-0.2518491426310053,659.8170044829743,23.84867151199916,1.0,2.47,0,0,768,137.0,SUNAM
32126,Jandiala (50),Shahid Bhagat Singh Nagar,31.2072067,76.1337357,32126,1903.695043321828,1907.835205078125,0.6369021800345794,0.3217826734647874,1.7437718068121149,-0.6041168193391229,-0.2272469778760239,794.6686496833188,22.704840867347592,1.0,687.0,40,40,380,727.0,BANGA
32299,Salempur (260),Shahid Bhagat Singh Nagar,31.1432571,76.10111,32299,1908.4921419475725,1907.832763671875,0.5102823262548764,0.1965134875952809,1.3675128978737692,-0.5130741865451763,-0.1030304454496598,851.0235640218156,22.741619939577788,1.0,184.0,58,30,118,194.0,NAWANSHAHR
32197,Dosanjh Khurd (98),Shahid Bhagat Singh Nagar,31.18666,75.8914,32197,1905.249457272602,1907.8326416015625,0.5661680734344628,0.2104730705394821,1.5151088968675488,-0.5505298084410998,-0.1273555381425684,795.2970954587357,22.747902170555847,1.0,144.0,153,113,215,165.0,BANGA
36129,Thuthianwali (57),MANSA,30.2522526,75.19539,36129,1908.543582622622,1907.8287353515625,0.6566841755351982,0.2844993380037521,1.671335929410395,-0.6074232537253704,-0.2037632364315131,648.4871197767928,24.224281917981,1.0,700.0,170,190,250,919.0,MANSA
36141,Matti (15),MANSA,30.072073,75.5369644,36141,1908.259650604283,1907.82861328125,0.6450073161310942,0.3025561372905207,1.6336604010080311,-0.6041557604010719,-0.2123766277148776,641.8226900508301,24.019966784127803,1.0,1284.0,260,506,706,1352.0,BHIKHI
37370,Khiala Kalan (326),AMRITSAR,31.6576576,74.5953445,37370,1910.8003038603613,1907.8284912109375,0.5474550820566616,0.2246077243999477,1.3475031422020831,-0.5328430443651019,-0.1317523755105129,904.1482898404496,22.86324585740084,1.0,1050.0,285,215,766,1175.0,CHOGAWAN
33578,Khanpur (256),LUDHIANA,30.3948956,75.74166,33578,1907.0592751677964,1907.826904296875,0.5227759582596844,0.2273112957496501,1.593835725128118,-0.515066953246976,-0.1403436181398905,822.9384216477769,22.76890863195922,1.0,605.0,210,55,701,675.0,DEHLON
36442,Chaswal (145),PATIALA,30.54054,76.23355,36442,1904.998366963545,1907.821044921875,0.5456431528936665,0.2189011524347091,1.5041782282696077,-0.5262191414105908,-0.1294795720390193,791.7566427137547,22.96695145224803,1.0,327.0,180,201,310,327.0,NABHA
34927,Chak Paniwala (197),FAZILKA,30.6126118,74.25945,34927,1906.2911624207777,1907.8206787109375,0.5751378211833816,0.2993220739766434,1.3967979653606035,-0.5614765584979802,-0.1898673983646899,573.5140833070176,24.17932731779252,1.0,229.0,59,55,88,252.0,JALALABAD
35355,Manianwala (30),SRI MUKTSAR SAHIB,30.27027,74.6459,35355,1908.0358482540053,1907.820556640625,0.6040802294024105,0.292751854064953,1.3736808441081854,-0.5581031542583416,-0.1869007508445614,505.521410982837,24.51965776162052,1.0,335.0,112,112,210,433.0,GIDDERBAHA
36069,Borawal (40),MANSA,29.927927,75.55207,36069,1908.1102426621712,1907.81982421875,0.6827476027526245,0.3225077267982675,1.839490178303085,-0.6274726569380475,-0.2448197977734428,649.303610943874,24.11573051187664,1.0,1029.0,476,476,776,1184.0,BUDHLADA
35361,Khunan Khurd (33),SRI MUKTSAR SAHIB,30.216217,74.6674042,35361,1908.1054503130904,1907.8192138671875,0.597609560079035,0.2729491664688337,1.3919614026470195,-0.5612872872739944,-0.1724854114657029,505.5187557752392,24.519659578033504,1.0,1096.0,3,245,445,551.0,GIDDERBAHA
39795,Shahpur Kalan (13),SANGRUR,30.2488155,75.83926,39795,1908.0696033999047,1907.81884765625,0.7063092424273569,0.349230198826329,1.9529000877765537,-0.6467127072766226,-0.2719652851826108,660.0378334745918,23.84082490165954,1.0,2.47,0,0,778,1439.0,SUNAM
35407,Bura Gujjar (107),SRI MUKTSAR SAHIB,30.4864864,74.518486,35407,1904.6047866055555,1907.818603515625,0.5551648273315049,0.2371091156127355,1.476153910038093,-0.5344981579831519,-0.1468127490890367,552.4258967428149,24.2088310512223,0.9734138869514792,700.0,200,0,420,1042.0,MUKTSAR
29648,Mera (87),KAPURTHALA,31.405405,75.3863144,29648,1906.467543451526,1907.81787109375,0.5611513525948831,0.2145420750528846,1.677927885571341,-0.5355045636069589,-0.1333285389030712,814.4297393968003,22.591733580938524,1.0,2.0,0,0,16,45.0,PHAGWARA
29647,Bhagwan Pur (80),KAPURTHALA,31.3873882,75.39295,29647,1904.801672571789,1907.8175048828125,0.5565139490810408,0.2182656753094022,1.513767835418987,-0.5466640838275726,-0.1299349946305645,814.4297393968003,22.591733580938524,1.0,351.0,8,0,8,201.0,PHAGWARA
32178,Lidhar Kalan (67),Shahid Bhagat Singh Nagar,31.0810814,75.96941,32178,1906.0220975870795,1907.81689453125,0.6187830306852159,0.2640608862782164,1.759906246648922,-0.5788003060849962,-0.1845452710381379,833.6386276382495,22.493174058125494,1.0,203.0,53,53,205,238.0,AUR
36714,Rajpur (245),PATIALA,30.3423424,76.35014,36714,1908.5338932650773,1907.8157958984375,0.3361766577423982,0.1323222533782689,0.9200125706736644,-0.3759769389304,-0.030599810424485,831.8383189847367,23.081396195602963,1.0,140.0,35,25,170,155.0,BHUNER HERI
36085,Khiala Khurd (53),MANSA,30.0,75.39883,36085,1909.1125992868003,1907.8154296875,0.6832442021254563,0.3070733355463524,1.901909060235657,-0.6332298993174315,-0.2286540464385438,647.9399752743582,24.18911689072825,1.0,398.0,149,130,166,420.0,MANSA
35281,Ghumar Khera (164),SRI MUKTSAR SAHIB,30.4684677,74.5256,35281,1905.913338750402,1907.8150634765625,0.593670964122405,0.2450431511141847,1.3627033440671117,-0.5664057329165474,-0.1476213740260571,458.4890351894503,24.646424363522865,1.0,2110.0,150,80,430,616.0,MALOUT
37248,Chak Dogran (124),AMRITSAR,31.8378372,74.76184,37248,1907.7179494284544,1907.8143310546875,0.4972140626537854,0.1560437093525616,1.1570469452340255,-0.5024256758027488,-0.0670639950664549,917.5402614285844,22.767377350587992,1.0,210.0,70,70,105,325.0,AJNALA
30715,Kotli (45),HOSHIARPUR,31.81982,75.8074951,30715,1902.723770577176,1907.8121337890625,0.5717275385088044,0.22475441193907,1.692940439383049,-0.5373025995558159,-0.1468843756630071,928.5261276175872,22.425879731414227,0.8276376712652846,1.66,0,2,3,72.0,TANDA
36155,Burj Dhilwan (63),MANSA,30.2522526,75.19539,36155,1908.558327564989,1907.810302734375,0.6506787171102885,0.29729026397309,1.629396190015188,-0.6058237845169474,-0.2095292929682171,628.6723242533164,24.16847895899741,1.0,880.0,700,700,758,955.0,MANSA
36039,Akbarpur Khudal (171),MANSA,29.927927,75.55207,36039,1909.7379028601963,1907.80859375,0.5887346044586278,0.2749029858693482,1.4543712587882518,-0.566865936160186,-0.1720609814541775,650.1332421833624,24.09518213755757,1.0,529.0,352,350,455,578.0,BUDHLADA
32890,Majri Mishri (3),FATEHGARH SAHIB,30.64865,76.29771,32890,1905.5961958774496,1907.805908203125,0.3545881371337798,0.0822441951335982,1.2000822633832908,-0.3625980206585026,-0.0196619553898754,879.6622889382073,22.8419486918078,0.6592863063788257,95.0,17,18,18,94.0,AMLOH
36130,Tamkot (58),MANSA,30.2522526,75.19539,36130,1909.2115111574765,1907.8028564453125,0.6604518094637147,0.3034326970112307,1.6835322676722757,-0.6156074232230229,-0.2183251080170512,634.7054037263291,24.114082330978302,1.0,817.0,620,373,579,906.0,MANSA
35314,Kheowali (12),SRI MUKTSAR SAHIB,30.1981983,74.48695,35314,1907.4611865540217,1907.8018798828125,0.5783691768399768,0.2651432854663564,1.2686397924010948,-0.5734523850442049,-0.1569523307165239,446.21393278252174,24.872163350963103,1.0,510.0,320,308,585,611.0,LAMBI
39896,Chotian (78),SANGRUR,29.9459457,75.79449,39896,1907.955172907335,1907.7999267578125,0.512208752441891,0.2327692564071952,1.255126556204079,-0.513506756129748,-0.1267102229039587,638.8021775798763,24.18497938369412,1.0,886.0,515,587,645,1011.0,LEHRAGAGA
35277,Malwala (168),SRI MUKTSAR SAHIB,30.594595,74.45496,35277,1906.7820827073224,1907.7974853515625,0.6157840365414378,0.2585671252238553,1.4144097186627504,-0.5779780835875818,-0.1602475661574045,454.9164417197602,24.65291482275921,1.0,400.6,80,80,225,443.0,MALOUT
29660,Atholi (94),KAPURTHALA,31.2608929,75.70723,29660,1908.9549810471087,1907.791015625,0.6090662493477166,0.2546473793567178,1.9263707214105643,-0.5625937619589627,-0.1799640775797261,774.5449784209626,22.62641459229758,1.0,350.0,18,0,287,244.0,PHAGWARA
35395,Rupana (61),SRI MUKTSAR SAHIB,30.4684677,74.5256,35395,1906.2897268160511,1907.7899169921875,0.5837848003086213,0.2677945174930295,1.4092199411673718,-0.5583702175324577,-0.1719820011169713,518.6119284364255,24.396334939113096,0.964440842483626,1900.0,200,15,100,2453.0,MUKTSAR
29684,Chachoke (CT),KAPURTHALA,31.2484074,75.73042,29684,1910.124026321436,1907.78955078125,0.3473084764027405,0.0484253596360773,1.0459661005568026,-0.3644070386824048,0.0056928701140725,789.2529609610932,22.57912219385276,0.3419011780527861,2.0,0,0,16,0.0,PHAGWARA
35409,Lambi Dhab (109),SRI MUKTSAR SAHIB,30.4684677,74.5256,35409,1905.7020557315743,1907.7894287109375,0.5808819505760254,0.2430879308160106,1.4940760727224955,-0.5603819676891041,-0.1523452192768094,551.7452749421494,24.214223010815147,0.9728843089434744,250.0,250,150,342,568.0,MUKTSAR
35436,Dohak (146),SRI MUKTSAR SAHIB,30.4684677,74.5465,35436,1907.0933311707493,1907.7889404296875,0.5783255108719121,0.2614424278334146,1.5536525475165397,-0.5586695009015655,-0.1674949251416161,566.7901876380341,24.07230351482088,1.0,2000.0,1800,250,555,870.0,MUKTSAR
39866,Rattangarh Alias Pattianwali (20),SANGRUR,30.2488155,75.83926,39866,1906.8432066600944,1907.787841796875,0.6788090991678025,0.3502062234673299,1.809831768556034,-0.6273873912407665,-0.2621395778301862,655.458966176738,23.956971999803613,1.0,2.47,0,0,250,477.0,SUNAM
36718,Bhagwanpur Jattan (257),PATIALA,30.1368523,76.51247,36718,1906.6523407662664,1907.7877197265625,0.4048980086249248,0.1681510317325695,1.0662302339440075,-0.4369323148786503,-0.0631403164780649,831.8383189847367,23.081396195602963,1.0,544.0,250,118,126,217.0,BHUNER HERI
36610,Khansan (140),PATIALA,30.2851563,76.43046,36610,1905.8448235775688,1907.7874755859375,0.4511807684407842,0.1934137544624571,1.2618751607481995,-0.4732120719133965,-0.0918774188697281,852.6084083185522,22.96784513938132,1.0,142.0,30,30,77,312.0,SANOUR
36066,Dodra (219),MANSA,29.927927,75.55207,36066,1908.099693059558,1907.786865234375,0.6440974093315837,0.3118309490573266,1.594030955135256,-0.6095931599682333,-0.2180506487134762,653.8273964480378,24.05880002622102,1.0,1093.0,250,512,745,1214.0,BUDHLADA
30206,Chak Dhotran (235),JALANDHAR,31.1171169,75.72464,30206,1907.168138102204,1907.786376953125,0.6009593101876988,0.2342761445156183,1.6879383478490229,-0.5721046260891004,-0.1565709778381596,846.9261619260209,22.50267018928656,0.812673109005998,140.0,40,50,120,150.0,RURKA KALAN
30247,Apra (CT),JALANDHAR,31.0270271,75.77908,30247,1908.1973742502453,1907.7862548828125,0.6019888871198177,0.2362485846740289,1.7197772722055564,-0.5629966418189584,-0.1657444480743266,847.3562988450425,22.43174952083797,0.9158453470450068,648.0,77,77,1276,0.0,PHILLAUR
32200,Mazara Nauabad (94),Shahid Bhagat Singh Nagar,31.0990982,75.9627762,32200,1905.6973209227865,1907.7861328125,0.561527980166695,0.2105358840263863,1.5204380711106078,-0.544725745451073,-0.1327717073583651,816.1908309014678,22.65820224696511,1.0,147.0,50,40,282,162.0,AUR
37366,Jhanjoti (317),AMRITSAR,31.7864437,74.7529144,37366,1908.5804559563928,1907.7860107421875,0.5193440849488528,0.1773074898338126,1.3444516880433643,-0.4947190935435537,-0.0952936364561459,903.2982671542596,22.84000618836281,1.0,325.0,245,245,518,386.0,HARSHE CHHINA
30125,Sultanpur (175),JALANDHAR,31.0270271,75.77908,30125,1908.880972096026,1907.7857666015625,0.6000228063124239,0.22584164932283,1.7615929949373534,-0.5637292712444407,-0.1548095160387299,847.3565385573951,22.43175401184661,1.0,202.0,79,79,176,202.0,PHILLAUR
30363,Jandiali (242),JALANDHAR,31.2072067,75.5438843,30363,1911.218433724692,1907.7845458984375,0.5816240588396346,0.213247966256811,1.8409331669531936,-0.5412737971493979,-0.1426279875796151,842.5791057755845,22.591726153523496,1.0,9.2,119,50,169,161.0,JALANDHAR-EAST
35284,Chhapianwali (157),SRI MUKTSAR SAHIB,30.18018,74.5150146,35284,1908.498992529774,1907.783935546875,0.5802660320322813,0.2155769909420554,1.324532267023942,-0.564157466049468,-0.124065310817821,450.650167506619,24.751708756189384,1.0,885.0,85,0,484,962.0,MALOUT
35938,Lalianwali (152),MANSA,29.8018017,75.33205,35938,1906.2386644358587,1907.781982421875,0.5852340830528845,0.1412159950931672,1.555320657488121,-0.5501443832634287,-0.0773320238655455,670.8017404505065,24.406186386255783,1.0,705.0,287,341,403,705.0,JHUNIR
37317,Kotli Sakka (199),AMRITSAR,31.78641,74.75283,37317,1907.247502079994,1907.78076171875,0.5623046245937623,0.2112811608020962,1.4471957794586774,-0.5344163992795201,-0.1271814781015662,890.9516021432055,22.815010165904766,1.0,300.0,225,130,227,345.0,HARSHE CHHINA
33608,Baran Hara (150),LUDHIANA,30.9021378,75.8316956,33608,1914.1868137694723,1907.780517578125,0.458391993665007,0.0977788131491669,1.280091223641204,-0.4626021437377386,-0.0358434714334558,839.1158971002,22.783892110549857,0.7039640997566808,119.7,15,42,380,265.0,LUDHIANA-1
36243,Rahimpura Alias Kangthala (209),PATIALA,29.8558559,76.1830444,36243,1907.163619237781,1907.7796630859375,0.4113297650209609,0.1608792124620719,1.0689444830698691,-0.4395225069349678,-0.0613152348938543,636.9324162923438,23.87486149439988,1.0,400.0,80,80,125,408.0,PATRAN
36061,Hassanpur (44),MANSA,29.8558559,75.70521,36061,1906.922668214528,1907.7777099609375,0.647677527732712,0.2925841668180625,1.5796251292445307,-0.6061218497777251,-0.2012590808459848,646.8460652043717,24.14646156334254,1.0,323.0,125,82,336,395.0,BUDHLADA
32161,Jandiali (2),Shahid Bhagat Singh Nagar,31.18666,75.8914,32161,1907.788380244532,1907.777587890625,0.6049246611211303,0.2374429423877127,1.849835217985837,-0.5599383396911578,-0.1661809864042974,789.2529609610932,22.57912219385276,1.0,223.0,251,110,190,262.0,BANGA
34947,Arnianwala (204),FAZILKA,30.594595,74.24564,34947,1906.8260089280072,1907.7767333984375,0.5939376973816257,0.3145863934532527,1.5186742417809982,-0.5512807538156403,-0.2097313314815136,567.4311808063065,24.14863777848841,1.0,302.0,27,143,230,389.0,JALALABAD
32151,Pharala (18),Shahid Bhagat Singh Nagar,31.18919,75.9718,32151,1907.0635563964909,1907.776123046875,0.584379675080165,0.2300883249226956,1.6027445449345177,-0.5607817420502099,-0.1466095197101138,794.1594812085526,22.669952482494125,1.0,98.8,360,250,550,822.0,BANGA
33390,Khanpur Bet (3),LUDHIANA,30.9009018,75.82605,33390,1906.6612620583487,1907.7723388671875,0.4996301409747936,0.2044741286205086,1.3072476658849863,-0.5079716750787492,-0.1087544583464838,841.1967940790431,22.737562050050773,1.0,20.0,15,10,125,56.0,LUDHIANA-2
28536,Warsal Chak (48),GURDASPUR,31.6936932,75.47134,28536,1906.4341700919024,1907.76806640625,0.5759503825379653,0.2402362355068628,1.822404088085964,-0.534504759881614,-0.1607865695806739,904.463103594394,22.2317794350023,1.0,70.0,12,0,139,78.0,SRI HARGOBINDPUR
35805,Gehri Buttar (93),BATHINDA,30.2283421,74.92894,35805,1906.5022878608047,1907.76708984375,0.5463494322978529,0.1689301011667849,1.352701536205718,-0.5263358595042278,-0.0893541909584488,529.3630006720917,24.5578543014218,1.0,952.0,350,350,522,1223.0,SANGAT
29011,Hassewal (78),KAPURTHALA,31.5160732,75.22186,29011,1908.8905327895816,1907.76611328125,0.5408937828697781,0.2453280964582213,1.6982600076612884,-0.5105204930645499,-0.1545204222710445,849.3946071866403,22.469354357589925,1.0,50.0,20,30,44,52.0,NADALA
39513,Mohamadpura (156),SANGRUR,30.51054,76.05234,39513,1905.234816299362,1907.765380859375,0.5863604468936836,0.2717832623743879,1.4536360010275164,-0.5605688363626301,-0.1723041633952231,743.1392126631133,22.953789609453857,1.0,251.0,26,0,86,267.0,MALERKOTLA
37351,Kamalpura (243),AMRITSAR,31.6216221,74.82035,37351,1906.5956010601485,1907.763671875,0.5107453928657882,0.1639053789474687,1.1906134587062245,-0.5123397261287618,-0.0758968829292698,941.8827192213852,22.561257544172616,1.0,81.0,0,15,23,558.0,AJNALA
35228,Bhittiwala (24),SRI MUKTSAR SAHIB,30.4324322,74.39356,35228,1907.1676699945244,1907.7626953125,0.6054703296254722,0.2416898157466979,1.3956236916926676,-0.5737875934403768,-0.1503128099134501,438.1507578303712,24.89491000732602,1.0,658.0,326,0,956,1760.0,LAMBI
28595,Mandiala (87),GURDASPUR,31.9639645,75.41655,28595,1908.4820454330684,1907.76220703125,0.539424188991269,0.2263895110252164,1.5932881234156426,-0.5166677799137794,-0.139846809793729,952.1118567757864,22.15656721361496,1.0,195.0,60,0,387,212.0,SRI HARGOBINDPUR
39200,Saini Majra (271),S.A.S Nagar,30.7567558,76.63484,39200,1907.548823340598,1907.7589111328125,0.4206977463350595,0.0524032752346445,1.194549241612515,-0.435976864872346,0.0059079410574248,809.8476621320145,22.86854183890836,0.8220594159044572,18.0,0,0,25,75.0,KHARAR
29133,Subhanpur (1),KAPURTHALA,31.4954948,75.35319,29133,1912.3299296344744,1907.7574462890625,0.5087139945843002,0.1959053154790442,1.4718725695379484,-0.4934958488885442,-0.1133430400038037,855.3183767011063,22.46012897505409,1.0,60.0,30,20,150,101.0,DHILWAN
36414,Bir Agaul (167),PATIALA,30.45045,76.18389,36414,1904.3751114375104,1907.7572021484375,0.6413068268442963,0.2125392179725909,2.0098909800116136,-0.5828167883647896,-0.1528656211423347,786.082050836035,22.97196175416429,1.0,1122.0,0,0,39,1177.0,NABHA
36281,Jalalpur (193),PATIALA,29.9639645,76.037,36281,1907.786048227209,1907.7545166015625,0.3924610939051399,0.1774089531485169,1.0309555062138178,-0.4303535287010991,-0.0662670607584547,664.6154168059724,23.58825847430029,1.0,404.0,90,90,184,345.0,PATRAN
32234,Mirpur Lakha (177),Shahid Bhagat Singh Nagar,31.0810814,76.01149,32234,1906.748453870033,1907.7540283203125,0.6419282275853452,0.2750804037598661,1.8481219028795084,-0.5961383841076583,-0.2002186391088224,833.0336305310624,22.58589359521818,1.0,110.0,48,40,230,147.0,AUR
37152,Gulgarh (32),AMRITSAR,31.6756763,74.8427048,37152,1910.0605295297023,1907.753173828125,0.5765149921283473,0.2109142310951835,1.4842338578868646,-0.5481218658305647,-0.1315259662923911,896.137513275812,22.8404270939228,1.0,219.0,18,23,44,219.0,HARSHE CHHINA
36063,Gurne Kalan (42),MANSA,29.8558559,75.68443,36063,1907.3921376631483,1907.7520751953125,0.6668487538317963,0.3171638831534324,1.721369053129772,-0.618941956052834,-0.2330422163470573,646.9833690628429,24.14474460976974,1.0,804.0,458,458,758,908.0,BUDHLADA
36399,Uplan (156),PATIALA,30.4684677,75.98893,36399,1905.151487787128,1907.74658203125,0.5541798837817857,0.2287925523539301,1.464683819263882,-0.533169889557948,-0.1389548302310226,759.7425250555906,22.927592410841577,1.0,110.0,45,42,80,121.0,NABHA
35835,Chak Hira Singhwala Urf Pakka Khurd (115),BATHINDA,30.2145176,74.9442749,35835,1902.1975160781983,1907.745849609375,0.6111400505689586,0.2335952769381389,1.4844608071947514,-0.5790132550307777,-0.147733653819423,514.5507100036042,24.63045035963848,1.0,903.0,349,340,440,869.0,SANGAT
30496,Musapur (341),JALANDHAR,31.3112984,75.5007553,30496,1910.050846723169,1907.7421875,0.5052713385477039,0.1408841475484483,1.5882220773681557,-0.4835621503299332,-0.0796287212424908,805.4736348798173,22.43289419592901,1.0,250.0,0,0,20,99.0,JALANDHAR - WEST
35793,Jassi Pauwali (61),BATHINDA,30.2005863,74.94342,35793,1905.6041901855208,1907.7396240234375,0.4734897420229997,0.105672871054614,1.3247361951148275,-0.4643912229523507,-0.0432427542579046,559.8917356321916,24.3804639789462,0.9771259755938776,783.0,0,492,690,1028.0,BATHINDA
33406,Raian (196),LUDHIANA,30.9189186,75.84033,33406,1910.147228951203,1907.7392578125,0.5104518444516303,0.1605098770721057,1.5465376622831932,-0.4921418818368308,-0.092753470964978,836.6801762529439,22.79073735510295,1.0,404.0,0,0,361,452.0,LUDHIANA-2
35804,Mehta (94),BATHINDA,30.2283859,74.92904,35804,1906.698918961328,1907.7384033203125,0.5643485182197742,0.1644956238105753,1.412884734683039,-0.5408988609003661,-0.0897003224633074,529.3630006720917,24.5578543014218,1.0,1069.0,589,485,703,1204.0,SANGAT
30142,Jaja Khurd (164),JALANDHAR,31.0270271,75.80011,30142,1908.817797809036,1907.735595703125,0.5959302101231952,0.2275257527296696,1.6536968577438511,-0.565457195302794,-0.1515479711063852,847.3507070703486,22.43267148866587,0.9645813044607418,177.0,36,36,231,176.0,PHILLAUR
32192,Mazari (80),Shahid Bhagat Singh Nagar,31.18919,75.99287,32192,1905.5613112900176,1907.734130859375,0.5817229042166102,0.2063763496691416,1.59726196591208,-0.5619077912596792,-0.130060886652215,795.2970954587357,22.747902170555847,0.9970087516324854,132.0,300,60,117,158.0,BANGA
39901,Bakhora Khurd (76),SANGRUR,29.9459457,75.8152847,39901,1907.733883221484,1907.732177734375,0.5464253918951002,0.2555118287371921,1.2572130002536817,-0.5487207813209419,-0.1445484365865275,646.557206194629,24.02802026499603,1.0,290.0,125,130,285,319.0,LEHRAGAGA
35903,Gurusar Joga (132),BATHINDA,29.9819813,75.09392,35903,1909.0333899868845,1907.7310791015625,0.6268852333209209,0.2284102192363836,1.5431098593300454,-0.5882239024043755,-0.1497622352358332,569.3338786874737,24.49417278215847,1.0,588.0,23,81,293,558.0,TALWANDI SABO
32280,Mirzapur (277),Shahid Bhagat Singh Nagar,31.1225357,76.12336,32280,1913.35965998034,1907.730224609375,0.4569288925539705,0.1470846676765106,1.21201989441005,-0.4605864863474556,-0.059908442661641,840.4909315516846,22.737270569515545,1.0,2.0,0,0,27,250.0,AUR
32209,Talwandi Fattu (191),Shahid Bhagat Singh Nagar,31.1351357,75.9495239,32209,1906.3587955795017,1907.72900390625,0.6373255021131333,0.2889299471343692,1.7585726133464512,-0.5972528888679361,-0.2077430904695633,833.0336305310624,22.58589359521818,1.0,430.0,90,90,430,457.0,AUR
36033,Achanak (142),MANSA,29.927927,75.55207,36033,1906.900365809977,1907.7283935546875,0.5715436245505559,0.2546283133491658,1.5443084650227,-0.5546825889699458,-0.1598109333059097,658.5657949755216,24.200399893094087,1.0,180.0,0,90,162,572.0,BUDHLADA
30197,Atta (220),JALANDHAR,31.0270271,75.77908,30197,1906.854652162424,1907.727294921875,0.5604697625893849,0.2078693603658342,1.628855066513662,-0.531584769102407,-0.1376059122633869,846.9261619260209,22.50267018928656,0.9667494478564164,366.0,127,124,647,366.0,PHILLAUR
33541,Rangian (332),LUDHIANA,30.3948956,75.74166,33541,1906.035340229137,1907.7254638671875,0.6353937393258762,0.30407114127733,1.835723645783551,-0.5911488536301474,-0.2250508675569057,782.3198976924317,22.894344868499104,1.0,210.0,65,45,329,312.0,DEHLON
36152,Burj Hari (61),MANSA,30.2522526,75.19539,36152,1908.4265452144948,1907.7249755859375,0.6693269823663568,0.3098534922844741,1.679389616089043,-0.6224444844406908,-0.2247703444270859,634.7054037263291,24.114082330978302,1.0,601.0,710,540,764,1337.0,MANSA
33165,Chak Muafi (226),LUDHIANA,30.7567558,76.29937,33165,1908.0590063348093,1907.7232666015625,0.4641960108778125,0.1253240609841743,1.4405454303843257,-0.4552140438354082,-0.059721070110489,871.6560690543874,22.713729375633605,1.0,180.0,40,40,359,201.0,SAMRALA
30495,Rahimpur (340),JALANDHAR,31.3112984,75.5007553,30495,1909.512042880752,1907.72314453125,0.5873046004425229,0.2191173614987222,1.8824780144755084,-0.5408652832672143,-0.1499136481924303,805.4736348798173,22.43289419592901,1.0,250.0,0,50,500,365.0,JALANDHAR - WEST
33282,Sihan Daud (421),LUDHIANA,30.3783779,75.85614,33282,1906.901640691716,1907.717529296875,0.5953592710528366,0.274788789927323,1.4211041113656326,-0.5774107285632984,-0.1759528567240215,765.5611062378538,22.91001203737122,1.0,408.0,250,245,428,436.0,Maloud
28513,Bahadarpur Rajoa (18),GURDASPUR,31.9639645,75.41655,28513,1909.00445076864,1907.71728515625,0.4709238184254528,0.2077508758482118,1.418177479578516,-0.4327231043669324,-0.1174482281011965,936.3494629640996,22.24286265179117,0.8904843587479618,640.0,70,0,463,729.0,SRI HARGOBINDPUR
35308,Singhewala (7),SRI MUKTSAR SAHIB,30.4324322,74.39356,35308,1907.218106415861,1907.717041015625,0.5623161716353242,0.2018932520858531,1.2263916023427175,-0.560608671559235,-0.1061972527188498,454.5983525294701,24.82926282432019,1.0,347.0,258,228,670,975.0,LAMBI
36927,Mugal Majra (130),PATIALA,30.3963966,76.41325,36927,1906.3002098566883,1907.7169189453125,0.3468391956910564,0.0872549775364849,0.8961787165437959,-0.3951463873460483,-0.004368289121258,825.9812089612382,23.1960268126378,1.0,2.47,0,0,1,70.0,GHANAUR
37622,Sehchandar (346),AMRITSAR,31.6396389,74.85601,37622,1910.1765796571733,1907.716552734375,0.4956948230980788,0.143902907770853,1.1985086888971972,-0.5001778914048591,-0.0604881977767239,917.8145938756704,22.61267746964004,1.0,137.0,43,17,318,193.0,VERKA
30322,Sitalpur (109),JALANDHAR,31.3538265,75.72514,30322,1908.7521108960143,1907.7161865234375,0.5642956186457218,0.1897154036786622,1.7786313399768223,-0.5285489553600127,-0.1195375849994763,805.4736348798173,22.43289419592901,1.0,135.3,32,0,145,150.0,BHOGPUR
32787,Nau Lakha (328),FATEHGARH SAHIB,30.6108341,76.37347,32787,1906.7367834573324,1907.7142333984375,0.5120248961033119,0.2211593421263487,1.3537456568001514,-0.506657441324882,-0.1224610960046796,844.8589387347596,22.88174218067712,1.0,150.0,142,55,220,442.0,SIRHIND
39868,Daula Singhwala (44),SANGRUR,30.27027,75.85592,39868,1907.435920125169,1907.712890625,0.6723428143094008,0.3310827909453874,1.9008488640190544,-0.6134231638754278,-0.2495520705494618,655.1152383882728,23.932933476471195,1.0,2.47,0,0,325,475.0,SUNAM
35350,Buttar Sarien (78),SRI MUKTSAR SAHIB,30.3243237,74.70793,35350,1909.8735070412704,1907.712646484375,0.5823908461342145,0.2616242135193879,1.4127061297505197,-0.5601155651258095,-0.162536470895414,523.3715989731106,24.34617997707131,1.0,703.0,15,342,541,776.0,GIDDERBAHA
33444,Mianwal (52),LUDHIANA,30.8828831,75.853775,33444,1914.225131345309,1907.712646484375,0.5252670289068908,0.1724004909982965,1.404935381024623,-0.5317369914192172,-0.0888029468339123,848.1584730555909,22.68394309940942,1.0,80.0,50,50,274,168.0,LUDHIANA-2
34993,Chak Mohamdewala (241),FAZILKA,30.522522,74.2741852,34993,1909.331487309014,1907.7071533203125,0.5999553606287826,0.3127033688735758,1.45837718687732,-0.5728090562716175,-0.206770210815281,556.886298834666,24.23537852457804,1.0,208.0,24,176,236,223.0,JALALABAD
36136,Hamirgarh Urf Dhaipai (26),MANSA,30.0,75.39883,36136,1908.6329828030007,1907.7059326171875,0.6880263505611548,0.3317370298947203,1.89081356110949,-0.6296090364141284,-0.2526901652446331,656.4844640900986,23.96273723637933,1.0,1064.0,0,480,611,1170.0,BHIKHI
33225,Bir Kishan Singh (251),LUDHIANA,30.63063,76.09503,33225,1908.2269641987857,1907.705810546875,0.5574120767611752,0.2376522689889294,-0.6048205765240503,-0.5284600949582728,-0.1506913255167538,838.5368230750458,22.707484723278867,1.0,2.47,0,0,23,96.0,KHANNA
36745,Binjjal (284),PATIALA,30.1981983,76.50913,36745,1907.539073606692,1907.7052001953125,0.2880606389435828,0.0937594956810521,0.6996788029148377,-0.3428282015120511,0.0055355813920595,858.3963903596299,23.03561249906716,1.0,458.0,50,50,127,490.0,BHUNER HERI
32772,Kotla Jattan (294),FATEHGARH SAHIB,30.64462,76.38541,32772,1905.20056362864,1907.7052001953125,0.5339431352144959,0.2182091954383202,1.4289069416504097,-0.5167847087495682,-0.1257612439759201,850.6224550036749,22.88497643934093,1.0,299.0,29,29,109,161.0,SIRHIND
33516,Jarkhar (269),LUDHIANA,30.3948956,75.74166,33516,1907.2935573098748,1907.7047119140625,0.4862297929883314,0.187453635772684,1.5030200421502138,-0.4918350674021213,-0.1053806135448007,822.9384216477769,22.76890863195922,1.0,169.0,120,48,256,193.0,DEHLON
34929,Chak Romwala (201),FAZILKA,30.522522,74.2741852,34929,1907.2595830899809,1907.7039794921875,0.6150424655347588,0.3299352397123274,1.5145248715744335,-0.5794069295001711,-0.2222885704318923,574.5920940033579,24.14046939976078,1.0,228.0,46,73,172,412.0,JALALABAD
36044,Gobindpura (164),MANSA,29.8558559,75.70521,36044,1908.2304580504,1907.703857421875,0.4881262680761613,0.1013795652945821,1.240556934559041,-0.4980452073253339,-0.0323434326626777,657.1467461993592,24.19437299224586,1.0,584.0,150,167,322,643.0,BUDHLADA
32218,Khurd (203),Shahid Bhagat Singh Nagar,31.0450459,75.9406357,32218,1910.655124948544,1907.702880859375,0.5643116356260562,0.2113321995430016,1.6022431179139287,-0.54509690920195,-0.1335820526431765,849.9154302603155,22.64777988530493,1.0,87.0,0,0,120,98.0,AUR
35178,Dharampura (82),FAZILKA,30.1621628,74.1888046,35178,1907.287527196096,1907.7000732421875,0.5541047680242612,0.125854174848233,1.393105637535482,-0.5308694065928227,-0.060179562258749,419.5071937364759,24.841004696849783,1.0,6021.0,645,522,975,1485.0,KHUIAN SARWAR
35906,Behman Jassa Singh (133),BATHINDA,29.9819813,75.07312,35906,1909.867428628978,1907.69921875,0.5913970366236706,0.1308447992851382,1.4473693120075737,-0.5688758753095379,-0.0665676758659815,576.39137832426,24.54118743308993,1.0,1167.0,235,86,496,1167.0,TALWANDI SABO
29649,Kishan Pur (79),KAPURTHALA,31.3873882,75.39295,29649,1905.5975857732744,1907.6971435546875,0.5603750136764367,0.2014003606986223,1.5764070491358195,-0.5381141578951582,-0.1222374283839866,805.9907595706413,22.6260357226965,1.0,386.0,47,0,101,235.0,PHAGWARA
30728,Bhaini Mirza Khan (498),HOSHIARPUR,31.81982,75.6378555,30728,1906.501036062008,1907.69580078125,0.5486921822761889,0.2110527087572959,1.6458610617019438,-0.5236205234196977,-0.1286636516073213,931.650256493676,22.402399286861403,1.0,101.0,23,9,36,176.0,DASUYA
35247,Kabarwala (57),SRI MUKTSAR SAHIB,30.3289623,74.34524,35247,1907.286760847188,1907.6947021484375,0.6193581855020257,0.242910828060526,1.5224337533024432,-0.5729441309784041,-0.1549748594611958,434.3680831601517,24.73130810562617,1.0,950.0,1500,200,295,1017.0,MALOUT
36408,Ghaniawal (157),PATIALA,30.3603611,76.13451,36408,1903.689304775201,1907.6939697265625,0.5998321900188961,0.2597510494696414,1.646331555569515,-0.5625737630875836,-0.1737991322189731,760.4251894166367,22.92419452819485,1.0,417.0,57,65,250,465.0,NABHA
29054,Chak Soem (26),KAPURTHALA,31.6016369,75.44676,29054,1907.5452065185368,1907.693115234375,0.5457137754476977,0.2208771837665611,1.591941608603211,-0.521189545958541,-0.1350104195323173,808.0426215906144,22.425153726342707,0.9855771737097664,157.0,1,1,1,173.0,NADALA
39167,Lakhnaur (36),S.A.S Nagar,30.6846848,76.70329,39167,1904.9189618376463,1907.69287109375,0.4134215145266227,0.0552908986023216,1.2764117659721446,-0.4141402947209344,-0.0058127354517366,814.3875989129441,22.74644426539641,0.0290170991768847,50.0,22,25,647,157.0,KHARAR
35996,Gamiwala (147),MANSA,29.8558559,75.70521,35996,1908.2016091476648,1907.6925048828125,0.4633081574329112,0.0761671743059398,1.2281655876724429,-0.4693120316698844,-0.0115600450764697,683.1586028150703,24.322931582390765,1.0,668.0,150,100,336,735.0,BUDHLADA
35783,Multania (67),BATHINDA,30.4944973,75.09473,35783,1907.4966079861872,1907.69091796875,0.6181247275712389,0.2534825076030216,1.5066842024913114,-0.5764389555175088,-0.1658210460119149,538.7653719207271,24.47251359875901,1.0,366.0,213,213,283,796.0,BATHINDA
37359,Panjgrain Nijjran (228),AMRITSAR,31.6216221,74.82035,37359,1908.3904142841443,1907.6888427734375,0.5037803924373583,0.1642540198382144,1.274919216773844,-0.4989818704163873,-0.0811739210041817,916.499489825,22.66210357915856,1.0,205.0,104,127,208,235.0,AJNALA
36475,Chalela (338),PATIALA,30.3659477,76.37714,36475,1904.5168923362048,1907.6846923828125,0.5557826751778902,0.2467184580605414,1.5302645330579716,-0.5351445474023816,-0.152459520584368,842.235878893876,22.89925485640831,1.0,936.0,225,227,600,996.0,PATIALA RURAL
35481,Daggo Romana (67),FARIDKOT,30.54054,74.85281,35481,1905.8553118313105,1907.6827392578125,0.5694840778942716,0.2731124913697397,1.6877098303371247,-0.5311075470792581,-0.1802445588832217,555.2153530528443,24.0456105442222,1.0,381.0,124,250,280,434.0,FARIDKOT
32144,Kangraur (32),Shahid Bhagat Singh Nagar,31.2072067,75.9862747,32144,1902.4066127831989,1907.6827392578125,0.6255956206482853,0.306219874255243,1.7308610971473952,-0.5900242835082323,-0.2130950386383019,758.9265844234861,22.88094952225916,1.0,2.4,15,0,347,661.0,BANGA
29643,Khajurla (82),KAPURTHALA,31.3240166,75.53773,29643,1909.9755741053025,1907.682373046875,0.5250034696063823,0.1629082120524177,1.7274168777100232,-0.4924665592486906,-0.1002226195278278,814.4297393968003,22.591733580938524,1.0,665.0,120,0,337,478.0,PHAGWARA
30479,Dhogri (164),JALANDHAR,31.5855846,75.67976,30479,1906.764206859784,1907.6817626953125,0.5486385078757915,0.186605885049701,1.7472127347153923,-0.5181914344849335,-0.11907581036393,851.3639161304019,22.50387825344196,1.0,1019.0,20,30,1000,268.0,ADAMPUR
35696,Kotra Korianwala (73),BATHINDA,30.2522526,75.23711,35696,1905.7818847958845,1907.6778564453125,0.667124397139875,0.3136305369863483,1.854534395038277,-0.6086678843420216,-0.2342025184388008,597.0866487902321,24.18508367576976,1.0,1003.2,310,303,859,1084.0,RAMPURA
36064,Chakan (221),MANSA,29.927927,75.55207,36064,1906.60089189732,1907.677001953125,0.6617850414546368,0.3256870381567964,1.691219755963557,-0.6175852818785621,-0.2354257393347921,654.0194874657955,24.115642610868488,1.0,713.0,230,220,400,775.0,BUDHLADA
36065,Bachhoana (220),MANSA,29.927927,75.55207,36065,1907.3651693195764,1907.6763916015625,0.6582856026147687,0.3247828483842681,1.6556692980253225,-0.6165821482582183,-0.2325448741916325,654.5639532323231,24.089464203699613,1.0,1619.0,270,200,1102,1797.0,BUDHLADA
35357,Giljewala (31),SRI MUKTSAR SAHIB,30.2342339,74.68108,35357,1907.602601774776,1907.67626953125,0.5992724561144425,0.2750695966088741,1.4314878810876572,-0.5550435037505324,-0.1788998165487738,514.1254339273328,24.47183726917588,1.0,589.0,37,302,514,806.0,GIDDERBAHA
35250,Sarawan Bodla (153),SRI MUKTSAR SAHIB,30.1981983,74.5078049,35250,1908.9335080314884,1907.6744384765625,0.5954676702198045,0.2749797090326792,1.4310494586700089,-0.5567588060050418,-0.1751144512699277,434.3669738844849,24.731314951733527,1.0,2649.0,361,80,1061,2872.0,MALOUT
37322,Umarpura (207),AMRITSAR,31.6756763,74.8427048,37322,1905.9587221644065,1907.67138671875,0.5430570893563799,0.1914304833212522,1.3191386538933871,-0.5285763119980478,-0.105018533402372,890.6723353078263,22.813989407574297,1.0,234.0,245,85,327,270.0,HARSHE CHHINA
36807,Kartarpur (119),PATIALA,30.34911,76.4339,36807,1908.722626810632,1907.6693115234375,0.3557980500565087,0.0837017429813795,1.070778125921025,-0.3833251328875883,-0.0099226851032031,899.4118514468568,22.83189132190313,1.0,176.0,50,50,113,262.0,SANOUR
30323,Nawan Pind (113),JALANDHAR,31.4234238,75.59083,30323,1908.1055774487384,1907.6690673828125,0.5425474847298883,0.187901087175066,1.7464891002011478,-0.5109896404996691,-0.1228400510081715,805.4736348798173,22.43289419592901,1.0,10.0,5,0,15,54.0,JALANDHAR - WEST
35367,Chak Duhewala (36),SRI MUKTSAR SAHIB,30.594595,74.83173,35367,1906.875074529724,1907.6688232421875,0.6217909875978646,0.3037951140109516,1.442715714079864,-0.584663482735281,-0.1999222682677126,517.1678754498856,24.39831896249632,1.0,1200.0,290,60,350,830.0,MUKTSAR
33167,Kalal Majra (225),LUDHIANA,30.666666,76.2700348,33167,1908.966378642527,1907.6688232421875,0.4466860875217031,0.1099590897627761,1.4062098009431805,-0.4443777128016395,-0.0458132872638934,871.4773386439102,22.71371209987825,1.0,271.0,40,40,370,306.0,SAMRALA
29032,Rawan (42),KAPURTHALA,31.6016369,75.4470444,29032,1906.7127180836933,1907.6685791015625,0.5322449777104826,0.221720982238565,1.6289840624886405,-0.5051316683861425,-0.1351052599383707,800.9258451869385,22.437382947828382,1.0,82.0,30,50,90,88.0,NADALA
33496,Kotla (226),LUDHIANA,30.9189186,75.84033,33496,1908.773300914851,1907.66796875,0.3972266415292735,0.081139627745646,0.8565210303018312,-0.4214488187998447,-0.010083973518276,835.0397142579453,22.79578354606297,0.9884833871477235,20.0,0,0,800,82.0,LUDHIANA-2
36072,Guradi (37),MANSA,29.8558559,75.68443,36072,1907.7433663274217,1907.66455078125,0.6649552176865701,0.3287667283211902,1.7284191968957971,-0.6169408355330759,-0.2397075365795918,653.827792771189,24.05877529126581,1.0,90.0,450,432,630,1034.0,BUDHLADA
33148,Majli Khurd (144),LUDHIANA,30.7567558,76.29937,33148,1907.705928993476,1907.66455078125,0.5200316813316724,0.1832791320050538,1.6384907408703604,-0.4958568544787829,-0.1100343871158403,860.8907404353516,22.642453532259594,1.0,115.0,40,30,62,130.0,SAMRALA
36088,Kot Lallu (54),MANSA,30.2522526,75.19539,36088,1908.818708820348,1907.6640625,0.6334716241866732,0.2867752314221906,1.7032775418951984,-0.5932552297916583,-0.2031375370462947,648.1830377892156,24.19859473669616,1.0,890.0,410,418,560,699.0,MANSA
33872,Sodhiwala (42),LUDHIANA,30.666666,75.47403,33872,1910.309678386846,1907.6634521484375,0.4625184884665136,0.026678200077607,1.2680098860242124,-0.4766806287345033,0.0176693907543402,765.7625320365327,22.862048050066,1.0,407.0,150,40,161,407.0,JAGRAON
32642,Mullanpur Kalan (40),FATEHGARH SAHIB,0.0,0.0,32642,1906.417434005411,1907.661376953125,0.4550745022941406,0.1702771794449986,1.4771979270064788,-0.446662433001742,-0.0898221418950058,859.5636877229111,22.88169449138212,1.0,2.47,48,50,125,173.0,SIRHIND
39500,Jagowal (161),SANGRUR,30.5079956,76.05061,39500,1906.258461760598,1907.6605224609375,0.5883502058207637,0.2634568814523397,1.4932395935737637,-0.5576701294977914,-0.1736484500178296,752.5866306543928,22.93139493778196,1.0,135.0,109,0,172,174.0,MALERKOTLA
36060,Kalehri (233),MANSA,29.8558559,75.68443,36060,1906.9875471740183,1907.660400390625,0.6540490067287176,0.2998082424663269,1.6604376142759714,-0.6069175953244333,-0.2121114797454376,652.8399951575963,24.18612261698806,1.0,440.0,152,215,326,490.0,BUDHLADA
39491,Jabo Majra (131),SANGRUR,30.4866142,75.95732,39491,1905.7811541355225,1907.658935546875,0.6014423584430514,0.2697095279803944,1.6341500761495364,-0.554580063339929,-0.1858049145012306,797.9699912478821,22.851000825335177,1.0,295.0,156,0,247,359.0,MALERKOTLA
28577,Kapoora (4),GURDASPUR,31.6936932,75.47134,28577,1906.163516081005,1907.6580810546875,0.4368890694839339,0.1953688217308418,1.2878204357952472,-0.4160039539251689,-0.095812274580897,860.1867499759095,22.40933991115594,0.8684183477588052,210.0,55,0,94,331.0,SRI HARGOBINDPUR
35167,Haripura (106),FAZILKA,30.2084255,74.16472,35167,1905.3778470187408,1907.6578369140625,0.4628999954002553,0.0713305751893076,1.122531772049629,-0.4699633622993183,-0.0050634958807889,415.9656105332922,24.751294354686515,1.0,1288.0,421,326,576,1381.0,KHUIAN SARWAR
35840,Shergarh (95),BATHINDA,30.2148151,74.94384,35840,1905.71338147492,1907.65771484375,0.5704916649037581,0.1810276525479012,1.4517538526952574,-0.544080896983004,-0.1036102085486233,538.0839055979459,24.526921953717537,1.0,439.0,287,287,392,895.0,SANGAT
33120,Lal Kalan (338),LUDHIANA,30.7567558,76.29937,33120,1907.66063181368,1907.6568603515625,0.5253316246254425,0.1991770666095361,1.6345335135065122,-0.5003904819570841,-0.1228428792482135,860.6916375348709,22.64431724809913,1.0,286.0,40,40,376,384.0,SAMRALA
33601,Hassanpur (297),LUDHIANA,30.63063,75.52966,33601,1907.8378887818496,1907.6544189453125,0.55344810624274,0.1911379493169399,1.5925844846902406,-0.5381532669067274,-0.120922668155694,801.272359623822,22.77371154358593,1.0,359.0,157,157,473,359.0,SUDHAR
30144,Takhan Muzara (143),JALANDHAR,31.0270271,75.80011,30144,1909.9307359456257,1907.6522216796875,0.6107528359469262,0.2468936725098858,1.7209702638412774,-0.5799390519086267,-0.1699656290025583,846.9261619260209,22.50267018928656,1.0,96.0,34,34,130,97.0,PHILLAUR
35318,Bidowali (1),SRI MUKTSAR SAHIB,30.4324322,74.39356,35318,1909.3283668492995,1907.65185546875,0.5977932101120376,0.2470980774596883,1.295668754522323,-0.5881128033591718,-0.1478546612636523,465.8419284036057,24.72291597380996,1.0,748.0,282,282,470,719.0,LAMBI
34957,Khuranj (215),FAZILKA,30.6126118,74.25945,34957,1912.560899507084,1907.6494140625,0.61234015007858,0.2600729419162842,1.5557669688025122,-0.5744399486751323,-0.171371248058855,532.9157026894819,24.27066716652081,1.0,592.0,22,130,284,684.0,JALALABAD
32900,Jallowal (198),FATEHGARH SAHIB,30.594595,76.23418,32900,1904.1001061441257,1907.6488037109375,0.5524952499607229,0.2307313847749511,1.487730528287926,-0.5409621876698147,-0.1397773886713494,901.8690582356184,22.7980623064688,0.9995206648265392,300.0,60,100,232,220.0,AMLOH
30335,Jaitewali (199),JALANDHAR,31.3153152,75.58828,30335,1907.8679700091911,1907.6484375,0.5652998179698349,0.2129547913540616,1.819759406438334,-0.5295668306965354,-0.1401839909712965,785.7779018050859,22.5722071753342,1.0,7.08,150,150,423,353.0,JALANDHAR-EAST
30170,Ladhar Khurd (192),JALANDHAR,31.0270271,75.77908,30170,1906.398025422092,1907.6470947265625,0.6293970462611096,0.2657511826772452,1.7965911943861257,-0.5879834025973265,-0.1892386024385744,833.1372037033959,22.49541931774132,1.0,190.0,68,66,126,142.0,PHILLAUR
36062,Gurne Khurd (43),MANSA,29.8558559,75.70521,36062,1906.670310084761,1907.6461181640625,0.6339033468394342,0.2941017145802163,1.6224054753113912,-0.5899061607883908,-0.2069447896776508,646.9385457663374,24.147073495174133,1.0,439.0,150,220,320,476.0,BUDHLADA
35304,Waring Khera (15),SRI MUKTSAR SAHIB,30.1981983,74.48695,35304,1904.25277095866,1907.6458740234375,0.5769897003894048,0.2100674349469433,1.22653172889879,-0.5722431937146769,-0.1126525209294435,426.12666711157897,24.96000520137036,1.0,2196.0,475,475,960,2209.0,LAMBI
33161,Ajlaud (134),LUDHIANA,30.8288288,76.18873,33161,1906.954980154428,1907.6439208984375,0.5188866130050422,0.179313693593657,1.816044445903123,-0.4940101394488803,-0.1080404862666669,887.4487522056,22.71525586757884,1.0,340.0,40,40,250,193.0,SAMRALA
32123,Balon (35),Shahid Bhagat Singh Nagar,31.18919,76.24561,32123,1902.4746181367584,1907.640869140625,0.6288380427722986,0.3068663385496836,1.7053569617929796,-0.5972955356814353,-0.212683659572924,794.9491412380437,22.73637782480285,1.0,271.0,45,45,163,297.0,BANGA
29639,Ranipur Rajputan (2),KAPURTHALA,31.2105541,75.77294,29639,1903.9846468951723,1907.6392822265625,0.5911938909698244,0.2420172665665766,1.7295317308989695,-0.562464004418022,-0.1611378441749369,786.2393706937416,22.70631970904953,1.0,939.0,150,105,335,562.0,PHAGWARA
37881,Pandori Sidhwan (47),Tarn Taran,31.477478,74.91614,37881,1913.4143682297088,1907.6383056640625,0.49638932553652,0.1564504506532454,1.3091840170739266,-0.4837507242135885,-0.0759016998777368,847.2767624507889,22.87412940321006,1.0,45.0,45,0,250,450.0,TARN TARAN-12
30211,Dhesian Sang (233),JALANDHAR,31.1171169,75.70359,30211,1907.4846643703308,1907.6380615234375,0.5563320730723246,0.1950788555325047,1.6438025448324487,-0.5359931901354753,-0.1227971895899862,834.788627598883,22.668634425872863,1.0,165.0,340,40,657,195.0,RURKA KALAN
35883,Sukha Singhwala (70),BATHINDA,30.0540543,75.23178,35883,1906.7397601334285,1907.63525390625,0.6355407549453108,0.2694970561078297,1.638880898626493,-0.5952155854880974,-0.1881290617408932,626.4518740584748,24.188499415187493,1.0,130.0,36,60,183,185.0,MAUR
35236,kanganpura (49),SRI MUKTSAR SAHIB,30.1981983,74.48695,35236,1907.1145697593167,1907.63427734375,0.6115741185347127,0.2764595124498982,1.41526773713183,-0.5816534285398662,-0.1766025031846576,439.67604344000654,24.79709175891952,1.0,275.0,240,175,305,327.0,LAMBI
30354,Chandpur (195),JALANDHAR,31.3153152,75.58828,30354,1908.123440086625,1907.6341552734375,0.58912329445725,0.2181149019208296,2.032387939068193,-0.5396703543877013,-0.1517679313524523,814.4297393968003,22.591733580938524,1.0,2.02,40,40,242,119.0,JALANDHAR-EAST
33126,Mutton (137),LUDHIANA,30.7567558,76.29937,33126,1906.0572606770888,1907.6328125,0.502569789600502,0.1827322067271256,1.504996482306722,-0.4861679036020518,-0.1029888383063488,878.5250758369679,22.690793777385267,1.0,264.0,45,40,154,286.0,SAMRALA
35141,Bazidpur Katianwali (137),FAZILKA,30.18018,74.1815262,35141,1911.4109353705348,1907.631103515625,0.6103140356480599,0.166384957477212,1.5433805285897313,-0.5631226247050785,-0.1022568186351222,445.6779956047272,24.66784849865608,1.0,3800.0,6452,845,1485,1609.0,KHUIAN SARWAR
35853,Giana (126),BATHINDA,29.9819813,75.09392,35853,1908.843476721466,1907.630859375,0.6025939036507822,0.1400106049851057,1.574375607811627,-0.5645229887979211,-0.0790539448167216,533.5709097793,24.635414636834923,1.0,1792.0,332,369,807,1875.0,TALWANDI SABO
39494,Jalalgarh (163),SANGRUR,30.5103626,76.05246,39494,1906.319731049369,1907.630615234375,0.5859902111386892,0.2658006141792597,1.5299451968056992,-0.5582396871684056,-0.1698215701768236,760.4251894166367,22.92419452819485,1.0,285.0,95,0,140,315.0,MALERKOTLA
37344,Kot Mugal (270),AMRITSAR,31.8378372,74.76184,37344,1906.0096973870768,1907.6298828125,0.6157159274617654,0.264103449187178,1.582917369998157,-0.576536309911877,-0.1790821323241964,994.0184595992464,22.46817550702201,1.0,78.0,34,20,34,97.0,AJNALA
32751,Arain Majra (299),FATEHGARH SAHIB,30.6243057,76.38176,32751,1902.782112487176,1907.628662109375,0.5394489669856868,0.2395761472978121,1.5789801896184177,-0.5167489091565407,-0.1476776722036567,888.645000404369,22.84447305358101,1.0,2.47,0,0,15,129.0,BASSI PATHANA
35421,Gulabewala (132),SRI MUKTSAR SAHIB,30.4684677,74.5256,35421,1908.152138190424,1907.6285400390625,0.5975414087153206,0.2896360179630477,1.526442884820096,-0.5797552223455377,-0.1895986621084636,567.8378302978821,24.094493389250403,0.9803782927613252,583.0,120,152,412,1515.0,MUKTSAR
35289,Deon Khera (47),SRI MUKTSAR SAHIB,30.0540543,74.60728,35289,1907.3464265259847,1907.626708984375,0.6068293742635146,0.2731989005126704,1.4160822451493045,-0.5769935174246136,-0.1740864973779092,449.8960020949738,24.76917293306991,1.0,1091.0,0,375,585,1209.0,LAMBI
34994,Chak Mochanwala (240),FAZILKA,30.6126118,74.25945,34994,1909.1890403549205,1907.6258544921875,0.5825953497365463,0.2966602953889494,1.4422948324148583,-0.5575249791851515,-0.1925599256180205,540.103890845587,24.291354791505185,1.0,185.0,76,82,132,182.0,JALALABAD
35402,Kotli Sangar (68),SRI MUKTSAR SAHIB,30.4684677,74.5256,35402,1905.7284632477829,1907.625732421875,0.6089775739037848,0.3021300637508828,1.5805800131084238,-0.5673140390968728,-0.2058453933676502,550.7757755925553,24.21716196586232,1.0,634.0,110,100,450,798.0,MUKTSAR
32275,Garhi Bharti (218),Shahid Bhagat Singh Nagar,31.0450459,75.9406357,32275,1912.423229226215,1907.6241455078125,0.5306374511604776,0.1793317007381878,1.4946104358772148,-0.5117096982342847,-0.1046437646023871,834.66081235499,22.726971793442427,1.0,277.0,0,0,90,320.0,AUR
36450,Jhambali sahni (140),PATIALA,30.3423424,76.41278,36450,1903.862503118336,1907.621826171875,0.5509624860411342,0.2171446888258013,1.444260092397618,-0.5338196941922457,-0.127721787960009,811.6396177431991,22.949784166149445,1.0,86.0,43,53,108,101.0,NABHA
33121,Balala (335),LUDHIANA,30.7567558,76.29937,33121,1907.194121760809,1907.6214599609375,0.5075203291309629,0.1910198721116863,1.603621285257904,-0.4894294128134446,-0.112667288207524,860.8907404353516,22.642453532259594,1.0,50.0,40,60,292,286.0,SAMRALA
32249,Shakohpur (173),Shahid Bhagat Singh Nagar,31.0810814,75.9904556,32249,1904.78404220254,1907.6207275390625,0.611648254779416,0.247601833484041,1.654649871370321,-0.5792476435849643,-0.1691217298392519,833.0336305310624,22.58589359521818,1.0,6.0,150,110,312,242.0,AUR
32290,Saidpur Kalan (267),Shahid Bhagat Singh Nagar,31.0270271,76.17859,32290,1909.6890097886496,1907.6195068359375,0.5020395354906905,0.1887762318285611,1.3781824979908135,-0.5029322179741327,-0.09929159336396,842.442914386486,22.738076625905897,1.0,158.0,50,50,97,169.0,NAWANSHAHR
39512,Chaproda (157),SANGRUR,30.522522,75.88475,39512,1905.5750683523304,1907.6185302734375,0.6124450975282023,0.2879094883334566,1.4659291381896395,-0.5812761545989616,-0.1896990629086907,742.3286381175416,22.955177382900672,1.0,244.0,25,0,43,258.0,MALERKOTLA
39195,Matran (267),S.A.S Nagar,0.0,0.0,39195,1908.5377040994224,1907.6185302734375,0.3305887279597001,0.0138357162919551,0.9613411532024172,-0.3627149904836859,0.0396556214680321,799.5983207260042,22.770163357323906,0.8470311633370626,99.0,21,21,63,109.0,KHARAR
39237,Dharamgarh (239),PATIALA,30.63063,76.36725,39237,1903.5103741090425,1907.61669921875,0.3225271915038561,0.0815428619513407,0.92553146084515,-0.3803886296790908,0.0009419559735453,790.8581827205253,23.00164252074281,1.0,358.0,42,42,50,384.0,RAJPURA
32130,Godani (25),Shahid Bhagat Singh Nagar,31.18919,75.9718,32130,1904.3589563767723,1907.614990234375,0.6431643143038689,0.3077631563983775,1.8533633511772505,-0.5998399586491042,-0.2209923260083509,794.1594812085526,22.669952482494125,1.0,2.0,22,0,22,193.0,BANGA
35712,Mari (191),BATHINDA,30.3963966,75.13901,35712,1906.794073595633,1907.614990234375,0.6905294335996985,0.3380272998294114,1.9466075054668128,-0.6182173045305842,-0.2587785143265889,597.702009041769,24.046162035522222,1.0,554.0,114,114,225,653.0,NATHANA
36157,Ubha (62),MANSA,30.2522526,75.19539,36157,1908.1616108885207,1907.614501953125,0.6601101629413059,0.3019759670841299,1.6425475369633518,-0.6144909477360558,-0.2142077619999874,633.8160901185208,24.12210073380862,1.0,934.0,820,800,1198,1974.0,MANSA
30516,Momanpur (358),JALANDHAR,31.6036034,75.6309357,30516,1909.8764226463272,1907.613525390625,0.5832178336479582,0.2185114631297883,1.7953691883843867,-0.5437233333674639,-0.1446301148567539,805.4736348798173,22.43289419592901,1.0,87.81,2,5,8,94.0,JALANDHAR - WEST
32296,Dilawarpur (263),Shahid Bhagat Singh Nagar,30.9909916,76.1497955,32296,1912.5173417969504,1907.6134033203125,0.4987989593866638,0.1847972095088321,1.388764985138441,-0.4980349841364054,-0.0986026599883301,841.1591394628618,22.737546500864784,1.0,89.0,29,29,58,96.0,NAWANSHAHR
35365,Sotha (35),SRI MUKTSAR SAHIB,30.4684677,74.5256,35365,1906.713471907686,1907.6104736328125,0.6305660550665338,0.3033507807497801,1.5189539909786214,-0.585556705957204,-0.2049145118736618,525.5286472950081,24.38683187233372,1.0,1800.0,155,280,729,1327.0,GIDDERBAHA
32211,Chahal Kalan (196),Shahid Bhagat Singh Nagar,31.0990982,75.9627762,32211,1907.0710674840648,1907.6102294921875,0.6334702819929546,0.2877779761368008,1.7708230220656822,-0.5935625181235091,-0.2080147599516572,847.3562988450425,22.43174952083797,1.0,1.0,40,0,296,177.0,AUR
32859,Aladadpura (24),FATEHGARH SAHIB,30.6126118,76.2274246,32859,1908.0047339402247,1907.610107421875,0.4516180670895009,0.1360878977939507,1.3230586100064956,-0.4535964120280733,-0.0621907827549649,825.7323893716233,22.871801084820504,0.6222090868360128,100.0,10,12,116,206.0,AMLOH
33144,Shamaspur (131),LUDHIANA,30.8468475,76.11909,33144,1904.8548084400447,1907.6094970703125,0.5144099787788674,0.1810175994962693,1.4821716272665195,-0.5002984971288317,-0.102674255445713,887.4487522056,22.71525586757884,1.0,251.0,0,15,54,296.0,MACHHIWARA
35344,Bhuttiwala (72),SRI MUKTSAR SAHIB,30.3243237,74.7288055,35344,1907.5892201524648,1907.6082763671875,0.6046337352707941,0.2868863194799538,1.489121703704975,-0.5737602896016141,-0.1888154097894587,546.023119539709,24.20876088294113,1.0,1700.0,427,427,827,1564.0,GIDDERBAHA
33303,Lehal (393),LUDHIANA,30.3783779,75.85614,33303,1906.695074032981,1907.602294921875,0.5516030962562057,0.2454931019204106,1.5070820202435768,-0.5300931116650425,-0.1526834093447765,813.7164304749138,22.792093145795057,1.0,401.0,376,37,351,457.0,Maloud
34964,Chak Sarian (222),FAZILKA,30.522522,74.2741852,34964,1908.9610576079288,1907.5966796875,0.6257348452982147,0.3011350128414063,1.6317571852282524,-0.590506730544078,-0.2068752315725567,540.4949435605052,24.25265875311985,1.0,421.0,35,107,154,463.0,JALALABAD
33188,Manak Majra (203),LUDHIANA,30.63063,76.09503,33188,1905.345404632587,1907.595458984375,0.4999625620371741,0.1721530329550474,1.4005095911032297,-0.4914134388310046,-0.0918194848217008,901.8612000157732,22.79804944424137,0.8402744878853381,2.47,0,0,369,234.0,KHANNA
37493,Kaler Mangat (292),AMRITSAR,31.7657661,74.93667,37493,1907.3725142975247,1907.5948486328125,0.3692176820512267,0.0254541257578719,0.9315128895101318,-0.3832478384741027,0.0378922952917126,969.8854777028458,22.378567518482896,1.0,339.0,142,180,322,360.0,MAJITHA
35237,Mehmud Khera (50),SRI MUKTSAR SAHIB,30.1981983,74.48695,35237,1907.3781431284028,1907.59130859375,0.5996027581152262,0.2423228059663389,1.3949910460047346,-0.5690578413313758,-0.1471329221331964,429.3760749509232,24.825229155186832,1.0,923.0,435,435,550,962.0,LAMBI
35246,Katianwali (117),SRI MUKTSAR SAHIB,30.1981983,74.5078049,35246,1906.218398285866,1907.5875244140625,0.6080452413308675,0.2790105024483518,1.4554102743305155,-0.5624453500327717,-0.1800400966173224,434.0212570839279,24.733448609657152,1.0,1091.0,88,0,501,1195.0,MALOUT
37939,Bugha (73),Tarn Taran,31.333334,74.94882,37939,1911.6179472648016,1907.5867919921875,0.5458332278128429,0.2131511968455033,1.4898125520948569,-0.5217185417736641,-0.1270816407230914,812.7280267884629,22.83291248283939,1.0,308.0,260,180,350,356.0,TARN TARAN-12
36604,Jalal Khera (166),PATIALA,30.2342339,76.34947,36604,1907.8078202501465,1907.5858154296875,0.5146311144167646,0.1752645596648336,1.4096931265316406,-0.5127403548870958,-0.0904513443593037,850.5485597064393,22.973828551360043,1.0,119.0,50,50,100,133.0,PATIALA
34954,Chak Roranwala (213),FAZILKA,30.6126118,74.25945,34954,1911.522598119202,1907.5858154296875,0.6081167850080651,0.3008288871715922,1.6519466433653265,-0.5684236610389702,-0.2058971400963007,541.6168811728852,24.234375981316475,1.0,467.0,16,114,224,524.0,JALALABAD
32132,Kaleran (51),Shahid Bhagat Singh Nagar,31.18919,75.99287,32132,1904.6128708221977,1907.58447265625,0.5936633199600784,0.2497081524789255,1.654991852552753,-0.5669059201644586,-0.1682424206892652,795.1217089415702,22.735884630952462,1.0,150.0,25,150,250,272.0,BANGA
30563,Mamandpur (83),JALANDHAR,31.54955,75.65053,30563,1907.0816740479488,1907.5823974609375,0.5254193616205349,0.1501803687239337,1.6270521560500937,-0.5080135076875082,-0.0854387912795971,805.4736348798173,22.43289419592901,1.0,2.47,2,0,116,132.0,BHOGPUR
28578,Bhol (3),GURDASPUR,31.9639645,75.41655,28578,1904.6391841676805,1907.582275390625,0.4353145335813921,0.1924943510852496,1.2791354941004716,-0.4148436445922131,-0.0933114672417849,860.1867499759095,22.40933991115594,0.8781478120683585,325.0,50,0,106,412.0,SRI HARGOBINDPUR
34980,Chak Sukhera (247),FAZILKA,30.522522,74.2741852,34980,1906.8462940458464,1907.578857421875,0.6059525987579366,0.3201019079581412,1.4483424373097342,-0.5852485394896363,-0.2121888814787797,573.494575804047,24.17939307634665,1.0,130.0,38,36,86,294.0,JALALABAD
35859,Kamalu (120),BATHINDA,30.072073,75.2246552,35859,1907.138085546135,1907.57275390625,0.5754865108909645,0.2086100539759421,1.422650253152465,-0.5573283966955744,-0.1211124985852771,538.5838094165223,24.553672500560936,1.0,508.5,178,182,454,600.0,MAUR
30357,Salempur Masandan (188),JALANDHAR,31.27928,75.6437149,30357,1910.871849208271,1907.5723876953125,0.4970340112125661,0.1362841434776781,1.611456951586162,-0.4782166359403321,-0.0732117424067551,814.4297393968003,22.591733580938524,0.9928298851389504,2.8,52,55,342,178.0,JALANDHAR-EAST
35154,Maujgarh (95),FAZILKA,30.1981983,74.17425,35154,1907.5988144069404,1907.57080078125,0.4791813457311614,0.0741312445359701,1.2136474430126265,-0.4816254514225501,-0.0099535159758298,410.12214331195497,24.7637616940494,1.0,1304.0,234,468,705,1380.0,KHUIAN SARWAR
37077,Mehmadpur (144),PATIALA,30.4864864,76.58844,37077,1905.6505817161124,1907.568115234375,0.3733926468692305,0.0993468126361958,1.2773052347213971,-0.4024879576457107,-0.0276395542112658,825.9812089612382,23.1960268126378,1.0,285.0,30,30,126,362.0,Shambu Kalan
39535,Jhall (153),SANGRUR,30.5045052,75.9334259,39535,1905.62710514924,1907.5662841796875,0.6024343922560106,0.2784246763602792,1.422462702386443,-0.5764804435280109,-0.1785508059009193,742.3286381175416,22.955177382900672,1.0,640.0,60,100,336,708.0,MALERKOTLA
36248,Nurpura (169),PATIALA,29.9639645,76.037,36248,1907.9512086146613,1907.5648193359375,0.4479396436621966,0.190829786303456,1.217673096269375,-0.4641535197589916,-0.0907230490820954,639.0663030555146,23.86120458232682,1.0,364.0,120,120,150,322.0,PATRAN
32251,Kamam (187),Shahid Bhagat Singh Nagar,31.0810814,75.9904556,32251,1904.945657871116,1907.5633544921875,0.6379910863235768,0.2836690584026482,1.7140572743610736,-0.5993720031613111,-0.2017149961376128,833.0336305310624,22.58589359521818,1.0,712.0,109,109,417,415.0,AUR
35998,Talabwala (149),MANSA,29.927927,75.55207,35998,1907.468915909772,1907.56298828125,0.5118853618525407,0.184709226618387,1.3560603906950113,-0.5080815665358369,-0.0979500863625539,683.6498769929307,24.32621842862972,1.0,405.0,120,120,209,445.0,BUDHLADA
37491,Kotla Khurd (242),AMRITSAR,31.7657661,74.95786,37491,1906.2237599938453,1907.5611572265625,0.3922946995058132,0.0650658541695372,1.1541216404510406,-0.3903670139557559,-0.0039295048498114,969.8854777028458,22.378567518482896,1.0,132.0,174,61,174,148.0,MAJITHA
36715,Manak Dehar (244),PATIALA,30.3423424,76.41278,36715,1906.7953230633689,1907.560302734375,0.3359852702118027,0.1035958529899104,1.0431763458802548,-0.3623967125246212,-0.0215669551975517,831.8383189847367,23.081396195602963,1.0,314.0,496,94,105,311.0,BHUNER HERI
30470,Mokhe (153),JALANDHAR,31.5927181,75.63008,30470,1907.2302853331528,1907.557861328125,0.576780035379024,0.1989558800553654,1.8144962221608647,-0.5338694730290859,-0.1321589394311633,866.5677848269837,22.48811818547273,0.832544828455285,200.0,20,30,180,172.0,JALANDHAR - WEST
33100,Todarpur (104),LUDHIANA,30.8648643,76.3223,33100,1902.6193106743383,1907.5572509765625,0.587973830729083,0.2669476564594897,1.5881836751606293,-0.5561000764351006,-0.1771783854223249,916.3998790611644,22.856282342241443,1.0,225.0,0,15,294,247.0,MACHHIWARA
34938,Ghanga Khurd (124),FAZILKA,30.72072,74.4054642,34938,1907.476728236991,1907.5567626953125,0.6353536187718236,0.317330073671861,1.6138985833586246,-0.5938657955008628,-0.2209211532633141,561.979321845301,24.15592189383595,1.0,1729.0,680,270,360,712.0,GURU HAR SAHAI
36108,Talwandi Akalia (82),MANSA,29.90991,75.5384,36108,1906.9668514093607,1907.555419921875,0.5679538950316801,0.1981142988357594,1.4459187072901296,-0.5439256029716851,-0.1206819781894743,651.6385225731809,24.39768509035072,1.0,711.0,300,300,336,711.0,JHUNIR
35926,Mian (97),MANSA,29.90991,75.5384,35926,1908.2716191558093,1907.553466796875,0.5248876221827529,0.0686293534199547,1.2660840822252504,-0.5302155488369662,-0.0083490479376864,622.213462704649,24.4568451220965,1.0,483.0,205,198,261,522.0,JHUNIR
35431,Sheerwali (149),SRI MUKTSAR SAHIB,30.4684677,74.5256,35431,1907.5513659724625,1907.5523681640625,0.5925587301240395,0.2587672594115647,1.5849381711181845,-0.5646164813443947,-0.1681150948774053,566.8530808307668,24.072375002970144,1.0,1124.0,267,223,670,1428.0,MUKTSAR
35685,Dhade (3),BATHINDA,30.27027,75.23005,35685,1905.472370248232,1907.55224609375,0.6425773496281761,0.2786992836648312,1.56935392220761,-0.603779007597565,-0.193333919112792,602.3227894078432,24.162677067222084,1.0,1164.4,0,329,604,1260.0,RAMPURA
39867,Kanakwal Bhangwan (45),SANGRUR,30.2488155,75.83926,39867,1906.868680296088,1907.5518798828125,0.683417959710669,0.3445737974010063,1.834359252997196,-0.6302239012845611,-0.2582682613979678,655.458966176738,23.956971999803613,1.0,2.47,0,0,688,971.0,SUNAM
35238,Farid Khera (51),SRI MUKTSAR SAHIB,30.4324322,74.39356,35238,1907.4390425878107,1907.55029296875,0.5734574839769429,0.2593442139047006,1.3579564696822468,-0.5547983148110355,-0.1599373300663336,429.3760749509232,24.825229155186832,1.0,722.0,0,370,470,788.0,LAMBI
30502,Lalapur (349),JALANDHAR,31.6036034,75.6309357,30502,1909.849781734246,1907.54931640625,0.5610191851021404,0.1958832073748862,1.805009692084773,-0.5247489222280344,-0.1264938446135013,805.4736348798173,22.43289419592901,1.0,70.0,5,5,10,75.0,JALANDHAR - WEST
36629,Hamayunpur (212),PATIALA,30.1441441,76.3213348,36629,1906.4753171006992,1907.5482177734375,0.5251284720426942,0.2220707835262562,1.2751877658059814,-0.5263301246764005,-0.1192682339430237,855.5401804854768,23.039179985216663,1.0,61.0,0,0,4,64.0,SANOUR
35405,Chauntra (106),SRI MUKTSAR SAHIB,30.4684677,74.5256,35405,1905.2458843244672,1907.547607421875,0.6023126541954803,0.2927374776607202,1.6971347623883843,-0.5651643163585428,-0.1982436798511804,550.7761411533717,24.21716085769544,0.9894693224058816,2.47,2000,100,200,732.0,MUKTSAR
35290,Fatehpur Manianwala (46),SRI MUKTSAR SAHIB,30.1981983,74.48695,35290,1908.6780525659835,1907.5472412109375,0.5867173423716306,0.2611156748486555,1.353967041331946,-0.5565779730677713,-0.1615050942976722,444.937459939169,24.82225591450446,1.0,1334.0,545,585,695,1416.0,LAMBI
39862,Bir Kalan (16),SANGRUR,30.1366367,75.81145,39862,1908.134036879868,1907.546142578125,0.7001523849634326,0.3517694438905667,1.899000061004756,-0.6434348717187209,-0.2710649876353566,658.2231573262864,23.90322548855887,1.0,2.47,0,0,600,930.0,SUNAM
35014,Hauj Alias Gander (219),FAZILKA,30.6126118,74.25945,35014,1907.068323949826,1907.546142578125,0.6230772417747666,0.3088818111420708,1.4899409201778862,-0.5927945506097255,-0.2047166856148001,537.5568660905259,24.30053681632836,1.0,508.0,155,150,320,589.0,JALALABAD
35235,Arniwala Waziran (45),SRI MUKTSAR SAHIB,30.4324322,74.39356,35235,1907.238581666545,1907.5440673828125,0.5924802349068508,0.2444209694388379,1.3956588070783489,-0.5640922846954127,-0.1532644570525521,447.5105950019931,24.781730128489595,1.0,721.0,290,250,360,782.0,LAMBI
30483,Naugajja (152),JALANDHAR,31.6036034,75.6309357,30483,1905.637622508322,1907.5435791015625,0.6038745991015632,0.2210330859975494,2.001108689994756,-0.5474587131358415,-0.1541169158106255,866.5677848269837,22.48811818547273,1.0,339.0,155,55,489,428.0,JALANDHAR - WEST
32852,Mianpur (169),FATEHGARH SAHIB,30.6054478,76.2210541,32852,1908.8224760145845,1907.543212890625,0.4900765204947079,0.1436122015394453,1.4336148823620662,-0.4732654270805779,-0.0730233001174888,825.7323893716233,22.871801084820504,1.0,186.0,59,20,70,136.0,AMLOH
33314,Jhamat (335),LUDHIANA,30.3603611,75.8630447,33314,1908.2949387265044,1907.5428466796875,0.6476105797819482,0.3212204864156345,1.8792217800886528,-0.6018867446992163,-0.2391394008340195,798.1422933747666,22.84587891937236,1.0,469.0,555,220,424,548.0,Maloud
36803,Lalina (126),PATIALA,30.3423424,76.41278,36803,1907.8878555278848,1907.542724609375,0.3565724708290603,0.0947870382241468,1.0661079136239882,-0.380659802765579,-0.0164037627442953,899.4118514468568,22.83189132190313,1.0,432.0,328,36,138,461.0,SANOUR
35328,Babania (20),SRI MUKTSAR SAHIB,30.216217,74.6674042,35328,1907.5901905733908,1907.538818359375,0.5685739318881627,0.2680471138879248,1.3688469915862451,-0.5381124106948691,-0.1658121602863044,478.53514685830464,24.610005768415515,1.0,463.0,90,195,290,545.0,GIDDERBAHA
37362,Dadrai (308),AMRITSAR,31.75337,74.7847061,37362,1908.4658056080536,1907.5369873046875,0.5355796911792426,0.1988902657135334,1.3208252471620132,-0.5208306754409677,-0.1100197980929845,916.499489825,22.66210357915856,1.0,249.0,100,138,261,250.0,HARSHE CHHINA
36237,Gurditpur (203),PATIALA,29.8558559,76.1830444,36237,1906.7094163156453,1907.535400390625,0.3633632058651796,0.1341119669845846,0.9675083928600668,-0.4032922693043635,-0.0361018471389012,644.0562304125359,23.80759314185024,1.0,523.0,125,125,140,550.0,PATRAN
37017,Dhakansu Kalan (50),PATIALA,30.4864864,76.58844,37017,1905.6004492066943,1907.5284423828125,0.3140816180684122,0.0254591653703545,0.8983936541556705,-0.3567906802642839,0.0334393838579622,828.8671615531342,22.97204433731389,0.883925991507574,10.0,5,7,248,381.0,Shambu Kalan
35953,Mankhera (204),MANSA,29.6936932,75.23012,35953,1907.8706575737067,1907.52587890625,0.5683987913983546,0.1009667282394874,1.4395131190045658,-0.5301688278844928,-0.0427182069112958,634.8942034477402,24.71456676059225,1.0,1685.0,285,307,389,723.0,SARDULGARH
33506,Dharaur (232),LUDHIANA,30.3948956,75.74166,33506,1907.6539681803729,1907.5234375,0.4176914450994564,0.1460686044027288,1.3640804309019403,-0.4303847901213781,-0.0652763631319889,824.7979079262149,22.7621754425157,1.0,300.0,160,55,521,375.0,DEHLON
33429,Bhagpur (192),LUDHIANA,30.9189186,75.84033,33429,1911.092481270902,1907.521728515625,0.4806609465766272,0.1485049498043413,1.4626853237408952,-0.4693423401367447,-0.07986247995315,835.0397142579453,22.79578354606297,1.0,250.0,20,0,335,277.0,LUDHIANA-2
30251,Salarpur (238),JALANDHAR,31.3153152,75.609375,30251,1909.3862949986503,1907.519775390625,0.560865678384234,0.1653788510098924,1.7857710824408868,-0.525542733431994,-0.1050383172413179,774.5449784209626,22.62641459229758,1.0,8.09,135,30,332,460.0,JALANDHAR-EAST
37810,Buttar Siviya (63),AMRITSAR,31.6036034,75.2078247,37810,1905.5848802197384,1907.519287109375,0.5159603213012712,0.1999206332689803,1.639476743993051,-0.489807181743061,-0.1212560006958899,956.5626163569692,22.26497424084956,1.0,928.0,455,455,1015,1008.0,RAYYA
35787,Baho Sibian Patti Basawa Singh (2),BATHINDA,30.2005615,74.94325,35787,1907.2537061576245,1907.5191650390625,0.6195353006646328,0.298796155909877,1.4814672881180055,-0.5792384867513979,-0.1931886999132089,528.2117879830919,24.502990604647817,1.0,364.0,145,145,228,178.0,BATHINDA
36963,Jandauli (75),PATIALA,30.4864864,76.58844,36963,1907.8249369722544,1907.518798828125,0.3726150154504709,0.0594005642549023,1.0624202933655382,-0.3998796827757983,0.0047142103869299,828.8671615531342,22.97204433731389,0.7588527168691059,3.0,1,1,602,209.0,RAJPURA
29056,Daulowal (22),KAPURTHALA,31.3873882,75.39295,29056,1905.3917909392487,1907.5186767578125,0.5697528686250144,0.2750175001887846,1.9131667972697184,-0.5156345279142109,-0.1842844696158875,800.9258451869385,22.437382947828382,1.0,61.0,20,10,64,64.0,NADALA
35374,Dabra (59),SRI MUKTSAR SAHIB,30.594595,74.45496,35374,1906.187577550298,1907.5185546875,0.5873836293971816,0.2633801835701129,1.4181674336089125,-0.5575185568117352,-0.1644267983292867,517.1191063878865,24.398335383070595,1.0,700.0,80,160,199,705.0,MALOUT
36236,Arno (205),PATIALA,29.8558559,76.2245941,36236,1907.221497627872,1907.517333984375,0.362182422419151,0.123073069826063,1.0105706867368724,-0.3920419724632411,-0.0321416128347525,645.0001575086304,23.80651218992884,1.0,325.0,50,50,125,696.0,PATRAN
35925,Bishanpura Urf Jherianwali (103),MANSA,29.8018017,75.33205,35925,1908.6662895606987,1907.51708984375,0.5443394306763439,0.0855074284586116,1.2887204238390273,-0.5430516298873089,-0.022744154449641,644.85249777158,24.4196727670046,1.0,686.0,450,451,507,739.0,JHUNIR
35856,Tungwali (129),BATHINDA,29.9819813,75.07312,35856,1907.415177659529,1907.51220703125,0.6259611094584001,0.1753273135467332,1.680283312848716,-0.5784055862959376,-0.1122948436013338,576.39137832426,24.54118743308993,1.0,283.0,42,109,143,308.0,TALWANDI SABO
35790,Jai Singhwala (91),BATHINDA,30.2145176,74.9442749,35790,1906.377591413261,1907.511474609375,0.5684994614168589,0.2215252347559988,1.3844340408646274,-0.5461543333932894,-0.1303059951277633,519.862196530593,24.569527948195688,1.0,2730.0,125,500,1170,1838.0,SANGAT
34966,Chak Chhapriwala (224),FAZILKA,30.6126118,74.25945,34966,1907.6849944051808,1907.5107421875,0.6076753822260618,0.3006912879955813,1.53694704746289,-0.573386795075163,-0.1981622331236903,537.5568660905259,24.30053681632836,1.0,329.78,102,55,126,352.0,JALALABAD
29029,Mand Sandhi Khan(45),KAPURTHALA,31.6011333,75.44704,29029,1905.792198987011,1907.510009765625,0.5323406998905448,0.1993018405954218,1.5510119323409246,-0.5046658838970385,-0.1181962152645023,860.1867499759095,22.40933991115594,1.0,10.0,4,5,6,97.0,NADALA
35201,Chanan Khera (118),FAZILKA,30.1441441,74.19609,35201,1905.632296490629,1907.509765625,0.6217511503247937,0.2787248612296458,1.4541166119117035,-0.5764476910347157,-0.1819176308692946,428.3794256856339,24.76826826044396,1.0,1230.0,485,480,655,1356.0,ABOHAR
36238,Beharjach (204),PATIALA,29.9639645,76.037,36238,1906.108752860349,1907.5074462890625,0.3627479760721987,0.1182769980986192,0.9744381511595565,-0.3969260034445411,-0.0286059492828517,641.5874454190629,23.810420307097274,1.0,220.2429,75,170,428,595.0,PATRAN
35315,Lambi (30),SRI MUKTSAR SAHIB,30.1981983,74.48695,35315,1908.2410098618168,1907.5072021484375,0.5796324230138516,0.2773229835396815,1.2577242625447902,-0.5697327112516901,-0.1685520750360798,455.810387014641,24.799193820514304,1.0,1244.0,992,860,1382,1444.0,LAMBI
36436,Sudhewal (117),PATIALA,30.3603611,76.2597961,36436,1904.0302765847955,1907.505859375,0.5675227767529639,0.2684283185613355,1.5776476700925517,-0.5406551969300285,-0.1713525824131634,786.123851220836,22.97181489662404,1.0,253.0,25,63,235,277.0,NABHA
33050,Garhi Bet (60),LUDHIANA,30.9009018,76.18303,33050,1904.827251561449,1907.5048828125,0.5008527204793924,0.1977929589684854,1.3078404578115357,-0.5051939678523758,-0.104710305923609,876.6879233529465,22.82727164855009,1.0,2.47,15,15,151,196.0,MACHHIWARA
32821,Malowal (86),FATEHGARH SAHIB,30.594595,76.10859,32821,1908.2912198797023,1907.5028076171875,0.4818765815546781,0.1759910670317132,1.3504967785498776,-0.4760502354916486,-0.0910148952866131,799.8534555236223,22.852714998549647,1.0,219.0,75,76,162,237.0,AMLOH
39794,Jharon (14),SANGRUR,30.2488155,75.83926,39794,1908.2814735139816,1907.5028076171875,0.6439892831487783,0.3031723396189984,1.7260759293651229,-0.6029828772008771,-0.2172127682062626,657.4182472437406,23.93074151259645,1.0,2.47,0,0,943,1044.0,SUNAM
32298,Sultanpur (259),Shahid Bhagat Singh Nagar,31.1432533,76.1010742,32298,1909.8139868721305,1907.5020751953125,0.51811907049448,0.1949353282605845,1.4460458257791855,-0.5123794339176548,-0.1072710817164016,851.0235640218156,22.741619939577788,1.0,51.0,20,20,50,55.0,NAWANSHAHR
33320,Ghangas (212),LUDHIANA,30.738739,76.01257,33320,1905.401615463658,1907.5020751953125,0.5958757156110669,0.304004919986494,2.120849614571043,-0.5559725862649134,-0.2209749613820693,798.1422933747666,22.84587891937236,1.0,200.0,0,0,510,363.0,DORAHA
30273,Mahadipur (178),JALANDHAR,31.3153152,75.58828,30273,1903.3157945430048,1907.501708984375,0.6188032767091196,0.2472283755602718,1.947455409657867,-0.568648761481646,-0.1753954669657253,798.8118144494946,22.6008847971002,1.0,3.3,25,25,161,214.0,JALANDHAR-EAST
32794,Pandrali (323),FATEHGARH SAHIB,30.6281548,76.38407,32794,1905.86104814226,1907.4990234375,0.5328239128116887,0.2544971567606772,1.5121567937899438,-0.5164093484751995,-0.1535287748888842,860.1821531044565,22.869901684614803,1.0,485.8,55,50,226,337.0,SIRHIND
30187,Chak Desraj (212),JALANDHAR,31.0270271,75.77908,30187,1907.6255674468264,1907.4976806640625,0.6039828823759256,0.2410601737065848,1.655075775276589,-0.5734628092061594,-0.1615101738037895,847.3205759980808,22.43763947837169,1.0,214.0,97,97,257,218.0,PHILLAUR
35063,Chak Dabwala (227),FAZILKA,30.3603611,74.2342758,35063,1906.9557359086527,1907.49755859375,0.6350069825868528,0.3254699976476985,1.5054455007243528,-0.601744440581356,-0.2239152139366319,502.2135223501561,24.387799115154348,1.0,226.0,325,325,335,621.0,Arniwala Shiekh Subhan
37942,Bachrhe (77),Tarn Taran,31.4485645,74.92322,37942,1908.551390028535,1907.4967041015625,0.524524104522633,0.166265667085968,1.4339257924342637,-0.5084658596520042,-0.0948025890344446,830.7890741231963,22.78058081469338,0.9448981357386992,520.0,110,120,305,150.0,TARN TARAN-12
35904,Sangat Khurd (131),BATHINDA,29.9819813,75.09392,35904,1908.775179282811,1907.495361328125,0.5969714103787092,0.1876860677290043,1.5448979242165617,-0.5634423612624494,-0.1157487091821258,575.2241234007237,24.53341157965663,1.0,394.0,125,223,327,394.0,TALWANDI SABO
28556,Bharth (37),GURDASPUR,31.6936932,75.47134,28556,1905.7589038094693,1907.49462890625,0.568648940936211,0.2433764041327028,1.7487756906362226,-0.5297881196052773,-0.1609359759015502,928.4885201488128,22.165924395014944,1.0,455.0,60,0,566,482.0,SRI HARGOBINDPUR
35839,Bhagwangarh Urf Bhukhianwali (96),BATHINDA,30.2145176,74.9442749,35839,1906.318238057916,1907.494140625,0.5777991136557544,0.1866677871362097,1.4952222756696063,-0.5475615152930655,-0.1098591000289546,529.3630006720917,24.5578543014218,1.0,1300.0,312,312,502,1395.0,SANGAT
29022,Bagbanpur (15),KAPURTHALA,31.36937,75.3996,29022,1905.556455641936,1907.492431640625,0.5574093961747728,0.2376348197402864,1.684894260102911,-0.5275803297412488,-0.1509878609628767,800.9258451869385,22.437382947828382,1.0,1.0,5,1,215,297.0,NADALA
30508,Jallowal (99),JALANDHAR,31.49401,75.67668,30508,1907.405742064548,1907.4912109375,0.5683091320055306,0.2038804104432432,1.8659833183847951,-0.5308944512373368,-0.135737330264568,804.8404850106384,22.43250462620255,1.0,191.2,8,0,205,220.0,BHOGPUR
30176,Kotli Khakhian (199),JALANDHAR,31.0270271,75.77908,30176,1906.7188392489168,1907.489013671875,0.6321967532833102,0.2615290270592277,1.8775789424267064,-0.5895409084256741,-0.1858716097635473,789.2757690198782,22.579544420290635,1.0,207.0,41,41,224,207.0,PHILLAUR
33152,Mandiala Khurd (147),LUDHIANA,30.7567558,76.29937,33152,1907.9959091379635,1907.48828125,0.4917561623919629,0.168016531708092,1.6386000867735566,-0.4668917045591285,-0.0978889213272974,860.8907404353516,22.642453532259594,1.0,126.0,40,40,88,140.0,SAMRALA
35170,Killianwali (122),FAZILKA,30.1621628,74.1888046,35170,1907.577789543147,1907.4862060546875,0.5844695451512799,0.1455612633386745,1.5628606351226375,-0.5343438019147093,-0.0842525901920989,430.5381209698081,24.77902169007139,1.0,2174.0,538,846,912,1697.0,KHUIAN SARWAR
35852,Phulo Khari (124),BATHINDA,29.9819813,75.07312,35852,1913.4783357840067,1907.4857177734375,0.5409451255593987,0.1165644190236912,1.2609763234000335,-0.5302372618453821,-0.0470117838567891,533.5709097793,24.635414636834923,0.9997768991021524,932.0,125,386,553,1193.0,TALWANDI SABO
30655,Bhains Awan (535),HOSHIARPUR,31.6936932,75.5984,30655,1907.1977636150968,1907.4852294921875,0.5471200919863953,0.2377718535740146,1.601234816930641,-0.5181506349405101,-0.1488408502536424,928.5261276175872,22.425879731414227,1.0,1.21,104,156,340,327.0,TANDA
35030,Chak Kheowali (214),FAZILKA,30.45045,74.1565,35030,1905.1402190923789,1907.485107421875,0.6284731356685196,0.3092718945754091,1.5162899062485324,-0.599469063896099,-0.2085134453271171,502.4561080148118,24.386920412335428,1.0,410.0,249,366,387,580.0,Arniwala Shiekh Subhan
29004,Chakshah Aladin (68),KAPURTHALA,31.477478,75.40206,29004,1912.078824062896,1907.483642578125,0.5447343293384219,0.2393202880305269,1.6786422211205732,-0.5115483840263311,-0.1494566985478075,800.9258451869385,22.437382947828382,1.0,1.0,0,0,3,17.0,NADALA
35817,Raike Kalan (83),BATHINDA,30.2148151,74.94384,35817,1907.741081123672,1907.4815673828125,0.5960507800027338,0.2838165420354225,1.261177932381509,-0.5916872665408471,-0.1722130665560853,476.480066712184,24.68665560239368,1.0,1500.0,252,352,976,1743.0,SANGAT
32206,Khan Khana (88),Shahid Bhagat Singh Nagar,31.18919,75.99287,32206,1905.17712342412,1907.4813232421875,0.5892353051783219,0.2220904700953602,1.650251405501285,-0.5650369800393249,-0.1449267097498479,800.5549781635095,22.71872183512365,0.9557458472823736,100.0,50,225,538,500.0,BANGA
36670,Panjeta (156),PATIALA,0.0,0.0,36670,1905.674554859876,1907.4765625,0.4233894201119449,0.1810743020806698,1.12746688834542,-0.4576041848235787,-0.075112891398401,872.9121860424701,23.002357044355293,0.9573180015886832,249.0,4,4,151,270.0,BHUNER HERI
35406,Mar Mallu (140),SRI MUKTSAR SAHIB,30.4684677,74.5256,35406,1904.579256322708,1907.47509765625,0.6170441861453221,0.3111931068946688,1.6189054237325695,-0.5902012324914031,-0.2113771903362984,564.3022610363715,24.108948773612607,1.0,355.0,80,80,240,517.0,MUKTSAR
32278,Barnala Khurd (221),Shahid Bhagat Singh Nagar,31.0450459,75.9406357,32278,1911.9931680346824,1907.4742431640625,0.5436619065470559,0.2034544598342994,1.5323870788900142,-0.5255802211140526,-0.1247524446510015,831.8867719542217,22.72378297393569,1.0,50.0,20,10,63,189.0,AUR
35794,Phus Mandi (60),BATHINDA,30.2041645,74.9435,35794,1905.5758259442232,1907.4742431640625,0.5430979299827684,0.1723320412963443,1.4748796189386082,-0.5176289939456666,-0.0987216540422873,560.2312329223054,24.37896188434729,1.0,243.0,0,200,360,404.0,BATHINDA
32635,Harbanspura (70),FATEHGARH SAHIB,30.4864864,76.40026,32635,1905.876507001938,1907.4725341796875,0.4386734541443549,0.1479850608030744,1.2828905385104603,-0.4382930055249713,-0.0688462272339748,863.2329274734441,22.876098822345813,0.9025801768252508,440.0,100,45,425,576.0,SIRHIND
29645,Chaheru (83),KAPURTHALA,31.2248821,75.76635,29645,1908.8292234648632,1907.47216796875,0.5602010419614778,0.1969489150893125,1.746093837893116,-0.5281792100645695,-0.1256217628663962,814.4297393968003,22.591733580938524,1.0,944.0,231,0,509,568.0,PHAGWARA
35158,Usman Khera (101),FAZILKA,30.15849,74.18513,35158,1906.707417455116,1907.4720458984375,0.4512662188249841,0.0393346806747716,1.0979957436209202,-0.4713827013510546,0.0203387083520769,386.50227176918895,24.70250121804715,0.9656061797978708,1524.0,452,452,594,1572.0,KHUIAN SARWAR
30720,Kotli (521),HOSHIARPUR,31.8378372,75.73746,30720,1911.6657504297907,1907.4696044921875,0.541562819085868,0.2362213185064257,1.6452985709614203,-0.5066011608372768,-0.1488521187011693,900.1833560132744,22.27174766086912,1.0,115.0,12,0,47,40.0,DASUYA
35152,Panjawa (103),FAZILKA,30.1621628,74.1888046,35152,1906.189873847866,1907.46728515625,0.4741061726191863,0.067930180045494,1.1874476225227009,-0.4772974070189115,-0.0054203659977325,409.6987440397342,24.758881055881112,1.0,1553.0,452,324,559,1309.0,KHUIAN SARWAR
35773,Bir Behman (75),BATHINDA,30.549778,75.07795,35773,1907.4210590278835,1907.4669189453125,0.5650029070931372,0.2372469913040575,1.3731750799761664,-0.5414303743016217,-0.1409830250448942,539.6515709744432,24.46995440238189,0.999996954942662,1720.0,2,247,494,699.0,BATHINDA
33024,Zulfgarh (38),LUDHIANA,30.9189186,76.17638,33024,1906.138034294852,1907.4658203125,0.5188982341412063,0.1889627447982871,1.404616215152375,-0.5153104890835778,-0.1030052003517919,851.0235640218156,22.741619939577788,1.0,128.0,10,45,70,137.0,MACHHIWARA
32097,Kahma (112),Shahid Bhagat Singh Nagar,0.0,0.0,32097,1905.0850704213915,1907.4617919921875,0.4736877648113056,0.1373629166774917,1.3088232613816766,-0.4800258145714723,-0.0629935443783301,802.8697198202934,22.687197630771045,1.0,2.47,132,91,494,369.0,NAWANSHAHR
35165,Daulatpura (93),FAZILKA,30.1081085,74.06487,35165,1906.704393780048,1907.4608154296875,0.4793896945368166,0.0740356561560392,1.1836061909391955,-0.479431514211025,-0.011583948112781,412.4116732779796,24.782481075550148,1.0,1605.0,584,452,542,1454.0,KHUIAN SARWAR
37532,Dhirekot (156),AMRITSAR,31.6396389,75.00416,37532,1909.9694378624688,1907.46044921875,0.427457923259628,0.0919237098714134,1.2151651957081362,-0.4326516452544559,-0.0260788371681415,949.804664478945,22.50090404759313,1.0,221.0,40,132,365,248.0,JANDIALA GURU
36239,Sagra (202),PATIALA,29.8558559,76.2245941,36239,1905.9837889801604,1907.457763671875,0.338440856483487,0.1093714307728689,0.9197564222444352,-0.3762298507550907,-0.0175794304953425,641.5874454190629,23.810420307097274,1.0,250.0,50,110,120,904.0,PATRAN
32808,Nurpura (63),FATEHGARH SAHIB,30.6126118,76.2274246,32808,1906.7696845760368,1907.455810546875,0.4514821352448654,0.142179126933794,1.2354679330052236,-0.4540414280840738,-0.0600926108526213,826.3961003221178,22.871995176167285,1.0,2.47,50,50,250,187.0,AMLOH
32201,Bharo Mazara (97),Shahid Bhagat Singh Nagar,31.18919,75.99287,32201,1904.8552531459543,1907.4542236328125,0.5528003578661116,0.1842184418841601,1.4857228112330825,-0.5390825146585123,-0.1063937109493608,795.2970954587357,22.747902170555847,1.0,118.0,15,0,150,149.0,BANGA
28615,Boparai (101),GURDASPUR,31.9639645,75.41655,28615,1907.8670631081343,1907.45361328125,0.5263555279233467,0.2238767981650203,1.5506384772184214,-0.5045160740381407,-0.1351060791666234,911.4683362653152,22.180698756103368,1.0,55.0,50,0,67,59.0,SRI HARGOBINDPUR
32779,Mahla Heri (332),FATEHGARH SAHIB,30.6281853,76.38406,32779,1906.637320783364,1907.452392578125,0.4965903797260987,0.1982778477240361,1.3684504750849265,-0.4876657284738094,-0.1060604158385068,844.7570622512372,22.88242235189981,1.0,181.0,50,0,36,195.0,SIRHIND
35838,Dunewala (97),BATHINDA,30.2145176,74.9442749,35838,1906.920054956005,1907.4510498046875,0.6012726206439574,0.198672300202314,1.543582339528727,-0.5685233751743763,-0.121368866089224,529.3630006720917,24.5578543014218,1.0,640.0,650,150,360,487.0,SANGAT
36812,Bosar khurd (72),PATIALA,30.34911,76.4339,36812,1908.35579039414,1907.4501953125,0.3510579016639534,0.0892200661282478,1.0638078301288558,-0.3793640854732364,-0.0134331587086112,899.4118514468568,22.83189132190313,1.0,62.0,0,0,42,69.0,SANOUR
32830,Kapurgarh (87),FATEHGARH SAHIB,30.54455,76.10719,32830,1908.2909519284328,1907.4482421875,0.495695707631955,0.1971495677530827,1.4347369223339896,-0.4820464491991706,-0.112943876984528,797.9699912478821,22.851000825335177,1.0,341.0,25,110,312,369.0,AMLOH
36109,Banawala (91),MANSA,29.90991,75.5384,36109,1906.617656850196,1907.445556640625,0.5298471732420049,0.1145564809595771,1.3353836008926747,-0.5187940796568643,-0.0574730123891685,619.5284346282757,24.448695063210764,1.0,1166.0,235,365,403,1166.0,JHUNIR
34110,Talwandi Malian (281),MOGA,30.9549541,75.2176,34110,1909.5681108832523,1907.4454345703125,0.5835305707239303,0.1778891936494006,1.73518082022834,-0.5568567051968351,-0.1219080944973387,765.7625320365327,22.862048050066,1.0,663.0,272,700,901,1664.0,KOT-ISE-KHAN
37754,Mehsampur Kalan (75),AMRITSAR,31.6756763,75.16028,37754,1906.0903263127864,1907.4449462890625,0.4601752639759675,0.1456132475925534,1.472607313623267,-0.4465565304332629,-0.0738278979966607,985.595131199588,22.42399866098981,1.0,413.0,149,149,412,444.0,TARSIKKA
30198,Rurka Khurd (221),JALANDHAR,31.0270271,75.77908,30198,1906.8541263212728,1907.4447021484375,0.5363931098206334,0.1834118543956613,1.6001440203211674,-0.5131915910541661,-0.1168158036690282,846.9261619260209,22.50267018928656,0.9171255439868704,355.0,88,88,745,355.0,PHILLAUR
35792,Jodhpur Romana (64),BATHINDA,30.549799,75.078,35792,1906.118513964634,1907.4434814453125,0.5522291729712173,0.1588885961819484,1.4898595384753617,-0.5252127079597269,-0.0921380472512656,538.6743307919234,24.483493744618,0.9993923121853868,1780.0,272,272,486,1012.0,BATHINDA
35834,Sekho (117),BATHINDA,30.2148151,74.94384,35834,1905.5941954631253,1907.44287109375,0.6060206746571333,0.1881161506040171,1.499651577884654,-0.5700277113825368,-0.112505087701606,511.4370567026693,24.639858724080785,1.0,1801.0,560,430,955,1919.0,SANGAT
37406,Pathan Nangal (284),AMRITSAR,31.7864437,74.7529144,37406,1905.1003408604809,1907.4404296875,0.4870478516970763,0.1402479930261687,1.2561762342556355,-0.4832213221006032,-0.0618961727445793,956.3934597184556,22.49043735746289,1.0,108.0,85,72,124,128.0,HARSHE CHHINA
29059,Feroz Sangowal (23),KAPURTHALA,31.3873882,75.41406,29059,1905.902017412384,1907.4400634765625,0.5800991503039736,0.2922753211581782,1.8045662179269488,-0.5301130856286741,-0.197934769963176,800.9258451869385,22.437382947828382,1.0,2.0,20,0,172,242.0,NADALA
32233,Mai Ditta (178),Shahid Bhagat Singh Nagar,31.0692825,76.00263,32233,1907.3928616302928,1907.4390869140625,0.6964892315874993,0.3229327969133552,2.0174925612345675,-0.6349199526288937,-0.249701640441341,833.0336305310624,22.58589359521818,1.0,50.0,2,0,40,76.0,AUR
36230,Dhanauri (177),PATIALA,30.072073,76.11994,36230,1908.655087352556,1907.4368896484375,0.4182778941255498,0.1324842559401341,1.0830475320712694,-0.4376497128009603,-0.0434788655352467,799.3187652388074,23.09851093264343,1.0,496.0,161,262,363,540.0,SAMANA
36543,Mehmoodpur Jattan (111),PATIALA,30.1981983,76.46744,36543,1907.678539124191,1907.43408203125,0.3766851598113203,0.1246138444039658,1.225339826908352,-0.396516379538615,-0.0445204494966166,870.3448864629166,22.86558953724557,0.9890459088080594,100.0,28,28,78,204.0,BHUNER HERI
36719,Mehmudpur Rurki (258),PATIALA,30.3423424,76.41278,36719,1907.720252604886,1907.43408203125,0.3574263598981025,0.184314603754761,0.8325348193210272,-0.4130879164108536,-0.0546666662981962,831.8383189847367,23.081396195602963,1.0,49.0,34,33,38,370.0,BHUNER HERI
32136,Bir Alarwal (24),Shahid Bhagat Singh Nagar,31.18919,76.24561,32136,1904.2365182188144,1907.43408203125,0.6432438771226008,0.2848425318358057,1.825314802922383,-0.6013077041534677,-0.2006151423015957,794.1594812085526,22.669952482494125,1.0,10.0,1,0,1,71.0,BANGA
30207,Jand (224),JALANDHAR,31.1926975,75.2050552,30207,1907.410889149953,1907.432373046875,0.6128514582458053,0.2434363757071973,1.6660884024123954,-0.5806178297586286,-0.1661672126116118,846.9261619260209,22.50267018928656,1.0,106.0,14,13,101,119.0,RURKA KALAN
36093,Narenderpura Urf Baglianwali (118),MANSA,30.2522526,75.19539,36093,1906.1580639931915,1907.43212890625,0.6639477594850975,0.3275526675849718,1.667088035548581,-0.6275537810406435,-0.2344358667219657,652.1043510899383,24.187309989776686,1.0,728.0,270,214,349,688.0,MANSA
35742,Khialiwala (159),BATHINDA,30.4324322,74.9786758,35742,1906.0795195455576,1907.431884765625,0.6569173858207347,0.3083465341079924,1.662033153406042,-0.6128023001258436,-0.2160528215703349,559.9956604649918,24.193180647724603,1.0,972.0,500,400,850,1045.0,GONIANA
30343,Sherpur (212),JALANDHAR,31.261261,75.54496,30343,1908.9672345670383,1907.4312744140625,0.5103460847600965,0.1518818215273729,1.602826739597877,-0.4880258813328023,-0.0865398798915999,866.5677848269837,22.48811818547273,0.6049144999104511,6.477,148,35,260,57.0,JALANDHAR-EAST
32907,Ajner (205),FATEHGARH SAHIB,30.8288288,76.35659,32907,1904.9973561893823,1907.42919921875,0.5766248444186861,0.2502943340118959,1.625340239118952,-0.5469682165020306,-0.1630509840367422,901.8612000157732,22.79804944424137,1.0,283.0,180,150,274,319.0,KHAMANO
37285,Rakh Othian (202),AMRITSAR,31.78622,74.75274,37285,1907.196165406904,1907.42724609375,0.5674971809521157,0.2178207186498857,1.4561433610014975,-0.5418304410952538,-0.1328765766170196,890.6723353078263,22.813989407574297,1.0,189.0,50,45,53,227.0,HARSHE CHHINA
32248,Ghataron (172),Shahid Bhagat Singh Nagar,31.18919,75.9718,32248,1904.487352577496,1907.42431640625,0.5575737221998072,0.2179456588166325,1.5625001240472067,-0.5294986616617428,-0.1360329753049841,822.4080986533198,22.697264943670003,1.0,391.0,10,0,350,440.0,BANGA
37620,Loharka Kalan (337),AMRITSAR,31.7657661,74.8519,37620,1907.374868852723,1907.4241943359375,0.4929731969953271,0.1530987629802332,1.2177226964986947,-0.4924286466473279,-0.0692983020291276,925.9876721930668,22.57269902098133,1.0,0.00494,100,100,450,685.0,VERKA
35833,Jodhpur Bagga Singh Alias Phalran (116),BATHINDA,30.0917377,74.83853,35833,1905.3812150157603,1907.423828125,0.6223599775621811,0.2065708820882372,1.5465763498072929,-0.5821461798747826,-0.12838050124917,485.9572285630738,24.7168497972404,1.0,990.0,278,278,418,817.0,SANGAT
39515,Raipur (155),SANGRUR,30.4866142,75.95732,39515,1905.353926801667,1907.421630859375,0.594941367272002,0.2639180851817226,1.5022935059090026,-0.5643726689283504,-0.1699245701389144,750.1293115593352,22.941933904907497,1.0,278.0,114,0,214,299.0,MALERKOTLA
35916,Fatah Balu (146),BATHINDA,29.9819813,75.09392,35916,1908.7421522001223,1907.420654296875,0.5470866533753413,0.0753841202563852,1.328423993996968,-0.5344981649048459,-0.0153671023363405,623.0271304666157,24.529088253967927,1.0,483.0,9,21,143,483.0,TALWANDI SABO
34975,Chak Punnawali (230),FAZILKA,30.6126118,74.25945,34975,1906.53961857602,1907.4195556640625,0.6463044280737136,0.3313052256300927,1.6211979007988422,-0.6008024050311499,-0.2344434623765401,537.5568660905259,24.30053681632836,1.0,109.0,40,39,45,372.0,JALALABAD
36013,Juglan (177),MANSA,29.8558559,75.70521,36013,1906.7442558163768,1907.416259765625,0.6177834255805709,0.3091933409799042,1.7894730693557936,-0.5772263305491552,-0.2179161756872588,658.8615420272248,24.201291426153546,1.0,277.0,125,100,176,301.0,BUDHLADA
37396,Malu Nangal (298),AMRITSAR,31.7865677,74.753006,37396,1907.8811643419856,1907.4156494140625,0.5008796769031273,0.1521451885594975,1.1956576154859435,-0.5062533136332493,-0.0665052950935978,937.7828821654646,22.55610082865521,1.0,391.0,320,150,456,428.0,HARSHE CHHINA
34936,Chak Saidoke (120),FAZILKA,30.5999031,74.25567,34936,1905.7501157407405,1907.414794921875,0.6128935847354656,0.3100535356922945,1.5730647370901425,-0.5669100225053255,-0.2098560939833381,573.1086346572645,24.119011604828835,1.0,2513.0,289,639,690,1703.0,GURU HAR SAHAI
35741,Bhokhra (160),BATHINDA,30.27027,74.93797,35741,1907.311250326008,1907.4146728515625,0.6233358519438789,0.2782939621540296,1.5842025140356637,-0.5828750218717116,-0.1875781341644101,558.9571257948701,24.19748281480258,1.0,1075.0,450,450,950,1180.0,GONIANA
33141,Utalan (124),LUDHIANA,30.7567558,76.29937,33141,1903.5854985851777,1907.4140625,0.5140636387971174,0.1693476629179436,1.4734006280877776,-0.4986177842567337,-0.0964448670085032,887.4487522056,22.71525586757884,1.0,451.0,40,40,619,502.0,SAMRALA
35416,Roranwali (122),SRI MUKTSAR SAHIB,30.594595,74.83173,35416,1906.003449837469,1907.4127197265625,0.6281233167663489,0.3110048523727423,1.5550532142271218,-0.5897464965782504,-0.2123821926547729,565.2787926604645,24.0971571018585,1.0,774.0,0,20,296,826.0,MUKTSAR
33510,Jassar (255),LUDHIANA,30.3948956,75.74166,33510,1906.869880390672,1907.4124755859375,0.4873102760604079,0.1909470719123262,1.466504781879193,-0.4919028439529583,-0.1057533402294676,822.9384216477769,22.76890863195922,1.0,257.0,635,90,230,303.0,DEHLON
36019,Sher Khanwala (146),MANSA,29.927927,75.55207,36019,1907.15882019235,1907.411865234375,0.5237959901452196,0.1506009359625821,1.405941284127119,-0.5085502551688434,-0.0768710762139304,677.0690309669903,24.282189595081466,1.0,735.0,300,250,448,804.0,BUDHLADA
30523,Ambgarh (343),JALANDHAR,31.6036034,75.6309357,30523,1910.0661334279912,1907.41064453125,0.5658915470274749,0.2004064009281789,1.8270737232674308,-0.5232331363925664,-0.1321051510727148,850.2091399195548,22.46146688180205,1.0,171.0,45,20,123,189.0,JALANDHAR - WEST
32855,Bhambrian (66),FATEHGARH SAHIB,30.2522526,76.11317,32855,1908.7464032068567,1907.4095458984375,0.4075768789572632,0.0764616718291011,1.1543599793694206,-0.4055063209216214,-0.0136230178219523,825.7323893716233,22.871801084820504,1.0,177.0,72,92,252,209.0,AMLOH
37073,Ali Majra (137),PATIALA,30.4864864,76.58844,37073,1907.1252802944816,1907.408203125,0.3549228712647945,0.0695839797600165,0.97617327199448,-0.4081291853414381,0.0081789889629432,812.9088950451334,23.136475604906963,1.0,169.0,53,53,310,170.0,Shambu Kalan
37324,Mattia (212),AMRITSAR,31.7533817,74.78467,37324,1907.7154889677204,1907.4073486328125,0.5366421549247722,0.199814043362278,1.341068780859742,-0.5169602481870016,-0.1133266328074911,915.9001421156848,22.66562825793432,1.0,329.0,425,0,188,139.0,HARSHE CHHINA
30340,Nangal Salempur (208),JALANDHAR,31.261261,75.54496,30340,1908.701551267503,1907.4066162109375,0.4769412768183298,0.1389032195391117,1.4215752512667938,-0.4719692283835754,-0.0674696826359997,866.5677848269837,22.48811818547273,1.0,6.477,130,30,265,106.0,JALANDHAR-EAST
35681,Pirkot (451),BATHINDA,30.2522526,75.23711,35681,1908.2327264890384,1907.4061279296875,0.6784618277554586,0.3181599582102146,1.7139377022275564,-0.6259629123968677,-0.2311463504849557,624.642526473603,24.17487168449108,1.0,815.2,108,101,309,862.0,RAMPURA
32226,Baloni (209),Shahid Bhagat Singh Nagar,31.0693645,76.00272,32226,1909.51984567882,1907.4058837890625,0.6218010265475071,0.2567292930373053,1.7902533940169227,-0.5829477494545876,-0.1813037979774059,833.0336305310624,22.58589359521818,1.0,44.0,11,11,18,50.0,AUR
36017,Todarpur (160),MANSA,29.927927,75.55207,36017,1906.8314093873912,1907.4049072265625,0.5271479230223386,0.19397327978968,1.4720351469173003,-0.516827569667433,-0.1165478633894691,675.757760088672,24.27341660039025,1.0,304.0,41,50,82,343.0,BUDHLADA
32861,Khanyan (23),FATEHGARH SAHIB,30.6126118,76.2274246,32861,1908.1639441549908,1907.399658203125,0.4532892306290506,0.1715567370506633,1.3350040243726429,-0.4530831405590482,-0.0860505294825011,825.7323893716233,22.871801084820504,0.967022445352797,485.0,203,219,522,432.0,AMLOH
36471,Dakaunda (319),PATIALA,30.3423424,76.41278,36471,1906.411772234601,1907.3985595703125,0.5336204312168317,0.2398201296707383,1.3796759470246491,-0.524442990386511,-0.1379445102350411,815.9566017796891,22.94605681146857,1.0,391.0,8,61,350,424.0,NABHA
33164,Lalauri (167),LUDHIANA,30.7567558,76.29937,33164,1907.036036781434,1907.39794921875,0.4593285790982032,0.1172263694446079,1.390435053324939,-0.4504737051068577,-0.0538041057299792,885.8081944180555,22.71509729425518,1.0,755.0,40,40,457,813.0,SAMRALA
33159,Bagla (165),LUDHIANA,30.7567558,76.29937,33159,1907.7494035766904,1907.3946533203125,0.4507204363601968,0.1143978311329471,1.3301669296686691,-0.4445072305132412,-0.0481676486219685,887.4487522056,22.71525586757884,1.0,60.0,0,0,20,67.0,SAMRALA
37397,Jagdev Kalan (297),AMRITSAR,31.78641,74.75283,37397,1906.068557639156,1907.3916015625,0.5163099036120765,0.1639397459408073,1.256009490356946,-0.5159024656402809,-0.0801503371801415,953.999266505436,22.500170131069307,1.0,1017.0,505,280,890,1134.0,HARSHE CHHINA
35311,Gaggar (4),SRI MUKTSAR SAHIB,30.4324322,74.39356,35311,1908.91590775252,1907.3900146484375,0.6136858995855774,0.2684369017364841,1.3600814776545938,-0.5911557745486067,-0.1688904047438711,469.2805877315666,24.74221185481657,1.0,728.0,395,395,501,717.0,LAMBI
32125,Sal Khurd (49),Shahid Bhagat Singh Nagar,31.18919,75.99287,32125,1903.3316516512764,1907.389404296875,0.649705910923543,0.3165869727878423,1.7992972257039928,-0.6133431520450912,-0.2270746506301835,795.2970954587357,22.747902170555847,1.0,54.0,6,0,90,61.0,BANGA
37061,Gandan (83),PATIALA,30.4864864,76.58844,37061,1906.8644842460103,1907.3846435546875,0.367543709000025,0.0648343145925719,1.1945269112781884,-0.4058901729232701,0.0006165413019581,810.803491186097,23.01588220349066,1.0,93.0,0,30,89,126.0,Shambu Kalan
36958,Kheri Gandean (94),PATIALA,30.48079,76.5909042,36958,1908.6458365772708,1907.384033203125,0.3180748949669145,0.0722724234992406,0.8798092850948805,-0.3709892753270817,0.0117452153494344,857.8668119182778,22.975084482159264,1.0,387.0,95,118,355,457.0,Shambu Kalan
35683,Sooch (3),BATHINDA,30.27027,75.23005,35683,1906.541250477239,1907.383544921875,0.6657371666305051,0.2724895798281687,1.6775878747455135,-0.6119879614134583,-0.1926760588593782,623.0845339342663,24.16486799718951,1.0,600.0,200,180,341,617.0,RAMPURA
37515,Ram Diwali Hinduan (237),AMRITSAR,31.7657661,74.93667,37515,1906.79070074303,1907.383056640625,0.373672869769542,0.0687881756406974,1.2155591048042929,-0.3613869163657173,-0.0095111494686224,976.5399800199484,22.35519943631242,1.0,188.0,156,0,270,219.0,MAJITHA
39243,Bhagwanpur (233),PATIALA,30.64865,76.38148,39243,1904.024004904448,1907.3818359375,0.3393350661614662,0.0665100848484239,1.1453274406765868,-0.385205186325897,0.0051659977657495,776.6454461028474,22.8950439547636,0.8896470738383488,129.0,0,0,21,135.0,RAJPURA
37078,Rajgarh (147),PATIALA,30.4864864,76.58844,37078,1906.567565714499,1907.3812255859375,0.3535589794242139,0.0772173484834796,1.0984852037306103,-0.3952308202695473,-0.0027560782348374,825.9812089612382,23.1960268126378,1.0,283.0,0,132,312,365.0,Shambu Kalan
36874,Gobindgarh Dhakli Jand Mangholi (377),PATIALA,30.3963966,76.41325,36874,1904.819882406096,1907.380126953125,0.284764092372966,0.0915707820332138,0.7213344482619874,-0.3645512535498591,0.0084223021326488,825.9812089612382,23.1960268126378,1.0,2.47,0,0,1,199.0,GHANAUR
35403,Charewan (105),SRI MUKTSAR SAHIB,30.594595,74.83173,35403,1905.073647468032,1907.380126953125,0.5936466127965914,0.2786720699581212,1.5677719477569256,-0.562999725153142,-0.184963642540828,550.7757755925553,24.21716196586232,1.0,2200.0,225,225,345,648.0,MUKTSAR
33183,Ramgarh (216),LUDHIANA,30.63063,76.0741,33183,1907.81294768869,1907.3798828125,0.4951242162000888,0.1967730957355455,1.344917770509694,-0.4935990576361008,-0.1064533277167447,901.8612000157732,22.79804944424137,1.0,2.47,0,0,265,189.0,KHANNA
36971,Gopalpur (63),PATIALA,30.4864864,76.58844,36971,1907.5014933205416,1907.3787841796875,0.3651763668660889,0.1160571638638101,1.0928601793813737,-0.3880716609635483,-0.0315776330737676,857.0867756397355,22.88338693389963,1.0,385.0,120,120,405,419.0,Shambu Kalan
32754,Nalina Kalan (326),FATEHGARH SAHIB,30.6126118,76.37398,32754,1905.361303054016,1907.3775634765625,0.554684560864308,0.2472561579052231,1.5089704790056515,-0.5279888193348387,-0.1512779042178568,844.8589387347596,22.88174218067712,1.0,2.47,75,0,230,294.0,SIRHIND
37316,Bagga (316),AMRITSAR,31.75337,74.7847061,37316,1908.202601889457,1907.3773193359375,0.5530425034420707,0.2115158823581396,1.381447387992969,-0.5288034010256125,-0.1235805463055296,901.2842566140991,22.843856320050755,1.0,2.0,35,80,649,1017.0,HARSHE CHHINA
37287,Saurian (162),AMRITSAR,31.7117119,74.6176147,37287,1910.1941275091087,1907.377197265625,0.5603964041307828,0.2141691972355858,1.4601359950546855,-0.5308051927856436,-0.1290156396874821,891.6420536519752,22.817533860239067,1.0,298.0,78,85,154,365.0,CHOGAWAN
28613,Johal (97),GURDASPUR,31.6936932,75.47134,28613,1907.7376988327424,1907.376220703125,0.5727924662387757,0.2542492794653274,1.692463821433992,-0.5379121721018391,-0.1666784514289565,911.4877463424332,22.180687231631968,1.0,80.0,30,30,35,99.0,SRI HARGOBINDPUR
35993,Udat Saidewala (132),MANSA,29.927927,75.55207,35993,1906.4677687913968,1907.3746337890625,0.5878012025692528,0.2270581827304226,1.486169634212491,-0.5695864576386938,-0.1390297951085473,683.6498769929307,24.32621842862972,1.0,512.0,222,0,358,557.0,BUDHLADA
36502,Farm Bahadurgarh (113/1),PATIALA,30.3321056,76.42196,36502,1908.0495161381689,1907.37451171875,0.4790646524533925,0.1813166865317795,1.3484497761133152,-0.48549806478836,-0.0916039171805082,870.3448864629166,22.86558953724557,0.5559291079245938,205.0,30,30,115,205.0,SANOUR
35848,Bagha (119),BATHINDA,29.9819813,75.09392,35848,1905.606007145759,1907.373291015625,0.6089246006143002,0.2116068718146533,1.558824717149308,-0.5690277451336672,-0.1332515724111417,520.1677204291694,24.612505856206475,0.982180115223326,1062.0,442,489,636,1153.0,TALWANDI SABO
32165,Chak Mai Dass (19),Shahid Bhagat Singh Nagar,31.18919,75.9718,32165,1907.259838709056,1907.367431640625,0.584494830017569,0.2287734527694308,1.6822051750569305,-0.5495540736327076,-0.1516761661521656,794.1594812085526,22.669952482494125,1.0,104.0,98,65,165,125.0,BANGA
32822,Breehman (85),FATEHGARH SAHIB,30.5045052,76.2471161,32822,1907.202574800937,1907.3668212890625,0.5105767114554953,0.1914793965562469,1.458152148137214,-0.4962964874140378,-0.1094166469159832,777.3377725847932,22.89927350137004,1.0,128.0,25,45,55,137.0,AMLOH
36730,Devinagar Hira Singhwala (265),PATIALA,29.8558559,76.1830444,36730,1906.1962408498084,1907.3665771484375,0.3784385481851393,0.1894792329073157,0.97356043487248,-0.4193928044163919,-0.0667327388192272,831.8383189847367,23.081396195602963,1.0,183.0,75,73,84,198.0,BHUNER HERI
35012,Kirianwala (220),FAZILKA,30.6126118,74.25945,35012,1907.0619302881432,1907.3662109375,0.5989053676051299,0.2842817323014853,1.4555117498072168,-0.5673104982168461,-0.1846444334922976,537.3122089096357,24.30115669351017,1.0,548.0,12,165,233,600.0,JALALABAD
35293,Khudian Gulab Singh (28),SRI MUKTSAR SAHIB,30.1981983,74.48695,35293,1908.93289129564,1907.36328125,0.6204838050227104,0.2997208534845117,1.5007949770230544,-0.5772814311777504,-0.200802396676524,457.09412558557096,24.777096446589148,1.0,866.0,170,170,478,1022.0,LAMBI
33509,Tibba (249),LUDHIANA,30.3948956,75.74166,33509,1906.4629178562527,1907.361328125,0.4318588320688653,0.1459170385560113,1.3967867316704754,-0.4421471045343581,-0.0675529504271604,823.1690088883963,22.76807367684674,1.0,277.0,131,48,358,346.0,DEHLON
30175,Dosanjh Kalan (198),JALANDHAR,31.0270271,75.77908,30175,1907.3458534689184,1907.359375,0.5877351615607068,0.2334660503894176,1.7191850765434376,-0.5541874846557889,-0.1584955304272179,791.4643816485353,22.62006036779657,1.0,503.0,250,250,902,503.0,PHILLAUR
39859,Chowbas (22),SANGRUR,30.2626553,75.85576,39859,1905.190422611884,1907.3592529296875,0.6806337857645589,0.3442472773980795,1.8620376316619407,-0.6249605015754987,-0.2606144573579358,658.4846133526312,23.87307993499802,0.9952997940776368,2.47,0,0,797,1226.0,SUNAM
35862,Leleana (36),BATHINDA,29.9819813,75.07312,35862,1906.782493567631,1907.359130859375,0.6292160986828188,0.2451229838505653,1.5686996917166025,-0.5925525886903822,-0.1621748027319719,539.0234380937497,24.552218789820984,1.0,1129.0,256,356,688,1131.0,TALWANDI SABO
35282,Kingra (163),SRI MUKTSAR SAHIB,30.18018,74.49417,35282,1903.8477877779007,1907.359130859375,0.5831471099046726,0.2562077235552699,1.32335942370202,-0.5600444514191446,-0.1552754712942151,472.1114876532233,24.62845062402551,1.0,553.0,103,105,303,598.0,MALOUT
28518,Gilbob (15),GURDASPUR,31.6936932,75.47134,28518,1910.19611101784,1907.3541259765625,0.5510709522716332,0.1748975744301227,1.6939224468058267,-0.5234005164949345,-0.1088708317145854,899.495119135608,22.26800492968988,1.0,145.0,55,0,89,209.0,SRI HARGOBINDPUR
35451,Chak Gandha Singhwala (100),SRI MUKTSAR SAHIB,30.4684677,74.5256,35451,1909.2156751592552,1907.35400390625,0.6042778769348618,0.2933885263469218,1.6604936085841344,-0.5609434259267129,-0.2010181744825592,551.4257938196059,24.21128222246274,1.0,500.0,99,110,410,473.0,MUKTSAR
37435,Bhangwan (326),AMRITSAR,31.7657661,74.93667,37435,1905.4410349962584,1907.353759765625,0.4437231756194328,0.0987069134158653,1.0744094149754984,-0.4586085155050344,-0.021215093927577,975.2768510581816,22.39527967188917,1.0,415.0,351,357,397,609.0,MAJITHA
30186,Matfallu (211),JALANDHAR,31.0270271,75.77908,30186,1907.1395082302247,1907.35205078125,0.6117739153281381,0.2461298098638309,1.7126440401981853,-0.577309712755745,-0.1682359934962243,838.1305382002088,22.473060328641427,1.0,157.0,48,48,164,157.0,PHILLAUR
37599,Basarke (358) (part),AMRITSAR,31.54955,74.67793,37599,1909.8855811091687,1907.3515625,0.4507402757393057,0.0993820177431674,1.157075158968472,-0.4505986234024357,-0.0279945827011657,897.8450241496461,22.815218621373333,0.9606307953888134,567.0,20,20,146,546.0,ATTARI
37411,Jhander (288),AMRITSAR,31.78641,74.75283,37411,1905.0081786801984,1907.3514404296875,0.5013639560651232,0.1556019755858252,1.2260631775025976,-0.5008250517111348,-0.071818760511073,956.3934597184556,22.49043735746289,1.0,425.0,185,185,421,472.0,HARSHE CHHINA
33353,Dugri (220),LUDHIANA,30.738739,76.01257,33353,1906.275378803456,1907.349365234375,0.4267619836626674,0.1497186911881708,1.5553125577813318,-0.4217692392255905,-0.0777262471833564,838.5429424064002,22.7124047493246,1.0,294.0,3,0,204,346.0,DORAHA
32879,Baraunga Buland (32),FATEHGARH SAHIB,30.2342339,76.12006,32879,1907.714478944393,1907.3487548828125,0.3960309172824454,0.1038991376551458,1.1545743036269325,-0.4070201241630546,-0.0290533474998834,859.5636877229111,22.88169449138212,1.0,140.0,10,10,140,152.0,AMLOH
39174,Raipur Khurd (2),S.A.S Nagar,30.7567558,76.63484,39174,1906.561737834821,1907.3486328125,0.4260962606179109,0.0969082288245784,1.204824784790118,-0.4396340247005016,-0.0257799659021301,814.3875989129441,22.74644426539641,0.8028350342784895,90.0,22,25,97,186.0,KHARAR
32867,Khumna (12),FATEHGARH SAHIB,30.594595,76.1923141,32867,1906.6695829412408,1907.3387451171875,0.4556187305611158,0.1427162860888761,1.4582446713091022,-0.4461671541748678,-0.072010378864085,826.7302991387785,22.86780670274634,1.0,283.4,122,122,359,172.0,AMLOH
29064,Sarupwal (9),KAPURTHALA,31.477478,75.40206,29064,1905.6396434125388,1907.33154296875,0.5409285435257171,0.2483098060829889,1.669148620231259,-0.5091739314198469,-0.1574146208463389,800.9258451869385,22.437382947828382,1.0,76.0,85,38,98,84.0,NADALA
34875,Hadiwala (184),FIROZEPUR,30.7027035,74.41252,34875,1908.401348300504,1907.3277587890625,0.6013043586867993,0.2872278629698229,1.5479178887925864,-0.5667137112738263,-0.1897944648080561,565.2787926604645,24.0971571018585,1.0,562.0,80,0,50,582.0,GURU HAR SAHAI
36092,Chakerian (117),MANSA,30.0,75.39883,36092,1907.79182157886,1907.3233642578125,0.6173213744543194,0.290937419885689,1.5536121567793848,-0.5887233634842707,-0.1962681772837984,648.4388319242927,24.208569032458424,1.0,689.0,400,400,534,763.0,MANSA
33317,Hans (326),LUDHIANA,30.3603611,75.8630447,33317,1904.86007040504,1907.3212890625,0.6380239421592019,0.3306190503627536,2.1911508879502617,-0.5933381989664713,-0.2482571541072251,798.1422933747666,22.84587891937236,1.0,479.0,129,110,244,169.0,Maloud
35901,Ram Tirath Jaga (32),BATHINDA,29.9819813,75.09392,35901,1909.046946133908,1907.3203125,0.6269154561600678,0.2115422179608577,1.487200664661063,-0.5975424121857396,-0.1337711750667732,589.5025669248215,24.474129091065723,1.0,1588.0,125,456,601,2986.0,TALWANDI SABO
39368,Barauli (27),S.A.S Nagar,30.5765762,76.8478546,39368,1903.036021927244,1907.3194580078125,0.4134870484127736,0.0995391633078236,1.345201773011081,-0.4294894589877732,-0.0315487669863838,796.313727181186,22.73863612910958,1.0,377.0,286,286,350,932.0,DERA BASSI
39534,Jhundan (172),SANGRUR,30.522522,75.88475,39534,1905.5075862237736,1907.3187255859375,0.526541683058229,0.2386649968551307,1.2950695423200846,-0.5217239730047856,-0.1381628385384586,742.3286381175416,22.955177382900672,1.0,240.0,72,313,513,263.0,MALERKOTLA
39499,Rurki Khurd (134),SANGRUR,30.54054,75.89883,39499,1906.037780699619,1907.318359375,0.6285754486090269,0.3007402939610444,1.6384055231671806,-0.5772592431951918,-0.2117527763355868,790.522975933026,22.8644120570455,1.0,190.0,100,100,180,224.0,MALERKOTLA
39860,Dhaliwalbas (24),SANGRUR,30.2646484,75.8513947,39860,1904.570106006542,1907.3173828125,0.6868325867716173,0.3547591824266033,1.8619172521231109,-0.6320755747306137,-0.2672569116747025,659.8170044829743,23.84867151199916,0.91754958747899,2.47,0,0,389,645.0,SUNAM
36940,Naugawan (128),PATIALA,30.4864864,76.58844,36940,1906.9796601058715,1907.317138671875,0.3436911864447014,0.0972545776840246,0.9661790713208744,-0.4015997511898557,-0.008502446075718,846.7479788958699,23.0623842871733,1.0,193.0,100,100,167,229.0,Shambu Kalan
29605,Dhandoli (50),KAPURTHALA,31.31083,75.60498,29605,1903.986018547653,1907.3150634765625,0.611096931470543,0.2507961319609438,1.7908859910630095,-0.5676431230615107,-0.1702284430277919,746.0230234076874,22.86978814647381,1.0,102.0,13,0,43,64.0,PHAGWARA
35488,Sukhanwala (64),FARIDKOT,30.54054,74.85281,35488,1907.204580008527,1907.3133544921875,0.6039286055504207,0.273932322934227,1.74730974997111,-0.5696524369188235,-0.1868461101596435,563.9032708711084,24.05284505009512,1.0,1352.0,114,135,636,1577.0,FARIDKOT
35168,Danewala Satkosi (124),FAZILKA,30.1621628,74.1888046,35168,1906.0466760428465,1907.3123779296875,0.5555544370904767,0.1340059107005752,1.4006249856446606,-0.5309471625208524,-0.0674915345843461,429.2081448858279,24.72698997950456,0.976466681830458,1542.0,482,495,883,1674.0,KHUIAN SARWAR
36744,Roshanpur (269),PATIALA,30.1981983,76.50913,36744,1907.8089525885807,1907.3121337890625,0.3241068759948374,0.1543590287783389,0.7876225827830121,-0.3858535500016333,-0.0322468918359991,858.3963903596299,23.03561249906716,1.0,602.0,80,82,165,692.0,BHUNER HERI
37065,Gazdinagar (254),PATIALA,30.4864864,76.58844,37065,1906.1114286109328,1907.311767578125,0.3244376395761722,0.0324311025638188,0.8564766130375059,-0.3894700985736045,0.038076787950875,788.8995203187363,23.02710038097979,1.0,415.0,84,84,137,270.0,Shambu Kalan
32170,Talwandi Jattan (60),Shahid Bhagat Singh Nagar,31.1508369,76.07553,32170,1907.084567770514,1907.3095703125,0.6040102371683711,0.2454313122097525,1.7326632018025547,-0.5644573657769956,-0.1663890781279681,794.1594812085526,22.669952482494125,1.0,162.0,80,55,200,192.0,BANGA
32142,Soondh (28),Shahid Bhagat Singh Nagar,31.18919,75.9718,32142,1905.407931535876,1907.3072509765625,0.6252776524750979,0.2739091745628869,1.7525897586702082,-0.5884289977758492,-0.1894241615120818,793.8691654186815,22.67169107846152,1.0,150.0,110,110,260,288.0,BANGA
36503,Daun Kalan (93),PATIALA,30.3603611,76.40597,36503,1907.5918676748408,1907.3055419921875,0.4927480449453303,0.2105357018137314,1.296651045587568,-0.5028557906561781,-0.1095851172171582,868.0534595134222,22.86956288733064,0.9923772066669369,796.0,607,435,664,888.0,SANOUR
37276,Gujjarpura (121),AMRITSAR,31.6175823,74.87588,37276,1906.6568453318969,1907.3050537109375,0.5187466218759053,0.1877088714338915,1.2344976706195294,-0.510259729126347,-0.0968370562253428,953.765833657016,22.6391379412903,1.0,48.0,25,25,60,568.0,AJNALA
35143,Nihal Khera (130),FAZILKA,30.1981983,74.17425,35143,1907.1873221864007,1907.304443359375,0.6233554560410516,0.1899724081043347,1.6230877630343687,-0.5719277230125651,-0.123913834267689,435.99019510387336,24.74766438629352,1.0,2185.0,582,852,1010,1425.0,KHUIAN SARWAR
29951,Miranpur (32),JALANDHAR,31.1351357,75.3811646,29951,1914.804848667592,1907.302978515625,0.5192117969770065,0.1723375166083938,1.4837329093547458,-0.5068475034838248,-0.0990715401792864,834.8475488831895,22.65798149232063,1.0,119.0,10,10,153,165.0,NAKODAR
37249,Tera Rajputan (115),AMRITSAR,31.8378372,74.78305,37249,1907.044420615904,1907.3028564453125,0.4556778558248929,0.124515871223499,1.0799851875776432,-0.4648838381888851,-0.0404330169463236,925.5680842318,22.7389586620506,1.0,99.0,15,15,40,410.0,AJNALA
37119,Langarpur (61),AMRITSAR,31.8378372,74.76184,37119,1905.447892714539,1907.3018798828125,0.5765596710353852,0.2158367972293567,1.449300642659243,-0.5483897746150332,-0.1316446741550033,1025.677873897254,22.452098109135683,1.0,31.0,0,10,31,68.0,AJNALA
30460,Hailar (394),JALANDHAR,31.36937,75.35739,30460,1911.4084447144933,1907.3004150390625,0.4530482347804465,0.0820101402129223,1.301428466246635,-0.4651344730379742,-0.0206827201338506,928.7443551232712,22.4461244842264,0.9471181414627188,2.5,10,5,1000,240.0,JALANDHAR - WEST
32889,Jasran (2) (Part),FATEHGARH SAHIB,30.2342339,76.12006,32889,1905.125368388888,1907.298583984375,0.2551243345332504,0.0204219683726646,0.9448738801424956,-0.2815991852838052,0.029026877360612,900.2358561162748,22.80126362776469,0.1516843953276671,201.0,120,220,432,383.0,AMLOH
29594,Dhak Chair (33),KAPURTHALA,31.3240128,75.53773,29594,1903.892493551429,1907.2965087890625,0.6158391149015697,0.2733003339232079,1.7359779714539814,-0.582552248034782,-0.1848776607375891,758.6326393296616,22.882709852809228,1.0,2.0,0,0,11,92.0,PHAGWARA
36260,Karim Nagar Alias Chicharwala (198),PATIALA,29.9639645,76.037,36260,1906.3839549017127,1907.2957763671875,0.4031600721110853,0.1809037148625681,1.1109000781488116,-0.428827643060841,-0.0753720449613558,641.5874454190629,23.810420307097274,1.0,214.574,65,250,620,592.0,PATRAN
36943,Khalaspur (132),PATIALA,30.3963966,76.6639252,36943,1906.6468791269724,1907.294921875,0.3229250971916788,0.0899646436494201,0.9052425507000098,-0.3822132830845792,-0.0013180721474909,825.9812089612382,23.1960268126378,1.0,40.0,100,32,120,178.0,GHANAUR
36696,Ram Nagar (274),PATIALA,0.0,0.0,36696,1905.207658158452,1907.2945556640625,0.416876456352869,0.1355364154383121,1.0227623717740997,-0.455052806265995,-0.0381242097833636,904.4869187285798,22.935428991022263,1.0,1.0,0,100,552,124.0,BHUNER HERI
36388,Gurditpura (147),PATIALA,30.4684677,75.98893,36388,1906.417788053608,1907.294189453125,0.586517635138432,0.2660259660952876,1.5035649843142431,-0.5577274153047261,-0.1706324003017141,747.3911602601192,22.98906989594676,1.0,693.0,2,65,420,745.0,NABHA
35285,Dabwali Pahurianwali (48),SRI MUKTSAR SAHIB,30.1981983,74.48695,35285,1908.195862650619,1907.2939453125,0.5844105388462174,0.2192322284652427,1.3556361416517908,-0.5616301313986585,-0.1298323060304248,449.1698270845828,24.771156693897947,1.0,1295.0,442,447,634,1312.0,LAMBI
35288,Tapa Khera (33),SRI MUKTSAR SAHIB,30.4684677,74.50469,35288,1906.605031533455,1907.29345703125,0.5822556949357858,0.2705427980444168,1.377725700812071,-0.5544760974362615,-0.1681842605956068,450.04227679381336,24.76874861010075,1.0,1133.0,312,312,850,1200.0,LAMBI
30228,Dhinpur (31),JALANDHAR,31.1594276,75.20926,30228,1908.408755549744,1907.2900390625,0.6108081062445462,0.2393882022912516,1.698435506659546,-0.5757792056536628,-0.1617984299081369,818.1459524911814,22.68852330851039,1.0,68.0,6,4,100,75.0,RURKA KALAN
32306,Jalwaha (232),Shahid Bhagat Singh Nagar,31.0090084,76.14316,32306,1906.9493787510337,1907.289794921875,0.509404929297793,0.1851722046227561,1.3848772138638117,-0.5071255192708769,-0.0986946387887078,851.0235640218156,22.741619939577788,1.0,286.0,72,72,190,306.0,NAWANSHAHR
35375,Bhangchari (58),SRI MUKTSAR SAHIB,30.594595,74.45496,35375,1906.5290011373856,1907.288818359375,0.6158371424700423,0.2985362035284685,1.459391086756049,-0.5808324017925733,-0.1962949277084367,515.4592693062287,24.39889425121321,0.9680862940678432,1200.0,438,789,852,1287.0,MALOUT
36102,Uddat Bhagat Ram (110),MANSA,29.927927,75.53128,36102,1907.2170262234536,1907.2860107421875,0.5822503759774696,0.2027144088031411,1.4585662067778018,-0.5595720822754342,-0.1194872431350464,657.5457843949692,24.386946081902124,1.0,784.0,410,402,443,775.0,JHUNIR
32254,Garcha (175),Shahid Bhagat Singh Nagar,31.0630627,75.9970856,32254,1904.508194237792,1907.2860107421875,0.6152252061250408,0.2693919856319501,1.711271201488544,-0.5825013020267577,-0.1898460672124734,833.0336305310624,22.58589359521818,1.0,484.0,184,183,466,520.0,AUR
35952,Nahran (200),MANSA,29.6936932,75.23012,35952,1906.742381642523,1907.2852783203125,0.6069357351299095,0.1760582824649184,1.4958347943778116,-0.56503427985952,-0.1005855737505516,651.6716632749258,24.69955395432197,1.0,3610.0,256,350,421,788.0,SARDULGARH
29673,Thakar Ki (99),KAPURTHALA,31.2072067,75.77561,29673,1910.822262986044,1907.2843017578125,0.5736554819499166,0.1943212610076274,1.6764107995647186,-0.5405456090755988,-0.1256735519059253,776.0950724915367,22.621430382789576,1.0,166.0,65,0,154,115.0,PHAGWARA
37591,Kotli Mian Khan (359),AMRITSAR,31.54955,74.67793,37591,1909.170273115436,1907.2816162109375,0.4768725691680168,0.1072080170106149,1.3392231932994647,-0.453246322065747,-0.0440804254476581,897.8450241496461,22.815218621373333,1.0,359.0,23,15,34,78.0,ATTARI
33171,Seh (171),LUDHIANA,30.7567558,76.29937,33171,1905.582256879987,1907.2794189453125,0.4701092077733714,0.1224771668340321,1.3526954244769644,-0.4636238972359418,-0.0556600272852517,887.4487522056,22.71525586757884,1.0,100.0,60,40,450,565.0,SAMRALA
36034,Sanghreri (163),MANSA,29.927927,75.55207,36034,1908.3585572578072,1907.279296875,0.5576485407802431,0.2281567804370845,1.547812697811121,-0.5324496930878869,-0.1400939253746042,658.6051387789549,24.19973085264237,1.0,312.0,120,120,204,340.0,BUDHLADA
32639,Kheri (37),FATEHGARH SAHIB,30.63063,76.38819,32639,1906.570046574152,1907.27880859375,0.4836057676479717,0.2057738591101565,1.4401621108494769,-0.48124413799762,-0.1132315771477891,859.5636877229111,22.88169449138212,1.0,171.0,69,60,160,182.0,SIRHIND
36067,Biroke Kalan (38),MANSA,29.927927,75.55207,36067,1906.82500075686,1907.2784423828125,0.6710169887497582,0.3353273998247752,1.7403440982492058,-0.621767359082601,-0.2472286002921819,653.8201513697999,24.059252199364263,1.0,64.0,150,605,845,1581.0,BUDHLADA
36240,Gulzarpur Alias Tharwa (206),PATIALA,29.9639645,76.037,36240,1907.31730310008,1907.276611328125,0.3744300938332901,0.1274197883095887,1.067115561952277,-0.3981563680201804,-0.0390047232606082,645.2483874341115,23.80622792579865,1.0,303.643,150,125,455,534.0,PATRAN
35358,Doda (75),SRI MUKTSAR SAHIB,30.216217,74.6674042,35358,1906.311319327175,1907.2762451171875,0.6238663951759026,0.2821995755490475,1.5933382411360746,-0.5763076048972342,-0.1920796212737386,530.2887904514894,24.376761480937635,0.9688067776262208,4372.0,35,1523,2602,4346.0,GIDDERBAHA
32780,Chanon (331),FATEHGARH SAHIB,30.62793,76.38409,32780,1904.883609995927,1907.275634765625,0.5163374396162317,0.2121184637118071,1.4567229265097912,-0.5001718528637518,-0.1214473765421378,844.8589387347596,22.88174218067712,1.0,2.47,50,25,190,248.0,SIRHIND
35316,Maan (2),SRI MUKTSAR SAHIB,30.1981983,74.48695,35316,1909.2657039029427,1907.275146484375,0.5970270718067303,0.262761898336172,1.2978949862088334,-0.5894382342637778,-0.1586718368920305,473.3919365805926,24.69806795876629,1.0,1710.0,210,450,715,1393.0,LAMBI
39481,Badechaa (126),SANGRUR,0.0,0.0,39481,1906.7249098151804,1907.2730712890625,0.6350440004207298,0.3016525816769894,1.5288346767130363,-0.5981921289433102,-0.2060307923161533,777.9617514973405,22.86999210993118,1.0,200.0,66,66,172,224.0,MALERKOTLA
29048,Mandi Road (31),KAPURTHALA,31.5160732,75.22186,29048,1906.7602883226373,1907.2708740234375,0.5064901233807236,0.2055374235763696,1.5880633755545988,-0.4861807631939724,-0.1238179816673211,800.9258451869385,22.437382947828382,1.0,148.0,30,34,84,163.0,NADALA
33009,Sainsowal Kalan (36),LUDHIANA,30.81081,76.34226,33009,1905.602689135302,1907.270263671875,0.5026214785706732,0.1962132224561644,1.33618005167907,-0.5080644722872024,-0.1029869282431039,851.0235640218156,22.741619939577788,1.0,176.0,65,90,180,303.0,MACHHIWARA
35788,Baho Sibian Patti Dharam Singh (1),BATHINDA,30.5497284,75.0779953,35788,1907.394247780372,1907.269775390625,0.5814794789113485,0.262680748167141,1.3516348544794474,-0.5570206331225521,-0.1578592439118386,519.0756990688939,24.52952586559856,1.0,364.0,148,145,228,183.0,BATHINDA
30265,Nangal Fateh Khan (181),JALANDHAR,31.27928,75.6226349,30265,1905.050202472176,1907.266357421875,0.5559209723765947,0.2194130141718543,1.8137134195801108,-0.5175884584873781,-0.1424699023133657,800.5396123747055,22.58226737294139,1.0,6.4,60,60,186,231.0,JALANDHAR-EAST
37723,Jharu Nangal (80),AMRITSAR,31.6396389,75.17347,37723,1907.6170479428367,1907.265625,0.4650373191703025,0.1514793783383688,1.4742029456271666,-0.4562702965859769,-0.0767186951878867,985.595131199588,22.42399866098981,1.0,164.0,60,60,137,176.0,TARSIKKA
37914,Kaler (80),Tarn Taran,31.477478,74.91614,37914,1909.420775533168,1907.2650146484375,0.5228257103353027,0.179966173082585,1.4244169894998264,-0.5032100608501776,-0.0978261112813214,896.61962715887,22.56292476641289,1.0,109.0,0,113,179,127.0,TARN TARAN-12
37610,Mallowal (412),AMRITSAR,31.5315323,74.68466,37610,1907.2744604721224,1907.263916015625,0.3505277081378386,0.0266126528913268,1.0642310509707686,-0.3593705819894597,0.0266231770617177,969.8854777028458,22.378567518482896,1.0,225.0,136,111,201,122.0,ATTARI
35166,Khuian Sarwar (107),FAZILKA,30.12898,74.1552658,35166,1906.77030926868,1907.262451171875,0.5201678765061984,0.1103023165217519,1.3073260015615942,-0.5034315417749197,-0.0435653215068695,418.8938267513989,24.827626653379983,1.0,1886.0,865,823,1305,1606.0,KHUIAN SARWAR
35679,Khokhar (1),BATHINDA,30.27027,75.23005,35679,1906.9184641137967,1907.26123046875,0.6289700861527403,0.2572340976711331,1.518336757134919,-0.5986126305967967,-0.1721325987600343,614.9858179500001,24.108032591316544,1.0,1102.0,305,295,720,1172.0,RAMPURA
37371,Kaulowal (332),AMRITSAR,31.7159538,74.61439,37371,1912.6822694253767,1907.260498046875,0.5060830841926973,0.1905786361395001,1.2906971085527352,-0.5072817214976821,-0.0988344312989555,909.500014781746,22.88693939536352,1.0,392.0,120,150,260,432.0,CHOGAWAN
35735,Burj Kahan Singhwala (206),BATHINDA,30.3963966,75.13901,35735,1905.7851013051693,1907.25830078125,0.4375709740061409,0.1128590383437147,1.2022907016108997,-0.43541408696503,-0.0489382285872343,578.9724233558076,24.27328179097219,0.8538962305084432,0.318,240,240,550,437.0,NATHANA
33522,Khatra Chaharmi (324),LUDHIANA,30.3948956,75.74166,33522,1905.1808212570456,1907.2569580078125,0.607074837508784,0.2959578411471793,2.177331997761408,-0.5606821126966337,-0.2170019512746823,798.1422933747666,22.84587891937236,1.0,530.0,120,60,522,635.0,DEHLON
29679,Dhak Chachoke (104),KAPURTHALA,31.2954826,75.65036,29679,1910.856506465996,1907.2567138671875,0.3500381280798949,0.0315227562613913,1.0484632207488445,-0.3691136804807795,0.0203466340635012,789.2529609610932,22.57912219385276,0.2499565384864485,2.0,0,0,936,57.0,PHAGWARA
32747,Badhochhi Kalan (303),FATEHGARH SAHIB,30.7027035,76.2985,32747,1905.7929963637,1907.256103515625,0.5604878125848227,0.2704667989204202,1.514855333385683,-0.5346398299403814,-0.1697322624504596,867.7260647474109,22.86227850220936,1.0,247.0,350,51,560,922.0,SIRHIND
30500,Talwandi Bhilan (347),JALANDHAR,31.6036034,75.6309357,30500,1909.2597639138248,1907.25341796875,0.5595757288698351,0.2061321918540571,1.789419210146717,-0.5239066626906979,-0.1349309771677288,805.4736348798173,22.43289419592901,1.0,180.0,50,30,148,237.0,JALANDHAR - WEST
32881,Salani (66),FATEHGARH SAHIB,30.5045052,76.2471161,32881,1907.070115531525,1907.2518310546875,0.418620440361892,0.1138211979179811,1.312408168403316,-0.414604808813119,-0.0487248430794161,848.8745016242274,22.8762548922432,0.9840955356236464,288.0,160,192,415,320.0,AMLOH
37384,Dalam (307),AMRITSAR,31.78641,74.75283,37384,1909.6782854121875,1907.2454833984375,0.4876904260977251,0.1399321106788756,1.1940520730504334,-0.4851298820339352,-0.0605820881865881,916.499489825,22.66210357915856,1.0,50.0,15,15,40,224.0,HARSHE CHHINA
36279,Bhagwanpur Alias Sadharanpur (192),PATIALA,29.9639645,76.037,36279,1905.379782731765,1907.245361328125,0.390934792542952,0.1715735230373676,1.05166674733923,-0.4274118526427003,-0.0639792850000535,663.9759865129342,23.59442736358046,1.0,2.47,60,65,70,833.0,PATRAN
36119,Gehle (78),MANSA,30.0,75.39883,36119,1905.8577165758368,1907.243408203125,0.547162053807653,0.1920796653104747,1.3480418885755208,-0.5401289484625028,-0.1099379916748898,646.5219012345251,24.29134602902103,1.0,461.0,375,295,358,523.0,MANSA
30212,Surja (34),JALANDHAR,31.1171169,75.72464,30212,1907.3307411757323,1907.2431640625,0.598854616196452,0.2290840748802626,1.7177982682459247,-0.5694577698386554,-0.1525978054115366,836.4401833163997,22.64605165276196,1.0,124.0,50,50,142,124.0,RURKA KALAN
36112,Dhingar (134),MANSA,29.927927,75.53128,36112,1908.540886347316,1907.2408447265625,0.6342613053658737,0.2230988506833868,1.5105287762584143,-0.5998379514243523,-0.1438403047427993,606.7771421401385,24.4044279526903,1.0,1016.59,477,642,715,1017.0,JHUNIR
33576,Sarih (270),LUDHIANA,30.3603611,75.7377548,33576,1907.3235603859912,1907.2401123046875,0.513776200741417,0.2084229184541319,1.5640718053607834,-0.5078085774205977,-0.1261275060883577,822.9384216477769,22.76890863195922,1.0,318.0,285,173,503,382.0,LUDHIANA-1
32090,Amargarh (119),Shahid Bhagat Singh Nagar,31.1171169,76.12452,32090,1905.242199288719,1907.239013671875,0.550905426543465,0.2178129020270091,1.4867136311904663,-0.5360636971126856,-0.1316395800879382,821.4693481256726,22.70710444284288,1.0,216.4,55,40,1000,194.0,NAWANSHAHR
30321,Nizamudinpur (110),JALANDHAR,31.4234238,75.59083,30321,1908.6414398984373,1907.238525390625,0.5366127792852429,0.179894378205915,1.6390460968925062,-0.5105927848399442,-0.1103243623624155,805.4736348798173,22.43289419592901,1.0,113.2,18,10,155,130.0,JALANDHAR - WEST
33292,Kishanpur (416),LUDHIANA,30.3783779,75.85614,33292,1907.371373149526,1907.2384033203125,0.585146458516314,0.2675373780239982,1.349977440518953,-0.5733311528971392,-0.1635597333340438,767.3219742608185,22.904329283850217,1.0,218.0,301,114,236,246.0,Maloud
35412,Chak Attari Saddarwala (128),SRI MUKTSAR SAHIB,30.4684677,74.5256,35412,1906.0885640413155,1907.23681640625,0.6418971644819901,0.3155206923649932,1.6544313974310043,-0.6086409125572915,-0.2193188572982832,551.1992346341822,24.21430965780374,1.0,880.0,120,120,200,418.0,MUKTSAR
35915,Kalalwala (145),BATHINDA,29.9819813,75.07312,35915,1905.8669418827528,1907.23388671875,0.5750097336952881,0.1632118958344021,1.3801289764182896,-0.5579634049709771,-0.0873330105130026,589.1106987117792,24.594700060030604,1.0,865.0,328,399,416,998.0,TALWANDI SABO
39188,Chilla (3),S.A.S Nagar,30.6846848,76.70329,39188,1907.0585955212136,1907.232666015625,0.3851745371159397,0.0500231580715936,1.2399933817533413,-0.3918184260598375,-0.0039988058719329,814.3875989129441,22.74644426539641,0.0,160.0,60,60,170,172.0,KHARAR
33131,Rampur Jhamloti (126),LUDHIANA,30.7567558,76.29937,33131,1903.083541431376,1907.23193359375,0.546783770169725,0.2069107019516194,1.5492128302827626,-0.5253141036313506,-0.1267398666319801,887.4487522056,22.71525586757884,1.0,44.0,0,0,5,53.0,SAMRALA
37521,Miran Chak (173),AMRITSAR,31.6576576,74.9763641,37521,1908.778760305632,1907.231689453125,0.3881787410734983,0.064400298976279,1.1255542152941334,-0.3914329558344655,-0.0039370816917791,1009.7558498083956,22.23855792991472,1.0,105.0,54,54,87,119.0,TARSIKKA
37479,Dialpur (295),AMRITSAR,31.7657661,74.93667,37479,1905.9200010132288,1907.23095703125,0.4222576765349989,0.0911925656378802,1.273843133324802,-0.4116789824851216,-0.0259535759759389,992.6939676791158,22.29433930313084,1.0,131.0,27,27,99,150.0,MAJITHA
32182,Mukandpur (192),Shahid Bhagat Singh Nagar,31.0990982,75.9627762,32182,1906.4355543364657,1907.2274169921875,0.6078915286850622,0.2506993182307674,1.7411304275073984,-0.5728186270380344,-0.1754219002781132,844.2388067866589,22.46530073610028,0.976494747621548,100.0,52,100,806,573.0,AUR
36242,Matauli (208),PATIALA,29.8558559,76.1830444,36242,1906.0845868867552,1907.227294921875,0.3431843161740286,0.1036866502455673,0.9766839390226344,-0.3745252337214286,-0.0184176631869071,639.8482479196581,23.84922161674725,0.96573140423741,750.0,70,70,350,691.0,PATRAN
37323,Isapur (211),AMRITSAR,31.7534122,74.7847,37323,1906.0732518466864,1907.224853515625,0.546829747176258,0.1950426381004506,1.3877210775845574,-0.5236592728238183,-0.1107521259762236,890.8880553047698,22.81272078890269,1.0,225.0,56,0,225,241.0,HARSHE CHHINA
39484,Moranwali (195),SANGRUR,30.4333344,76.03567,39484,1905.5964692505,1907.224365234375,0.6410325965088879,0.3192476487486644,1.571381882431941,-0.6050807095101073,-0.2199063519651826,777.9621127059357,22.86999094422293,1.0,438.0,125,0,326,470.0,MALERKOTLA
29641,Bohani (4),KAPURTHALA,31.2248821,75.76635,29641,1903.6078833676108,1907.2235107421875,0.5961712348179433,0.2371292141629088,1.828466230914816,-0.5569766765655816,-0.1609025381095192,814.4297393968003,22.591733580938524,1.0,850.0,143,0,272,536.0,PHAGWARA
39483,Chhokran (127),SANGRUR,30.5156841,75.90477,39483,1906.671200760155,1907.22265625,0.637074169027165,0.308535104912065,1.5666305581187996,-0.5980503439006982,-0.2116598166810365,777.9621127059357,22.86999094422293,1.0,300.0,175,0,255,318.0,MALERKOTLA
35300,Fatta Khera (16),SRI MUKTSAR SAHIB,30.4324322,74.39356,35300,1903.171359679136,1907.2213134765625,0.5680433773897162,0.2658894525164452,1.2010222108833657,-0.5574518004290829,-0.1551128467655016,425.85788683244135,24.960441395486097,1.0,831.0,432,432,695,1071.0,LAMBI
35802,Katar Singhwala (62),BATHINDA,30.2214737,74.93845,35802,1904.747844518156,1907.22119140625,0.564651315831169,0.1829871315283206,1.563833132133506,-0.5315391881229302,-0.1087033054885491,557.6111052598803,24.405138128537715,1.0,397.0,0,220,381,564.0,BATHINDA
29586,Bir Khurampur (15),KAPURTHALA,31.2072067,75.77561,29586,1902.6645447984715,1907.220458984375,0.5736136922670941,0.2474675321611944,1.514343319777221,-0.5542858721649175,-0.1519776889496847,746.0230234076874,22.86978814647381,1.0,4.0,0,0,15,59.0,PHAGWARA
33190,Bhadla Uncha (212),LUDHIANA,30.63063,76.0741,33190,1905.3130612924017,1907.2166748046875,0.4745325732499388,0.1593452145235559,1.3534667804649525,-0.469346809470532,-0.0783505463939209,901.8612000157732,22.79804944424137,0.981092249595771,2.47,0,0,250,207.0,KHANNA
30173,Lehal (196),JALANDHAR,31.0270271,75.77908,30173,1906.555780917506,1907.2135009765625,0.6536700952871041,0.2739540209943355,1.8837546999435848,-0.5989786612622409,-0.1991292923096675,794.1594812085526,22.669952482494125,1.0,144.0,54,54,233,144.0,PHILLAUR
30201,Chachrari (240),JALANDHAR,31.1171169,75.72464,30201,1906.0064382667208,1907.2135009765625,0.6359996192697062,0.275855029565235,2.021828539523342,-0.5797470618848976,-0.2064161484978787,789.2529609610932,22.57912219385276,1.0,150.0,25,50,200,172.0,RURKA KALAN
32129,Bulakipur (26),Shahid Bhagat Singh Nagar,31.0990982,76.06799,32129,1904.076587549113,1907.2130126953125,0.6332479125652354,0.3025411401114093,1.7954590326697404,-0.5957437413640396,-0.2147157549815347,794.1594812085526,22.669952482494125,1.0,70.0,10,35,90,157.0,NAWANSHAHR
30380,Shahpur (258),JALANDHAR,31.5855846,75.6586151,30380,1912.321940803732,1907.2105712890625,0.5186582699220031,0.1582299729663223,1.5942972875589647,-0.4966792319493635,-0.0915477135240507,842.5791057755845,22.591726153523496,1.0,140.0,0,0,20,87.0,ADAMPUR
35329,Ghagga (21),SRI MUKTSAR SAHIB,30.27027,74.62504,35329,1905.7031836302456,1907.2099609375,0.5828049736758577,0.2643461215590663,1.3261338737378552,-0.5548340804441062,-0.1605392030498002,475.70004453763823,24.61009589633327,1.0,1096.0,85,80,165,1284.0,GIDDERBAHA
33107,Balion (90),LUDHIANA,30.9009018,76.18303,33107,1905.4871806002488,1907.209228515625,0.5407822391944849,0.1776695616390702,1.5713510968416846,-0.5156987744932339,-0.1067743214688587,878.8688950449341,22.80456863462016,1.0,436.0,15,0,248,470.0,MACHHIWARA
37358,Teri (230),AMRITSAR,31.6576576,74.828186,37358,1907.772800880805,1907.2059326171875,0.5417998312569106,0.1992914937161296,1.3563947007036214,-0.5232423293216367,-0.1132918745299707,916.499489825,22.66210357915856,1.0,90.0,165,168,215,386.0,AJNALA
33105,Harion Khurd (92),LUDHIANA,30.81081,76.34226,33105,1904.192088658451,1907.205322265625,0.5397031533324225,0.1921337029046785,1.5808251085105742,-0.514545808789638,-0.1178806124540415,877.4470695217577,22.819369250684545,1.0,177.0,5,0,161,200.0,MACHHIWARA
29659,Naurangpur (93),KAPURTHALA,31.3873882,75.39295,29659,1908.986914970188,1907.2039794921875,0.6089953657232956,0.2369736872097488,2.0107278711391547,-0.5596594607375441,-0.1697674317536169,774.5449784209626,22.62641459229758,1.0,165.0,70,0,108,88.0,PHAGWARA
34973,Chak Singhewala (229),FAZILKA,30.6126118,74.25945,34973,1906.7324374698528,1907.2030029296875,0.632422401460531,0.3227660492593868,1.5962811802135444,-0.5868309088942109,-0.2268420366062995,537.5568660905259,24.30053681632836,1.0,250.0,105,102,176,358.0,JALALABAD
35854,Gatwali (127),BATHINDA,29.9819813,75.07312,35854,1907.113438548282,1907.20166015625,0.6343851504464196,0.1566527287784765,1.745947501557022,-0.5766826166888414,-0.1009201396208395,543.5181817906488,24.613525487594885,1.0,628.0,225,215,397,701.0,TALWANDI SABO
36245,Jogewala (166),PATIALA,29.9639645,76.037,36245,1906.2610648708232,1907.2000732421875,0.4164980855271045,0.1827577373807182,1.0819976105574822,-0.4318712878055654,-0.0792761461536804,638.948117524504,23.86196097176218,0.939869085834398,486.0,70,120,280,443.0,PATRAN
32312,Pallian Khurd (225),Shahid Bhagat Singh Nagar,31.0990982,76.06799,32312,1906.9829568448788,1907.1998291015625,0.5250347955581265,0.1876896719174838,1.4495355872719295,-0.5154317166863449,-0.1062425102432428,822.0372802179886,22.69602920099193,1.0,81.78,14,45,250,197.0,NAWANSHAHR
35684,Dikh (2),BATHINDA,30.27027,75.23005,35684,1905.4535658807547,1907.19384765625,0.6298686076400687,0.247517795518587,1.5711275546801051,-0.5930866802723,-0.1659812025339188,618.5693806294641,24.153029451602016,1.0,1687.2,473,473,703,1752.0,RAMPURA
29653,Khangura (76),KAPURTHALA,31.2956028,75.5717,29653,1907.9465499909336,1907.192626953125,0.5586684438643587,0.1939591431998684,1.727032213231185,-0.5289649148821973,-0.1254713071289605,760.6278971514687,22.80526963713729,1.0,216.0,56,4,181,151.0,PHAGWARA
36120,Ram Dittawala (77),MANSA,30.0,75.39883,36120,1906.335742200348,1907.1920166015625,0.5616028162017443,0.1786496553789232,1.4693905314642954,-0.5475052060313195,-0.1043382910595921,647.9423008257994,24.253944091241745,1.0,570.0,280,274,391,625.0,MANSA
29655,Dhak Narang Shah Pur (91),KAPURTHALA,31.315115,75.5908661,29655,1909.6613476003645,1907.191650390625,0.5658137221435583,0.2043585197726516,1.7023831237305886,-0.5352104091930637,-0.1346065938599403,779.7105054726183,22.609805233207343,0.4994390622296119,2.0,0,0,121,32.0,PHAGWARA
30224,Sunar Khurd (30),JALANDHAR,31.3153152,75.609375,30224,1908.5605945960533,1907.1905517578125,0.5764326398352083,0.2282520823050339,1.5147639974223033,-0.5527268956671355,-0.1479712281359539,774.5449784209626,22.62641459229758,1.0,146.0,61,58,271,170.0,RURKA KALAN
35148,Bakainwala (125),FAZILKA,30.1621628,74.1888046,35148,1906.4378528563363,1907.1904296875,0.513783760308019,0.1045833379720337,1.2967469014752009,-0.502987893720565,-0.0395634549425065,428.4330100549293,24.72475491580284,1.0,1274.0,232,30,722,1361.0,KHUIAN SARWAR
36101,Kot Dharmu (111),MANSA,29.8018017,75.33205,36101,1905.736449255874,1907.1898193359375,0.57172559118342,0.2026563040865089,1.4918513396630215,-0.5490354003971464,-0.1217603064471059,663.157197441415,24.338156869724525,0.9998707163898058,1044.0,285,682,762,1149.0,JHUNIR
33193,Boothgarh (214),LUDHIANA,30.63063,76.09503,33193,1906.5537672128028,1907.1876220703125,0.5145749167741211,0.2022027009248207,1.480066697179265,-0.4991204488082297,-0.1175123342209972,901.8612000157732,22.79804944424137,1.0,2.47,0,0,254,369.0,KHANNA
29021,Sidhwan Bet (129),KAPURTHALA,31.6013947,75.44652,29021,1906.8145719934123,1907.18701171875,0.5541221760356246,0.2545367928747837,1.683240367912589,-0.5275604841861407,-0.1614411383738775,800.9258451869385,22.437382947828382,1.0,220.0,20,20,110,251.0,NADALA
32908,Mutton (196),FATEHGARH SAHIB,30.666666,76.2490845,32908,1903.302813617756,1907.185546875,0.5560985752281737,0.2316289923210185,1.4947055383037473,-0.5315515341160645,-0.1409465791650707,901.8612000157732,22.79804944424137,1.0,141.0,5,10,123,127.0,KHAMANO
36115,Karamgarh Urf Autanwali (83),MANSA,30.2522526,75.19539,36115,1905.4320780251264,1907.1844482421875,0.6147449706593261,0.2299279699561355,1.4477779175006824,-0.5908105239925572,-0.1443234219567296,647.6739042065616,24.328140128858664,1.0,705.0,170,170,207,762.0,MANSA
29612,Dhak Pandori (39),KAPURTHALA,31.29546,75.57155,29612,1905.2678587546525,1907.183349609375,0.5638337779355211,0.2166779772635622,1.5690139737893256,-0.5399901746071397,-0.1370061843323155,785.6299059007619,22.60479885945808,1.0,703.0,251,8,442,383.0,PHAGWARA
36047,Kulana (227),MANSA,29.927927,75.57286,36047,1905.9219492143905,1907.1817626953125,0.5707443410922912,0.2330585749499673,1.466821433521838,-0.5486310883192805,-0.142192300999232,657.3387848163413,24.19629469585595,1.0,816.0,325,312,512,1040.0,BUDHLADA
32840,Tangrala (174),FATEHGARH SAHIB,30.5765762,76.0944443,32840,1906.4148519129064,1907.1751708984375,0.5570212387563269,0.2056278774761435,1.5499977293124336,-0.5297475838693793,-0.1277093726536662,805.5746881237991,22.85669844798397,1.0,232.0,60,64,140,250.0,AMLOH
35342,Surewala (87),SRI MUKTSAR SAHIB,30.3423424,74.7008,35342,1907.0931225932563,1907.1751708984375,0.607979686270714,0.2888772673282704,1.5545003571523333,-0.5724940150629791,-0.1939110134464338,527.2009635755412,24.30885947287854,1.0,912.0,12,465,769,1030.0,GIDDERBAHA
29050,Mand Hussainpur (33),KAPURTHALA,31.6016369,75.44676,29050,1904.7909042764345,1907.1739501953125,0.5560189384141696,0.2452004068528923,1.9237156637776087,-0.510932193779173,-0.1639347477076529,800.9258451869385,22.437382947828382,1.0,12.0,5,5,5,18.0,NADALA
35410,Chak Lambi Dhab (110),SRI MUKTSAR SAHIB,30.4684677,74.5256,35410,1905.3428119963896,1907.1737060546875,0.620135303066377,0.3103049105716099,1.562311851442215,-0.5941921957133777,-0.2080649970385464,553.922418594653,24.198024925436723,0.9585173746816008,303.0,0,0,6,325.0,MUKTSAR
35345,Khirkianwala (73),SRI MUKTSAR SAHIB,30.3936844,74.66802,35345,1906.649042834153,1907.173583984375,0.6031587445082948,0.2962706150272315,1.4331196174615335,-0.5721258230946953,-0.1963686665483658,536.6180218517933,24.331794273970743,1.0,647.0,345,345,545,663.0,GIDDERBAHA
32978,Nanowal (99),FATEHGARH SAHIB,30.7747746,76.39754,32978,1902.2370265459067,1907.1729736328125,0.5466505706829295,0.2198496525752672,1.459191198069144,-0.5264216801146935,-0.1329681776880474,909.5663916227114,22.88048461364008,1.0,161.0,350,280,400,360.0,KHAMANO
39502,Chandu Raian (136),SANGRUR,30.54054,75.89883,39502,1907.508409771196,1907.1724853515625,0.5912689665807824,0.2553414616633376,1.44455495935372,-0.5601577781868344,-0.1622982626749317,752.3377347340125,22.931249340379107,1.0,94.0,20,15,37,100.0,MALERKOTLA
37440,Gosal Afgana (317),AMRITSAR,31.7477474,74.96446,37440,1908.4422459138948,1907.1722412109375,0.4777604562487462,0.1397071734487342,1.3236568935795696,-0.4679167833655669,-0.065587503948938,1002.4769100358384,22.25821241457089,1.0,96.0,4,4,16,111.0,MAJITHA
36710,Bhasmara (226),PATIALA,30.1981983,76.46744,36710,1907.1527169086428,1907.1712646484375,0.346958531904472,0.1349014375801066,0.8002562360236735,-0.4063658720340204,-0.0208486402499628,840.5968775869271,23.06379830218357,1.0,1125.0,0,55,137,321.0,BHUNER HERI
33277,Rabon Nichi (412),LUDHIANA,30.3783779,75.85614,33277,1905.4401054833256,1907.1708984375,0.620544833386185,0.2881138145785961,1.5360959593705774,-0.5885381582121711,-0.193269295882841,777.9621127059357,22.86999094422293,0.8685167322835858,255.0,185,51,188,283.0,Maloud
36652,Churason (194),PATIALA,30.1441441,76.3005,36652,1908.426405950964,1907.1689453125,0.4165364137407102,0.1434924342487681,0.9872748794310204,-0.4547995911159641,-0.0431869191196068,830.3569518124358,23.10461682217147,1.0,118.0,32,30,92,680.0,SANOUR
35876,Maur Charat Singh (15),BATHINDA,30.072073,75.2246552,35876,1908.1604395660613,1907.1685791015625,0.6172679383113742,0.2466410121314351,1.485540707881324,-0.5892605796549198,-0.162585314629567,593.9693723638687,24.280393748818604,0.9870096524229816,872.0,180,280,532,908.0,MAUR
37533,Gunowal (134),AMRITSAR,31.6216221,74.8838348,37533,1910.1976230393736,1907.16748046875,0.4617830493380243,0.1232029570559354,1.392474081793272,-0.4492187023733938,-0.0560024525136624,961.0784301647342,22.478497543290526,1.0,159.0,0,30,223,183.0,JANDIALA GURU
33256,Ram Nagar (185),LUDHIANA,30.738739,76.01257,33256,1905.9246309450373,1907.167236328125,0.5948043923386781,0.2375519719196222,1.6208259257124005,-0.5657495294156619,-0.1560497202595682,797.9699912478821,22.851000825335177,0.897795427613282,100.0,5,0,15,159.0,DORAHA
36741,Lehla Jagir (254),PATIALA,30.1621628,76.5228348,36741,1905.559991121158,1907.16162109375,0.3150574035870866,0.1738546033783807,0.7564673060036925,-0.3754536591071868,-0.0433297199424242,831.8383189847367,23.081396195602963,1.0,148.0,25,23,45,150.0,BHUNER HERI
36401,Todarwal (106),PATIALA,30.45045,75.974884,36401,1906.1203790382897,1907.1614990234375,0.6062776678441946,0.2825468386670139,1.6021937950054754,-0.5690545913510684,-0.188081539765376,760.4251894166367,22.92419452819485,1.0,261.0,25,109,215,285.0,NABHA
33156,Bagli Khurd (161),LUDHIANA,30.8288288,76.18873,33156,1908.6925408339168,1907.1612548828125,0.4830308317216477,0.1460290058616098,1.4308337757507097,-0.4766706846565721,-0.0733597766422421,865.4165056908989,22.654859817885924,1.0,50.0,40,60,147,221.0,SAMRALA
35453,Jhabelwali (104),SRI MUKTSAR SAHIB,30.4684677,74.5256,35453,1906.7440249619867,1907.16064453125,0.5704609092915341,0.2685129626465259,1.532356451533104,-0.5381078364647953,-0.1733567240973528,550.7757755925553,24.21716196586232,0.9639670557640356,2200.0,300,300,550,908.0,MUKTSAR
33416,Salempur (33),LUDHIANA,30.72072,75.6211,33416,1912.107235733027,1907.1602783203125,0.5118989791576091,0.137937716696067,1.4474081416617075,-0.5031645593111364,-0.0692844096802485,847.5728901183571,22.68801580727292,0.9703710094398438,2.0,22,10,133,182.0,LUDHIANA-2
35452,Sunian (92),SRI MUKTSAR SAHIB,30.4684677,74.5256,35452,1908.5054653619047,1907.158203125,0.6545631515685223,0.3194331753498699,1.8107219079384589,-0.604536225711875,-0.2302683966268607,550.7757755925553,24.21716196586232,1.0,1.0,0,0,7,213.0,MUKTSAR
32289,Kanaun (269),Shahid Bhagat Singh Nagar,31.0270271,76.1996155,32289,1908.486636178683,1907.1573486328125,0.372504266376208,0.1493024482493226,0.9895487816099564,-0.384580542223663,-0.0489668504435469,840.4909315516846,22.737270569515545,0.808283668720326,125.0,60,65,127,217.0,NAWANSHAHR
34976,Singhewala (231),FAZILKA,30.6126118,74.25945,34976,1906.8996924171613,1907.1573486328125,0.65586908994348,0.3479087565147559,1.6381882519394355,-0.6018609234042545,-0.2514901578892705,537.5568660905259,24.30053681632836,1.0,82.0,20,22,32,399.0,JALALABAD
30498,Chakrala (346),JALANDHAR,31.6036034,75.6309357,30498,1909.8573222211744,1907.15576171875,0.5697688580012413,0.2056444655648397,1.844183898443264,-0.5288219401211772,-0.1362934764536577,805.4736348798173,22.43289419592901,1.0,245.0,55,55,152,249.0,JALANDHAR - WEST
33150,Rupalon (146),LUDHIANA,30.7567558,76.29937,33150,1906.6237587729645,1907.1556396484375,0.5161370628460791,0.2059774088817894,1.585816371773881,-0.4974932881536993,-0.1231711545038549,860.8907404353516,22.642453532259594,1.0,590.0,30,40,326,671.0,SAMRALA
29622,Hajipur (62),KAPURTHALA,31.29546,75.57155,29622,1908.205407960489,1907.1552734375,0.4905490413155701,0.1218855917423099,1.4544671885827187,-0.4793496788699542,-0.0602767423133818,769.615281687299,22.711160431159023,0.9999143245118914,2.0,0,0,189,170.0,PHAGWARA
36720,Sadhpur Viran (259),PATIALA,30.1621628,76.5228348,36720,1908.2742038795548,1907.15380859375,0.3496977593954317,0.1674190510844387,0.8551135308990655,-0.3982364360270237,-0.0457849511012132,831.8383189847367,23.081396195602963,1.0,106.0,0,0,15,122.0,BHUNER HERI
28560,Khajala (40),GURDASPUR,31.81982,75.36219,28560,1906.9774421403545,1907.151611328125,0.5811783368277402,0.2633369638173259,1.7693609372675678,-0.5397177505041686,-0.1762344265369669,986.3354334804244,22.11571041429104,1.0,185.0,120,168,168,650.0,QADIAN
35396,Bhullar (74),SRI MUKTSAR SAHIB,30.4684677,74.5256,35396,1904.4910478573863,1907.151123046875,0.6270175942127371,0.3149169225656417,1.582971891819234,-0.5755137127860185,-0.2183487624903074,530.6976827790635,24.379729994928823,0.9750763044332852,500.0,65,0,75,1594.0,MUKTSAR
36691,Behru (235),PATIALA,30.3063068,76.28033,36691,1905.7271246454268,1907.1500244140625,0.3693877405823505,0.1223280966416123,0.9206431136890434,-0.4232973626446258,-0.0230140748139198,904.4869187285798,22.935428991022263,1.0,375.0,118,120,287,413.0,BHUNER HERI
29665,Sunran Rajputan (109),KAPURTHALA,31.3873882,75.39295,29665,1910.048137982448,1907.14697265625,0.6173151705063659,0.2457801919964073,1.903207213441361,-0.5709142283762115,-0.173796825055012,774.5449784209626,22.62641459229758,1.0,268.0,86,0,181,155.0,PHAGWARA
36111,Behniwal (92),MANSA,29.927927,75.55207,36111,1907.6723482542493,1907.14697265625,0.6324074122318659,0.2079122964198579,1.5258185701471874,-0.5981671943678997,-0.1338484916050618,621.2499680926697,24.454671501458165,1.0,1153.0,470,470,724,1253.0,JHUNIR
28816,Khokhar (331),GURDASPUR,31.8738747,74.96081,28816,1907.3135792836697,1907.1468505859375,0.524940561971136,0.1779683101134222,1.3610726074112591,-0.5061019385055491,-0.097429594805612,1039.6224948575396,22.301412025466675,1.0,70.0,57,0,150,293.0,BATALA
33603,Jhanda (293),LUDHIANA,30.9009018,75.80505,33603,1908.1999535050925,1907.1455078125,0.4928073226213074,0.1098156990682247,1.5964363746461865,-0.4782688719502951,-0.0542295636324094,839.1158971002,22.783892110549857,0.8773719276496053,208.0,50,0,412,388.0,LUDHIANA-1
37391,Ranewali (302),AMRITSAR,31.6756763,74.8427048,37391,1908.0892937046533,1907.145263671875,0.5187474587214972,0.1675930124544301,1.241491664825485,-0.5155949147465595,-0.0822533849220749,913.9314228906256,22.66871165818323,1.0,222.41,140,140,200,278.0,HARSHE CHHINA
32133,Baharwal (77),Shahid Bhagat Singh Nagar,31.18919,75.99287,32133,1905.1969051744504,1907.1422119140625,0.597326119435366,0.2326023206554225,1.6999962504487034,-0.5658737613830295,-0.1559001838092535,795.2970954587357,22.747902170555847,1.0,124.0,25,67,315,254.0,BANGA
30202,Paddi Khalsa (241),JALANDHAR,31.1543427,75.23314,30202,1906.29368746384,1907.1395263671875,0.6650139109514994,0.3077574653100761,2.079959797874693,-0.6041413612637621,-0.2344864726567292,789.2529609610932,22.57912219385276,1.0,174.0,27,33,453,197.0,RURKA KALAN
37608,Mahanian Koharan (249),AMRITSAR,31.6936932,74.96311,37608,1908.0884402644344,1907.13916015625,0.3402339365915557,0.0252189404839841,0.9775007180863988,-0.3630125582922884,0.0330535669902794,969.8854777028458,22.378567518482896,1.0,0.03,100,80,340,278.0,VERKA
39178,Kambali (225),S.A.S Nagar,30.72072,76.71098,39178,1907.987018849988,1907.1387939453125,0.328287842750691,0.0232076948329051,1.0112147489556251,-0.3541031987305986,0.0281748336284704,789.1039632054686,22.76129239872977,0.340694480030582,36.0,70,70,225,139.0,KHARAR
37829,Dera Baba Jaimal Singh (428),AMRITSAR,31.54955,75.22766,37829,1916.729464797641,1907.1387939453125,0.4977644003027944,0.1714296523290135,1.4556986967268264,-0.4903553275783322,-0.0915062672687236,925.6303770491492,22.408401358135546,0.9112696224756138,11.0,40,10,145,166.0,RAYYA
35404,Ude Karan (66),SRI MUKTSAR SAHIB,30.4684677,74.5465,35404,1905.2361078474848,1907.1365966796875,0.5797743751717235,0.2475904305613485,1.538552190145314,-0.5493284046534291,-0.1604600128843584,551.2563484040554,24.21570515014523,0.939678991342341,1300.0,0,0,900,1393.0,MUKTSAR
28534,Mathola (31),GURDASPUR,31.6936932,75.47134,28534,1907.19125561652,1907.135986328125,0.5500180177659701,0.2336319871284068,1.645413607439118,-0.5225013355147429,-0.1477262820260155,924.6255543035963,22.20127465750605,1.0,50.0,50,0,425,371.0,SRI HARGOBINDPUR
37075,Naushera (138),PATIALA,30.4864864,76.58844,37075,1906.9330021055089,1907.1337890625,0.3416927604009944,0.0700689422505412,0.9239447314779377,-0.4022313429912123,0.0134809038222779,825.9812089612382,23.1960268126378,1.0,156.0,126,126,175,172.0,Shambu Kalan
29581,Tanda Bhagana (20),KAPURTHALA,31.3873882,75.39295,29581,1902.712436310288,1907.130126953125,0.5908682872742356,0.2489830359620191,1.704146795878976,-0.5568021435992423,-0.1645487615225614,746.4729229150647,22.85568651418568,1.0,165.0,21,21,29,165.0,PHAGWARA
37291,Kamirpur (195),AMRITSAR,31.6936932,74.85723,37291,1909.898199023004,1907.128662109375,0.5815051335954301,0.2445655051787547,1.4972590190155357,-0.5481437833940721,-0.1554024896365726,904.1482898404496,22.86324585740084,1.0,247.0,48,30,51,68.0,CHOGAWAN
32726,Buchran (152),FATEHGARH SAHIB,30.63063,76.38819,32726,1901.298584814536,1907.1275634765625,0.5360105581712359,0.2314270511864755,1.68641153718932,-0.5167005475994577,-0.1404200441715669,889.2575589567537,22.85155531069157,1.0,219.0,70,80,180,253.0,SIRHIND
29623,Bhullarai (65),KAPURTHALA,31.29546,75.57155,29623,1907.4432959479504,1907.1270751953125,0.5578112974246774,0.2084199928079911,1.591028285227937,-0.5418196050784406,-0.1262393815617375,758.7583363296563,22.78415948097393,1.0,432.0,350,0,883,287.0,PHAGWARA
32817,Rajgarh Chhanna (73),FATEHGARH SAHIB,30.5045052,76.2471161,32817,1908.317087734314,1907.126953125,0.4776661580280129,0.141457948598224,1.3546034488060656,-0.4601078945194014,-0.0701440353751157,825.7323893716233,22.871801084820504,1.0,122.0,56,50,135,131.0,AMLOH
35360,Chak Giljewala (32),SRI MUKTSAR SAHIB,30.216217,74.6674042,35360,1907.81860223858,1907.1248779296875,0.6148522267530775,0.274921057406641,1.4444640713386985,-0.5792899988039095,-0.1819248329995816,526.084320654561,24.40537070393509,1.0,323.0,20,110,292,259.0,GIDDERBAHA
37472,Saprai Wind (311),AMRITSAR,31.7657661,74.95786,37472,1907.1362005682795,1907.1234130859375,0.4358211275273749,0.0903504833529214,1.1931122667483096,-0.4335416869471796,-0.021684112065993,1002.4769100358384,22.25821241457089,1.0,144.0,12,12,28,174.0,MAJITHA
32886,Mugal Majra (62) (Part),FATEHGARH SAHIB,30.6126118,76.20649,32886,1904.7245688675507,1907.122314453125,0.2703607718416464,0.0255843596191159,0.9228670528787314,-0.292996723265098,0.0262781852071885,901.8612000157732,22.79804944424137,0.0,80.0,35,42,205,141.0,AMLOH
29979,Akbarpur Kalan (292),JALANDHAR,30.8288288,75.6851349,29979,1912.1923586894848,1907.1219482421875,0.5390687402402983,0.1986104322083734,1.580608077038091,-0.5164026953392312,-0.1213460752897793,779.5787545850175,22.745722600675435,1.0,105.0,138,131,193,267.0,MEHATPUR
36531,Falauli (27) (Part),PATIALA,30.34911,76.4339,36531,1911.036342635094,1907.121826171875,0.4368171917851112,0.1106563102709792,1.2294174578250532,-0.4484243696073214,-0.0391885984962843,839.4444547317179,22.91917109831666,0.3174574984417099,144.0,0,97,324,226.0,SANOUR
32188,Khanpur (73),Shahid Bhagat Singh Nagar,31.1545467,75.98555,32188,1905.253750719436,1907.119873046875,0.5942369754895053,0.227573113480643,1.6682738016778345,-0.5675241465391725,-0.1514726014681201,794.1594812085526,22.669952482494125,1.0,2.4,20,0,240,206.0,BANGA
36032,Satike (141),MANSA,29.927927,75.55207,36032,1906.913307986443,1907.1190185546875,0.5766226506554258,0.1986442728959954,1.5965854121856806,-0.5432957790192199,-0.1217779749507958,657.1467461993592,24.19437299224586,1.0,452.0,100,0,254,491.0,BUDHLADA
32729,Bivi Pur (148),FATEHGARH SAHIB,30.63063,76.38819,32729,1901.923419108566,1907.1138916015625,0.505931049737628,0.2119035617709245,1.4485017912700828,-0.4893235074614807,-0.1224173554887328,888.7562545945542,22.84437835799872,1.0,2.47,80,0,120,156.0,SIRHIND
35413,Fattanwala (127),SRI MUKTSAR SAHIB,30.4684677,74.5256,35413,1906.977245827324,1907.11328125,0.6545843666843879,0.3364566212761457,1.714683288883972,-0.606990432445024,-0.2422990626672042,551.0243698297953,24.18627421903047,1.0,1000.0,350,28,500,1059.0,MUKTSAR
37279,Nangal Wanjhanwala (217),AMRITSAR,31.8378372,74.76184,37279,1905.2165495899253,1907.1131591796875,0.5525638486905,0.2165207946628819,1.318118199998051,-0.540729638430195,-0.123155637948784,890.6723353078263,22.813989407574297,1.0,320.0,221,222,280,415.0,AJNALA
30208,Dalewal (223),JALANDHAR,31.3153152,75.609375,30208,1907.127823803484,1907.109130859375,0.5870041758674561,0.2154536068396652,1.6176081624337753,-0.5600788275669054,-0.1421246954515135,846.9261619260209,22.50267018928656,1.0,134.0,9,7,203,121.0,RURKA KALAN
33432,Bounker (39),LUDHIANA,30.9189186,75.84033,33432,1911.9584640875164,1907.1085205078125,0.4734953474720494,0.1442630496077715,1.2830712959261212,-0.4757590412985125,-0.0660437112094766,835.7060377407303,22.790102984581253,1.0,36.0,20,0,275,244.0,LUDHIANA-2
33276,Rabon Unchi (411),LUDHIANA,30.54054,75.91975,33276,1906.095474433714,1907.1083984375,0.5822103423504804,0.2495079140535951,1.442288842546796,-0.5591412165619146,-0.1582985174831727,777.9621127059357,22.86999094422293,0.92536329197797,212.0,235,103,227,238.0,Maloud
36549,Chaura (30),PATIALA,30.3603611,76.4894943,36549,1910.480287079939,1907.107177734375,0.3793019603528696,0.060103524261434,1.0498469028332724,-0.4112826014728925,0.0070336532016028,852.5843792070532,22.967914938721325,0.667903007239537,53.0,20,0,576,501.0,SANOUR
35844,Malwala (42),BATHINDA,0.0,0.0,35844,1904.581421621536,1907.10400390625,0.6000837812207278,0.2208883853349548,1.5028034657891671,-0.5661678766392241,-0.1374191033486102,527.370783606446,24.567618294670947,1.0,710.0,409,315,522,780.0,SANGAT
37516,Chogawan Roopowali (239),AMRITSAR,31.8738747,74.9820251,37516,1905.7121453170903,1907.103271484375,0.4072191786691105,0.101945483748699,1.244356027465355,-0.4046953286076568,-0.0336634754207325,969.8854777028458,22.378567518482896,1.0,352.0,68,68,378,401.0,MAJITHA
32176,Langeri (74),Shahid Bhagat Singh Nagar,31.18919,75.9718,32176,1905.3923302104624,1907.1015625,0.631873176731922,0.2737373972315192,1.8602658880013807,-0.5862983849173315,-0.1953133355233492,794.1594812085526,22.669952482494125,1.0,200.0,15,71,321,413.0,BANGA
30266,Budhiana (197),JALANDHAR,31.3153152,75.58828,30266,1905.6671809002576,1907.1004638671875,0.5689507981302688,0.2220882063984069,1.838977221516096,-0.5285644569298044,-0.1464092561194711,785.577917378177,22.57207088470267,1.0,8.5,102,142,346,406.0,JALANDHAR-EAST
28596,Mika (76),GURDASPUR,31.9639645,75.41655,28596,1908.815816748249,1907.0994873046875,0.5620948517986694,0.2376958701298192,1.7567239169810769,-0.5253206265183584,-0.1553948585583782,966.2978461926816,22.148144473605008,1.0,87.0,25,0,226,218.0,SRI HARGOBINDPUR
35922,Chhapianwali (108),MANSA,29.927927,75.53128,35922,1906.5861364640084,1907.0963134765625,0.6095437202081695,0.1883614128252544,1.4999671489809627,-0.5795982139246476,-0.113493893288908,657.5457843949692,24.386946081902124,1.0,499.0,275,299,320,535.0,JHUNIR
35808,Phulo Mithi (90),BATHINDA,30.2148151,74.94384,35808,1907.1430903276985,1907.0953369140625,0.5970142979031855,0.1982941676470097,1.5326060718035752,-0.561059422612248,-0.1213867144470713,515.1601851546206,24.58631140122977,1.0,1150.0,523,523,762,1694.0,SANGAT
37286,Dharamkot (200),AMRITSAR,31.7864437,74.7529144,37286,1908.0759217335908,1907.094970703125,0.5627382327607411,0.2051620010309889,1.4810847343142888,-0.5353267720310712,-0.1240819701249184,890.6723353078263,22.813989407574297,1.0,274.0,365,102,264,300.0,HARSHE CHHINA
33023,Jharaudi (39),LUDHIANA,30.8468475,76.11909,33023,1907.850675627718,1907.093017578125,0.501446601293082,0.2144081727713553,1.234264579513864,-0.5246138964178318,-0.1085573536282253,858.3382379227617,22.766031782948986,1.0,48.0,0,15,68,68.0,MACHHIWARA
32208,Ferozepur (89),Shahid Bhagat Singh Nagar,31.0990982,75.9627762,32208,1906.1287058223147,1907.092041015625,0.6006068532391647,0.2499144682415797,1.6399989123808942,-0.5767899603264084,-0.1678588173884342,833.3584714760425,22.582397577179755,1.0,50.0,30,0,62,64.0,AUR
32854,Machhrai Kalan (75),FATEHGARH SAHIB,30.6126118,76.2274246,32854,1908.54741067449,1907.09130859375,0.4216489908242572,0.087170366061091,1.213112504353976,-0.4189967358999959,-0.024004533635501,825.7323893716233,22.871801084820504,1.0,358.0,70,65,198,381.0,AMLOH
32742,Mir Pur (310),FATEHGARH SAHIB,30.5728874,76.33154,32742,1904.5333794681148,1907.0869140625,0.5009992203101451,0.2052649643280104,1.5453354370182943,-0.4814532397825065,-0.1202051025896932,860.3186079614605,22.880729495586976,1.0,199.0,25,40,143,215.0,SIRHIND
35459,Bari Hari Urf Harike Kalan (89),SRI MUKTSAR SAHIB,30.594595,74.81081,35459,1906.6755009353344,1907.0855712890625,0.6252678726628504,0.2973440021347445,1.716843053738666,-0.5844990673735845,-0.2075841410212489,539.5255181004899,24.186574497416583,1.0,2600.0,550,600,1550,2854.0,MUKTSAR
35401,Thandewala (67),SRI MUKTSAR SAHIB,30.594595,74.83173,35401,1905.0038655014148,1907.0843505859375,0.6161610946697724,0.3155311394780806,1.5339093837108009,-0.5736357892185013,-0.2143690017598883,548.2475319334401,24.237632614766703,0.9609134452281765,100.0,0,0,90,2160.0,MUKTSAR
37808,Daud (71),AMRITSAR,31.6036034,75.2078247,37808,1908.1665677448395,1907.0838623046875,0.5356522268748442,0.221941428407616,1.7277582183675853,-0.5074395644943653,-0.1420149339339106,985.595131199588,22.42399866098981,1.0,124.0,80,120,175,139.0,RAYYA
30569,Muchrowal (96),JALANDHAR,31.5081978,75.595314,30569,1906.3124084536385,1907.08349609375,0.5609669358253373,0.1964786027436277,1.80305354872112,-0.5267479397381498,-0.1259930746337269,797.8816452029911,22.428222933266664,1.0,2.9,20,15,90,132.0,BHOGPUR
36438,Mangewal (113),PATIALA,30.3603611,76.2597961,36438,1905.0550895519973,1907.0831298828125,0.5922889775526797,0.2785577309008787,1.6430639295044072,-0.5563627048317363,-0.1841888972048592,786.123851220836,22.97181489662404,1.0,418.0,25,70,205,453.0,NABHA
30377,Phulpur (290),JALANDHAR,31.261261,75.54496,30377,1912.741783280326,1907.08154296875,0.4840009013179406,0.116302289814533,1.481510070611292,-0.4759302863086721,-0.0550486531917831,872.6447048401443,22.50249321506268,0.9968801235244032,4.04,45,45,260,171.0,JALANDHAR-EAST
32841,Faizulapura (166),FATEHGARH SAHIB,30.6126118,76.2274246,32841,1907.7375401714653,1907.0799560546875,0.476413413270999,0.1328039521889846,1.491523152574202,-0.4544557319948488,-0.0682760439117662,825.6035964122964,22.87170459002292,1.0,269.0411,120,140,342,298.0,AMLOH
36054,Ramgarh (226),MANSA,29.8558559,75.70521,36054,1906.4359123253548,1907.0799560546875,0.5938150440673303,0.2780296392261443,1.4628798848583706,-0.5734226578095185,-0.1769294187522308,657.1467461993592,24.19437299224586,1.0,285.0,125,120,176,331.0,BUDHLADA
38673,Samrala (51),RUPNAGAR,30.9549541,76.52025,38673,1902.6396758300264,1907.0780029296875,0.5499191030372099,0.1776681893379805,1.547086617350917,-0.534096508338976,-0.1025222065104053,899.1479194157383,22.63177393402,1.0,87.0,25,22,64,142.0,RUPNAGAR
33528,Kaind (318),LUDHIANA,30.3603611,75.7377548,33528,1907.345721441468,1907.0755615234375,0.4869431522821171,0.1664719190341975,1.552415109590627,-0.4784866102390366,-0.0960893903570885,820.085162214865,22.76975768151572,1.0,229.0,73,53,184,272.0,LUDHIANA-1
32124,Sal Kalan (48),Shahid Bhagat Singh Nagar,31.18919,75.99287,32124,1902.4113562469336,1907.0728759765625,0.6305195908837504,0.2785115575296334,1.805222553552419,-0.5925202753729879,-0.1995318280482213,795.2970954587357,22.747902170555847,1.0,101.0,12,0,153,112.0,BANGA
35803,Gehri Devi nagar (63),BATHINDA,30.54977,75.07794,35803,1905.4699882312111,1907.072021484375,0.5696257900207776,0.1810539518518679,1.4861512449525571,-0.5399496925551834,-0.1057284513026973,543.0874897488875,24.5054346522334,1.0,1788.0,0,250,897,1953.0,BATHINDA
39856,Hambalbas (23),SANGRUR,30.2488155,75.83926,39856,1905.252351497162,1907.070556640625,0.6869188404894517,0.353476726069279,1.863617316936034,-0.6325479618228423,-0.2669323546278362,658.7019746276419,23.784963159750543,1.0,2.47,0,0,820,1355.0,SUNAM
36979,Pabra (61),PATIALA,30.4864864,76.5675354,36979,1908.224555714222,1907.06884765625,0.3566709499720897,0.0703617338841989,1.0736884231677049,-0.3803671167669021,-0.0020949212068874,854.3460759332078,22.88706598896545,1.0,275.0,0,210,253,311.0,Shambu Kalan
35147,Rupnagar (126),FAZILKA,30.1621628,74.1888046,35147,1906.7996640719848,1907.06494140625,0.5533600108860762,0.1548469992962963,1.3981960307772698,-0.5283875477251683,-0.084568437884904,428.6731275727647,24.72424377599469,0.9995930669401129,1070.0,63,150,170,1098.0,KHUIAN SARWAR
28561,Chhina Viran (41),GURDASPUR,31.6936932,75.47134,28561,1907.88957582034,1907.063720703125,0.5724938598908077,0.2610992420551867,1.6365143162396134,-0.5313482760859711,-0.1732290862455414,911.4683362653152,22.180698756103368,1.0,59.0,42,42,65,77.0,SRI HARGOBINDPUR
37409,Sangatpura (281),AMRITSAR,31.78641,74.75283,37409,1904.6793643860365,1907.0626220703125,0.4765346620011031,0.1379899422288281,1.1692509364626549,-0.4813033396644205,-0.0555371174040058,956.3934597184556,22.49043735746289,1.0,502.0,185,180,437,582.0,HARSHE CHHINA
35349,Lohara (77),SRI MUKTSAR SAHIB,30.3243237,74.70793,35349,1908.392725198214,1907.0618896484375,0.5994964065663144,0.2732960852092722,1.4510754872817522,-0.5701145919348801,-0.1739131750069824,525.3927363031802,24.34311896184792,1.0,1309.0,240,240,411,622.0,GIDDERBAHA
33321,Katahri (214),LUDHIANA,30.738739,76.01257,33321,1906.070569200936,1907.0596923828125,0.6054716300897449,0.2984177981944344,2.206505661331999,-0.5494889312800417,-0.2187883552018145,810.998829035849,22.80152608447707,0.9651787204248804,250.0,0,0,427,584.0,DORAHA
30007,Behar (335),JALANDHAR,31.2072067,75.18575,30007,1915.51554625076,1907.0596923828125,0.4313384912485044,0.1631865845509085,1.151735014315321,-0.4436606299609109,-0.0780341924067635,805.9951904227631,22.629141831819368,1.0,160.55,42,45,76,320.0,MEHATPUR
30730,Balhra (500),HOSHIARPUR,31.81982,75.78629,30730,1904.8446911875667,1907.0574951171875,0.5112592700763681,0.2102369144509887,1.411430292179017,-0.5039947603219449,-0.1143234207242471,931.1286780192936,22.422686589114143,1.0,4.0,15,80,158,163.0,TANDA
39191,Chachu Majra (268),S.A.S Nagar,30.72072,76.71098,39191,1908.930114617449,1907.05712890625,0.3493743937622779,0.0097201318742945,0.9314292601151912,-0.3897892897642384,0.0487341553340424,793.053072159209,22.75897323478605,0.2690512289145437,1133.0,70,30,67,110.0,KHARAR
36409,Gujarheri (108),PATIALA,30.45045,76.1211853,36409,1903.9120877271728,1907.055419921875,0.5853527210794522,0.2528475156279209,1.5267851107220722,-0.5587110021951613,-0.1609041765889596,760.4251894166367,22.92419452819485,1.0,140.0,50,70,135,153.0,NABHA
36057,Ranghrial (166),MANSA,29.8558559,75.70521,36057,1907.7708863568143,1907.055419921875,0.592389284225132,0.2498364503885827,1.4774029191724394,-0.5662520518882845,-0.1578406599155694,655.596053019593,24.173734025532248,1.0,921.0,221,350,545,967.0,BUDHLADA
37816,Tapiala (61),AMRITSAR,31.6036034,75.2078247,37816,1906.536568869546,1907.05322265625,0.5632844396597741,0.2406096474156175,1.791578924082464,-0.5211784940251565,-0.1596497405338898,946.6531172785128,22.33448303657427,1.0,141.0,65,65,115,115.0,RAYYA
32743,Khare(309),FATEHGARH SAHIB,30.63063,76.38819,32743,1904.1522516441871,1907.050048828125,0.5300485936851875,0.2420366754246916,1.46790985792361,-0.5156466344156156,-0.1449569708844482,883.2562547984238,22.85140887117501,1.0,141.7,30,40,126,198.0,SIRHIND
30336,Bolina (200),JALANDHAR,31.3153152,75.58828,30336,1908.472863782832,1907.046630859375,0.5382917304243804,0.1754141296086961,1.7688316399653738,-0.5077400873628697,-0.1095609139797266,797.8404363504378,22.580427867685582,1.0,0.1,0,0,357,241.0,JALANDHAR-EAST
33091,Urna (93),LUDHIANA,30.9189186,76.17638,33091,1905.0065678495712,1907.04541015625,0.5312634189920441,0.1832085430392029,1.5252315820634306,-0.5109387190498412,-0.1084219895131696,876.6879233529465,22.82727164855009,1.0,325.0,45,45,91,345.0,MACHHIWARA
30804,Kadari Chak (507),HOSHIARPUR,31.54955,75.90424,30804,1903.6442717985872,1907.0452880859375,0.6026586568862238,0.301249657799935,1.7199334584906738,-0.5637905933173344,-0.2033636039415745,928.5261276175872,22.425879731414227,0.9290823093923616,2.02,0,0,77,85.0,TANDA
35884,Kotli Khurd (86),BATHINDA,30.072073,75.2246552,35884,1904.5613583347515,1907.044189453125,0.63502010803588,0.2487754198328454,1.5625601284768769,-0.5975560061183915,-0.1668238964682753,645.5949041058915,24.315755701579803,1.0,1074.0,200,250,620,1195.0,MAUR
36114,Daliawali Urf Gulabgarh (90),MANSA,29.927927,75.55207,36114,1906.2015808606384,1907.042724609375,0.6542099869236281,0.2687455989363816,1.6282758868434588,-0.6068069817282626,-0.1867934094539387,633.216292914533,24.343119341813978,1.0,780.0,857,319,395,748.0,JHUNIR
36794,Goharpur (315),PATIALA,30.2253914,76.543045,36794,1906.725859882861,1907.0411376953125,0.3499810021887806,0.1372104037168349,0.9734916370799672,-0.406646941227485,-0.0360612135575373,904.5619379831209,22.93525043308356,1.0,103.0,0,0,2,108.0,BHUNER HERI
32284,Garhi Fateh Khan (273),Shahid Bhagat Singh Nagar,31.1351357,76.11793,32284,1911.9715698682728,1907.04052734375,0.4860904691067228,0.2073327888738904,1.2243637313649656,-0.5026373258078528,-0.1034873236911371,840.4909315516846,22.737270569515545,1.0,227.0,50,53,173,240.0,NAWANSHAHR
37715,Padiana (23),AMRITSAR,31.6036034,75.22898,37715,1913.073865151449,1907.04052734375,0.492264558764749,0.1634232679442649,1.5506572508357026,-0.4742756736915642,-0.0905083212791378,967.8326725641308,22.41345697090414,1.0,0.2,15,15,35,40.0,RAYYA
35858,Jajjal (35),BATHINDA,29.9819813,75.09392,35858,1908.7234355686828,1907.0389404296875,0.6331362073196017,0.2445378545347414,1.5550516460858936,-0.5926338139624422,-0.1627132310145466,538.1213418111493,24.56121366291388,1.0,1336.0,442,350,550,838.0,TALWANDI SABO
35940,Ghuduwala (150),MANSA,29.8918915,75.4416046,35940,1906.0023719340893,1907.038330078125,0.545836636155891,0.1162439393067023,1.3534391387791722,-0.5214269658375981,-0.0506669150829062,677.1074923684495,24.41611745199475,1.0,561.0,150,241,307,597.0,JHUNIR
33391,Ghumana (2),LUDHIANA,30.9189186,75.84033,33391,1907.3631974658088,1907.0379638671875,0.5199372997055931,0.2459422362007159,1.3283820574042724,-0.527902813535022,-0.1371415236112028,840.4909315516846,22.737270569515545,1.0,200.0,0,0,115,157.0,LUDHIANA-2
29052,Mandi Mand Kula (29),KAPURTHALA,31.6016369,75.44676,29052,1904.9717115313367,1907.0360107421875,0.5021186256991408,0.1696497374968785,1.4919839046902832,-0.4770795644043298,-0.091994705325303,800.9258451869385,22.437382947828382,0.9972769432790202,270.0,10,5,15,146.0,NADALA
32140,Behram (20),Shahid Bhagat Singh Nagar,31.18636,75.89134,32140,1907.101398023495,1907.035400390625,0.5952004079554978,0.2312669643288261,1.738487570385781,-0.5570511798067888,-0.1580005406253934,794.1594812085526,22.669952482494125,1.0,160.0,238,236,801,679.0,BANGA
39196,Siau (266),S.A.S Nagar,30.738739,76.64147,39196,1907.673135617595,1907.035400390625,0.40430188067636,0.0786544860936544,1.2988800590710052,-0.4161634113623821,-0.0134834526014592,804.9488412712057,22.821520421750183,1.0,310.0,50,75,125,250.0,KHARAR
32641,Mullanpur Khurd (43),FATEHGARH SAHIB,0.0,0.0,32641,1906.661217546679,1907.0341796875,0.4602609991440974,0.1629474838733783,1.3611194056909133,-0.4590886585277632,-0.0797816562073205,859.5636877229111,22.88169449138212,1.0,2.47,25,0,145,201.0,SIRHIND
35771,Buladewala (73),BATHINDA,30.54978,75.07788,35771,1908.8566631304288,1907.0338134765625,0.5588076946318793,0.2207688289509622,1.5239434568986687,-0.5274277937965178,-0.1331689317349484,538.7825097073775,24.4393560037044,1.0,565.0,271,273,526,708.0,BATHINDA
36460,Rampur Sahiewal (317),PATIALA,30.54054,76.23355,36460,1906.302448316468,1907.03369140625,0.5370790904992954,0.2434492035714612,1.399631416145617,-0.5231247271711669,-0.1434403295209577,815.9566017796891,22.94605681146857,1.0,157.0,80,100,170,175.0,NABHA
30279,Dhandauri (72),JALANDHAR,31.5855846,75.67976,30279,1904.6876654449968,1907.0321044921875,0.5880723525890916,0.2308534307613218,1.7790204267040044,-0.5478680081617681,-0.1540800474013104,763.859574299692,22.63896749917981,1.0,125.0,20,14,150,136.0,ADAMPUR
33511,Paddi (254),LUDHIANA,30.3948956,75.74166,33511,1906.359256036401,1907.031494140625,0.4571145576019294,0.1543327113096381,1.390216342412542,-0.4660649657296959,-0.0750949267424265,822.9384216477769,22.76890863195922,1.0,288.0,133,45,373,369.0,DEHLON
34928,Chak Maujdinwala (200),FAZILKA,30.6126118,74.25945,34928,1905.928140575024,1907.03125,0.5976494341013507,0.302596903368836,1.4626613817414635,-0.5679169481876193,-0.1978605510091882,561.8634461711378,24.186939680819894,1.0,352.0,48,110,240,386.0,JALALABAD
32120,Gobindpur (38),Shahid Bhagat Singh Nagar,31.18919,75.99287,32120,1902.287683710792,1907.030517578125,0.604736428341284,0.2530523187398351,1.6636744915563255,-0.5774063584075103,-0.1697588688887115,795.2970954587357,22.747902170555847,1.0,437.0,45,70,318,515.0,BANGA
35882,Ramgarh Ghuman (68),BATHINDA,30.072073,75.2246552,35882,1907.1542052111167,1907.0302734375,0.634189918815197,0.2700751187238306,1.575295508534886,-0.5979841386850725,-0.1840199473530462,626.4518740584748,24.188499415187493,1.0,1478.0,218,770,1050,1520.0,MAUR
35907,Behman Koer Singh (134),BATHINDA,29.9819813,75.07312,35907,1909.0433147510869,1907.0291748046875,0.5774238986353804,0.1208908423300509,1.3688973985584956,-0.5652633235929846,-0.0548576992805894,576.39137832426,24.54118743308993,1.0,1080.0,140,135,175,1156.0,TALWANDI SABO
37063,Bhuri Majri (136),PATIALA,30.4864864,76.58844,37063,1907.480214423544,1907.02685546875,0.3420776372924488,0.0662998527442903,0.8692880046124898,-0.4084270228786861,0.0168147036974858,807.6615335055885,23.11257113634208,1.0,60.0,20,20,90,59.0,Shambu Kalan
35899,Shekhpura (29),BATHINDA,29.9819813,75.09392,35899,1907.2773643564133,1907.0252685546875,0.6363786123147274,0.2511210443676572,1.512557456062691,-0.5998007010573536,-0.1658088083562194,589.3849440184315,24.42206332625466,1.0,1955.0,881,995,1135,1955.0,TALWANDI SABO
35245,Pakki Tibbi (116),SRI MUKTSAR SAHIB,30.3290234,74.34512,35245,1903.94649561903,1907.024658203125,0.5835257629338932,0.2541117524696079,1.3761233508684236,-0.5433049718793785,-0.157613731370455,432.1425522125093,24.74504339917463,1.0,850.0,800,400,503,928.0,MALOUT
35230,Roranwali (23),SRI MUKTSAR SAHIB,30.4324322,74.39356,35230,1908.6005915478745,1907.0234375,0.6049533218543013,0.2544883859355101,1.392516803592013,-0.5735656593560168,-0.15871860977996,438.1507578303712,24.89491000732602,1.0,1046.0,399,325,460,1136.0,LAMBI
35682,Bhaini Chuhar (452),BATHINDA,30.216217,74.93847,35682,1907.40930396706,1907.0208740234375,0.6595711274644278,0.2798687600546402,1.6045029784392577,-0.6069703387177047,-0.1961949224808257,626.4518740584748,24.188499415187493,1.0,573.6,189,189,356,621.0,RAMPURA
33166,Daudpur (228),LUDHIANA,30.666666,76.2700348,33166,1909.079973147023,1907.0172119140625,0.420896267895098,0.0949817568328917,1.2401872264112768,-0.4233007154729929,-0.0301727186351229,865.374857466449,22.713122245179363,0.9419655093088228,202.0,50,40,199,273.0,SAMRALA
37154,Sheikh Bhatti (36),AMRITSAR,31.6756763,74.9909058,37154,1907.3259665177425,1907.0155029296875,0.4964975599829815,0.1561515109690674,1.204639081848638,-0.4943538726952425,-0.072471398391814,917.5402614285844,22.767377350587992,1.0,81.0,39,39,40,214.0,AJNALA
29633,Dhak Palahi (61),KAPURTHALA,31.2698345,75.6930161,29633,1908.111135509572,1907.0126953125,0.5409538235751971,0.1994586344266483,1.5264287983264695,-0.5152264588138648,-0.1279250325250525,746.0230234076874,22.86978814647381,1.0,2.0,0,0,56,172.0,PHAGWARA
37496,Waryam Nangal (224),AMRITSAR,31.7657661,74.95786,37496,1906.7528048829763,1907.00927734375,0.4093019979213993,0.0895632006178732,1.2841329213222636,-0.4000444315703529,-0.0269889568048654,979.4325895358338,22.34386015379544,1.0,713.0,143,143,355,459.0,MAJITHA
37615,Bhaini Gillan (341),AMRITSAR,31.6756763,74.8427048,37615,1906.8843353433952,1907.0079345703125,0.4142092432085361,0.0665347177368521,1.0413252121544454,-0.4330579598677868,0.0029039916743388,925.7557782342332,22.57332640097519,1.0,95.0,25,58,193,205.0,VERKA
36547,Budhanpur (116),PATIALA,30.3603611,76.46861,36547,1909.1072902067103,1907.007080078125,0.3653902427545134,0.1234891529631969,1.0339118103167388,-0.3991427841582829,-0.0355244727822242,896.5281976763599,22.83523442930304,1.0,240.0,50,50,121,262.0,SANOUR
29043,Mand Gurdaspur (47),KAPURTHALA,31.6016369,75.44676,29043,1905.7843860872213,1907.00341796875,0.5455895503500066,0.196670209758653,1.5723279941873856,-0.5168956999687386,-0.1185181910120791,860.1867499759095,22.40933991115594,1.0,80.0,2,6,6,70.0,NADALA
32796,Bhamarsi Zer (57),FATEHGARH SAHIB,30.63063,76.38819,32796,1903.528123247528,1906.9989013671875,0.4776739181574057,0.1928475275682065,1.4766284455956948,-0.4681913527059524,-0.106440873603141,859.5636877229111,22.88169449138212,1.0,562.0,66,165,387,630.0,SIRHIND
32250,Sahlon (174),Shahid Bhagat Singh Nagar,31.0810814,75.9904556,32250,1904.8020284467248,1906.99853515625,0.6379938753991621,0.2738131021114023,1.7681271742178435,-0.599219958135574,-0.195533869564516,833.0336305310624,22.58589359521818,1.0,208.0,61,95,455,256.0,AUR
36407,Bishangarh (103),PATIALA,30.3603611,76.13451,36407,1903.770226589218,1906.99755859375,0.6005610110055367,0.2632477070772331,1.614263244421195,-0.5648586850441202,-0.1749203124188057,760.4251894166367,22.92419452819485,1.0,241.0,55,60,112,265.0,NABHA
35948,Bhunder (186),MANSA,29.8558559,75.206604,35948,1905.8802284097924,1906.997314453125,0.5920254408397665,0.2290504327697341,1.3989993737885125,-0.5683488213676721,-0.1360977627601312,648.0097415854829,24.63009166487882,0.9591327530588788,1615.0,96,109,200,684.0,SARDULGARH
35920,Tandian (95),MANSA,29.90991,75.5384,35920,1909.2257398388176,1906.99658203125,0.54454521244916,0.0874243272113223,1.2793003221375632,-0.5433866693869605,-0.0240177163248838,621.2499680926697,24.454671501458165,1.0,1017.0,211,210,327,618.0,JHUNIR
32162,Mandhali (5),Shahid Bhagat Singh Nagar,31.1862812,75.89424,32162,1907.6224574181524,1906.994140625,0.592000267876,0.224744594034543,1.7277568196320827,-0.5587793740625052,-0.1513522318221219,789.2529609610932,22.57912219385276,1.0,300.0,456,456,742,388.0,BANGA
32833,Shergarh (78),FATEHGARH SAHIB,30.6126118,76.20649,32833,1908.7625351766096,1906.994140625,0.5060294373830565,0.1829072527994391,1.4325987049680673,-0.4920989675499128,-0.103443980462579,797.9699912478821,22.851000825335177,1.0,148.0,48,65,112,163.0,AMLOH
36113,Chahlanwala (89),MANSA,29.927927,75.55207,36113,1907.9516685126944,1906.993896484375,0.6463439880870536,0.2757297437422482,1.5553636216372233,-0.612138843919739,-0.1885830557341781,612.5448763954419,24.424451093871475,1.0,751.0,285,295,476,751.0,JHUNIR
33189,Alipur (211),LUDHIANA,30.63063,76.0741,33189,1905.8675083201351,1906.99365234375,0.5136473785714466,0.1976001985628574,1.4262035498110444,-0.5037228196961603,-0.110705757445703,901.8612000157732,22.79804944424137,1.0,2.47,0,0,161,118.0,KHANNA
37376,Boparai Baj Singh (323),AMRITSAR,31.6576576,74.5953445,37376,1912.077205583795,1906.989501953125,0.5205172316553315,0.1845117229854277,1.295857873676453,-0.5121519178586192,-0.0988630722455068,908.6742371550678,22.8805287532735,1.0,320.0,121,121,331,380.0,CHOGAWAN
35914,Raya (144),BATHINDA,29.9819813,75.09392,35914,1905.3756146336884,1906.9864501953125,0.5647442425926112,0.1219807376463921,1.402659507556803,-0.5540437012413595,-0.0529980912872365,584.9436315705674,24.60276130901906,1.0,496.0,168,186,236,534.0,TALWANDI SABO
36404,Birdhano (100),PATIALA,30.4684677,75.98893,36404,1905.142502287557,1906.98583984375,0.5906320048239051,0.2567007397867443,1.6281570983761893,-0.553417828707975,-0.1703618463545149,760.4251894166367,22.92419452819485,1.0,406.0,25,60,324,406.0,NABHA
33096,Kakrala Kalan (100),LUDHIANA,30.81081,76.34226,33096,1901.962831142434,1906.9847412109375,0.5841424524992208,0.2371656608919302,1.6059782593698149,-0.5481582581107439,-0.1568206135488418,916.3434472948863,22.87035031169172,1.0,274.0,45,0,244,312.0,MACHHIWARA
29635,Sri Hargobindgarh (59),KAPURTHALA,31.3873882,75.39295,29635,1904.5841612069887,1906.9844970703125,0.6142001358697323,0.217135534507706,1.8826512913018496,-0.5697282279727258,-0.149301110711893,746.0230234076874,22.86978814647381,1.0,1.0,0,0,6,259.0,PHAGWARA
35994,Malakpur Bhimra (135),MANSA,29.8558559,75.70521,35994,1907.510576603957,1906.982177734375,0.5786696426276942,0.1907360274532635,1.4786021683924004,-0.558444675248254,-0.1097244789287211,683.6498769929307,24.32621842862972,1.0,446.0,129,100,206,479.0,BUDHLADA
29065,Jabowal (5),KAPURTHALA,31.36937,75.3996,29065,1905.6348735246936,1906.9815673828125,0.5822973041837693,0.2763042284506018,1.636529780937915,-0.5544424726277081,-0.1800900085014717,800.5818083120338,22.436312408677217,1.0,1.0,5,1,115,110.0,NADALA
37129,Kamirpur (218),AMRITSAR,31.8378372,74.76184,37129,1909.4761734380952,1906.9798583984375,0.606687548356647,0.2248275731581086,1.5147479308885563,-0.5812472071822419,-0.1425399979330994,953.765833657016,22.6391379412903,1.0,99.0,13,13,27,102.0,AJNALA
32804,Jhambala (55),FATEHGARH SAHIB,30.55856,76.3523254,32804,1902.9884621747312,1906.9781494140625,0.4891970178237187,0.1966343278425694,1.3419754390435836,-0.4851590265476246,-0.1051848129807619,846.7491470127525,22.900608242511204,1.0,150.0,17,18,162,159.0,AMLOH
37357,Dhariwal (237),AMRITSAR,31.7117119,74.6176147,37357,1908.2665163525608,1906.9764404296875,0.5081928700313908,0.1672068789542213,1.287118047382963,-0.4972489180316289,-0.084689783378046,916.499489825,22.66210357915856,1.0,154.0,55,56,111,437.0,CHOGAWAN
36241,Taipur (201),PATIALA,29.8558559,76.2245941,36241,1905.1515051808265,1906.9759521484375,0.3420807150658921,0.1118991242119229,0.9261953643650268,-0.3810464055299726,-0.0199142016976737,641.6954179066732,23.810303219911752,1.0,527.0,150,160,306,596.0,PATRAN
29069,Awan (2),KAPURTHALA,31.36937,75.3996,29069,1905.0329449645096,1906.975341796875,0.5350809302072912,0.2411666941807131,1.568001691767392,-0.5102443593521419,-0.1470580937908469,788.2918942638823,22.39806989716377,1.0,294.0,10,25,279,324.0,NADALA
35753,Amargarh (161),BATHINDA,30.27027,74.95883,35753,1907.793433236216,1906.9744873046875,0.6138506686869502,0.280065424915282,1.5400861522491016,-0.5842823935723538,-0.1842192461188908,557.207691013719,24.204729911061545,1.0,1200.0,150,200,400,496.0,GONIANA
32818,Himmtgarh Channa (74),FATEHGARH SAHIB,30.5045052,76.2471161,32818,1908.662585223394,1906.97412109375,0.4740845918535319,0.1402503506797158,1.3999948233249748,-0.4589746296486506,-0.0706103271115121,825.7323893716233,22.871801084820504,1.0,149.0,30,45,115,160.0,AMLOH
35233,Khema Khera (43),SRI MUKTSAR SAHIB,30.4324322,74.39356,35233,1907.1947814590849,1906.9727783203125,0.6139292295765197,0.2576950198223412,1.4465345987482892,-0.5756452170044497,-0.1639637990054798,423.2219066609516,24.931663937600643,1.0,1012.0,370,370,460,1149.0,LAMBI
36046,Dariapur (225),MANSA,29.927927,75.55207,36046,1905.782727646672,1906.96923828125,0.5839314527436222,0.2562807377357017,1.476714933633554,-0.5624578815712276,-0.1634347642100672,657.1467461993592,24.19437299224586,1.0,309.0,150,172,272,395.0,BUDHLADA
36127,Bhaini Bagha (59),MANSA,30.2522526,75.19539,36127,1907.1373394409416,1906.9681396484375,0.6443252662860761,0.2776710966864968,1.6130084408059038,-0.6040906265836227,-0.1936480679451063,639.9464350521807,24.19592480078314,1.0,890.0,600,859,1180,2254.0,MANSA
35869,Ghaso Khana (22),BATHINDA,30.09009,75.15506,35869,1904.136630179176,1906.9681396484375,0.6472273295444767,0.2729112762265241,1.6325271378064816,-0.5965836933860622,-0.1890551664845046,568.0511238982575,24.38220329194104,1.0,293.0,25,120,160,313.0,MAUR
35319,Lal Bai (161),SRI MUKTSAR SAHIB,30.1981983,74.48695,35319,1906.05848305055,1906.96728515625,0.603535484309239,0.2876479552212462,1.3916975693754077,-0.5744763045851524,-0.1839363172344804,466.7005928646653,24.71527785599396,1.0,899.0,646,646,1173,1866.0,LAMBI
35946,Sardulewala (184),MANSA,29.7117119,75.2436142,35946,1906.300971211709,1906.967041015625,0.5665964755146792,0.2035609866486357,1.3635037055731805,-0.546141388979273,-0.1150422295709601,650.2435257105965,24.62685922579288,1.0,1600.0,355,360,505,762.0,SARDULGARH
33471,Rawat (66),LUDHIANA,30.9189186,75.77732,33471,1914.6961015309344,1906.96630859375,0.5007367066651046,0.1534522093550102,1.4555304888500658,-0.4933332148821994,-0.0810453096475577,856.0033396610219,22.727597322582387,1.0,153.0,25,1,199,113.0,LUDHIANA-2
36806,Bir Sanaur (121),PATIALA,30.3423424,76.41278,36806,1907.7252065522569,1906.9654541015625,0.6063745630035636,0.1473634350642395,2.0901113900518493,-0.5448249319443558,-0.1014271717638709,899.4118514468568,22.83189132190313,1.0,130.0,0,0,2,134.0,SANOUR
36746,Mehtabgarh (283),PATIALA,30.1981983,76.50913,36746,1907.319167816908,1906.963623046875,0.2926983017035517,0.1188079940383275,0.7258534576831398,-0.3617146117559161,-0.006406543647557,858.3963903596299,23.03561249906716,1.0,342.0,98,98,155,361.0,BHUNER HERI
36110,Peron (93),MANSA,29.927927,75.55207,36110,1907.032008444149,1906.9627685546875,0.5646234104464283,0.1784622574150762,1.380720266326629,-0.5426155143895353,-0.1025967637060453,621.2499680926697,24.454671501458165,1.0,1017.0,305,305,446,1017.0,JHUNIR
35937,Bhama Khurd (155),MANSA,29.90991,75.5384,35937,1905.4935564898071,1906.962646484375,0.5917350600171962,0.1744504506073414,1.5697322175520387,-0.5555467817680219,-0.1047769961891556,665.7113402558875,24.327352112117843,1.0,513.0,49,268,345,513.0,JHUNIR
33527,Bool (319),LUDHIANA,30.3948956,75.74166,33527,1906.9323768198085,1906.96142578125,0.5134963183211638,0.1954238137817883,1.5348561001735814,-0.4958303452043893,-0.1184959427948626,822.9384216477769,22.76890863195922,1.0,258.0,78,58,207,301.0,DEHLON
33600,Bhanohar (296),LUDHIANA,30.7747746,75.6425858,33600,1908.981050611739,1906.958740234375,0.5327892363414208,0.162072308712755,1.5230688936332817,-0.5223371214269957,-0.0954852490105049,807.8819522307086,22.75498294770649,1.0,520.0,100,120,479,520.0,SUDHAR
36630,Paharipur (213),PATIALA,30.1441441,76.3005,36630,1907.097780142918,1906.958740234375,0.5053042620262872,0.2156563394102985,1.2175160855235891,-0.5143330014387609,-0.1103769654315735,855.5401804854768,23.039179985216663,1.0,143.0,40,38,242,158.0,SANOUR
36481,Hardaspur (85),PATIALA,30.4684677,76.21889,36481,1906.2050077608988,1906.9573974609375,0.4986092512678434,0.1463843562055099,1.4281495866434233,-0.484026182415766,-0.074785457129514,839.1855749299424,22.919619997673408,1.0,236.0,120,165,362,265.0,PATIALA RURAL
35866,Kot Bhara (53),BATHINDA,30.072073,75.2246552,35866,1904.2835204845333,1906.9571533203125,0.5890298185804825,0.2295901239291084,1.4180335119589738,-0.5657804272745011,-0.1420520196118791,565.6719569723783,24.395559656428443,1.0,881.0,122,238,660,989.0,MAUR
36539,Nasirpur (76),PATIALA,30.18018,76.161644,36539,1910.1960086955985,1906.956298828125,0.4338616730003447,0.0772496536100273,1.2717718707775836,-0.4427950292091569,-0.0201874884139199,871.4883211884596,22.864263918639004,0.5146511661480434,50.0,3,2,51,74.0,PATIALA
36747,Aujhan (282),PATIALA,30.3423424,76.35014,36747,1907.0807311546043,1906.955322265625,0.3550784398896576,0.1377620628021596,0.9653800700140353,-0.393015238169482,-0.0356184609098666,858.3963903596299,23.03561249906716,1.0,242.0,45,80,105,260.0,BHUNER HERI
35164,Dalmir Khera (90),FAZILKA,30.1981983,74.17425,35164,1906.7034310339088,1906.9539794921875,0.5827891019736755,0.1520609557414101,1.5032492940647906,-0.5475692974385638,-0.0845079477758424,408.4301268266311,24.807832042172656,1.0,1570.0,421,423,595,1696.0,KHUIAN SARWAR
32117,Bahla ( (42),Shahid Bhagat Singh Nagar,31.2972965,76.10099,32117,1902.8351751936016,1906.9495849609375,0.5737554012889231,0.1915459930233787,1.6309374215856585,-0.5545394360088844,-0.1197618181276345,795.2970954587357,22.747902170555847,0.996590589892978,2.4,20,0,600,225.0,BANGA
37558,Raipur Kalan (171),AMRITSAR,31.6396389,74.9829941,37558,1909.1862771174203,1906.9486083984375,0.3890191884774813,0.0539705207651976,1.1447726969867371,-0.3902522582211943,0.0037734848278281,969.8854777028458,22.378567518482896,1.0,268.0,150,250,395,335.0,JANDIALA GURU
36126,Bhai Desa (71),MANSA,30.2522526,75.23711,36126,1906.366207808156,1906.9425048828125,0.6567729756655388,0.2904664399119166,1.6549463650222895,-0.6145941589306823,-0.20564233829778,634.858517118459,24.244383889808,1.0,1420.0,195,200,335,653.0,MANSA
36259,Rasauli (199),PATIALA,29.9639645,76.037,36259,1906.1239684651584,1906.9412841796875,0.3927334430528789,0.1668279561037616,1.084624600407947,-0.425858877159011,-0.0628747450802768,641.58301698053,23.81050951072446,1.0,527.0,125,123,215,584.0,PATRAN
35979,Khiali Chahianwali (163),MANSA,29.927927,75.55207,35979,1905.5471016303145,1906.9366455078125,0.5501923918960504,0.1563301985944454,1.4512635366956452,-0.5285505314620403,-0.0836419346979494,684.6625173171511,24.37521312339892,1.0,885.0,128,264,376,885.0,JHUNIR
32829,Raipur Chobdaran (88),FATEHGARH SAHIB,30.6126118,76.20649,32829,1908.0708658689227,1906.9364013671875,0.510167757651968,0.190993799479913,1.4133195114310564,-0.4991862272919486,-0.1072487392875173,794.9766891513461,22.85683627667771,1.0,201.0,42,60,148,211.0,AMLOH
37490,Gopalpura (245),AMRITSAR,31.7477474,74.96446,37490,1906.2753289453483,1906.9354248046875,0.3660084691970911,0.0400853029957515,1.00790896584933,-0.3801091617917623,0.0213610284540186,969.8854777028458,22.378567518482896,1.0,128.0,144,86,230,146.0,MAJITHA
32810,Haripur (64),FATEHGARH SAHIB,30.2342339,76.12006,32810,1907.8544804907672,1906.9351806640625,0.4159947938431256,0.0765245422943043,1.1871518221142854,-0.4213083192335818,-0.0153588137271346,825.7323893716233,22.871801084820504,1.0,142.0,56,42,125,160.0,AMLOH
33022,Tanda Kushal Singh (40),LUDHIANA,30.9009018,76.2040253,33022,1908.275469644692,1906.9337158203125,0.4454429953189003,0.1354718982760728,1.2010791969323251,-0.4659711310754325,-0.0521212535576131,858.527580569344,22.76666369123294,1.0,92.0,15,15,54,108.0,MACHHIWARA
36055,Datewas (223),MANSA,29.927927,75.55207,36055,1907.1967052174043,1906.9337158203125,0.5876122289735083,0.2400193716870899,1.5154240100578666,-0.5556475550598495,-0.1537433460737974,657.1467461993592,24.19437299224586,1.0,805.0,250,272,546,1015.0,BUDHLADA
33172,Manki (119),LUDHIANA,30.7567558,76.29937,33172,1904.687755859896,1906.9273681640625,0.5102263486492037,0.1630762509137184,1.457520698195086,-0.495075308951901,-0.0897191307622733,887.4487522056,22.71525586757884,1.0,725.0,45,50,681,791.0,SAMRALA
33013,Rahimabad Kalan (46),LUDHIANA,30.8468475,76.11909,33013,1906.7587345860463,1906.9251708984375,0.485130921994774,0.202669359587339,1.2698220754128395,-0.4988034799496165,-0.1022067350397798,844.2363422108708,22.73881720821614,1.0,119.0,0,15,101,130.0,MACHHIWARA
33573,Mahmudpura (275),LUDHIANA,30.9009018,75.80505,33573,1908.3731143153743,1906.9244384765625,0.3819651675165505,0.0708447150705874,1.1480226086199103,-0.3960157737126105,-0.0076470229790165,808.5676672866242,22.77318496325944,0.9999323937461596,240.0,121,43,165,160.0,LUDHIANA-1
32820,Rayewal (81),FATEHGARH SAHIB,30.55856,76.08031,32820,1906.8103841134607,1906.9244384765625,0.4885499469273676,0.1579286232357444,1.3871988096212315,-0.4707018726477285,-0.0836552580166594,808.7200634037483,22.914758175567748,1.0,160.0,75,80,300,320.0,AMLOH
30499,Aima (350),JALANDHAR,31.6036034,75.6309357,30499,1909.552691631881,1906.9234619140625,0.5581763151062246,0.2030974415065036,1.671332022661944,-0.527545597311168,-0.1281546159817593,805.4736348798173,22.43289419592901,1.0,100.0,30,30,95,162.0,JALANDHAR - WEST
33123,Lopon (334),LUDHIANA,30.7567558,76.29937,33123,1907.4018965676808,1906.9228515625,0.4924627161211377,0.1650320382393763,1.509355172750433,-0.4797404616097499,-0.0899293621989308,860.8907404353516,22.642453532259594,1.0,305.0,40,40,340,338.0,SAMRALA
35864,Jeon Singhwala (55),BATHINDA,29.9819813,75.09392,35864,1905.408144703844,1906.92236328125,0.6134673830282106,0.2135699045686306,1.53794179868739,-0.5750203244798545,-0.1371935949573402,551.5524146838229,24.477832871284736,1.0,1463.0,253,356,716,1463.0,TALWANDI SABO
33513,Silon Kalan (251),LUDHIANA,30.3948956,75.74166,33513,1906.8358519833937,1906.921630859375,0.4492305266319866,0.1920324334158807,1.1937251679747587,-0.4465272127608482,-0.103118899521589,822.9384216477769,22.76890863195922,1.0,179.0,5,52,258,217.0,DEHLON
35863,Mahi Nangal (45),BATHINDA,29.9819813,75.07312,35863,1906.613631782801,1906.920654296875,0.6414563657031006,0.2506425548515439,1.6081903785787324,-0.5945339975520773,-0.1682174436960084,538.8456215919579,24.552057245373927,1.0,1578.0,221,125,597,1081.0,TALWANDI SABO
36771,Dhagrauli (288),PATIALA,30.1981983,76.50913,36771,1905.202151905242,1906.9200439453125,0.3527361708867828,0.1563364050936842,0.990625813070431,-0.3825699494999539,-0.0489186189046106,964.3042224861416,22.819460720715703,1.0,252.0,55,55,210,273.0,BHUNER HERI
35739,Joganand (173),BATHINDA,30.3963966,75.11812,35739,1906.0438709220327,1906.919189453125,0.6487790061208617,0.3058501500588721,1.687325734081122,-0.5937798515208343,-0.2141351071861022,559.9956604649918,24.193180647724603,1.0,479.0,130,100,440,524.0,NATHANA
32734,Sanipur (132),FATEHGARH SAHIB,30.63063,76.38819,32734,1903.385335797652,1906.9168701171875,0.4934502875448828,0.2115914061263573,1.3920601667448391,-0.4808217274929577,-0.1181045754657665,888.7562545945542,22.84437835799872,1.0,2.47,51,49,459,501.0,SIRHIND
37752,Singhpura (96),AMRITSAR,31.6396389,75.10998,37752,1907.3401741974965,1906.9168701171875,0.4799838801895695,0.1551912974468769,1.589167417625712,-0.4567183466030499,-0.0846477024780798,985.595131199588,22.42399866098981,1.0,27.0,54,60,102,110.0,TARSIKKA
32848,Raipur Raian (19),FATEHGARH SAHIB,30.6126118,76.2274246,32848,1908.146261040412,1906.916259765625,0.4731836963991717,0.1678545447152691,1.396511851651255,-0.4654916018314804,-0.0863685640003584,825.7323893716233,22.871801084820504,1.0,211.0,50,51,154,201.0,AMLOH
37535,Balia Manjpur (129),AMRITSAR,31.6216221,74.8838348,37535,1911.226378276532,1906.9144287109375,0.4414057010535959,0.0938939653443045,1.3046190847657138,-0.430185842758905,-0.0296035378032491,972.7645310571093,22.45527152660549,1.0,430.0,15,150,421,508.0,JANDIALA GURU
35133,Bareka (254),FAZILKA,30.1621628,74.1888046,35133,1907.003608916981,1906.914306640625,0.5469403807651252,0.1750331033199275,1.324067725920787,-0.5320499022536505,-0.0955658796773577,432.1258313039818,24.70970529995185,0.9984375823228095,1011.0,213,210,292,1062.0,KHUIAN SARWAR
29044,Mand Faridkot (46),KAPURTHALA,31.6016369,75.44676,29044,1903.8305235489504,1906.91259765625,0.5197778521124587,0.1962298062775759,1.4707278704143665,-0.5019549096347,-0.1113039222810135,860.1867499759095,22.40933991115594,1.0,80.0,2,5,5,213.0,NADALA
35202,Baluana (115),FAZILKA,30.0792,74.2342,35202,1904.7849906007707,1906.912353515625,0.5955709033745108,0.2115512247673354,1.4791014485148144,-0.550643767701284,-0.1303933103296904,427.9699789675636,24.77603690775339,1.0,242.91,54,54,219,2017.0,ABOHAR
32089,Bhangal Kalan (125),Shahid Bhagat Singh Nagar,31.1171169,76.10348,32089,1906.2371514160973,1906.9066162109375,0.5263229647379382,0.1803848268063532,1.4730923829577602,-0.5125692394823833,-0.1017368093537093,821.4404228141206,22.707407623049846,0.9561795925844426,265.0,13,0,400,302.0,NAWANSHAHR
37480,Begewal (296),AMRITSAR,0.0,0.0,37480,1907.009785580592,1906.904296875,0.3786070996221585,0.059359382522504,1.1479787981440617,-0.3761535153772223,0.0003744324883389,974.5234145913804,22.361440337006204,1.0,410.0,124,0,217,520.0,MAJITHA
36428,Raisal (119),PATIALA,30.3423424,76.41278,36428,1903.7739362317072,1906.9039306640625,0.5302309793786698,0.21342587932788,1.4594562613928703,-0.5135806492926439,-0.1241914664551478,786.123851220836,22.97181489662404,1.0,261.0,53,58,240,327.0,NABHA
36708,Jawalapur (224),PATIALA,30.3423424,76.35014,36708,1909.473180167405,1906.903564453125,0.3271072175581356,0.1384428344708672,0.7582165635535896,-0.3975475759201564,-0.0186627346196364,834.1431672840775,23.094778609299293,1.0,178.0,5,62,86,196.0,BHUNER HERI
35400,Sangu Dhaun (64),SRI MUKTSAR SAHIB,30.594595,74.83173,35400,1904.4377227238072,1906.902587890625,0.6239126002500633,0.3093066017262801,1.5180507221939892,-0.5828776446857914,-0.2106173973851553,542.8082017480459,24.28122471523916,1.0,250.0,300,15,490,834.0,MUKTSAR
39182,Jheur Heri (253),S.A.S Nagar,30.7027035,76.6966553,39182,1907.2627538650831,1906.901123046875,0.2847512844613163,-0.0396879021760905,0.8536464173901196,-0.3125419488964941,0.0746271607833714,785.3327634742158,22.763507083242928,0.0386033794388538,55.0,0,50,200,204.0,KHARAR
28958,Tarpala (344),GURDASPUR,32.0180168,75.01474,28958,1902.8940964198107,1906.8997802734375,0.5587255839762906,0.2149825244472416,1.3550120809645805,-0.5379000435160721,-0.1259970334584384,994.0184595992464,22.46817550702201,1.0,2.47,50,60,150,258.0,DERA BABA NANAK
35149,Koil Khera (105),FAZILKA,30.1621628,74.1888046,35149,1904.836413796756,1906.8995361328125,0.4613421928563047,0.0660890065605664,1.1357697010730785,-0.4680416987390763,-0.0021970605165695,413.88702923435295,24.75571904495576,1.0,680.0,340,241,383,724.0,KHUIAN SARWAR
37138,Dalla Mallian (114),AMRITSAR,31.6576576,74.91286,37138,1907.497338371496,1906.89697265625,0.4963668082135365,0.148701545633469,1.1979617568949887,-0.5042777238134815,-0.0656282289348947,917.5402614285844,22.767377350587992,1.0,25.0,22,0,8,27.0,AJNALA
32131,Muafi Alarwal (52),Shahid Bhagat Singh Nagar,31.18919,75.99287,32131,1904.064069507281,1906.896728515625,0.657056379485017,0.3018648181928645,1.9289575667749983,-0.5995362479875972,-0.2206223092280572,794.1594812085526,22.669952482494125,1.0,30.0,1,0,1,40.0,BANGA
36732,Surmastpur Urf Jalalabad (249),PATIALA,30.1441441,76.50886,36732,1907.5179023353808,1906.8958740234375,0.3551976664093261,0.1500838303655141,0.847929195823531,-0.4117241192050713,-0.0341297670859807,831.8383189847367,23.081396195602963,1.0,97.0,50,50,85,105.0,BHUNER HERI
32857,Mangarh (25),FATEHGARH SAHIB,30.2342339,76.12006,32857,1908.152328868756,1906.8944091796875,0.3935304208645646,0.0728548541561866,1.0907060141303233,-0.4139367401494462,-0.0061085291192376,825.7323893716233,22.871801084820504,0.8401050572596009,101.0,101,100,220,139.0,AMLOH
35153,Gidranwali (94),FAZILKA,30.216217,74.1252747,35153,1905.7849293173624,1906.8944091796875,0.5071378623826842,0.0888523022256395,1.2780629650936963,-0.4970209361395085,-0.0257608779113097,410.13517407678535,24.763705644765537,1.0,1269.0,412,241,675,1354.0,KHUIAN SARWAR
32838,Mehmudpur (173),FATEHGARH SAHIB,30.55856,76.1012344,32838,1906.6985284471064,1906.8914794921875,0.5519646930554981,0.2148354898232914,1.5560137066216748,-0.5227691135834768,-0.1341282414074696,798.3207370777252,22.851263612586543,1.0,58.0,40,42,115,157.0,AMLOH
33146,Dhindsa (136),LUDHIANA,30.666666,76.2700348,33146,1906.8848978330136,1906.8876953125,0.5228579811324866,0.1888617013089187,1.5906845679955317,-0.5031363869319834,-0.112730670919221,860.8907404353516,22.642453532259594,1.0,174.0,40,40,262,198.0,SAMRALA
37118,Dujowal (60),AMRITSAR,31.8378372,74.76184,37118,1905.49424858918,1906.8863525390625,0.5743031824819212,0.2535701692275731,1.4232925145029147,-0.5527360562101499,-0.1586182502951303,955.1464101362192,22.63554712684456,1.0,71.0,21,25,71,302.0,AJNALA
33007,Mussafarwal (34),LUDHIANA,30.8468475,76.11909,33007,1904.2096060002243,1906.8841552734375,0.4745434043071012,0.1678859160942908,1.2596930736949086,-0.4871917647379982,-0.0777113371452607,851.0235640218156,22.741619939577788,1.0,38.0,0,15,30,113.0,MACHHIWARA
36343,Matourda (150),PATIALA,30.54054,76.23355,36343,1905.5129497340488,1906.884033203125,0.5178398040537648,0.2075948765072027,1.390359361805709,-0.5039732014962978,-0.1171320305119148,815.9566017796891,22.94605681146857,1.0,462.0,210,220,380,532.0,NABHA
35902,Fatehgarh Nouabad (33),BATHINDA,29.9819813,75.07312,35902,1908.489547200848,1906.88330078125,0.635266655863925,0.2329879320188614,1.5112856502872158,-0.5977642545353168,-0.1535102880559123,565.1023927142518,24.465984068565888,1.0,1310.0,239,365,396,577.0,TALWANDI SABO
30352,Mazaffarpur (193),JALANDHAR,31.333334,75.58166,30352,1909.1820977994385,1906.8818359375,0.5111330573979254,0.1669111624850143,1.70998693344294,-0.4898591018790225,-0.0965529356392367,814.4297393968003,22.591733580938524,1.0,2.4,60,60,211,90.0,JALANDHAR-EAST
37720,Loharanwala (27),AMRITSAR,31.54955,75.22766,37720,1907.716562633495,1906.8812255859375,0.5030980991291779,0.1939384969078605,1.5675583528787007,-0.4836399771425376,-0.1124785853083671,985.595131199588,22.42399866098981,1.0,57.0,40,40,65,65.0,RAYYA
32801,Gurdhanpur (56),FATEHGARH SAHIB,30.54453,76.1073151,32801,1904.2159838260168,1906.881103515625,0.5042811278975403,0.2130700174811859,1.426611053135324,-0.4917964958269381,-0.1205214846002914,859.5636877229111,22.88169449138212,1.0,200.0,85,45,160,210.0,AMLOH
28585,Dakoha (66),GURDASPUR,31.6936932,75.47134,28585,1908.3525172982736,1906.87939453125,0.5241129839597758,0.2116994355289543,1.569414559052428,-0.5034785277935356,-0.1274225163627524,904.0400593349104,22.213818047848047,1.0,568.0,475,355,793,632.0,SRI HARGOBINDPUR
28606,Bhoma (84),GURDASPUR,31.6936932,75.47134,28606,1908.4942848837188,1906.8743896484375,0.5484074634380115,0.2349081797177432,1.7237103491811203,-0.5132626228264112,-0.151570464389309,973.7182202746766,22.143738726509184,1.0,290.0,60,0,351,344.0,SRI HARGOBINDPUR
32246,Lodhipur (117),Shahid Bhagat Singh Nagar,31.18919,75.99287,32246,1904.7703911250703,1906.873779296875,0.6240458066984479,0.2673946542431736,1.5965233329642587,-0.5987180564697109,-0.1802700644260733,833.0336305310624,22.58589359521818,1.0,153.0,60,60,322,174.0,BANGA
29066,Kaluwal (4),KAPURTHALA,31.3873882,75.41406,29066,1904.922460874233,1906.873291015625,0.5735115716520461,0.2689911003894257,1.6306921216983843,-0.5394068088527885,-0.1738281877716365,797.3867932156097,22.42637048384944,1.0,2.0,20,0,93,121.0,NADALA
37488,Ludhar (289),AMRITSAR,31.8558559,75.0097961,37488,1908.156619480765,1906.8690185546875,0.3669621275489979,0.0273017669892266,0.9093679406536166,-0.3836604062027872,0.0376358484884703,969.8854777028458,22.378567518482896,1.0,322.0,200,200,581,379.0,MAJITHA
28616,Kazampur (103),GURDASPUR,31.6936932,75.47134,28616,1907.74994338426,1906.86865234375,0.5446559857262544,0.2359445193524276,1.6690215133213473,-0.5126013014385632,-0.1490485426063693,969.8067124762134,22.136044054997967,1.0,110.0,58,0,164,123.0,SRI HARGOBINDPUR
28612,Madra (104),GURDASPUR,31.9639645,75.41655,28612,1908.6684008337293,1906.8685302734375,0.5459395208013789,0.2566179887918606,1.5783538645137902,-0.5229256452718473,-0.1604214577264716,959.9592606255088,22.151907923350635,1.0,240.0,60,0,174,260.0,SRI HARGOBINDPUR
36280,Arnetu (191),PATIALA,29.9639645,76.037,36280,1904.6531451653711,1906.86767578125,0.3968231439927999,0.1803005181068384,1.1181770989017543,-0.4326854678324597,-0.0720608662401042,664.4785661002286,23.58957873838654,1.0,202.0,65,150,200,373.0,PATRAN
36532,Daulatpur (81),PATIALA,30.216217,76.39803,36532,1910.385947606462,1906.8656005859375,0.392660575734042,0.1003290503442857,1.0334510385848916,-0.4221081202384444,-0.0231746255973062,839.1855749299424,22.919619997673408,0.941886339235056,235.0,80,80,90,91.0,BHUNER HERI
33445,Kariana Khurd (55),LUDHIANA,30.9189186,75.84033,33445,1912.4883871423733,1906.864990234375,0.5182540879071578,0.1945241204821204,1.3080271234190564,-0.5249063141732951,-0.1037548451593094,837.0262653630197,22.778847739382744,1.0,154.0,2,1,195,169.0,LUDHIANA-2
39864,Dharamgarh (19),SANGRUR,30.2646484,75.8513947,39864,1904.566123993077,1906.861328125,0.6870344448067464,0.3460159708829831,1.8678383907851432,-0.6321386014336745,-0.2636151995064138,657.5867846213525,23.90409413152559,1.0,2.47,0,0,752,906.0,SUNAM
36942,Mardanpur (129),PATIALA,30.3963966,76.41325,36942,1907.319378558028,1906.8575439453125,0.318631900897846,0.0716274783750767,0.909803166187234,-0.372268138337529,0.0076420564229934,825.9812089612382,23.1960268126378,1.0,490.0,90,192,428,456.0,GHANAUR
33106,Harion Kalan (91),LUDHIANA,30.81081,76.34226,33106,1904.648059369159,1906.8570556640625,0.5269020198334348,0.1769994747718935,1.4942527283246874,-0.5077861175904967,-0.1028900085737278,878.528237129866,22.80811474272395,1.0,170.0,0,59,158,191.0,MACHHIWARA
36850,Jamaitgarh (388),PATIALA,30.3049,76.59235,36850,1904.8884695834704,1906.85693359375,0.3355903205937944,0.0936764764191716,0.924952354278648,-0.3914933853844772,-0.0038936636380752,825.9812089612382,23.1960268126378,0.945062402580066,90.0,60,60,330,290.0,GHANAUR
37439,Borewal Afgana (318),AMRITSAR,31.7657661,74.95786,37439,1908.2231377539808,1906.8543701171875,0.5409022438292997,0.1973893885556271,1.5474938112739136,-0.5130606272418338,-0.1196858591578307,1002.4769100358384,22.25821241457089,1.0,115.0,7,5,17,146.0,MAJITHA
35912,Gehlewala (135),BATHINDA,29.9819813,75.09392,35912,1906.138546547293,1906.853759765625,0.5972337593582923,0.1529302568917116,1.542680588930838,-0.5601144501836902,-0.0866918055589925,578.8320572777058,24.55875965163024,1.0,1215.0,223,211,263,552.0,TALWANDI SABO
35322,Fakarsar (18),SRI MUKTSAR SAHIB,30.2342339,74.68108,35322,1906.3500962947635,1906.853515625,0.6286552694250421,0.2962330440916478,1.5330278346779007,-0.5809016615996171,-0.199869303967681,476.9404795661122,24.612902959934853,1.0,1155.0,6,370,566,1562.0,GIDDERBAHA
30315,Jagrawan (137),JALANDHAR,31.5855846,75.67976,30315,1905.476180162221,1906.8524169921875,0.6129384860637064,0.2522491421627743,1.915545117357648,-0.5664384113354769,-0.1767737451142791,768.939987924039,22.45224801432453,1.0,224.0,10,0,150,240.0,ADAMPUR
33251,Rauni (182),LUDHIANA,30.738739,76.01257,33251,1907.4060913689807,1906.851806640625,0.5380789642823472,0.2246027639205805,1.4633851908826347,-0.523513892784717,-0.133884830179195,797.9699912478821,22.851000825335177,0.9896717337247894,500.0,5,0,800,1248.0,DORAHA
37224,Talla (153),AMRITSAR,31.7159538,74.61439,37224,1909.757366425673,1906.8458251953125,0.5582318240858757,0.2114336038622093,1.416697631215012,-0.5342173815313461,-0.1240675079991469,890.6723353078263,22.813989407574297,1.0,209.0,46,65,109,237.0,CHOGAWAN
37522,Chatiwind Lelan (175),AMRITSAR,31.6576576,74.9763641,37522,1908.2709770701124,1906.84375,0.381860857718437,0.0660760301907844,1.1808810973301165,-0.3833714970900157,-0.0055787392905843,1010.3204640557664,22.236575219337794,1.0,22.0,66,107,409,249.0,TARSIKKA
29060,Balo Chak (24),KAPURTHALA,31.36937,75.3996,29060,1907.0933004048936,1906.84326171875,0.5550249555087964,0.2510968820404834,1.618712574999448,-0.5182499174260395,-0.1588904316989374,800.9258451869385,22.437382947828382,1.0,268.0,35,50,251,298.0,NADALA
37076,Shambhoo Kalan (146),PATIALA,30.4864864,76.58844,37076,1906.5119098369644,1906.843017578125,0.3060708440448048,0.0430921719640278,0.7856894886122848,-0.3738884182227308,0.0357556873393093,814.9694289699113,23.145862411602355,1.0,750.0,0,150,360,735.0,Shambu Kalan
39488,Rurki Kalan (129),SANGRUR,30.54054,75.89883,39488,1906.2237496819448,1906.8428955078125,0.5812714971861059,0.2581825651618027,1.3984039942632112,-0.5591051449803863,-0.1593027801792854,776.4639762159298,22.873572433642344,1.0,301.0,156,250,368,339.0,MALERKOTLA
29611,Dhak Balalo (37),KAPURTHALA,31.2248821,75.76635,29611,1905.219768498404,1906.842529296875,0.5969414671644058,0.239703103531916,1.5493811546406082,-0.5772889923078162,-0.1528823039640864,791.7591495246749,22.62551715792903,1.0,3.0,0,0,3,144.0,PHAGWARA
32740,Sunderpura (51),FATEHGARH SAHIB,30.3603611,76.3850861,32740,1904.390513295924,1906.836669921875,0.4775846064333457,0.1951682608817625,1.4554009737178195,-0.4664674828959467,-0.1072002605670682,859.5636877229111,22.88169449138212,1.0,112.0,14,5,10,126.0,SIRHIND
35033,Jorki Andhewali (215),FAZILKA,30.3603611,74.2342758,35033,1905.0082350678776,1906.8343505859375,0.6333535489727106,0.3102775830808588,1.5610635388609435,-0.6002972783727578,-0.2127689188546401,502.441796947382,24.38697225041514,1.0,553.0,124,112,236,553.0,Arniwala Shiekh Subhan
32884,Ladpur T (5),FATEHGARH SAHIB,30.2342339,76.12006,32884,1905.655929890412,1906.8331298828125,0.4411929656075156,0.1448036933776543,1.532426148356941,-0.4299552034393944,-0.073082397479237,901.5022032369908,22.79875937494073,0.9830189593340845,252.0,250,250,450,260.0,AMLOH
35927,Jaurkian (96),MANSA,29.8018017,75.33205,35927,1906.3847330108256,1906.8314208984375,0.5775828110153906,0.1167271409832504,1.3982137275550348,-0.5639179810377432,-0.051340674148404,636.0737380070094,24.4881135693417,1.0,911.0,5,80,428,911.0,JHUNIR
36405,Ranjitgarh (99),PATIALA,30.4684677,75.98893,36405,1904.3427432084857,1906.8306884765625,0.5754126900660637,0.2220817921840291,1.5597765407272717,-0.5411702024607584,-0.1418192606556157,760.4251894166367,22.92419452819485,1.0,199.0,45,50,110,215.0,NABHA
32636,Wazirabad (44),FATEHGARH SAHIB,30.522522,76.40766,32636,1905.8598661934543,1906.8306884765625,0.3472179021270467,0.0867599469787601,1.2263101498259787,-0.361705038465929,-0.0177780849756748,859.5636877229111,22.88169449138212,1.0,152.0,52,50,120,195.0,SIRHIND
32293,Thathiala (266),Shahid Bhagat Singh Nagar,30.9909916,76.1497955,32293,1909.657871687787,1906.83056640625,0.5297997320264144,0.1711517413969958,1.5512053006927229,-0.5122923731397202,-0.0966762003236603,849.6160552981892,22.74103871961132,1.0,16.19,5,4,5,124.0,NAWANSHAHR
32860,Chelan (22),FATEHGARH SAHIB,30.6126118,76.2274246,32860,1908.4804091668384,1906.829345703125,0.4493254358051531,0.1256893486389148,1.3567166609989012,-0.4397117158308306,-0.0575814194319178,825.7323893716233,22.871801084820504,1.0,130.0,20,15,100,145.0,AMLOH
35297,Kakhanwali (25),SRI MUKTSAR SAHIB,30.1981983,74.48695,35297,1906.2915712336808,1906.828125,0.5998086401567748,0.2389425102765405,1.3402880975467963,-0.5729024317941994,-0.1443826985254076,441.14582018445634,24.88974203979419,1.0,1506.0,292,297,710,1971.0,LAMBI
32883,Bad Gujjran (6),FATEHGARH SAHIB,30.64865,76.2767639,32883,1906.3367894245707,1906.8253173828125,0.4454795836338529,0.1483500105667756,1.4756194953768422,-0.4392576744958631,-0.0733039826857057,886.4742893214657,22.82833121856481,1.0,167.0,100,73,172,173.0,AMLOH
35860,Bangi Nihal Singh (38),BATHINDA,29.9819813,75.07312,35860,1906.3712179707184,1906.8251953125,0.6094043360501515,0.236531061982592,1.5280874017371588,-0.5759014508679192,-0.1510558009633792,529.9279773054734,24.5813250411929,1.0,1372.0,662,698,803,1476.0,TALWANDI SABO
36873,Raipur (384),PATIALA,30.3243237,76.60746,36873,1905.3246392558256,1906.8243408203125,0.3695906347221003,0.1375132029257312,1.156112379526948,-0.408667139191366,-0.045761732023057,825.9812089612382,23.1960268126378,1.0,252.0,48,48,70,120.0,GHANAUR
36432,Faridpur (124),PATIALA,30.3423424,76.41278,36432,1903.6688174609976,1906.821533203125,0.5514231721621856,0.2127096361253498,1.5119447719229395,-0.5226258594245387,-0.130162251203302,793.9282860410497,22.95210825478004,1.0,221.0,65,43,158,237.0,NABHA
30721,Rara (522),HOSHIARPUR,31.81982,75.8074951,30721,1910.4667765472573,1906.8206787109375,0.4821254503988676,0.2033645514348878,1.525492925528286,-0.4429576010177019,-0.1150619073048591,899.495119135608,22.26800492968988,0.8842867685909381,4.0,220,220,323,966.0,TANDA
35397,Barkandi (63),SRI MUKTSAR SAHIB,30.594595,74.83173,35397,1904.6669413142297,1906.820556640625,0.6327793842414565,0.3180740851426929,1.4682783910779704,-0.5977418560915149,-0.2137688327525022,525.3695717920332,24.3792878702946,1.0,763.0,218,218,516,821.0,MUKTSAR
35923,Bajewala (107),MANSA,29.927927,75.55207,35923,1907.722671501176,1906.81982421875,0.5896086281274092,0.1723043418032286,1.4436946860143425,-0.5695691402306758,-0.0973446963044977,657.5457843949692,24.386946081902124,1.0,1713.0,22,820,885,1838.0,JHUNIR
36949,khairpur Sheikhan (135),PATIALA,30.4864864,76.58844,36949,1907.4964422580765,1906.81982421875,0.3156423714192372,0.0549268126199774,0.8707727012652593,-0.3768196353363707,0.0209503214699645,825.9812089612382,23.1960268126378,1.0,112.0,0,60,235,127.0,Shambu Kalan
38873,Bara Makrauna (299),RUPNAGAR,30.9189186,76.51241,38873,1901.0822829447031,1906.8197021484375,0.5694616169950686,0.2297370120172742,1.590905060287476,-0.5346695920092577,-0.1488607562235505,910.0020467271572,22.723786781978,1.0,204.0,79,103,219,232.0,CHAMKAUR SAHIB
28580,Khokhewal (1),GURDASPUR,31.9639645,75.41655,28580,1905.557794298175,1906.8182373046875,0.4417947333628149,0.1692415498838742,1.2668681540110476,-0.4353896237272044,-0.0799428847718566,860.1867499759095,22.40933991115594,0.8305427513885916,125.0,30,0,44,200.0,SRI HARGOBINDPUR
36728,Rohar Jagir (266),PATIALA,30.1621628,76.5228348,36728,1905.4719498664565,1906.8162841796875,0.376550411811517,0.1812644038424906,0.9803583187075252,-0.4152489591993389,-0.0627219304533241,831.8383189847367,23.081396195602963,1.0,497.0,150,110,310,445.0,BHUNER HERI
33364,Laton Joga (215),LUDHIANA,30.9009018,75.84705,33364,1907.7716960770483,1906.815673828125,0.4797871486425621,0.1554868480822654,1.5077905471043749,-0.473267396866767,-0.0818548935619743,846.2337414372411,22.7482749112023,1.0,60.0,30,30,83,85.0,LUDHIANA-2
32849,Kaulgarh (167),FATEHGARH SAHIB,30.594595,76.1923141,32849,1909.4900213973528,1906.8138427734375,0.4568342901811605,0.1040508580944381,1.416004302156265,-0.4362307492693046,-0.0451877849096558,825.7323893716233,22.871801084820504,1.0,502.0,68,120,257,517.0,AMLOH
36677,Fatehpur Rajputan (139),PATIALA,30.21034,76.38164,36677,1907.3265355567448,1906.8123779296875,0.3637206073221997,0.1068271306755034,1.0824351975597195,-0.3875186876707266,-0.0234267121324099,890.301031023924,22.858356272642983,1.0,425.0,153,140,305,461.0,SANOUR
35736,Bhucho Khurd (207),BATHINDA,30.3963966,75.13901,35736,1903.861150950204,1906.812255859375,0.4957283936182094,0.1393173821522835,1.425530891428519,-0.48543240141583,-0.0718248565311221,569.7358854677391,24.32536589896476,0.999582803341191,96.0,621,570,1035,1810.0,NATHANA
30180,Kala (203),JALANDHAR,31.0270271,75.80011,30180,1906.290296861138,1906.807861328125,0.6031219368212405,0.2352593829342017,1.7641231129815511,-0.5654142955739322,-0.1621240559293101,794.9461236547708,22.57157529697722,1.0,162.0,186,186,876,162.0,PHILLAUR
28605,Pero Shah (83),GURDASPUR,31.6936932,75.47134,28605,1906.883032431448,1906.8072509765625,0.5192711390160268,0.212841418061137,1.577936785864045,-0.4925689229272867,-0.1277198667658408,973.7182202746766,22.143738726509184,1.0,171.0,50,0,150,225.0,SRI HARGOBINDPUR
36673,Behal (146),PATIALA,30.216217,76.46059,36673,1907.0651865641269,1906.806640625,0.3921625297539821,0.1374176267523102,1.1688329529267627,-0.4159286026146441,-0.0476497016261825,874.0690330100779,22.999904909088983,1.0,161.0,153,185,227,175.0,BHUNER HERI
30204,Takhar (239),JALANDHAR,31.0990982,75.71027,30204,1906.267878934268,1906.805419921875,0.65843705931142,0.2797809881442923,1.916871732507777,-0.6098893322566874,-0.2088952315595066,794.9961781959986,22.57150894432182,1.0,130.0,55,55,172,153.0,RURKA KALAN
37121,Arazi Kot Rajada (58),AMRITSAR,31.657753,74.84883,37121,1907.474511150868,1906.804443359375,0.3996382958157526,0.1797212551444246,1.015823497083471,-0.4207629530742239,-0.0695081981679951,1029.3109211137194,22.44264872431376,1.0,4.0,0,0,1,28.0,AJNALA
30339,Kabulpur (204),JALANDHAR,31.261261,75.54496,30339,1907.818972418151,1906.802734375,0.4863517610992139,0.1236844965656235,1.497092541566985,-0.4802904215674454,-0.0587450873158097,866.5677848269837,22.48811818547273,1.0,6.477,135,46,297,153.0,JALANDHAR-EAST
37163,Dyal (134),AMRITSAR,31.6756763,74.8427048,37163,1908.1222658178133,1906.802734375,0.5148039573276205,0.1787580174467708,1.2446989786362863,-0.503364267293647,-0.0886254441163404,897.9391741931215,22.80138393620477,1.0,67.0,20,20,63,67.0,HARSHE CHHINA
28594,Ladha Munda (86),GURDASPUR,31.6936932,75.47134,28594,1907.9565856143008,1906.800048828125,0.5682999361040618,0.2538251156045661,1.7111751929007777,-0.5309580451913957,-0.1665560707142425,973.7182202746766,22.143738726509184,1.0,315.0,78,0,623,864.0,SRI HARGOBINDPUR
29076,Nadali (11),KAPURTHALA,31.5160732,75.22186,29076,1904.010598233093,1906.7998046875,0.5380203703511987,0.2321967254899919,1.539492927564263,-0.5209572435826066,-0.1392794287107792,790.8015721140484,22.40587925886498,1.0,350.0,300,260,360,362.0,NADALA
30716,Gill (46),HOSHIARPUR,31.6756763,75.62606,30716,1903.04688288423,1906.796630859375,0.591370190593179,0.2597507671352053,1.7262065205099792,-0.5529843439560984,-0.1740224529615354,928.5261276175872,22.425879731414227,1.0,0.1,18,15,150,142.0,TANDA
29031,Mand Rawan (41),KAPURTHALA,31.6012325,75.44619,29031,1906.918556645009,1906.7950439453125,0.4984265965522698,0.1718101704398472,1.5413152590399255,-0.4739837233997983,-0.0982331522163992,817.2580110211966,22.42965435294684,0.9802579496123924,40.0,0,1,1,5.0,NADALA
37725,Banian (90),AMRITSAR,31.6396389,75.13114,37725,1907.65030908586,1906.794677734375,0.450189275975779,0.1427834815829556,1.3985583150539913,-0.4469328595963929,-0.0669207344146618,985.5523671214972,22.42410289269037,1.0,167.0,45,45,145,187.0,TARSIKKA
34971,Totianwala (198),FAZILKA,30.6126118,74.25945,34971,1905.9753702999951,1906.7928466796875,0.6237147200049553,0.334520302357726,1.5174347594289213,-0.588509603259875,-0.2306322512508815,549.9380487442786,24.258800634918178,1.0,130.0,80,80,134,432.0,JALALABAD
37062,Ghagar Sarai (82),PATIALA,30.4864864,76.58844,37062,1906.9999090514784,1906.7926025390625,0.3869405753593674,0.0692127489819765,1.1851518689773906,-0.4202643566337904,-0.0029284214664293,790.9914962195153,23.03663042227454,1.0,158.0,30,210,378,260.0,Shambu Kalan
32891,Kumbh (67),FATEHGARH SAHIB,30.64865,76.29771,32891,1906.6395208758552,1906.7918701171875,0.3262674194576439,0.0668094343673574,1.166745372703382,-0.3385909851218562,-0.0059720033404929,859.5636877229111,22.88169449138212,0.7714178712707568,262.0,200,195,240,275.0,AMLOH
36045,Phuluwala Dod (224),MANSA,29.8558559,75.70521,36045,1906.9438571716591,1906.7918701171875,0.5779503348779357,0.216723961040385,1.5202339943178953,-0.5502443306871436,-0.1327151108283855,657.1467461993592,24.19437299224586,1.0,414.0,100,98,187,464.0,BUDHLADA
32281,Bairsal (276),Shahid Bhagat Singh Nagar,31.0692234,76.00256,32281,1912.9882507787288,1906.7911376953125,0.4998826764090939,0.1789579055755553,1.3504154529896293,-0.5020712964785802,-0.0925982039491908,840.4909315516846,22.737270569515545,1.0,2.0,0,0,90,117.0,AUR
32746,Hussainpura (305),FATEHGARH SAHIB,30.63063,76.38819,32746,1903.4155374235183,1906.790771484375,0.5068940833278642,0.2448582285361946,1.3768920111527858,-0.5069902332025796,-0.1376587108961515,888.7562545945542,22.84437835799872,1.0,2.47,50,58,190,484.0,SIRHIND
33354,Ajnaud (221),LUDHIANA,30.738739,76.01257,33354,1907.100708556732,1906.7879638671875,0.4591598596733965,0.1817468580941246,1.5985342918685037,-0.4388764839847029,-0.1036910000695733,839.7097679784196,22.70817968043576,1.0,281.0,2,0,243,314.0,DORAHA
35286,Abul Khurana (159),SRI MUKTSAR SAHIB,30.1981983,74.48695,35286,1906.5542689471908,1906.787109375,0.5834782278331714,0.2472218378169289,1.3090947796655106,-0.562313306104701,-0.1479508795942395,453.12714182860174,24.75979983701136,1.0,2879.0,1220,1245,1747,2824.0,LAMBI
39187,Kambala (226),S.A.S Nagar,30.72072,76.71098,39187,1908.0482168114825,1906.7867431640625,0.3938344588540068,0.0620234771207284,1.2353594365863283,-0.4053374659542924,-0.006236019082616,802.6603615346302,22.75333123316661,0.4591026928399991,220.0,120,100,348,217.0,KHARAR
38309,Kotli Saru Khan (134),Tarn Taran,31.5675678,75.0095749,38309,1912.4866783578564,1906.78662109375,0.4833881022994536,0.1449199823264301,1.3181887590448789,-0.4794687078220265,-0.0674100835310628,940.791333000888,22.44797346272628,1.0,108.0,125,100,175,116.0,KHADUR-SAHIB-10
35919,Nangla (149),BATHINDA,29.9819813,75.09392,35919,1907.721984546974,1906.786376953125,0.5221045809732595,0.0600580444990483,1.2795570954950706,-0.5288160816649119,-0.002685179449364,621.570489478649,24.4553945899852,1.0,1133.0,251,350,553,1216.0,TALWANDI SABO
36154,Kharak Singhwala (64),MANSA,30.0,75.39883,36154,1907.983999148732,1906.78173828125,0.6526093938898895,0.2783904699223041,1.5965098971992664,-0.6093487066153058,-0.1956663332080531,626.4518740584748,24.188499415187493,1.0,808.0,480,480,534,858.0,MANSA
35321,Tharajwala (162),SRI MUKTSAR SAHIB,30.27027,74.6459,35321,1906.4724206638923,1906.7796630859375,0.6066775309627301,0.2936354287521087,1.4443158125735986,-0.5676629364636328,-0.1919562645630772,476.4493385558982,24.62855938618571,1.0,1233.0,6,558,819,1399.0,GIDDERBAHA
30344,Shekhe Pind (211),JALANDHAR,31.2432442,75.55161,30344,1908.4076270504088,1906.77880859375,0.4608119898532991,0.1246588560976246,1.3649900761569858,-0.4667373367956915,-0.0503092624559351,866.5677848269837,22.48811818547273,0.8227040752291643,2.42,120,20,115,84.0,JALANDHAR-EAST
32868,Majri Kishnewali (14),FATEHGARH SAHIB,30.6126118,76.2274246,32868,1907.3916438866715,1906.7783203125,0.478806740330462,0.1477962182022422,1.4568443362976102,-0.4601396453745713,-0.0786817065607569,825.7323893716233,22.871801084820504,1.0,248.0,58,87,257,250.0,AMLOH
31788,Chela (83),HOSHIARPUR,31.3196716,75.94442,31788,1902.4084906427856,1906.7764892578125,0.5655859383067854,0.2194867501220923,1.55707196485044,-0.542818421413246,-0.1370663353272081,770.3898518066413,22.770157465314508,0.9962232253611264,136.0,113,113,169,150.0,MAHILPUR
33253,Bharthala Randhawa (192),LUDHIANA,30.738739,76.01257,33253,1905.9113287998728,1906.7762451171875,0.572974092933739,0.2487013327513291,1.541856788686368,-0.5428219244318621,-0.1594228903873051,797.9699912478821,22.851000825335177,1.0,500.0,20,0,200,275.0,DORAHA
29596,Dhak Manak (35),KAPURTHALA,31.3873882,75.39295,29596,1904.4061054135875,1906.7735595703125,0.5946437110189657,0.2451224656920973,1.6829861128240815,-0.5628318043246068,-0.1638438596408403,758.6326393296616,22.882709852809228,1.0,9.0,9,0,3,131.0,PHAGWARA
30270,Isharwal (179),JALANDHAR,31.3153152,75.58828,30270,1903.5936000220715,1906.7734375,0.5867486998887138,0.2200708964792058,1.7628486946910422,-0.5488397879062299,-0.1445131187806499,800.0184221456906,22.58191217855717,1.0,6.8,180,182,310,324.0,JALANDHAR-EAST
36400,Babarpur (107),PATIALA,30.4684677,75.98893,36400,1904.903355808336,1906.773193359375,0.5910946587541551,0.2586761147421774,1.5627731075250058,-0.5591629735386358,-0.1680492752550601,760.4251894166367,22.92419452819485,1.0,448.0,2,100,330,472.0,NABHA
37503,Kairon Nangal (232),AMRITSAR,31.7657661,74.95786,37503,1905.7270187042748,1906.7708740234375,0.4764896123036314,0.1653514186419551,1.4756392491024375,-0.4571657655786677,-0.0886687915545642,1010.3204640557664,22.236575219337794,1.0,136.0,61,61,135,159.0,MAJITHA
36122,Sadda Singhwala (72),MANSA,30.0,75.39883,36122,1905.7476728895203,1906.770751953125,0.6495276460279674,0.2948706684704092,1.6676449301513203,-0.6014986050060898,-0.2107135612455543,645.5949041058915,24.315755701579803,1.0,736.0,350,370,460,819.0,MANSA
28689,Nangal Buttar (185),GURDASPUR,31.81982,75.36219,28689,1906.75038219388,1906.770263671875,0.5489537969850304,0.2387559542750927,1.7165784105291222,-0.5092163764930939,-0.1548034709092026,1019.7492483069794,22.06568892097681,1.0,178.0,219,207,234,202.0,QADIAN
29613,Fatehgarh (70),KAPURTHALA,31.3873882,75.39295,29613,1906.4768451272864,1906.767822265625,0.6280298005139877,0.2579944488889442,1.8203412345456145,-0.5822018210748029,-0.1788592755114859,789.2529609610932,22.57912219385276,1.0,166.0,37,0,71,93.0,PHAGWARA
36684,Khaktan Khurd (150),PATIALA,30.216217,76.39803,36684,1907.695319130802,1906.767578125,0.2558835519348422,0.0425479475631675,0.6232544267729666,-0.3268324158603006,0.0460434129153223,904.4869187285798,22.935428991022263,1.0,105.0,52,52,68,114.0,BHUNER HERI
39211,Giga Majra (281),S.A.S Nagar,30.72072,76.71098,39211,1904.119092643184,1906.7666015625,0.422103204335494,0.0871791391761289,1.302993724559675,-0.4351433314179593,-0.0190683662338832,809.8476621320145,22.86854183890836,1.0,5.0,50,216,370,322.0,KHARAR
36951,Jakhepal (84),PATIALA,30.47578,76.59372,36951,1907.641954552291,1906.76318359375,0.376818993928831,0.0596563941299237,1.0392012878387071,-0.4263886197046022,0.0139509438738061,837.4080634828956,23.122490403211057,1.0,161.0,4,4,105,89.0,Shambu Kalan
28602,Mehmadpur (81),GURDASPUR,31.9639645,75.41655,28602,1907.024815385342,1906.7626953125,0.5546358774083314,0.2219200975107226,1.7654459818325468,-0.5155627640765718,-0.143900891636565,973.7182202746766,22.143738726509184,1.0,122.0,25,0,86,132.0,SRI HARGOBINDPUR
36947,Hashampur (134),PATIALA,30.4864864,76.58844,36947,1906.7637624689,1906.7586669921875,0.3006878779852887,0.0728755365516717,0.7884658519226345,-0.3737795348801673,0.0173712876551888,825.9812089612382,23.1960268126378,1.0,120.0,35,35,90,136.0,Shambu Kalan
36948,Chattar Nagar (85),PATIALA,30.4759121,76.59377,36948,1907.313321712168,1906.7576904296875,0.3444392096285086,0.0984527487297703,0.9451295278166616,-0.4080884518343073,-0.0056732967121461,840.8946774534616,23.100052638560257,1.0,139.0,22,22,116,158.0,Shambu Kalan
36810,Jogipur (117),PATIALA,30.349287,76.43516,36810,1906.0338163089389,1906.7576904296875,0.3826677874019274,0.1220763316581526,1.0699066712603,-0.4182061196643444,-0.0329621753205071,899.4118514468568,22.83189132190313,1.0,220.0,80,120,325,257.0,SANOUR
28680,Awan (191),GURDASPUR,31.81982,75.21376,28680,1906.724320966999,1906.7574462890625,0.5634100949579453,0.2421094591146288,1.8445136918997511,-0.5207377544377035,-0.1612689043232308,1019.7492483069794,22.06568892097681,1.0,243.0,332,95,113,165.0,QADIAN
28645,Badowal (109),GURDASPUR,31.6936932,75.47134,28645,1904.6050113028944,1906.7568359375,0.5514835361080993,0.2311024710241158,1.6695487794503387,-0.5149082121548891,-0.1468781577683833,973.7182202746766,22.143738726509184,1.0,150.0,60,0,186,163.0,SRI HARGOBINDPUR
36809,Asarpur (115),PATIALA,30.34911,76.4339,36809,1909.5487072868527,1906.7568359375,0.3841010262594391,0.0859428282129531,1.1838253061142163,-0.4007672887126433,-0.0166406720836087,899.4118514468568,22.83189132190313,1.0,90.0,100,100,244,101.0,SANOUR
33278,Daulatpur (413),LUDHIANA,30.3603611,75.8630447,33278,1905.997573527438,1906.7568359375,0.587409880885297,0.2654353502320449,1.3805085960005905,-0.5732735621571046,-0.1648056179510718,777.9621127059357,22.86999094422293,0.9768133133329376,208.0,120,26,156,231.0,Maloud
37407,Chetanpura (283),AMRITSAR,31.75337,74.7847061,37407,1905.097411678474,1906.756103515625,0.5182561551387973,0.1619380089076968,1.317672753719722,-0.5038579273386957,-0.0839129726729437,956.3934597184556,22.49043735746289,1.0,131.0,130,125,370,158.0,HARSHE CHHINA
30378,Udhopur (257),JALANDHAR,31.261261,75.52388,30378,1912.834683104298,1906.755126953125,0.4638160043177407,0.1049696132042452,1.3686032287129666,-0.4707248891032877,-0.042278815539891,842.6980853065204,22.59137302923845,1.0,239.0,15,40,140,256.0,JALANDHAR-EAST
35880,Kutiwal Khurd (67),BATHINDA,30.072073,75.2246552,35880,1906.349998572236,1906.7545166015625,0.6498015163305478,0.274784458008851,1.6324846883074455,-0.6084176083310741,-0.1929519872430143,626.4518740584748,24.188499415187493,1.0,532.0,111,250,382,567.0,MAUR
35310,Mithri Budhgir (5),SRI MUKTSAR SAHIB,30.0540543,74.60728,35310,1908.3331051139369,1906.7535400390625,0.609340775126668,0.2699042408888421,1.2984729622412716,-0.5929347295049994,-0.1649631977753478,455.0320002248185,24.826880054702144,1.0,885.0,227,227,542,998.0,LAMBI
37477,Jalalpura (298),AMRITSAR,31.7477474,74.96446,37477,1906.4999953468064,1906.7518310546875,0.4395589779734974,0.1025384579002944,1.2736806711451658,-0.4329616572069288,-0.0354857985822464,1002.4769100358384,22.25821241457089,1.0,242.0,0,120,299,279.0,MAJITHA
33090,Garhi Tarkhana (79),LUDHIANA,30.8828831,76.2106857,33090,1906.636112878252,1906.751220703125,0.5018294904132192,0.1622886667170591,1.5973968407130803,-0.4778717389613051,-0.0941146171998034,876.6879233529465,22.82727164855009,1.0,386.0,0,15,476,403.0,MACHHIWARA
35868,Bhai Bakhtour (24),BATHINDA,30.216217,74.93847,35868,1907.472205133628,1906.74951171875,0.6108916449577196,0.2120231757248319,1.5395616577196392,-0.5765435293535532,-0.1349766445764659,573.0116352586934,24.361076372986485,1.0,770.0,45,426,560,811.0,MAUR
37751,Kot Hayat (97),AMRITSAR,31.6576576,74.9763641,37751,1907.12537165716,1906.7476806640625,0.5011220995104908,0.1870330793920629,1.5834171634102872,-0.4812929227010455,-0.108955907100718,985.595131199588,22.42399866098981,1.0,140.2,59,45,105,156.0,TARSIKKA
35725,Gobindpura (176),BATHINDA,30.3963966,75.11812,35725,1904.2909649670053,1906.7469482421875,0.6367073122232718,0.2810839939580057,1.6689201904342332,-0.5921594804999303,-0.1981653783565139,559.9973002262176,24.194473824657297,1.0,404.8583,120,50,260,2791.0,NATHANA
35933,Bhalaike (105),MANSA,29.8018017,75.33205,35933,1908.017911334024,1906.7464599609375,0.586357440634225,0.1323537485441773,1.4841165249261503,-0.5599895465541675,-0.0697532604140008,668.7677632676151,24.40368084245156,1.0,675.0,138,298,330,716.0,JHUNIR
30350,Bhojowal (192),JALANDHAR,31.3153152,75.58828,30350,1909.39075246902,1906.7451171875,0.4808496123902585,0.1343895911208264,1.6089005372897456,-0.4626104594557624,-0.0716575950008023,820.4184881582986,22.580054681662425,1.0,7.2,40,40,274,138.0,JALANDHAR-EAST
36261,Shadipur Alias Momian (197),PATIALA,29.8558559,75.99606,36261,1905.9726855182453,1906.7432861328125,0.3653406537456494,0.1549250535939228,0.9544739801250354,-0.4119970049621528,-0.047638505485283,643.9649861016376,23.78799118568725,1.0,377.0,44,0,120,395.0,PATRAN
37401,Khatrai Khurd (293),AMRITSAR,31.7864227,74.75281,37401,1906.1481903723604,1906.7415771484375,0.5405365237327838,0.1966099928240505,1.3456778386544326,-0.5250190327158778,-0.1098430813081176,956.3934597184556,22.49043735746289,1.0,217.0,75,72,117,236.0,HARSHE CHHINA
37349,Wachhoa (255),AMRITSAR,31.7477474,74.9432755,37349,1906.730425919966,1906.7371826171875,0.5248859605446762,0.1744610887256316,1.2491119729443927,-0.5160045712990287,-0.0882171479145734,971.0823344763368,22.48174628679054,1.0,665.0,271,272,667,763.0,AJNALA
33008,Sainsowal Khurd (35),LUDHIANA,30.81081,76.34226,33008,1905.5946974364504,1906.7359619140625,0.4776631749132504,0.1473516391140752,1.3479311017478215,-0.4828593057662258,-0.0713666875836449,851.0235640218156,22.741619939577788,0.9234929081165204,8.0,45,50,94,30.0,MACHHIWARA
39480,Mandian (125),SANGRUR,0.0,0.0,39480,1907.6241979121403,1906.734375,0.6207777137880017,0.2916253911736324,1.5016840630909614,-0.5851908416961629,-0.1937309569984677,777.5159461147878,22.87105756327633,1.0,165.0,65,50,156,209.0,MALERKOTLA
36944,Bapraur (143),PATIALA,30.4864864,76.58844,36944,1906.8012704007565,1906.7333984375,0.3311678864671528,0.0652120348297709,0.9660944840232568,-0.38289483484706,0.0098036571203156,825.9812089612382,23.1960268126378,1.0,237.0,200,340,430,392.0,Shambu Kalan
33143,Rajewal (121),LUDHIANA,30.8288288,76.18873,33143,1905.000026489338,1906.7327880859375,0.4730955241122054,0.1395847996644698,1.3852788643359546,-0.4663810877897416,-0.0683526090926903,887.4487522056,22.71525586757884,1.0,265.0,40,40,280,291.0,SAMRALA
29664,Man (95),KAPURTHALA,31.36937,75.3784943,29664,1910.7438978791483,1906.730712890625,0.5778763960197403,0.1989863965411114,1.7927754535054308,-0.5397463941435445,-0.1307207550988094,774.5449784209626,22.62641459229758,1.0,200.0,103,0,172,118.0,PHAGWARA
29629,Dhak Khati (58),KAPURTHALA,31.259634,75.7152939,29629,1905.472840666053,1906.729736328125,0.5641186204610991,0.1989895167497172,1.6694106575684955,-0.5338313617404922,-0.1246685259157829,746.0230234076874,22.86978814647381,1.0,3.0,0,0,4,148.0,PHAGWARA
37395,Mughlani Kot (301),AMRITSAR,31.7864132,74.75294,37395,1909.4928795257715,1906.72900390625,0.4789424200520234,0.1482192185969298,1.1071277787752003,-0.4934273210924607,-0.058528932855244,898.4865638425248,22.708453943606344,1.0,92.0,42,25,69,104.0,HARSHE CHHINA
37280,Bohlian (216),AMRITSAR,31.7534142,74.7847,37280,1906.148052365371,1906.723876953125,0.5587346799051555,0.2059312411115619,1.4053211139799733,-0.5353702657484426,-0.1221748822949087,890.6723353078263,22.813989407574297,1.0,425.0,65,0,256,455.0,HARSHE CHHINA
36117,Mussa (84),MANSA,30.2522526,75.19539,36117,1905.427609834837,1906.721435546875,0.6176567434769683,0.2564918860657526,1.5043655394457147,-0.5882120564462092,-0.1691586612468279,645.5949041058915,24.315755701579803,1.0,1138.0,395,394,734,1233.0,MANSA
33117,Kubba (337),LUDHIANA,30.594595,76.35977,33117,1907.7486188758896,1906.718994140625,0.4997716764818017,0.1860653314326308,1.5364811507957112,-0.4854399632827644,-0.1072121399483223,860.8907404353516,22.642453532259594,1.0,260.0,40,40,221,316.0,SAMRALA
35910,Menuana (137),BATHINDA,29.9819813,75.09392,35910,1906.4385191168465,1906.717529296875,0.5790714802968165,0.1346125008391501,1.43977467722102,-0.5644795728285277,-0.0685544734627104,576.39137832426,24.54118743308993,1.0,851.0,121,82,128,378.0,TALWANDI SABO
29640,Ranipur Kamboan (3),KAPURTHALA,31.2072067,75.77561,29640,1903.6070432029453,1906.71728515625,0.5849834736552832,0.2384827552967653,1.7058936472336357,-0.5581685852834899,-0.1572363009170781,808.104898141844,22.617442328416253,0.9516200165658472,1138.0,350,0,516,679.0,PHAGWARA
36664,Salempur Jattan (216),PATIALA,30.1441441,76.3005,36664,1906.740288712541,1906.7164306640625,0.4277145917554366,0.1694636887626112,1.0574565822351438,-0.4617891704630131,-0.0655883388463967,855.5401804854768,23.039179985216663,1.0,140.0,55,55,113,140.0,SANOUR
32811,Baina Buland (67),FATEHGARH SAHIB,30.2342339,76.12006,32811,1907.1460187364985,1906.716064453125,0.4398050351120281,0.095777103666546,1.248553773944248,-0.4391026695512856,-0.0304546906631442,825.7323893716233,22.871801084820504,1.0,199.0,42,58,160,213.0,AMLOH
32850,Dharamgarh Urf Tarkhan Majra (20),FATEHGARH SAHIB,30.594595,76.21325,32850,1909.5139936194885,1906.7154541015625,0.4823030113842035,0.1672844350507223,1.438125281078737,-0.4642825078863835,-0.0909979406679758,825.7323893716233,22.871801084820504,1.0,242.91,25,35,120,141.0,AMLOH
36262,Jaikhar (196),PATIALA,29.8738747,76.00979,36262,1906.1206559914417,1906.7139892578125,0.4076992148339721,0.1621113026301003,1.0875469625222418,-0.4316531359715402,-0.0654036579909594,640.1534916880479,23.841034825654848,1.0,182.0,222,0,222,390.0,PATRAN
36535,Chuharpur Araian (78),PATIALA,30.18018,76.161644,36535,1910.1544250767893,1906.7138671875,0.4459999917344745,0.0646402371343492,1.2365819360422856,-0.4606004928777242,-0.0049535984115364,862.5998821894119,22.87901942790484,0.4691072555924879,8.0,0,0,11,16.0,PATIALA
37592,Dhatal (360),AMRITSAR,31.54955,74.67793,37592,1909.720005593927,1906.7135009765625,0.4823589746194433,0.1284471095588249,1.316881524910691,-0.4622161584135913,-0.0570915442279916,897.8450241496461,22.815218621373333,1.0,197.97,151,75,261,219.0,ATTARI
37055,Alampur (43),PATIALA,30.4864864,76.58844,37055,1905.8560718571584,1906.7088623046875,0.3452044379832944,0.0320965605195341,0.9597979104666342,-0.3991774506966126,0.0327746307384564,799.1347241187467,23.013001229517805,1.0,109.0,92,92,210,129.0,Shambu Kalan
35895,Bangher Charat Singh (48),BATHINDA,30.072073,75.2246552,35895,1906.4071588888185,1906.7081298828125,0.6201200020469849,0.252901170877769,1.5374075352066991,-0.5850348189602068,-0.1657811531344211,567.5991002156052,24.3950464074448,1.0,403.23,150,142,241,442.0,MAUR
36716,Maqboolpur Bhaini (247),PATIALA,30.14035,76.5074539,36716,1906.7572296280969,1906.7060546875,0.3869946737364899,0.1873739665790746,0.95311726581066,-0.4188615933170844,-0.0682055086796481,831.8383189847367,23.081396195602963,1.0,302.0,422,45,77,299.0,BHUNER HERI
37269,Nanoke (262),AMRITSAR,31.7657661,74.93667,37269,1904.9953129761373,1906.7039794921875,0.5590285055610927,0.2342995878715645,1.3369415479018507,-0.5416307426924386,-0.1385739264420555,982.8970431163228,22.515410796395347,1.0,332.0,288,132,224,359.0,AJNALA
32786,Balpur (341),FATEHGARH SAHIB,30.6281471,76.3840561,32786,1905.25103732334,1906.7001953125,0.5081412809374631,0.2172207906817168,1.3545330735646297,-0.5061590640413581,-0.1193458800278142,844.8589387347596,22.88174218067712,1.0,406.0,142,82,213,206.0,SIRHIND
37050,Bal Majra (244),PATIALA,30.3423424,76.45454,37050,1905.6481210709871,1906.7001953125,0.3000720449249945,0.0407868678153484,0.8079039161527728,-0.3688407902162053,0.0359680315838028,788.8995203187363,23.02710038097979,1.0,68.0,70,60,70,69.0,RAJPURA
32812,Alipur Sandal (68),FATEHGARH SAHIB,30.2342339,76.12006,32812,1907.2193127213093,1906.6995849609375,0.4605213705252403,0.1204931785331924,1.2942862764874752,-0.4493377101824326,-0.0510789400788812,825.7323893716233,22.871801084820504,1.0,57.0,100,45,125,72.0,AMLOH
36723,Bivipur Khurd (183),PATIALA,30.3423424,76.3710251,36723,1906.09786609786,1906.6993408203125,0.2699855665493494,0.1137496162750573,0.6118869388019896,-0.3516992447514767,0.0068959237328389,839.4021164830605,23.068356897513443,1.0,288.0,25,25,167,251.0,PATIALA
37327,Kotli Saidan (226),AMRITSAR,31.8378372,74.74063,37327,1909.686306045313,1906.6954345703125,0.5572295845591085,0.2020923380475749,1.4032449468272603,-0.5309313032816416,-0.1180807128996595,916.2938473909304,22.66331293311397,1.0,92.0,0,0,1,99.0,AJNALA
35287,Mahuana (32),SRI MUKTSAR SAHIB,30.1981983,74.48695,35287,1906.027688784092,1906.6951904296875,0.6000068127261833,0.2894156464369157,1.3496118319748664,-0.570632837311181,-0.1833652219042612,463.1119266503544,24.73083533687648,1.0,647.0,465,465,595,658.0,LAMBI
36482,Majri Akalian (84),PATIALA,30.3657913,76.37698,36482,1907.370908197284,1906.694580078125,0.434574863609988,0.1021338802702991,1.2550775007608204,-0.4377274164121681,-0.0325442033888495,839.1855749299424,22.919619997673408,1.0,203.0,90,92,215,226.0,PATIALA RURAL
35692,Gill Khurd (8),BATHINDA,30.27027,75.23005,35692,1903.7986936884065,1906.6944580078125,0.6584679860786626,0.3108963533893213,1.6874717600525728,-0.6102932499441972,-0.224602499871559,595.2806376573101,24.19404317437159,1.0,398.4,1110,103,228,448.0,RAMPURA
32207,Gehal Mazari (90),Shahid Bhagat Singh Nagar,31.0990982,75.9627762,32207,1906.215305320667,1906.6944580078125,0.6259020391067796,0.2667480963516098,1.7297393739886815,-0.5882800148403183,-0.1868497299671419,832.3328900566157,22.58890197862525,0.9813243743133692,100.0,1,0,150,107.0,AUR
33187,Ismailpur (210),LUDHIANA,30.63063,76.09503,33187,1906.3016156893937,1906.6939697265625,0.4993280884014703,0.1690103797100041,1.4301924348001536,-0.4855870022753413,-0.091398596826603,901.8612000157732,22.79804944424137,1.0,2.47,0,0,119,209.0,KHANNA
32203,Gunachaur (91),Shahid Bhagat Singh Nagar,31.0630627,75.9970856,32203,1906.1048427820149,1906.6927490234375,0.6013055542658637,0.2433102680372024,1.6383782671738034,-0.5709485538179331,-0.1640678122720097,813.2899441669389,22.67065618652739,0.8416893566064824,100.0,50,0,784,794.0,AUR
33160,Purba (166),LUDHIANA,30.7567558,76.29937,33160,1907.001462214789,1906.6917724609375,0.4603972647847814,0.1203039569425266,1.4346377572277744,-0.448465121280528,-0.05633671281422,887.4487522056,22.71525586757884,1.0,150.0,40,40,190,173.0,SAMRALA
36721,Budhmore (260),PATIALA,30.1621628,76.5228348,36721,1906.914408948326,1906.6873779296875,0.3205731247681312,0.1484968984253222,0.7490613164891139,-0.3901453250524033,-0.0241107404792263,831.8383189847367,23.081396195602963,1.0,460.0,52,80,281,506.0,BHUNER HERI
35944,Mirpur Khurd (182),MANSA,29.6936932,75.23012,35944,1906.0780929563448,1906.6865234375,0.5793588780004881,0.1796958698422074,1.4565738239255823,-0.5416301972267201,-0.1022940800287008,698.6080351191151,24.55854810135882,1.0,2018.0,350,350,511,884.0,SARDULGARH
39293,Chhachhrauli (182),S.A.S Nagar,30.4926014,76.7980347,39293,1906.3175618248013,1906.68603515625,0.3553170107823833,0.072283704068213,0.960076810516688,-0.3990853478411736,0.0090913752316648,784.1068896462815,22.79214443029321,1.0,156.0,0,0,52,194.0,DERA BASSI
33145,Nagra (132),LUDHIANA,30.7567558,76.29937,33145,1905.68525656926,1906.685546875,0.5051330984386085,0.1749147403544984,1.574628660406605,-0.4848989437286898,-0.1010270270781552,885.9118947962994,22.71104294646705,1.0,400.0,45,40,325,284.0,SAMRALA
33512,Bhagwanpura (250),LUDHIANA,30.3948956,75.74166,33512,1906.866184724704,1906.6817626953125,0.391555406088512,0.124336190787013,1.1071452954574412,-0.4087517934157937,-0.0493096596574038,823.8379048928591,22.76565160814526,1.0,116.0,25,55,63,138.0,DEHLON
37402,Lashkari Nangal (294),AMRITSAR,31.6756763,74.8427048,37402,1905.3694721817744,1906.680908203125,0.5251926190604236,0.1711770469195199,1.327475106477884,-0.511313139334851,-0.0893129804418815,956.3934597184556,22.49043735746289,1.0,289.0,230,154,282,326.0,HARSHE CHHINA
35995,Hakamwala (136),MANSA,29.8558559,75.70521,35995,1908.3010445524271,1906.680908203125,0.5664665725367153,0.1794169973386875,1.4772541262287042,-0.5434248531312411,-0.1014288275381895,683.6498769929307,24.32621842862972,1.0,797.0,150,315,554,856.0,BUDHLADA
35879,Thamangarh (65),BATHINDA,30.0540543,75.23178,35879,1904.6816691752683,1906.680419921875,0.6128590961487986,0.2441069374581532,1.4891234175786163,-0.5832085202836381,-0.155721155142285,612.3026593779242,24.20912597210665,1.0,469.0,436,148,212,527.0,MAUR
30517,Shivdaspur (363),JALANDHAR,31.6036034,75.60978,30517,1911.0708441101544,1906.680419921875,0.6000621806310363,0.2256197756506554,1.953526723785025,-0.5510708463775044,-0.1563806300862045,805.4736348798173,22.43289419592901,1.0,87.0,82,18,154,98.0,JALANDHAR - WEST
28604,Kotla Subha Singh (107),GURDASPUR,31.9639645,75.41655,28604,1906.9535211084533,1906.6802978515625,0.5194028667758684,0.2052676010802471,1.5824342626813848,-0.495304111379672,-0.1221404982355269,973.7182202746766,22.143738726509184,1.0,160.0,65,0,166,170.0,SRI HARGOBINDPUR
30320,Kala Bakra (119),JALANDHAR,31.5520077,75.64383,30320,1906.879555436949,1906.6800537109375,0.5620386324324166,0.2034556346507002,1.8981709440484609,-0.524638399299021,-0.1346937279998945,792.1151440343687,22.424674872382283,1.0,2.47,44,15,700,455.0,BHOGPUR
35798,Chak Bakhtu (203),BATHINDA,30.3963966,75.13901,35798,1906.046958848552,1906.6787109375,0.6896256585502655,0.3384205103554344,1.8656193806389456,-0.6276157810770262,-0.2549895179967223,581.8745449544924,24.259180915398243,1.0,970.0,350,350,608,890.0,NATHANA
35878,Kutiwal Kalan (66),BATHINDA,30.072073,75.2246552,35878,1904.537628847031,1906.6781005859375,0.624357047871115,0.2588240452267505,1.6001772691943918,-0.5854229864153601,-0.1753643253508014,611.1826950485524,24.228096994729366,1.0,745.0,288,290,423,774.0,MAUR
32274,Ibrahimpur (279),Shahid Bhagat Singh Nagar,31.0300846,75.99675,32274,1913.8312167609445,1906.6773681640625,0.4367505769489688,0.1408549326299903,1.1294433853771837,-0.4511831881624097,-0.0520382819401207,840.4909315516846,22.737270569515545,0.97923635043282,3.0,13,13,26,142.0,AUR
37484,Rakhnag (290),AMRITSAR,31.7477474,74.96446,37484,1909.4845271482875,1906.676025390625,0.3474600243760717,0.0062230934807157,0.9561695776242424,-0.3523324551240491,0.0458581625407244,969.8854777028458,22.378567518482896,1.0,183.0,16,16,26,198.0,MAJITHA
28828,Manjian Wali (329),GURDASPUR,31.8918915,75.0179138,28828,1907.379833277011,1906.6756591796875,0.5542878324142052,0.2072259037500976,1.4360072944511746,-0.5316372010217641,-0.1234008225576177,1039.6224948575396,22.301412025466675,1.0,80.0,100,100,256,302.0,FATEHGARH CHURIAN
35786,Mian (66),BATHINDA,30.5497913,75.07796,35786,1907.2519948555305,1906.675537109375,0.5970196675048042,0.2604629635846422,1.399246700665991,-0.5676863319572286,-0.1631903344566658,538.7625424760031,24.47252176972772,1.0,717.0,95,100,182,403.0,BATHINDA
35309,Mehna (10),SRI MUKTSAR SAHIB,30.1981983,74.48695,35309,1905.8326403316555,1906.6748046875,0.5790681678424945,0.2306666435709967,1.2666886426108612,-0.5719235782200932,-0.1299373715430912,446.2932766060521,24.87489683272776,1.0,864.0,698,709,1150,2297.0,LAMBI
30660,Dumana (541),HOSHIARPUR,31.72973,75.79725,30660,1907.081821466532,1906.6746826171875,0.4981087300191119,0.1950220675625182,1.4919494544548098,-0.4899202848377097,-0.1092983769209432,854.1744391664673,22.40790606537225,1.0,2.42,22,22,204,131.0,TANDA
30317,Beas Pind (117),JALANDHAR,31.4234238,75.73863,30317,1906.4554461033413,1906.673828125,0.5807113301484631,0.2134376471461274,1.865634449270556,-0.5360870436910367,-0.1444324345940259,816.1350159499132,22.443944372588057,1.0,747.0,36,53,925,804.0,ADAMPUR
33111,Ladhran (86),LUDHIANA,30.7567558,76.29937,33111,1905.750491146516,1906.672119140625,0.4949262476165176,0.1478214462203154,1.502796468011656,-0.4793627537948619,-0.081661440029657,880.992082920221,22.697556477788808,1.0,126.0,40,40,100,153.0,SAMRALA
32814,Braichan (70),FATEHGARH SAHIB,30.5045052,76.2471161,32814,1907.402042773309,1906.6712646484375,0.4571307426929838,0.1341872948158939,1.2535065191709287,-0.4562305949461965,-0.0583057103110833,825.7323893716233,22.871801084820504,1.0,185.0,77,75,230,201.0,AMLOH
32788,Rurki (325),FATEHGARH SAHIB,30.63063,76.38819,32788,1906.715649326612,1906.6661376953125,0.5317739790226099,0.2343886991773282,1.4596375414155534,-0.517336788960747,-0.1383633099918112,844.8589387347596,22.88174218067712,1.0,720.0,45,35,440,780.0,SIRHIND
37508,Chogawan (182),AMRITSAR,31.6576576,74.9763641,37508,1906.8819208393832,1906.6636962890625,0.4242265509514644,0.1095331759265102,1.316721174771646,-0.4220823103263122,-0.0404465542128437,1010.3204640557664,22.236575219337794,1.0,297.0,92,92,469,333.0,TARSIKKA
37510,Mukandpura (178),AMRITSAR,31.7657661,74.95786,37510,1907.6864397388413,1906.6629638671875,0.4053974366342738,0.1047113519601215,1.2323315911916115,-0.4096830127906431,-0.0334893163619667,1010.3204640557664,22.236575219337794,1.0,93.0,20,20,36,110.0,MAJITHA
33039,Chakli Manga (15),LUDHIANA,30.8468475,76.11909,33039,1905.9369494261591,1906.6629638671875,0.5268459819684752,0.213656617295141,1.3785009730251108,-0.5264209763666479,-0.1192411727870348,851.0235640218156,22.741619939577788,1.0,99.0,0,30,112,110.0,MACHHIWARA
29606,Dhak Dhandoli (51),KAPURTHALA,31.31083,75.60498,29606,1904.7748584281844,1906.6611328125,0.569940772654632,0.2008648610312933,1.601511669055791,-0.5452110570015433,-0.1221719887759491,746.0230234076874,22.86978814647381,1.0,1.0,0,0,3,23.0,PHAGWARA
30338,Kangniwal (202),JALANDHAR,31.333334,75.58166,30338,1908.87265966978,1906.6571044921875,0.4900956436313489,0.1368714312617518,1.4697176829169445,-0.4826383795497656,-0.0680255547605329,826.348647861884,22.52980864892539,1.0,1.21,45,45,436,253.0,JALANDHAR-EAST
30334,Kapur Pind (198),JALANDHAR,31.5855846,75.67976,30334,1906.5309942661868,1906.6541748046875,0.5720529878921857,0.2119245445456028,1.8486167489713023,-0.5300398805798672,-0.1406710331317575,785.577917378177,22.57207088470267,1.0,445.0,18,10,500,476.0,ADAMPUR
39274,Jodhpur (171),S.A.S Nagar,30.6897526,76.57741,39274,1905.2763550766845,1906.65380859375,0.3842381792586781,0.071639494721694,1.0878585771461158,-0.4115264042012608,0.0001083198623244,879.953721444835,22.7014883934649,1.0,76.0,13,25,37,83.0,DERA BASSI
37756,Bhattike (99),AMRITSAR,25.783783,87.48457,37756,1906.7683512206315,1906.65283203125,0.460837303827836,0.1431954094352831,1.4671346941766583,-0.4441786102478137,-0.0712971248746694,993.7031429089504,22.38349867900785,1.0,239.0,150,132,323,270.0,TARSIKKA
35169,Panjkosi (123),FAZILKA,30.1981983,74.17425,35169,1905.2345294040888,1906.6527099609375,0.5567891739219478,0.1306115724566836,1.3981547287378362,-0.5343079069825765,-0.0638779612736551,434.39284393912857,24.75649603803906,1.0,5100.0,342,542,945,1690.0,KHUIAN SARWAR
32171,Katt (59),Shahid Bhagat Singh Nagar,31.18919,75.99287,32171,1906.7759724007108,1906.6485595703125,0.630983692908282,0.2630414419481939,1.8346173132623864,-0.5832589684116256,-0.1862018605821604,794.1594812085526,22.669952482494125,1.0,90.0,10,73,213,201.0,BANGA
36449,Alampur (129),PATIALA,30.3423424,76.41278,36449,1902.808395855472,1906.647705078125,0.5252485811083802,0.2387627205857921,1.290440681409301,-0.5202805281532684,-0.1327179500999858,815.9566017796891,22.94605681146857,1.0,57.0,2,5,16,59.0,NABHA
35855,Jogewala (128),BATHINDA,29.9819813,75.07312,35855,1908.268528200652,1906.6473388671875,0.5649178877801582,0.1201262075401835,1.531877534075451,-0.5376023809700509,-0.0633184037224167,576.39137832426,24.54118743308993,1.0,431.0,23,25,231,431.0,TALWANDI SABO
28811,Mansandwal (319),GURDASPUR,31.8204823,75.19994,28811,1905.9389270076465,1906.6473388671875,0.4758278825678316,0.1459865710807328,1.3216597047008067,-0.4668578788324034,-0.0695565505375399,1028.7796877437586,22.28880204636437,1.0,370.0,60,60,60,412.0,FATEHGARH CHURIAN
35128,Siwana (259),FAZILKA,30.1621628,74.1888046,35128,1904.463385285056,1906.6468505859375,0.5857102716622806,0.207115350828445,1.4450080518538972,-0.5518922058608052,-0.1259709774936974,453.1720055552323,24.615661623644225,1.0,614.0,214,70,103,840.0,KHUIAN SARWAR
32872,Annian (29),FATEHGARH SAHIB,30.2342339,76.14092,32872,1908.107505924429,1906.6441650390625,0.4496794810066902,0.1055498531275532,1.3107199711770516,-0.4422977956781129,-0.0398358266685281,858.6301727779429,22.88142150029708,1.0,180.0,135,140,190,193.0,AMLOH
36095,Barnala (116),MANSA,29.9819813,75.38514,36095,1907.0192848499173,1906.643798828125,0.604319869079485,0.2704797962016575,1.4988101952213455,-0.5799785706495802,-0.1754922208984483,653.8389461966177,24.25224275086472,1.0,0.8,750,750,805,920.0,MANSA
28566,Attepur (92),GURDASPUR,31.9639645,75.41655,28566,1908.190906883638,1906.6414794921875,0.5841140436026299,0.2637433987968832,1.7863113066796874,-0.5428353403466473,-0.1779419781503622,911.4683362653152,22.180698756103368,1.0,169.0,94,94,211,212.0,SRI HARGOBINDPUR
32856,Benizer (65),FATEHGARH SAHIB,30.2342339,76.12006,32856,1908.2108792386543,1906.639892578125,0.4475357528892839,0.1135188372074792,1.2963297877818147,-0.4472300272447509,-0.0449873287422878,825.7323893716233,22.871801084820504,1.0,160.0,58,40,103,185.0,AMLOH
37043,Jansua (45),PATIALA,30.4864864,76.5675354,37043,1904.4946123783045,1906.6385498046875,0.3950647420297694,0.0793268810008591,1.1224248194131752,-0.4245621518367161,-0.0061140397086365,826.2175616106741,22.97569420219485,1.0,8.0,29,29,175,254.0,Shambu Kalan
35686,Ram Niwas (4),BATHINDA,30.27027,75.23005,35686,1905.0263773116217,1906.6358642578125,0.6281689190145772,0.2698810401197183,1.5018063628754288,-0.5969436142306076,-0.17959103114544,596.3801905369442,24.20225859025368,1.0,610.4,152,148,435,669.0,RAMPURA
36406,Dandrala Dhindsa (102),PATIALA,30.3603611,76.13451,36406,1904.51275453562,1906.6334228515625,0.5623138415912531,0.2345260055838917,1.4821217972225866,-0.5385529947763779,-0.1446209150800677,760.4251894166367,22.92419452819485,1.0,521.0,0,110,300,554.0,NABHA
33316,Zirakh (391),LUDHIANA,30.63063,75.9484558,33316,1905.9109433370315,1906.63232421875,0.5897617964671025,0.2852033694178024,1.7386064855743115,-0.5599139830497012,-0.1942155474956906,798.1586317765051,22.845822494187047,1.0,233.0,170,28,244,263.0,Maloud
28682,Dhariwal (181),GURDASPUR,32.0360374,75.43334,28682,1907.4671123450405,1906.630859375,0.5969337492769213,0.2705252688729269,1.9600169763033355,-0.5409620196957252,-0.1901215425330003,1019.7492483069794,22.06568892097681,1.0,53.0,65,65,65,63.0,QADIAN
36476,Amampura (333),PATIALA,30.4684677,76.21889,36476,1905.260176165757,1906.6295166015625,0.4767989209035462,0.1820974342638147,1.295187595607698,-0.4709265204956723,-0.0940901794297963,843.8120159315881,22.88873188761452,1.0,121.0,70,95,159,287.0,PATIALA RURAL
35931,Aullak (98),MANSA,29.8018017,75.33205,35931,1905.4030257831023,1906.6292724609375,0.5791492316826986,0.2190511285886012,1.3613900339776646,-0.5631494227807029,-0.1273257531967573,662.6315217849236,24.447320851645816,1.0,538.0,0,230,291,572.0,JHUNIR
37071,Luhand (249),PATIALA,30.4864864,76.60935,37071,1905.077313030096,1906.6290283203125,0.3657944427089876,0.0739486473085603,1.028700618865064,-0.4101211841512889,0.0036189920287707,788.8995203187363,23.02710038097979,1.0,110.0,14,49,54,121.0,Shambu Kalan
38766,Kamalpur (60),RUPNAGAR,31.0990982,76.55196,38766,1900.490202555104,1906.6279296875,0.5658889334675554,0.2113621206459811,1.577794009357294,-0.5325567485176016,-0.1348043646704182,903.4168812444108,22.62808539330217,1.0,237.0,1,80,130,374.0,RUPNAGAR
32098,Mangowal (113),Shahid Bhagat Singh Nagar,31.0990982,76.089035,32098,1905.653517553604,1906.627685546875,0.5500820858126525,0.2118130365868591,1.4626198625320863,-0.546129406666826,-0.1262374258137584,795.2970954587357,22.747902170555847,1.0,2.47,56,65,300,287.0,NAWANSHAHR
37161,Hashampura (133),AMRITSAR,31.6576576,74.99753,37161,1907.9027934987107,1906.6243896484375,0.5095701732650383,0.190735604942034,1.2062806649047588,-0.5098695997770786,-0.0960284280646328,916.8882582537912,22.76960270334327,1.0,121.2,87,87,104,137.0,AJNALA
35415,Chak Kala Singhwala (126),SRI MUKTSAR SAHIB,30.4684677,74.5256,35415,1906.0873763404136,1906.6226806640625,0.6751930992836187,0.3592859883019236,1.7734860325392332,-0.6141720451590819,-0.2667201471942135,565.2648347684537,24.09724436509796,1.0,1500.0,225,1,393,1026.0,MUKTSAR
33542,Gopalpur (333),LUDHIANA,30.3948956,75.74166,33542,1906.361467970304,1906.6209716796875,0.5930288478358737,0.2488837345929953,1.6942465705307006,-0.5595919808714863,-0.1736752080625054,785.4752875190662,22.88467952035208,1.0,264.0,102,58,403,308.0,DEHLON
36934,Khanpur Gandean (96),PATIALA,30.4864864,76.5675354,36934,1908.42179153392,1906.6209716796875,0.3452904364798715,0.1300896068496178,0.9527290386705428,-0.396962085999786,-0.0275411309840394,858.7391322235193,22.969857421442693,1.0,352.0,0,203,364,358.0,Shambu Kalan
35943,Jatana Kalan (147),MANSA,29.7117119,75.2436142,35943,1903.925840467788,1906.6202392578125,0.5777924715992724,0.2202439466590041,1.4536280118755065,-0.5513906805254292,-0.1330886909877197,677.1066491205049,24.41611927218524,1.0,535.0,23,98,102,2451.0,SARDULGARH
35890,Mansa Kalan (13),BATHINDA,30.072073,75.2246552,35890,1906.3805514515263,1906.6153564453125,0.6303878055024669,0.2277213081660566,1.5151842047668036,-0.5851673220069353,-0.1478094632979716,604.1588981034804,24.39533463969504,1.0,898.0,184,149,662,909.0,MAUR
36439,Kalar Majri (357),PATIALA,30.54054,76.23355,36439,1906.3613334925544,1906.613525390625,0.515630319864887,0.2200388084748232,1.310788992742049,-0.5124015952168867,-0.1199417903062925,787.009988463375,22.97104979122433,1.0,152.0,115,115,155,214.0,NABHA
36712,Kishanpur (243),PATIALA,30.1441441,76.50886,36712,1906.9761017470923,1906.6099853515625,0.354814475791961,0.1509207986431553,0.8109308727279083,-0.4158946237513986,-0.0321697246996748,831.8383189847367,23.081396195602963,1.0,231.0,50,50,225,242.0,BHUNER HERI
37757,Sarai (115),AMRITSAR,0.0,0.0,37757,1906.231936246341,1906.609375,0.4550044713829072,0.1426753171403648,1.4308041854418287,-0.4414430254337832,-0.0683118613865478,987.3819778311944,22.406315518487418,1.0,98.0,56,56,86,104.0,TARSIKKA
37408,Majjupura (282),AMRITSAR,31.78641,74.75283,37408,1904.8571760242085,1906.605224609375,0.5011143000869341,0.1529608062433307,1.2412384550260418,-0.5006064840407595,-0.0699654217217689,956.3934597184556,22.49043735746289,1.0,178.0,125,78,194,199.0,HARSHE CHHINA
36028,Kasampur Chhina (130),MANSA,29.927927,75.55207,36028,1905.322053894467,1906.6044921875,0.5800482820899129,0.1751600714585972,1.5161079887965014,-0.5582211987021458,-0.102533139571298,663.119694660473,24.2541407633761,1.0,368.0,210,180,312,402.0,BUDHLADA
35924,Barewala Jattan (104),MANSA,29.8018017,75.33205,35924,1908.645661067895,1906.60400390625,0.6126431463553367,0.1561865054712883,1.5528182998018802,-0.578830735793293,-0.0932463802222516,657.5457843949692,24.386946081902124,1.0,541.0,188,290,356,541.0,JHUNIR
32244,Musapur (116),Shahid Bhagat Singh Nagar,31.18919,75.9718,32244,1904.8357852196625,1906.6011962890625,0.5950577586631776,0.2343815352223582,1.5925355362592564,-0.571477034177534,-0.1556205037976852,831.3917580654816,22.59394385687616,1.0,568.0,27,0,227,568.0,BANGA
35693,Daulatpura (7),BATHINDA,30.27027,75.23005,35693,1903.5012751012143,1906.600830078125,0.643747357459971,0.2985210675839765,1.629043034200524,-0.5989597505399968,-0.2119286655211453,597.0786157061951,24.185307129415666,1.0,354.0,132,132,288,403.0,RAMPURA
35737,Bhagu (59),BATHINDA,30.4834824,75.0945,35737,1903.4596042667645,1906.597900390625,0.5166851889533409,0.1392981472918555,1.417581586426474,-0.5058907920141282,-0.0695247899995323,560.2312329223054,24.37896188434729,1.0,630.0,0,325,497,1164.0,BATHINDA
36686,Budhanpur (151),PATIALA,30.3063068,76.28033,36686,1906.148956821759,1906.59716796875,0.4000466205620303,0.1130589707511556,1.2766116646925654,-0.4216234587048808,-0.0345157896272564,904.4869187285798,22.935428991022263,1.0,31.0,8,8,23,35.0,BHUNER HERI
37319,Jauns (205),AMRITSAR,31.7865677,74.753006,37319,1907.298189041263,1906.596435546875,0.5512867940734204,0.2085490496902527,1.38083473604176,-0.5315500991026505,-0.1207464462363879,894.6544116416001,22.790571382085847,1.0,269.0,160,160,288,295.0,HARSHE CHHINA
29656,Mehat (89),KAPURTHALA,31.3873882,75.39295,29656,1908.494328039168,1906.5950927734375,0.5393672098364946,0.1744063838345647,1.7425315382595543,-0.5070267618901613,-0.110799187706158,786.84592967546,22.611659896848742,0.9575535952150072,362.0,276,0,636,282.0,PHAGWARA
37483,Dadian (291),AMRITSAR,31.7477474,74.96446,37483,1908.3827989895424,1906.594970703125,0.3327933206259811,0.0036913116560664,0.8740002890083536,-0.3528425602248835,0.0532731034908712,969.8854777028458,22.378567518482896,1.0,116.0,82,82,230,141.0,MAJITHA
36128,Khokhar Kalan (75),MANSA,30.2522526,75.19539,36128,1906.422068853436,1906.594482421875,0.6373362822842604,0.2617012875567839,1.6363819430029285,-0.5962820698075155,-0.180923380603091,646.7647864334011,24.2849503801124,1.0,1136.0,405,510,760,1138.0,MANSA
35892,Jodhpur Pakhar (27),BATHINDA,30.072073,75.2246552,35892,1908.4599213859576,1906.594482421875,0.6571537631630181,0.2760035546578274,1.5642269589414315,-0.61195658759674,-0.1909698520954376,580.4271034777026,24.35711390824773,0.9673877924374944,1536.0,224,355,942,1966.0,MAUR
30471,Lohian (155),JALANDHAR,31.5974216,75.63154,30471,1908.316316468905,1906.594482421875,0.552041605597054,0.1745325503710467,1.713106314515677,-0.5194532954675033,-0.1087317896837151,866.5677848269837,22.48811818547273,1.0,60.0,10,5,17,66.0,JALANDHAR - WEST
28603,Boja (82),GURDASPUR,31.6936932,75.47134,28603,1906.9958044094265,1906.5938720703125,0.508655947361367,0.1910539770679869,1.5595450894143628,-0.4865750329699311,-0.111394126619141,973.7182202746766,22.143738726509184,1.0,2.0,0,0,98,285.0,SRI HARGOBINDPUR
33173,Baghour (118),LUDHIANA,30.8288288,76.18873,33173,1903.0527989312025,1906.5936279296875,0.4881316379322085,0.1504910462392845,1.3434324489675982,-0.4822795882445721,-0.0740482443577637,887.4487522056,22.71525586757884,1.0,50.0,40,40,280,384.0,SAMRALA
36698,Barkatpur (239),PATIALA,0.0,0.0,36698,1906.4965060972056,1906.5928955078125,0.3887716641295147,0.1141631154046867,0.946737536698408,-0.4289867614830636,-0.0196572219970902,904.4869187285798,22.935428991022263,1.0,435.0,215,210,320,199.0,BHUNER HERI
32311,Kot Ranjha (224),Shahid Bhagat Singh Nagar,31.0630627,76.1233,32311,1908.640716685714,1906.59130859375,0.5096802040501778,0.1705058609344824,1.4070931932545976,-0.5037335905985035,-0.091390998332711,821.4404228141206,22.707407623049846,1.0,71.65,50,43,315,241.0,NAWANSHAHR
36798,Mandi (319),PATIALA,30.3063068,76.28033,36798,1907.017556395962,1906.5899658203125,0.3205034072071823,0.1369940103147129,0.9205100266812456,-0.3768816509353537,-0.0333680176518164,899.4118514468568,22.83189132190313,1.0,800.0,50,50,129,392.0,BHUNER HERI
32897,Kotla Dadheri (201),FATEHGARH SAHIB,30.666666,76.29098,32897,1904.9849071392384,1906.58984375,0.4713990373006856,0.1646381938355348,1.2865699593839006,-0.4749359324019975,-0.0796341536609078,901.8612000157732,22.79804944424137,0.9933828545891557,230.0,262,262,562,244.0,AMLOH
29638,Dhak Jagpalpur (46),KAPURTHALA,31.3240128,75.53773,29638,1903.133099063294,1906.5875244140625,0.6186059397260014,0.2455000505193223,1.8681199656491807,-0.5731878544852437,-0.1697220875838998,748.6335258705928,22.85917716891708,1.0,267.0,51,0,111,152.0,PHAGWARA
35956,Karandi (201),MANSA,29.6936932,75.23012,35956,1905.299372403941,1906.5872802734375,0.6149226099771345,0.1871400545067048,1.521706720266328,-0.5681476749463786,-0.1127433354583684,686.8139299561875,24.6681079519442,1.0,2012.0,427,483,583,814.0,SARDULGARH
35126,Karian (261),FAZILKA,30.3963966,74.03187,35126,1905.6425431203745,1906.583740234375,0.588009303690049,0.2079861199723191,1.4338319848527423,-0.5545367282722996,-0.1248906940518884,453.8282844235795,24.618321671548927,1.0,1042.0,945,322,403,1043.0,FAZILKA
30669,Ghull (23),HOSHIARPUR,31.6936932,75.5984,30669,1901.506361844591,1906.576416015625,0.5845710054677655,0.2246202706756712,1.7703775746898138,-0.5462106506719774,-0.1515022069294647,838.0945591212245,22.4040189392021,1.0,0.123,23,17,126,240.0,TANDA
36955,Bhogla (74),PATIALA,30.4801826,76.59124,36955,1908.0498025464071,1906.5762939453125,0.414365792889259,0.1210503820830621,1.129868132294218,-0.4425237196238168,-0.0360375623607755,828.9229051902211,22.97216578413566,0.9921984298858304,183.0,70,70,450,193.0,Shambu Kalan
36444,Ramgarh (127),PATIALA,30.3243237,76.12736,36444,1903.1682032687984,1906.575439453125,0.518613078612683,0.1985353880127793,1.3853920690422004,-0.5080436437971131,-0.108376604998359,791.3441099683305,22.96730763977308,1.0,165.0,87,210,415,186.0,NABHA
35950,Jhanda Khurd (187),MANSA,29.6936932,75.23012,35950,1908.2533106738288,1906.5726318359375,0.6308876188335937,0.2139482113759535,1.539065459673824,-0.5820924332043855,-0.1368583908798443,640.2224747860699,24.667005327160435,1.0,2907.0,435,586,620,1174.0,SARDULGARH
36422,Mungo (96),PATIALA,30.45045,75.974884,36422,1905.0130609922307,1906.5721435546875,0.5610148664295652,0.2334289075266349,1.511351356543856,-0.5344999584907564,-0.1447492784607991,760.929832215666,22.92512964599293,1.0,186.0,50,62,145,198.0,NABHA
37427,Pandher (323),AMRITSAR,31.7657661,74.93667,37427,1906.5242556018748,1906.5718994140625,0.5220860463038127,0.1710610535190974,1.2759850812899147,-0.5147045748752854,-0.0882121937681617,956.4758820458082,22.49002201268929,1.0,589.0,55,20,360,384.0,MAJITHA
30657,Ibrahimpur (537),HOSHIARPUR,31.81982,75.8074951,30657,1904.6499889045967,1906.5697021484375,0.5278194036012002,0.2308253307433651,1.552824711295101,-0.5087404899306297,-0.1387610996660856,928.5261276175872,22.425879731414227,1.0,4.45,10,16,158,80.0,TANDA
30177,Jajo Mazara (200),JALANDHAR,31.0270271,75.77908,30177,1906.039445490012,1906.5657958984375,0.6226265091563202,0.2541694142842648,1.9177509230552297,-0.5725030004000492,-0.1836452812582845,789.2529609610932,22.57912219385276,1.0,170.0,3,3,20,164.0,PHILLAUR
39192,Rurka (263),S.A.S Nagar,30.7143955,76.73594,39192,1907.9357758924416,1906.5650634765625,0.4138655152895826,0.0949390639846314,1.2188786187702978,-0.4413448353562244,-0.0178692090750622,785.3327634742158,22.763507083242928,0.9758904586388032,120.0,50,30,290,165.0,KHARAR
39154,Baliali (34),S.A.S Nagar,30.6846848,76.70329,39154,1902.9135456210656,1906.5650634765625,0.3826133113083712,0.0472238605261379,1.0565140542675402,-0.4055383641698322,0.011294866335663,814.3875989129441,22.74644426539641,0.1126126959697613,10.0,0,26,173,214.0,KHARAR
36107,Makha (81),MANSA,29.90991,75.5384,36107,1905.444311760761,1906.563720703125,0.6237448320002337,0.2502440128007131,1.5481622955023535,-0.5888334765930276,-0.1646368828306357,655.1417319190722,24.3726253451912,1.0,1189.77,377,495,671,1186.0,JHUNIR
33130,Shamgarh (128),LUDHIANA,30.7567558,76.29937,33130,1905.4227267855647,1906.5635986328125,0.4618199046550063,0.1081932981250096,1.3448365838672884,-0.4632703551242706,-0.045254023693845,887.4487522056,22.71525586757884,0.9969193871280356,119.0,40,40,360,148.0,SAMRALA
33099,Kotala (103),LUDHIANA,30.8288288,76.35659,33099,1902.4404858887792,1906.5634765625,0.5219556244323537,0.182761721079646,1.372429953218862,-0.5107306529720079,-0.1013542000990217,921.7613895852958,22.862248406415247,1.0,625.0,65,150,303,665.0,MACHHIWARA
37404,Saktu Nangal (286),AMRITSAR,31.7864132,74.75294,37404,1904.090199834509,1906.563232421875,0.4803527105289126,0.1381880561326153,1.2754628679308175,-0.4696442702006736,-0.064769442982371,956.3934597184556,22.49043735746289,1.0,232.0,110,110,191,134.0,HARSHE CHHINA
36877,Kabulpur (124),PATIALA,30.4144154,76.40646,36877,1904.4582965711752,1906.5628662109375,0.3226784800623195,0.0673207207153755,0.8740221635331397,-0.3748309957515823,0.0120562731821789,846.5638199244302,23.06356942429907,1.0,99.0,130,130,230,272.0,GHANAUR
35873,Gehri Bara Singh (18),BATHINDA,30.216217,74.93847,35873,1903.634765651656,1906.5623779296875,0.6637732035375056,0.2988301758201507,1.6820229986068431,-0.6094210146933081,-0.2142875155683041,593.4174302031892,24.27416767654819,1.0,630.0,150,243,313,691.0,MAUR
32839,Shamashpur (168),FATEHGARH SAHIB,30.55856,76.14308,32839,1908.254452937315,1906.5601806640625,0.4600624645307145,0.1215305179548545,1.3246188966595236,-0.4492169584138759,-0.0523483601188146,818.8888093615183,22.86667370931828,1.0,375.0,268,168,322,391.0,AMLOH
39265,Basauli (164),S.A.S Nagar,30.4554253,76.82926,39265,1904.842349954107,1906.5601806640625,0.3437945719300486,0.0567763619739203,1.0097868807960455,-0.3791260764663373,0.0151960264881248,840.1872066939129,22.74091815521692,1.0,151.0,62,146,264,643.0,DERA BASSI
37225,Hasanpura (154),AMRITSAR,31.6936932,74.85723,37225,1910.714148342628,1906.5601806640625,0.53838460393206,0.2016076863622077,1.2805370641700742,-0.5304735924645374,-0.1095117360582627,890.0427468532457,22.822667573709616,1.0,1.0,0,0,1,51.0,CHOGAWAN
36962,Khandoli (68),PATIALA,30.4864864,76.58844,36962,1907.775383496086,1906.557373046875,0.3789823930941369,0.0501785128219246,1.3379224487859245,-0.3999804665097957,0.0086827263984548,831.0235529714058,22.96485224983384,0.9340091828394264,116.0,30,32,356,294.0,Shambu Kalan
32832,Rurki (77),FATEHGARH SAHIB,30.2342339,76.12006,32832,1908.4258063458576,1906.5565185546875,0.4680993396746277,0.1382560652117271,1.3201944402121824,-0.459189262263422,-0.0649212274835253,824.046427613967,22.87053792153404,1.0,355.0,65,90,238,378.0,AMLOH
28630,Nathu Khaira (159),GURDASPUR,31.81982,75.36219,28630,1905.059563169548,1906.5565185546875,0.576161266197137,0.2528740324553656,1.8296855744681528,-0.5316531022592587,-0.1701972384827592,1019.3870983780548,22.068757010538363,1.0,139.0,141,165,180,151.0,QADIAN
36014,Mander (178),MANSA,29.8558559,75.68443,36014,1906.8239815474024,1906.5555419921875,0.6521991644205546,0.3365814241663769,1.9518271252797992,-0.602858616514812,-0.2461191885927939,658.8615420272248,24.201291426153546,1.0,430.0,262,262,362,496.0,BUDHLADA
36467,Kheri Jattan (346),PATIALA,30.54054,76.23355,36467,1906.1850249909064,1906.5528564453125,0.5264045932717741,0.193564950789082,1.4681804156892413,-0.5028620852224085,-0.1139359963725797,815.9566017796891,22.94605681146857,1.0,166.0,118,110,200,183.0,NABHA
28641,Dhiha (147),GURDASPUR,31.8018017,75.22029,28641,1907.5565824526573,1906.5499267578125,0.5619804606060991,0.2547408082552311,1.5619481133279929,-0.537277809462969,-0.160714343257458,973.7182202746766,22.143738726509184,1.0,80.0,52,63,63,96.0,QADIAN
36804,Bolar Kalan (125),PATIALA,30.3423424,76.41278,36804,1906.975895779333,1906.5477294921875,0.3281156734938404,0.10945237873328,0.9412453247500008,-0.3806136298558595,-0.0167982215075485,899.4118514468568,22.83189132190313,1.0,1800.0,1250,225,412,623.0,SANOUR
33136,Mal Majra (113),LUDHIANA,30.81081,76.34226,33136,1900.6842502847069,1906.546875,0.5742402850156053,0.2328039262528329,1.575191177779222,-0.5464998799768777,-0.1489281739037411,923.9367487838166,22.858995408648013,1.0,320.0,0,130,255,355.0,MACHHIWARA
36740,Akbarpur Afghana (255),PATIALA,30.1261253,76.5157242,36740,1905.88569191816,1906.5440673828125,0.3436713845938519,0.177271027750006,0.8390438288726642,-0.3995869665295365,-0.0524813293496679,831.8383189847367,23.081396195602963,1.0,141.0,60,80,89,158.0,BHUNER HERI
36853,Kami Khurd (373),PATIALA,30.3423424,76.60068,36853,1902.4541395377787,1906.5440673828125,0.3284779169293431,0.135773402227002,0.8824508531286986,-0.3902477933385626,-0.0285892459672309,869.8943883376273,23.13627055294322,1.0,425.0,150,80,232,488.0,GHANAUR
30476,Raowali (205),JALANDHAR,31.5854721,75.66745,30476,1908.6925310394224,1906.543701171875,0.4253284654665725,0.0771969631177346,1.2531354479694332,-0.4254906607999068,-0.0193535294903699,866.5677848269837,22.48811818547273,0.9334858073746533,102.0,20,15,330,166.0,ADAMPUR
35732,Lehra Khana (202),BATHINDA,30.3963966,75.13901,35732,1907.6903850035649,1906.542724609375,0.637226075249297,0.2753981023769395,1.8001768132990783,-0.5849902362654595,-0.2003773439084711,581.7765068809972,24.259657264382525,1.0,1312.0,303,323,421,1367.0,NATHANA
29609,Pandori (38),KAPURTHALA,31.3873882,75.39295,29609,1904.455389522664,1906.5421142578125,0.6286829990529335,0.2674333736347187,1.759801111170901,-0.5888001780268287,-0.184304385444416,746.6224425025034,22.86973915401437,1.0,520.0,71,0,71,302.0,PHAGWARA
30718,Miani (532),HOSHIARPUR,31.81982,75.78629,30718,1907.0197289392136,1906.540771484375,0.5187733564450759,0.2124308839654767,1.4885633896281631,-0.4989734201445847,-0.1252936070593621,928.5261276175872,22.425879731414227,1.0,9.0,1265,1200,1779,1337.0,TANDA
35909,Lehri (139),BATHINDA,29.9819813,75.07312,35909,1906.806551228117,1906.5399169921875,0.5654372828658161,0.1037459122583124,1.3772136459987945,-0.5590985543088899,-0.0415739580473311,610.8226449926826,24.474782021585654,1.0,1278.0,152,483,620,1278.0,TALWANDI SABO
32737,Rampur Jadid (47),FATEHGARH SAHIB,30.3603611,76.3642044,32737,1905.3889857549227,1906.5386962890625,0.455848300681648,0.19867857057347,1.3240112457043811,-0.4541477702802989,-0.1048094450290379,859.5636877229111,22.88169449138212,1.0,96.0,20,3,41,105.0,SIRHIND
37326,Pandori Suhka Singh (225),AMRITSAR,31.8378372,74.74063,37326,1909.0510190536056,1906.53857421875,0.5571813297847573,0.2140769830796382,1.350675335245578,-0.5415566320884221,-0.1238055250288777,910.6874627962384,22.69628328484267,1.0,82.0,8,50,78,64.0,AJNALA
37229,Chak Fateh Khan (148),AMRITSAR,31.6936932,74.6243,37229,1909.8974598364168,1906.537353515625,0.5192227978094289,0.1749633284973549,1.3058276821076282,-0.5093744270340045,-0.0896088134218205,890.6723353078263,22.813989407574297,1.0,84.0,22,22,32,95.0,CHOGAWAN
37432,Jathu Nangal (330),AMRITSAR,31.7657661,74.93667,37432,1905.644057419804,1906.5364990234375,0.4838377550401672,0.1355094534398702,1.2653801085829604,-0.4751887127148111,-0.0588328681887871,956.3934597184556,22.49043735746289,1.0,258.0,98,98,205,283.0,MAJITHA
35968,Mirpur Kalan (181),MANSA,29.6936932,75.23012,35968,1905.862289720571,1906.535888671875,0.5824709498144227,0.1958449887002058,1.4337298646935677,-0.5521377702468062,-0.1161545585202141,698.7636783699344,24.55957916227385,1.0,2768.0,655,640,744,1199.0,SARDULGARH
35897,Bhagibandar (46),BATHINDA,29.9819813,75.07312,35897,1907.116131332708,1906.5316162109375,0.6337609735134083,0.2469620789773274,1.5905149435938446,-0.5886718105304607,-0.1651063836361539,561.1450492334595,24.469306607460545,1.0,1501.0,115,446,610,2528.0,TALWANDI SABO
32831,Bharpur Garh (79),FATEHGARH SAHIB,30.6126118,76.20649,32831,1908.7786548037443,1906.5313720703125,0.5119769640782892,0.207980874278711,1.3575890901297778,-0.5087724808417621,-0.115825786357467,797.9699912478821,22.851000825335177,1.0,424.0,110,110,256,461.0,AMLOH
33017,Shamaspur (49),LUDHIANA,30.7567558,76.29937,33017,1907.584550151405,1906.5302734375,0.5255393578692522,0.209744868997992,1.408409563383715,-0.523922372000485,-0.117357025615577,857.3292506200204,22.774551216056,1.0,85.0,40,0,56,92.0,SAMRALA
36839,Sarala Kalan (355),PATIALA,30.18018,76.53683,36839,1904.1574914401533,1906.529296875,0.3819285298634922,0.1588183033134962,1.307070155189436,-0.3954741627699901,-0.065206858358195,900.1220858095907,22.93100470992976,1.0,136.0,50,300,365,439.0,GHANAUR
37481,Ajaibwali (293),AMRITSAR,31.8558559,74.96737,37481,1907.699685049428,1906.529052734375,0.3482436446398199,0.0171407910880556,0.9707801988347288,-0.3572842658627723,0.037871851375081,969.8854777028458,22.378567518482896,1.0,458.0,81,81,297,476.0,MAJITHA
36455,Jhambali Khas (132),PATIALA,30.3423424,76.41278,36455,1902.124875928051,1906.5289306640625,0.4913391930348471,0.2074674589931681,1.2450668934450548,-0.498428336327809,-0.1062214373380908,815.9566017796891,22.94605681146857,1.0,49.0,32,39,70,69.0,NABHA
35687,Mandi Khurd (5),BATHINDA,30.2522526,75.23711,35687,1904.2272759238544,1906.5284423828125,0.6328015824291029,0.2504401507622975,1.581790092843831,-0.5936441100575494,-0.1677010866425607,593.4174302031892,24.27416767654819,1.0,543.6,118,111,269,479.0,RAMPURA
37449,Tarpai (303),AMRITSAR,31.7657661,74.95786,37449,1907.0929765590547,1906.527099609375,0.4266084158955611,0.099859930263326,1.1806897318614624,-0.4262663673605578,-0.0288809881472069,1002.4769100358384,22.25821241457089,1.0,453.0,133,256,389,481.0,MAJITHA
35173,Patti Billa (91),FAZILKA,30.1621628,74.1888046,35173,1906.2935422095284,1906.5263671875,0.579722285355002,0.1424045018959912,1.5062965218894622,-0.546547519754335,-0.0780292616791665,417.7975592249743,24.848430611573043,1.0,1524.0,254,562,689,802.0,KHUIAN SARWAR
39246,Khalawar (242),PATIALA,30.3423424,76.45454,39246,1905.10647457458,1906.5262451171875,0.3190252582647746,0.0858984297254011,0.8444180212801403,-0.3832619233839863,0.0064463634361178,788.8995203187363,23.02710038097979,1.0,612.0,120,120,320,473.0,RAJPURA
32837,Lallon Khurd (172),FATEHGARH SAHIB,30.6126118,76.2274246,32837,1907.0538521291128,1906.5224609375,0.5876941675639943,0.233579571551404,1.642240998138373,-0.5506320159773549,-0.1541203417828343,797.9699912478821,22.851000825335177,1.0,220.0,56,56,152,245.0,AMLOH
33155,Harbanspura (160),LUDHIANA,30.666666,76.2700348,33155,1908.8510463305493,1906.5208740234375,0.4637386518793565,0.1348373293533292,1.4474956180517695,-0.4535697900147177,-0.0662494354837562,854.7450890321976,22.67889052038585,1.0,160.0,40,40,259,185.0,SAMRALA
32108,Khamachon (101),Shahid Bhagat Singh Nagar,31.18919,75.99287,32108,1905.9321003198413,1906.5191650390625,0.5673201787600902,0.1925143050446268,1.587589850164906,-0.5532655840444963,-0.1190839015967874,795.2970954587357,22.747902170555847,0.999946420428184,85.0,25,110,310,179.0,BANGA
29067,Isbucha (3),KAPURTHALA,31.3873882,75.41406,29067,1907.3440259386027,1906.513671875,0.563698726489076,0.2485613667303484,1.6815527383842532,-0.5301968316574605,-0.1612151373703406,787.5518554378949,22.39576711919429,1.0,2.0,20,0,91,130.0,NADALA
30631,Chaharke (15),JALANDHAR,31.5135136,75.6636047,30631,1905.3408640217312,1906.5125732421875,0.5823701923207063,0.2253866328048655,1.848412188526407,-0.5433178480139552,-0.1530966511462967,792.6855370030238,22.405449918974146,1.0,10.0,12,0,230,322.0,BHOGPUR
34111,Daya Kalan (280),MOGA,30.9549541,75.2176,34111,1909.8156523017271,1906.5103759765625,0.5312477900441273,0.1276255987260143,1.4704562613454912,-0.5231274374982515,-0.0719465361324526,765.7625320365327,22.862048050066,1.0,277.0,149,174,281,423.0,KOT-ISE-KHAN
32851,Lakha Singhwala (21),FATEHGARH SAHIB,30.6126118,76.2274246,32851,1909.100497138516,1906.5078125,0.4999300881871745,0.1799722803918134,1.4430524977274095,-0.4826322362643999,-0.1011038428456518,825.7323893716233,22.871801084820504,1.0,390.0,20,20,180,408.0,AMLOH
33134,Kotla Shamaspur (110),LUDHIANA,30.8288288,76.35659,33134,1901.5183258593709,1906.507080078125,0.5120910348296549,0.181419261879602,1.4122648256746058,-0.5007137024687166,-0.1008532298446903,895.173048699192,22.74568469177236,1.0,193.0,17,0,240,217.0,MACHHIWARA
35845,Bangi Dipa Singh (41),BATHINDA,29.9819813,75.07312,35845,1903.524112487176,1906.5068359375,0.6374790960971443,0.2962476117012819,1.5807369773241982,-0.5993475633400462,-0.2004650161756156,518.0521259312985,24.61926448577113,1.0,543.0,265,298,396,601.0,TALWANDI SABO
33535,Mehma Singhwala (308),LUDHIANA,30.3948956,75.74166,33535,1907.718115457798,1906.5064697265625,0.5917280810733349,0.2313340612601477,1.769322543679051,-0.5565899423331728,-0.162474520544756,788.9694571132009,22.86365045134492,1.0,160.0,75,45,250,195.0,DEHLON
35911,Mirziana (136),BATHINDA,29.9819813,75.09392,35911,1906.19626244701,1906.50634765625,0.593541743518531,0.177337666990565,1.5624744401551642,-0.5633718828401899,-0.1076230395635767,577.3493903677314,24.5480848568448,1.0,1107.0,123,235,274,656.0,TALWANDI SABO
28617,Dharamkot (102),GURDASPUR,31.9639645,75.41655,28617,1907.1991475163288,1906.504638671875,0.5700033061006363,0.2683111375789613,1.7337130121515671,-0.532832354394106,-0.1756400536984932,1007.5166517248152,22.09729886380675,1.0,80.0,65,0,96,87.0,SRI HARGOBINDPUR
37374,Boparai Khurd (325),AMRITSAR,31.6576576,74.5953445,37374,1912.1197547284016,1906.5030517578125,0.513897522546244,0.1884521470168653,1.2703705774784937,-0.5102218082970816,-0.098586363603469,911.0271977417608,22.89370064857408,1.0,270.0,87,87,367,300.0,CHOGAWAN
32899,Lohar Majra Kalan (200),FATEHGARH SAHIB,30.594595,76.21325,32899,1904.319896363504,1906.5029296875,0.577809378038353,0.2506267365993478,1.6171731249141104,-0.5508221532512373,-0.1621816060389102,902.0438090759092,22.798348336273666,1.0,505.0,340,95,330,547.0,AMLOH
36969,Sardargarh (67),PATIALA,30.4864864,76.58844,36969,1908.2637513475831,1906.502685546875,0.5498352870219368,0.1588338729705513,2.2137208752562474,-0.5041385378344567,-0.1085708265277057,849.9610617102711,22.902947674145206,1.0,134.0,1,0,1,156.0,Shambu Kalan
36121,Khokhar Khurd (74),MANSA,30.0,75.39883,36121,1906.545514093153,1906.4976806640625,0.6187084048024653,0.2456396737522763,1.601024539776542,-0.5825392934804144,-0.1651658853182144,645.5949041058915,24.315755701579803,1.0,646.0,340,340,490,699.0,MANSA
35969,Adamke (168),MANSA,29.72973,75.25712,35969,1905.502162409624,1906.49755859375,0.5660448759933716,0.1718917541777159,1.4089794844973678,-0.5380595840946479,-0.0963850354982641,698.7858357837098,24.55972594437503,1.0,1564.0,235,355,400,675.0,SARDULGARH
36496,Kauli (101),PATIALA,30.34911,76.4339,36496,1905.4235388429363,1906.49658203125,0.3681485108614144,0.1184203715229756,1.0289298475305233,-0.401801004175797,-0.028236288316775,870.3448864629166,22.86558953724557,1.0,309.0,160,47,542,361.0,SANOUR
36668,Hussainpur Urf Meharban Aliwala (155),PATIALA,30.3603611,76.3642044,36668,1905.3393099594216,1906.4951171875,0.4240641402457209,0.1972084030123999,1.0726157030862742,-0.4581024665322542,-0.082706567798465,855.630228147746,23.03898911377485,1.0,268.0,45,45,67,287.0,BHUNER HERI
37447,Ramana Chak (305),AMRITSAR,31.7657661,74.93667,37447,1907.849451489504,1906.4949951171875,0.4497196734197881,0.1243855190350839,1.2016986148023965,-0.4527656618083274,-0.0482922277465669,1002.4769100358384,22.25821241457089,1.0,150.0,92,92,213,166.0,MAJITHA
36960,Jakhran (66),PATIALA,30.4864864,76.58844,36960,1908.880819156844,1906.4918212890625,0.4024807656869714,0.1027024472990111,1.345716340839069,-0.4163332147892686,-0.0312063816179163,866.9904772498742,22.87009242246796,1.0,161.0,0,10,121,201.0,Shambu Kalan
30800,Gilzian (512),HOSHIARPUR,31.6936932,75.61957,30800,1902.843290238224,1906.4908447265625,0.56294282234508,0.2604879624170443,1.5827181919653044,-0.5396518144916409,-0.1634393307767812,928.5261276175872,22.425879731414227,1.0,0.01,100,0,115,331.0,TANDA
38280,Ghazipur (317),Tarn Taran,31.45946,74.96509,38280,1910.098173021228,1906.48876953125,0.5110903344808579,0.1697595872502907,1.3917382715241553,-0.492478495691142,-0.0899062054042604,855.9307250192063,22.707733182606887,1.0,115.0,28,2,7,114.0,NAUSHEHRA PANNUAN-11
37277,Sarai (223),AMRITSAR,31.8558559,74.75523,37277,1909.2967445184413,1906.48583984375,0.4076952107407753,0.0704679000661743,0.9787156162468466,-0.431226526071664,-0.0011620946198789,915.2909454497432,22.66973983671525,0.5606686032741385,205.0,150,150,275,177.0,AJNALA
35144,Chuhriwala Dhana (129),FAZILKA,30.1621628,74.16796,35144,1905.167828028709,1906.4820556640625,0.604023522484927,0.1621372930089101,1.5621444529751949,-0.5609455098031694,-0.0986332942912115,434.7430708815949,24.75540033711229,1.0,3500.0,784,1800,1845,1474.0,KHUIAN SARWAR
33093,Kheernian (96),LUDHIANA,30.8468475,76.11909,33093,1903.3077117323312,1906.4813232421875,0.5862050035158458,0.2358985787903394,1.6379143344483482,-0.551974546156164,-0.1554552412661937,885.2898691502063,22.84470443105185,1.0,310.0,0,15,184,335.0,MACHHIWARA
32111,Hapowal (78),Shahid Bhagat Singh Nagar,31.1860313,75.98798,32111,1904.9133324518225,1906.4805908203125,0.5638493709059658,0.2127035585351335,1.5561377762424864,-0.546385499300127,-0.1355620252981143,795.2970954587357,22.747902170555847,1.0,93.0,45,70,245,112.0,BANGA
35872,Kishangarh Urf Chinarthal (19),BATHINDA,30.216217,74.95932,35872,1903.600215434408,1906.4803466796875,0.6416335449975922,0.2699632375981532,1.6249886518046768,-0.5971858015960403,-0.1870571802802653,578.4547534917739,24.33789402152784,1.0,802.0,100,410,510,872.0,MAUR
32334,Sabalpur (250),Shahid Bhagat Singh Nagar,31.0090084,76.20623,32334,1903.842802081996,1906.4788818359375,0.4391435822594293,0.1745851053462295,1.0999767005871717,-0.4694691189551148,-0.0727810830469249,851.0235640218156,22.741619939577788,1.0,60.0,0,0,1,62.0,NAWANSHAHR
36478,Nandpur Kesho (282),PATIALA,30.4684677,76.21889,36478,1907.176238988235,1906.478759765625,0.5164848563719029,0.2167538155333802,1.4016112031614003,-0.5046327558735563,-0.1231300813672693,842.7367903913303,22.89591055579845,1.0,323.0,160,120,327,339.0,PATIALA RURAL
39193,Bakarpur (264),S.A.S Nagar,30.6846848,76.70329,39193,1908.171370396516,1906.478271484375,0.3695971093582437,0.0233837017176155,1.0039617631578364,-0.4059094557469915,0.0353433599061076,792.7885702796267,22.74662031136815,0.8090820970222526,439.0,60,60,420,528.0,KHARAR
37080,Tepla (149),PATIALA,30.4864864,76.58844,37080,1906.750994114787,1906.47412109375,0.4148715102327064,0.1312515000759886,1.138962307483789,-0.4489119297155544,-0.0429047972509716,808.9648615445889,23.09579742602184,1.0,560.0,200,200,555,802.0,Shambu Kalan
37726,Madhepur (89),AMRITSAR,31.6396389,75.17347,37726,1907.191796589036,1906.4708251953125,0.4063962317559154,0.0828458187608398,1.2941746718027676,-0.3991561862457964,-0.0215072138969263,985.0167456377496,22.42540839816133,1.0,71.0,27,27,139,85.0,TARSIKKA
37284,Karyal (201),AMRITSAR,31.78641,74.75283,37284,1906.892527003043,1906.47021484375,0.5401216926191438,0.2075923370396135,1.3201822222017163,-0.5270672291888937,-0.1166137619494024,890.6723353078263,22.813989407574297,1.0,646.0,195,195,428,709.0,HARSHE CHHINA
33257,Jarg (186),LUDHIANA,30.738739,76.01257,33257,1906.22787889682,1906.466552734375,0.594267246944801,0.2552490435150713,1.6321272857816265,-0.5621786350493347,-0.1705652640132201,797.9699912478821,22.851000825335177,0.946599197670008,350.0,50,0,850,1012.0,DORAHA
32651,Khanpur (126),FATEHGARH SAHIB,30.666666,76.39572,32651,1905.9502019167107,1906.46630859375,0.4916387376313791,0.1636825031549792,1.34716328969391,-0.4939822340804271,-0.0803824382030411,890.6945277905055,22.84480949378129,0.6548662467191866,2.47,0,0,600,157.0,KHERA
35689,Nandgarh Kotra (9),BATHINDA,30.2522526,75.23711,35689,1904.482823307176,1906.4615478515625,0.6918016721742986,0.3193229881185958,1.7436692800490636,-0.6330586644047119,-0.2346626096939906,597.0786157061951,24.185307129415666,1.0,477.6,116,107,292,529.0,RAMPURA
35894,Bangher Mohabat Singh (49),BATHINDA,30.216217,74.93847,35894,1906.356575467456,1906.4593505859375,0.6198414039026033,0.2594959261611073,1.5558469279643092,-0.5829792257468605,-0.1735488261584039,568.0511238982575,24.38220329194104,1.0,307.0,45,100,199,337.0,MAUR
33018,Saidpur (50),LUDHIANA,30.8468475,76.11909,33018,1907.6194620201547,1906.4573974609375,0.5236752882063992,0.2152665901093925,1.3155925268968882,-0.5254390686432859,-0.1166489571710525,845.0318066085528,22.73914568915824,1.0,2.47,0,0,1,42.0,MACHHIWARA
37282,Chhina Karam Singh (210),AMRITSAR,31.75337,74.7847061,37282,1905.3431825560008,1906.4564208984375,0.5321424201664751,0.1934861332959982,1.3418970816003313,-0.5163271991102185,-0.1071162766835659,890.6723353078263,22.813989407574297,1.0,534.0,245,145,268,534.0,HARSHE CHHINA
32169,Chak Ramun (63),Shahid Bhagat Singh Nagar,31.1864586,75.89126,32169,1907.146457004952,1906.453857421875,0.6191506922394177,0.2471171173119929,1.7672021474504156,-0.5767043135839676,-0.1723709036338824,794.1594812085526,22.669952482494125,1.0,174.0,269,147,280,191.0,BANGA
39250,Dangdehra (150),S.A.S Nagar,30.6897526,76.57741,39250,1905.9608707771924,1906.4534912109375,0.416556225842774,0.1654102935617549,1.1672388522682984,-0.4437928558798608,-0.0657362616413424,863.9350451750394,23.052591078810885,1.0,146.0,35,78,102,178.0,DERA BASSI
37801,Bhalaipur (72),AMRITSAR,31.6036034,75.2078247,37801,1907.3126189925763,1906.44970703125,0.5129625678804286,0.2035381356544247,1.6363364992079903,-0.4913599908874927,-0.1216613730524769,985.595131199588,22.42399866098981,1.0,372.0,125,208,498,416.0,RAYYA
36713,Ghuram (244),PATIALA,30.143589,76.5215454,36713,1907.41733821682,1906.4481201171875,0.3400026246446656,0.1370467517235405,0.8334750175485905,-0.3917803469472214,-0.026306401456475,831.8383189847367,23.081396195602963,1.0,710.0,530,352,622,797.0,BHUNER HERI
36923,Ballopur (380),PATIALA,30.3423424,76.60068,36923,1905.4052012721509,1906.447265625,0.3517603421981001,0.153857999417935,0.9413505226481604,-0.4235346251258102,-0.0417902830054014,825.9812089612382,23.1960268126378,1.0,124.0,59,48,104,153.0,GHANAUR
36685,Khaktan Kalan (151),PATIALA,30.3063068,76.28033,36685,1907.0016142845843,1906.4459228515625,0.2823775299880097,0.0519682130619164,0.8717693358693821,-0.332477629938373,0.0283031450511275,904.4869187285798,22.935428991022263,1.0,179.0,90,69,127,192.0,BHUNER HERI
35847,Sukhladhi (39),BATHINDA,29.9819813,75.07312,35847,1904.601641573344,1906.4459228515625,0.6119022867006098,0.2099874640508522,1.5153165529523736,-0.569182986246942,-0.1299738393217439,514.5507100036042,24.63045035963848,1.0,1850.0,256,286,436,800.0,TALWANDI SABO
32160,Mehli (3),Shahid Bhagat Singh Nagar,31.18919,75.99287,32160,1908.024102740694,1906.4447021484375,0.5184033228001858,0.1650518367608464,1.4763679967870742,-0.5001716764232039,-0.0938797651374976,789.2529609610932,22.57912219385276,1.0,307.0,260,560,900,244.0,BANGA
36945,Dahrian (140),PATIALA,30.4864864,76.58844,36945,1907.1762279565928,1906.4444580078125,0.3453951688111568,0.0693724083860561,0.9859675678107082,-0.3921726856179022,0.0092288857730079,825.9812089612382,23.1960268126378,1.0,200.0,110,110,309,149.0,Shambu Kalan
37513,Bhullar Hans (176),AMRITSAR,31.7657661,74.93667,37513,1908.0788004125104,1906.4443359375,0.4181993743215232,0.090613661006897,1.2563276061643818,-0.4162210992745958,-0.0246199058272463,1006.7880575779924,22.24897968790703,1.0,182.0,32,32,168,208.0,MAJITHA
28512,Bhait (19),GURDASPUR,31.8018017,75.22029,28512,1907.6357750794057,1906.4395751953125,0.5510861308190578,0.2121589619882296,1.7226288133013965,-0.5161708875215192,-0.1374510393948532,1031.3100907018083,22.178079881455176,0.9577546001010424,200.0,140,100,147,293.0,QADIAN
36924,Sanjarpur (381),PATIALA,30.3963966,76.41325,36924,1905.7937313699504,1906.437255859375,0.3408623994889651,0.1465362879449797,0.956937097434856,-0.4038133156082188,-0.0388830555531029,825.9812089612382,23.1960268126378,1.0,72.0,72,72,158,252.0,GHANAUR
29039,Mand Ibrahimwal alias Gulam Nabi Khan (56),KAPURTHALA,31.3873882,75.41406,29039,1905.2768226549329,1906.435546875,0.5001335955642764,0.1561337612727241,1.3688358558312497,-0.4855396511475628,-0.0800233975987704,860.1867499759095,22.40933991115594,1.0,1.0,1,0,1,57.0,NADALA
37389,Kiampura (239),AMRITSAR,31.7477474,74.9432755,37389,1907.1935333371296,1906.4332275390625,0.5102245816434755,0.17542943875228,1.217867505349589,-0.5084210710254332,-0.0862087038224455,916.499489825,22.66210357915856,1.0,185.0,158,153,310,501.0,AJNALA
35947,Kahnewala (185),MANSA,29.8558559,75.206604,35947,1905.9104499803643,1906.431396484375,0.6045116213155174,0.1988681580091567,1.5397907527000905,-0.554818133031956,-0.1198780953764411,648.0097415854829,24.63009166487882,1.0,1593.0,156,198,293,677.0,SARDULGARH
35888,Sandoha (12),BATHINDA,30.072073,75.2246552,35888,1906.886224601016,1906.4305419921875,0.6447930581166823,0.2767178112856303,1.5644605574968364,-0.6063336622598162,-0.1884863998476599,604.1593941857712,24.39534023565085,1.0,1515.3,253,406,848,1641.0,MAUR
37157,Niamtabad (33),AMRITSAR,31.6756763,74.8427048,37157,1911.519017642732,1906.4288330078125,0.5753323760191006,0.212499014321241,1.4900398969618078,-0.5446597723513037,-0.1315367168733796,890.7576136429896,22.85878923529596,1.0,106.0,19,12,25,106.0,HARSHE CHHINA
37044,Fatehpur Garhi (263),PATIALA,30.3063068,76.4264145,37044,1904.1119204523268,1906.4271240234375,0.3863528624063683,0.0917073807236785,1.1210328278774966,-0.4187136270828608,-0.0163388018657271,792.0305085439963,23.022787396297407,1.0,220.0,45,15,192,220.0,RAJPURA
35136,Kabulshah Khuban (251),FAZILKA,30.1621628,74.16796,35136,1903.9463749551005,1906.42578125,0.5800124282782463,0.2253092918411476,1.3953313854388991,-0.5531629277803575,-0.1383040747381348,458.4268713948399,24.59789914641177,1.0,1521.0,524,582,789,1689.0,KHUIAN SARWAR
36118,Gagowal (79),MANSA,30.0,75.39883,36118,1905.9634325014329,1906.4251708984375,0.6140787497016892,0.2468336710716876,1.5054979270067357,-0.584762876068603,-0.1584245314386029,647.5408473784267,24.32734752061811,1.0,618.0,85,100,190,542.0,MANSA
35842,Kot Bakhtu (44),BATHINDA,29.9819813,75.09392,35842,1904.791040913836,1906.4234619140625,0.6047682424060994,0.2276116990910383,1.5299681720307945,-0.5726431893408316,-0.1443881613235877,543.3107194265307,24.52209703601537,1.0,2041.0,123,332,896,1743.0,TALWANDI SABO
35774,Chugha Khurd (76),BATHINDA,30.52234,75.10223,35774,1905.7435877673656,1906.420166015625,0.600892516069908,0.2725286222884527,1.402823984344183,-0.5700702128542683,-0.1690995231725882,526.5146478064845,24.507891664937965,1.0,766.0,318,318,598,844.0,BATHINDA
37458,Fattu Bhila (195),AMRITSAR,31.8558559,74.96737,37458,1903.8777052479595,1906.4193115234375,0.4735906020268192,0.1463176563554949,1.3973785953430786,-0.462095117923674,-0.0718505620663587,1010.3204640557664,22.236575219337794,1.0,332.0,73,73,323,357.0,MAJITHA
37505,Babowal (191),AMRITSAR,31.8558559,74.96737,37505,1905.277589016801,1906.4189453125,0.4728374151677927,0.1687024723101246,1.4516865670138424,-0.462277258494058,-0.0883176886590337,1010.3204640557664,22.236575219337794,1.0,346.0,84,84,376,404.0,MAJITHA
36871,Darwa (382),PATIALA,30.3057022,76.59668,36871,1904.891797816246,1906.417724609375,0.3904586605445628,0.1420591994947394,1.1519551667245875,-0.4334708928239991,-0.0469236777383846,825.9812089612382,23.1960268126378,1.0,56.0,50,50,106,162.0,GHANAUR
37815,Devidasspura (62),AMRITSAR,31.6036034,75.2078247,37815,1906.815027952039,1906.4156494140625,0.5587085572762918,0.2363167387995588,1.715789631912984,-0.5240113736556877,-0.1527805032944629,947.9097869354111,22.325626518026034,1.0,96.0,20,20,25,119.0,RAYYA
37410,Machhi Nangal (280),AMRITSAR,31.7864132,74.75294,37410,1905.29131259488,1906.41357421875,0.5102674374362137,0.1567761846875744,1.3186914903432765,-0.499680076032527,-0.0774313187767236,956.3934597184556,22.49043735746289,1.0,201.0,220,85,172,221.0,HARSHE CHHINA
36679,Khudda (128),PATIALA,30.3423424,76.41278,36679,1907.9632743987893,1906.4127197265625,0.3284246792365308,0.0807796696203715,0.9898379930728862,-0.3626950537130712,-0.0038166525985122,899.4118514468568,22.83189132190313,1.0,263.0,342,150,346,282.0,SANOUR
37243,Kamirpura (50),AMRITSAR,31.0090084,74.9659042,37243,1904.958879597816,1906.412353515625,0.5486006169262564,0.2196859081556954,1.250376218476437,-0.5447564147208132,-0.1215594099133944,900.0166436362507,22.797778352416987,1.0,10.0,5,5,15,93.0,AJNALA
35695,Bhunder (449),BATHINDA,30.216217,74.93847,35695,1904.606991365396,1906.412109375,0.6695020768754004,0.3162313350974304,1.740975114342047,-0.6169590352722246,-0.2329614070008397,597.0786157061951,24.185307129415666,1.0,1435.2,2,305,895,1548.0,RAMPURA
28621,Kahalwan (169),GURDASPUR,32.0360374,75.43334,28621,1906.0159174705689,1906.4110107421875,0.570184025523198,0.2449022281730043,1.813600524073804,-0.5260218001192049,-0.1641266522413806,1019.387253772666,22.068755694054424,1.0,387.0,500,500,583,442.0,QADIAN
31790,Ispur (79),HOSHIARPUR,31.3195724,75.94395,31790,1902.165563320828,1906.4083251953125,0.5578393010982289,0.2069412424949271,1.6349435780941943,-0.5399013527913014,-0.1264117850613246,767.5678258547467,22.79717286195577,1.0,95.0,100,103,229,121.0,MAHILPUR
32878,Baronga Jar(33),FATEHGARH SAHIB,30.5045052,76.2471161,32878,1907.0014545812448,1906.404541015625,0.4012513813570051,0.0869096845521784,1.2338725897126557,-0.4015368528482717,-0.0222152904292234,859.5636877229111,22.88169449138212,1.0,160.0,25,50,205,320.0,AMLOH
28619,Natt (165),GURDASPUR,31.81982,75.36219,28619,1906.310278519236,1906.40234375,0.5874569119188047,0.2736218842665983,1.8290081149797148,-0.5438906370938349,-0.1880557661979454,1016.9852915217774,22.08910482218068,1.0,131.0,241,156,181,139.0,QADIAN
29055,Miani Bhagu Purian (25),KAPURTHALA,31.6016369,75.44676,29055,1904.730050854227,1906.4007568359375,0.5940109308941391,0.2774660486619353,1.8571808217707728,-0.5424016257619458,-0.189161001688293,800.9258451869385,22.437382947828382,1.0,376.0,150,140,540,380.0,NADALA
30477,Jandu Singha (165),JALANDHAR,31.5855846,75.67976,30477,1907.528038581841,1906.400390625,0.5252971442106684,0.1692400660234709,1.6291860598120371,-0.502481127076672,-0.1010435169448144,795.3266166178345,22.56196555127157,0.9616973016154546,628.0,25,40,1400,632.0,ADAMPUR
29674,Sadarpur (100),KAPURTHALA,31.2205677,75.768074,29674,1909.596124286098,1906.3990478515625,0.6201829322501881,0.2387167707162701,1.833475990492884,-0.5759731789364707,-0.1693765534730827,788.0977854855796,22.58283657267579,0.9648700310707086,2.0,0,0,6,53.0,PHAGWARA
37079,Ram Nagar (148),PATIALA,30.4864864,76.58844,37079,1906.557544769639,1906.3966064453125,0.3433819550585905,0.0560185553650784,0.8912303028774744,-0.4050407580959706,0.0227779467504746,825.9812089612382,23.1960268126378,1.0,240.0,264,264,399,292.0,Shambu Kalan
36875,Pipal Mangholi (376),PATIALA,30.3423424,76.60068,36875,1904.2297182132843,1906.395263671875,0.3018356776660263,0.0725423717178701,0.8177004043181373,-0.3704584433348217,0.0140530752755978,827.1162186116878,23.188722568569588,1.0,20.0,50,50,170,170.0,GHANAUR
36733,Majra Kalan (250),PATIALA,30.1261253,76.5157242,36733,1906.2140701420496,1906.394775390625,0.3331797671991554,0.1448942751819246,0.7887435844949862,-0.3982174823809685,-0.0268508953241151,831.8383189847367,23.081396195602963,1.0,190.0,0,70,128,200.0,BHUNER HERI
36425,Jasso Majra (161),PATIALA,30.3423424,76.41278,36425,1904.7972712140024,1906.3916015625,0.516774810571221,0.1967547076923465,1.4769650509980372,-0.4984124051745024,-0.1130373829254843,786.123851220836,22.97181489662404,1.0,400.0,48,54,342,429.0,NABHA
37340,Makowal (266),AMRITSAR,31.8018017,74.94468,37340,1904.007675132352,1906.3902587890625,0.5843120369890887,0.2425117877767841,1.4517756855446011,-0.5566267504544475,-0.152744905613976,994.0184595992464,22.46817550702201,1.0,524.0,292,173,276,570.0,AJNALA
28532,Wariyah (25),GURDASPUR,31.9639645,75.41655,28532,1909.1640674280063,1906.389892578125,0.5840141898559705,0.2577843085624734,1.7968684999010631,-0.5429994966241332,-0.17544978761217,973.2060676617498,22.21771883151184,1.0,96.0,20,0,37,102.0,SRI HARGOBINDPUR
32898,Dodheri (202),FATEHGARH SAHIB,30.2522526,76.11317,32898,1904.620213938089,1906.3890380859375,0.5426214247420418,0.220211587053242,1.4821645872820026,-0.5259400371112809,-0.1328220347521454,901.8612000157732,22.79804944424137,0.9553775954860624,352.0,152,255,572,387.0,AMLOH
36735,Mehaun (241),PATIALA,30.18018,76.5785141,36735,1905.655904333148,1906.388916015625,0.364202423903244,0.1425397579828385,0.8656550101306096,-0.4207479326804172,-0.0306237347816523,893.1030294510368,22.958301758026018,1.0,383.0,188,197,323,515.0,BHUNER HERI
32149,Mahliana (15),Shahid Bhagat Singh Nagar,31.18919,75.99287,32149,1903.6121112899807,1906.38818359375,0.6093845992765712,0.2602059502945463,1.701270757751734,-0.577001570176346,-0.1744480485832742,749.550186089373,22.873402607109547,1.0,2.47,75,0,591,435.0,BANGA
32148,Mangat Dhingrian (16),Shahid Bhagat Singh Nagar,31.18919,75.9718,32148,1903.6183304235549,1906.384765625,0.5963750818023863,0.2427790144534763,1.621868181864902,-0.5700004019291012,-0.1591664729663019,758.6326393296616,22.882709852809228,1.0,156.0,12,106,255,185.0,BANGA
37283,Jastarwal (209),AMRITSAR,31.78641,74.75283,37283,1905.0569992855887,1906.3831787109375,0.5418380698993639,0.1962556915286691,1.3755739897763302,-0.5259401867165244,-0.1108459975270319,890.6723353078263,22.813989407574297,1.0,312.0,245,13,270,313.0,HARSHE CHHINA
36012,Kahangarh (176),MANSA,29.8558559,75.70521,36012,1906.9440110614712,1906.3829345703125,0.5897527860613924,0.2860665622838433,1.534939140461486,-0.5662989385386907,-0.1864472190169308,656.8205981330754,24.200336145391145,1.0,1321.0,440,440,821,1467.0,BUDHLADA
37429,Kotla Gujjran (325),AMRITSAR,31.7657661,74.95786,37429,1905.593010670077,1906.3819580078125,0.5014302025904787,0.1597077253834428,1.192340206770294,-0.5031440286279063,-0.0741624786918336,956.3934597184556,22.49043735746289,1.0,312.0,107,107,344,332.0,MAJITHA
32167,Bharo Mazara (62),Shahid Bhagat Singh Nagar,31.0990982,75.9627762,32167,1907.0984855640247,1906.3804931640625,0.6150455279049171,0.2465679626408508,1.806080460014405,-0.5693326917696983,-0.1718640289330285,794.1594812085526,22.669952482494125,1.0,100.0,85,0,305,219.0,AUR
36980,Pabri (60),PATIALA,30.4864864,76.5675354,36980,1907.4767131619567,1906.379638671875,0.3566070960938624,0.0700515563179042,1.0473125206841298,-0.3777665311805349,-0.001349693659329,854.3460759332078,22.88706598896545,1.0,345.0,0,173,301,400.0,Shambu Kalan
33252,Devinagar Urf Malakpur (193),LUDHIANA,30.738739,76.01257,33252,1907.336163389791,1906.3773193359375,0.534059132648408,0.2343032479192993,1.4346900503542457,-0.5094523042369639,-0.1439524571626254,797.9699912478821,22.851000825335177,1.0,200.0,0,0,100,193.0,DORAHA
28686,Loh Chap (179),GURDASPUR,31.81982,75.21376,28686,1906.4296851579725,1906.3765869140625,0.5976476947002778,0.2815543887205873,1.7943463359542735,-0.5478708641682666,-0.1927287184218233,1019.7492483069794,22.06568892097681,1.0,458.0,241,0,181,186.0,QADIAN
32342,Khothran (1),Shahid Bhagat Singh Nagar,31.1744556,75.89823,32342,1908.754328352808,1906.375732421875,0.5090765029566569,0.1558377907846851,1.545629774117136,-0.4896386578313287,-0.0878418457903249,789.2529609610932,22.57912219385276,0.9978117258746227,690.0,2560,630,1055,0.0,BANGA
36682,Moran (136),PATIALA,30.3063068,76.28033,36682,1908.1323257890224,1906.3731689453125,0.3380152734891259,0.0653969964504068,0.9716568805880302,-0.3819670820737655,0.0104282356149972,904.003435788238,22.92556533918684,1.0,179.0,0,0,126,134.0,BHUNER HERI
37403,Kandowali (287),AMRITSAR,31.78641,74.75283,37403,1904.7167214448643,1906.3675537109375,0.5456975659474134,0.1964302934331419,1.432310064336182,-0.5269839325915531,-0.1125478928226055,956.3934597184556,22.49043735746289,1.0,210.0,450,155,285,294.0,HARSHE CHHINA
36676,Dadherian (138),PATIALA,30.1981983,76.46744,36676,1907.7593780871064,1906.3648681640625,0.3451114468119252,0.1071114479568317,1.0117908924590104,-0.3773930316570472,-0.020277524189395,900.5106980486892,22.854309155904456,1.0,330.0,22,22,92,167.0,BHUNER HERI
37448,Jajjiani (304),AMRITSAR,31.8558559,75.0097961,37448,1905.8903382115604,1906.363037109375,0.4385814413676477,0.118353530178945,1.1736753001662763,-0.4410686572924032,-0.0408460404331437,1002.4769100358384,22.25821241457089,1.0,141.0,68,68,275,166.0,MAJITHA
32778,Bagrian (283),FATEHGARH SAHIB,30.63063,76.38819,32778,1907.5031745232648,1906.3629150390625,0.5541103121665321,0.2675165899243076,1.5031319938714494,-0.533476582472265,-0.1670721224923694,844.8589387347596,22.88174218067712,1.0,150.0,80,57,157,193.0,SIRHIND
37412,Talwandi Sepahimal (289),AMRITSAR,31.6756763,74.8427048,37412,1905.0674965268004,1906.362060546875,0.5234103531963193,0.1678551015098605,1.2275811631964582,-0.5175779593254533,-0.0811214428199093,956.3934597184556,22.49043735746289,1.0,162.4,90,48,67,176.0,HARSHE CHHINA
37518,Talwandi Dasaundha Singh (250),AMRITSAR,31.7657661,74.95786,37518,1907.879596061456,1906.360595703125,0.3878371595919176,0.067256638760772,1.155520818722601,-0.3934291539365442,-0.0048855631908967,969.8854777028458,22.378567518482896,1.0,714.0,102,102,511,424.0,MAJITHA
33139,Gharkhanna (109),LUDHIANA,30.594595,76.35977,33139,1902.4854097555967,1906.360107421875,0.4699012289131947,0.1344843051190846,1.3840487933504302,-0.4628617147023107,-0.0630522242512326,887.4487522056,22.71525586757884,1.0,306.0,40,40,264,340.0,SAMRALA
36433,Dargapur (123),PATIALA,30.3423424,76.41278,36433,1903.4954756437864,1906.358154296875,0.5373450444965817,0.2266669190477417,1.4155651403901282,-0.5171153159104467,-0.1334922993474101,786.123851220836,22.97181489662404,1.0,194.0,19,62,202,209.0,NABHA
30666,Manpur (544),HOSHIARPUR,31.6936932,75.5984,30666,1902.77507707123,1906.357666015625,0.583076334855372,0.2222988404546229,1.754172556286718,-0.5444444715245732,-0.1451837147118074,928.5261276175872,22.425879731414227,1.0,2.02,15,15,100,112.0,TANDA
29681,Mauli (105),KAPURTHALA,31.3873882,75.39295,29681,1906.332337617849,1906.356689453125,0.5815204608049349,0.2226012091936395,1.7424852653732323,-0.5467417321033355,-0.1540870107705527,789.2518359104668,22.5791258113689,1.0,640.0,352,0,734,393.0,PHAGWARA
36049,Phuluwala Dogran (231),MANSA,29.8558559,75.70521,36049,1906.476194996428,1906.3516845703125,0.6117849223642626,0.2448474033188542,1.5819792825527634,-0.5750734564216222,-0.1620405937045639,663.1192806174653,24.25413930974713,1.0,786.0,320,250,420,821.0,BUDHLADA
37018,Pahar Khurd (48),PATIALA,30.4804726,76.59126,37018,1906.0363682201569,1906.3499755859375,0.315017669650479,0.0441095791509648,0.8722508449586431,-0.3707183023275791,0.0286702151961632,828.8671615531342,22.97204433731389,0.8679808209326584,128.0,65,60,110,129.0,Shambu Kalan
37433,Dadupura (329),AMRITSAR,31.7657661,74.95786,37433,1904.6750521100744,1906.34814453125,0.4482761495483643,0.1187771820808832,1.1237839695084768,-0.4529289317842096,-0.0380048910654036,956.3934597184556,22.49043735746289,1.0,161.0,98,45,236,214.0,MAJITHA
36106,Maujian (109),MANSA,30.0,75.39883,36106,1906.5076879721528,1906.347412109375,0.6056027882661615,0.2207806706799758,1.482606341591122,-0.5796815328522327,-0.1368648813193151,657.5457843949692,24.386946081902124,1.0,397.0,150,206,301,441.0,MANSA
28676,Manoharpur (192),GURDASPUR,0.0,0.0,28676,1906.5087532119344,1906.34716796875,0.5702146135461549,0.2566825939257508,1.8673567791142027,-0.5258000949524162,-0.1730263556486802,1019.7492483069794,22.06568892097681,1.0,518.0,65,61,80,205.0,QADIAN
32873,Bholia (28),FATEHGARH SAHIB,30.6126118,76.2274246,32873,1907.2521927249843,1906.346435546875,0.4428914075980074,0.103527136280813,1.3177269561473974,-0.436199618127899,-0.0390560175907666,859.5636877229111,22.88169449138212,1.0,138.0,50,75,112,136.0,AMLOH
35836,Pakka Kalan (114),BATHINDA,30.22831,74.92904,35836,1904.9960712698016,1906.3455810546875,0.6058330541025533,0.2176357274654479,1.4769072700932595,-0.5738278185733188,-0.1339877534005702,504.8545065233849,24.657195938773366,1.0,1509.0,980,980,1667,3153.0,SANGAT
30369,Chetewan (253),JALANDHAR,31.3153152,75.58828,30369,1912.6107784128249,1906.3455810546875,0.4372495031424375,0.0792986047649789,1.3090007019551462,-0.4438581795911206,-0.0203854567736983,842.9313156708963,22.590680815166447,0.8253737141934109,3.23,30,30,182,96.0,JALANDHAR-EAST
37363,Salimpura (204),AMRITSAR,31.6756763,74.8427048,37363,1908.3066650818632,1906.3450927734375,0.5279516202968545,0.1888378953114296,1.3111276192123658,-0.5164654501339355,-0.1014040930050749,893.2409897798326,22.79888351535741,1.0,155.41,52,52,116,171.0,HARSHE CHHINA
37246,Fatehwal (123),AMRITSAR,31.8378372,74.76184,37246,1906.318229960489,1906.3409423828125,0.5064042656615427,0.1698362005038114,1.2114074715447356,-0.4987420626372238,-0.0823521390180589,917.5402614285844,22.767377350587992,1.0,120.0,78,78,115,338.0,AJNALA
28670,Sangrai (153),GURDASPUR,31.81982,75.21376,28670,1903.0643956401009,1906.3394775390625,0.5588775776546596,0.2357878893198113,1.7392313316982169,-0.5228236950665247,-0.1544279818500117,1019.7492483069794,22.06568892097681,1.0,293.0,317,246,287,343.0,QADIAN
36724,Bir Khurampur Urf Miranpur (267),PATIALA,30.1981983,76.50913,36724,1905.986665521451,1906.3392333984375,0.2928534226393665,0.1278707972237645,0.6609360264383448,-0.3708375366046734,-0.0049657290162476,852.7739543406586,23.045305066755738,1.0,345.0,0,0,1,345.0,BHUNER HERI
36729,Harigarh (264),PATIALA,30.1621628,76.5228348,36729,1906.2239297116416,1906.3365478515625,0.3368203857890675,0.1689668611084259,0.7793421751834613,-0.4024665800694602,-0.0382145368317995,831.8383189847367,23.081396195602963,1.0,140.0,25,0,40,166.0,BHUNER HERI
35690,Jhanduke (11),BATHINDA,30.27027,75.23005,35690,1904.2919101080408,1906.336181640625,0.6480579931383569,0.2872927793496738,1.6532756991617696,-0.6016916759890888,-0.2026684161641735,586.0328811422709,24.2528064149628,1.0,806.8,239,239,500,886.0,RAMPURA
35889,Burj (14),BATHINDA,30.216217,74.93847,35889,1906.111797930344,1906.335693359375,0.6353099222656449,0.2398323825959805,1.5002310526004643,-0.5987621160491633,-0.1563365972249817,604.1593941857712,24.39534023565085,1.0,722.0,144,175,435,731.0,MAUR
35799,Chak Ram Singhwala (204),BATHINDA,30.3963966,75.13901,35799,1905.149381360135,1906.3328857421875,0.6149003842330292,0.2737435071042384,1.554470434913762,-0.5781387921505682,-0.1874523990813413,578.9724233558076,24.27328179097219,1.0,728.0,650,262,510,761.0,NATHANA
28620,Mokal (166),GURDASPUR,31.81982,75.21376,28620,1906.375522957768,1906.331787109375,0.5877582039983889,0.2675673426784145,1.80809109750546,-0.5406896200893352,-0.1815903650873035,1016.9852915217774,22.08910482218068,1.0,223.0,173,163,182,238.0,QADIAN
37476,Dhing Nangal (308),AMRITSAR,31.8558559,74.96737,37476,1907.1471332437552,1906.330810546875,0.4885047227460615,0.1414301964170271,1.30642890382972,-0.4838711280672666,-0.0635961337936264,1002.4769100358384,22.25821241457089,1.0,90.0,67,0,113,108.0,MAJITHA
35155,Tutwala (102),FAZILKA,30.2084255,74.16472,35155,1906.9593872455769,1906.32861328125,0.5025989669449541,0.0734649342382241,1.2336451398262982,-0.5052994127499796,-0.0107063902319104,405.5122483788268,24.71260073894755,1.0,1324.0,300,302,601,1451.0,KHUIAN SARWAR
36123,Aspal (73),MANSA,30.0,75.39883,36123,1904.9456234530708,1906.327880859375,0.6462321910254275,0.3053103759009913,1.5834261319148868,-0.604662720305737,-0.2142918556132259,645.5949041058915,24.315755701579803,1.0,298.0,95,90,105,327.0,MANSA
30645,Awan Ghore Shah (539),HOSHIARPUR,31.6756763,75.62606,30645,1908.1412205420588,1906.3270263671875,0.5092209845432476,0.2035399005820189,1.4324350661346217,-0.4933354274484519,-0.1146022732092103,818.7200157389304,22.40296611313899,1.0,2.47,15,30,192,187.0,TANDA
36029,Mal Singhwala (138),MANSA,29.8558559,75.70521,36029,1904.5259879859348,1906.3270263671875,0.5779010644912912,0.1776855137737975,1.4676796429574157,-0.5549943269351117,-0.1039361866607554,663.1192806174653,24.25413930974713,1.0,535.0,299,290,440,682.0,BUDHLADA
32776,Jakhwali (329),FATEHGARH SAHIB,30.63063,76.38819,32776,1907.4284309402103,1906.325927734375,0.5469384593641856,0.2385116545412961,1.551627036417157,-0.5208505663172353,-0.1467387748108858,844.8589387347596,22.88174218067712,1.0,288.0,75,0,285,319.0,SIRHIND
36675,Dharamgarh Urf Kathgarh (150),PATIALA,30.3603611,76.3642044,36675,1907.0488809666804,1906.324462890625,0.3630536822841464,0.1251601788756359,1.1033190620143416,-0.3937994458975473,-0.0346527644659683,904.4869187285798,22.935428991022263,1.0,310.0,18,18,92,333.0,BHUNER HERI
36016,Saspali (143),MANSA,29.927927,75.55207,36016,1906.7408106854089,1906.322509765625,0.5775309677097473,0.2603549535332916,1.6335693915601277,-0.5504709332528298,-0.169523525146827,675.757760088672,24.27341660039025,1.0,299.0,100,97,165,329.0,BUDHLADA
32245,Chahal Khurd (115),Shahid Bhagat Singh Nagar,31.0810814,75.9904556,32245,1904.8832793814224,1906.320068359375,0.6131955091592807,0.2537062249264908,1.585287565460013,-0.5895352190551899,-0.1702698649080547,833.0336305310624,22.58589359521818,1.0,140.0,80,80,245,162.0,AUR
28677,Leel Khurd (193),GURDASPUR,31.81982,75.21376,28677,1907.792050331211,1906.3194580078125,0.5785103214901667,0.2601468373524865,1.903725276299585,-0.527704158284563,-0.1792995105079863,1019.7492483069794,22.06568892097681,1.0,90.0,96,102,152,96.0,QADIAN
32661,Kotla Bajwara (115),FATEHGARH SAHIB,30.63063,76.38819,32661,1900.910904392492,1906.316650390625,0.5113393379713441,0.1957780788371759,1.3460907495663028,-0.513257929740058,-0.1039733086565787,892.6603802096218,22.84523441651056,1.0,3.45,0,20,280,267.0,KHERA
32766,Hallo Tali (284),FATEHGARH SAHIB,30.63063,76.38819,32766,1907.788244136783,1906.31494140625,0.5029561224835547,0.2031862075877924,1.3296522729182507,-0.4961437614722785,-0.1088420309303364,846.9052739633805,22.88292011338596,1.0,442.0,45,40,220,492.0,SIRHIND
38765,Kotla Nihang (CT),RUPNAGAR,31.08999,76.55141,38765,1902.3450003506864,1906.312744140625,0.4455121235813872,0.1031687381200036,1.20396326668109,-0.4393866309841622,-0.0428274737230589,860.3560747039252,22.656766644614773,0.5977568254811098,6.0,15,8,125,0.0,RUPNAGAR
36852,Harpalan (395),PATIALA,30.35538,76.7248154,36852,1903.1633395396675,1906.3089599609375,0.3235234251487009,0.1327332362503407,0.8530620631793608,-0.390380067560077,-0.0250893828456594,872.9335991866219,23.13213484982776,1.0,219.0,70,70,174,256.0,GHANAUR
34969,Chak Dumal (227),FAZILKA,30.522522,74.2741852,34969,1905.8013359479007,1906.3087158203125,0.6072819821099481,0.3101121996505298,1.5360529837936885,-0.5673376710702559,-0.2083280037815664,537.5568660905259,24.30053681632836,1.0,384.0,27,111,194,423.0,JALALABAD
36872,Nanheri (383),PATIALA,30.3243237,76.60746,36872,1904.573891070559,1906.30615234375,0.392215513228218,0.1548586674936843,1.1893313220601078,-0.4330933529461094,-0.0580126498877845,825.9812089612382,23.1960268126378,1.0,262.0,120,35,148,318.0,GHANAUR
35366,Dhigana (60),SRI MUKTSAR SAHIB,30.4864864,74.518486,35366,1905.9422890476365,1906.3057861328125,0.6257462177509735,0.3204083287281124,1.4631404916307087,-0.5860581995394435,-0.2134688990599544,517.1678754498856,24.39831896249632,1.0,1000.0,0,0,400,853.0,MUKTSAR
33142,Kulewal (122),LUDHIANA,30.7567558,76.29937,33142,1904.797752839352,1906.30419921875,0.5186872881072765,0.1753384507442357,1.4917787771741404,-0.502206336181692,-0.1006147055590879,887.4487522056,22.71525586757884,1.0,154.0,40,0,271,174.0,SAMRALA
28665,Mirpur (141),GURDASPUR,31.8558559,75.13707,28665,1902.8571842153333,1906.3038330078125,0.5826711110313209,0.2474798999133395,1.807124720747716,-0.5383424036090771,-0.166612212761548,1011.7958953745476,22.079174556129907,1.0,204.0,180,153,225,239.0,BATALA
35958,Khaira Khurd (197),MANSA,29.6936932,75.23012,35958,1906.1905833790229,1906.30322265625,0.5445146204061609,0.1171597262728583,1.3475396434165976,-0.5188249906295923,-0.0525914722404144,691.6449032300386,24.617385126486592,1.0,2614.0,666,895,1095,1157.0,SARDULGARH
35965,Kauriwala (196),MANSA,29.6936932,75.23012,35965,1905.370179136049,1906.3031005859375,0.5800970321155466,0.2136449436446074,1.4070698510520805,-0.5529688641261545,-0.122625610544299,698.7858357837098,24.55972594437503,1.0,764.0,123,190,231,340.0,SARDULGARH
30670,Jhans (22),HOSHIARPUR,31.6576576,75.6114,30670,1901.5022850707765,1906.3021240234375,0.547923372423629,0.165055426141433,1.6836411084557448,-0.5215849150377625,-0.0994623272963123,931.9531161919464,22.42709782789501,1.0,2.47,6,5,64,128.0,TANDA
37520,Manga Sarai (174),AMRITSAR,31.7657661,74.93667,37520,1908.3214599301764,1906.30029296875,0.3781670122021228,0.0598464449512201,1.1588277598410712,-0.3853148808754133,-0.0002933447261652,991.4852021142162,22.302717498322124,1.0,208.0,126,126,281,216.0,MAJITHA
35975,Alike (167),MANSA,29.6936932,75.23012,35975,1904.7444385008248,1906.300048828125,0.5989284613859415,0.1812230453489655,1.6096741610370715,-0.5529966608437967,-0.1103610755624633,697.8284414341263,24.55338367197304,1.0,1534.0,142,220,321,659.0,SARDULGARH
36000,Gandu Khurd (151),MANSA,29.8558559,75.70521,36000,1907.707537639845,1906.2978515625,0.568436762530067,0.2215624365849246,1.52758540102996,-0.5477595192396603,-0.1356288548299889,676.0988091461898,24.27569837269393,1.0,394.0,150,200,280,435.0,BUDHLADA
30515,Khanke Fatehgarh (357),JALANDHAR,31.5080833,75.5953751,30515,1909.6145131146488,1906.2958984375,0.531631046766714,0.1575479906507153,1.5551061034885831,-0.514484579440567,-0.0872363436706992,805.4736348798173,22.43289419592901,1.0,2.47,0,0,200,222.0,BHOGPUR
35797,Chak Fateh Singhwala (205),BATHINDA,30.3963966,75.13901,35797,1904.9384890250496,1906.29541015625,0.6113212415610347,0.2677081823740023,1.5351780665976014,-0.5750625402498281,-0.1782775501121286,578.9724233558076,24.27328179097219,1.0,1337.0,1150,250,488,1450.0,NATHANA
36736,Bahadurpur Fakiran (273),PATIALA,0.0,0.0,36736,1903.898047605198,1906.294677734375,0.3768435585376414,0.1288019854378395,0.9444914030218712,-0.4265426228869599,-0.0276121208675424,904.4869187285798,22.935428991022263,1.0,149.0,222,222,318,179.0,BHUNER HERI
30648,Chohan (527),HOSHIARPUR,31.6756763,75.62606,30648,1908.2179200838607,1906.29248046875,0.5431497890114987,0.2373755222730366,1.6166259549936504,-0.5125470665866353,-0.1463111222616032,834.1454760943005,22.380299487425667,1.0,2.83,6,10,152,123.0,TANDA
35291,Sehna Khera (35),SRI MUKTSAR SAHIB,30.4324322,74.39356,35291,1908.8663428726527,1906.290283203125,0.6237733244541486,0.2782699179880793,1.425388257820806,-0.5857381193220486,-0.1783731333034962,445.9288136663119,24.811643115451847,1.0,454.0,110,110,285,531.0,LAMBI
36976,Sihri (276),PATIALA,30.4864864,76.58844,36976,1906.6894961876,1906.287109375,0.4308750118706719,0.1095733165088819,1.1994075658639438,-0.4450678636169027,-0.0363033554812485,854.3460759332078,22.88706598896545,1.0,205.0,80,80,155,233.0,Shambu Kalan
36928,Salempur Sekhan (126),PATIALA,30.3603611,76.4894943,36928,1905.5712734438512,1906.286865234375,0.328412521050171,0.0555247116564195,0.8825070112809265,-0.3949932636798287,0.0233585719530272,841.7513816137729,23.09453940237008,1.0,210.0,100,100,560,246.0,GHANAUR
35861,Bangi Ruldu (37),BATHINDA,29.9819813,75.07312,35861,1906.1885364530087,1906.2862548828125,0.6189540678015828,0.2781105124127199,1.5179904407096916,-0.591852049065805,-0.1832336734086443,538.5838094165223,24.553672500560936,1.0,4300.0,428,358,870,1610.0,TALWANDI SABO
37467,Marrari Kalan (222),AMRITSAR,31.7477474,74.96446,37467,1905.752012368556,1906.2838134765625,0.4535843228837555,0.1238860273562375,1.286058632057772,-0.4470337359153838,-0.0501006394084047,1009.0041192306028,22.22905671183572,1.0,205.0,0,125,364,224.0,MAJITHA
30843,Lodhi Chak (57),HOSHIARPUR,31.6936932,75.81015,30843,1900.8568268415072,1906.280029296875,0.5738530443196769,0.1951989507426786,1.8383506532881653,-0.5324729490433974,-0.1314324586104981,951.213739208705,22.43516936579584,1.0,4.05,0,20,194,153.0,TANDA
37231,Kotli Muglan (143),AMRITSAR,31.75332,74.78466,37231,1906.3072362844089,1906.27685546875,0.5456662562314426,0.1974098793559011,1.3142389082003545,-0.5361562202493899,-0.1050375113256184,890.6723353078263,22.813989407574297,1.0,1.0,0,0,1,21.0,HARSHE CHHINA
33064,Bhaurla Bet (280),LUDHIANA,30.8468475,76.11909,33064,1903.496152317275,1906.2755126953125,0.5185769529663333,0.2171081268646003,1.3326509918574991,-0.5216062866007104,-0.1211305167544073,865.1241603659147,22.711259675295565,1.0,74.0,0,15,130,81.0,MACHHIWARA
32892,Kumbhra (40),FATEHGARH SAHIB,30.5445518,76.1075058,32892,1906.46115333006,1906.275146484375,0.3874083601880911,0.10260539113273,1.2510241411096237,-0.3934711529050794,-0.0321008646412289,859.5636877229111,22.88169449138212,1.0,230.0,85,95,221,261.0,AMLOH
35981,Chhachhohar (157),MANSA,29.8018017,75.33205,35981,1904.680756764048,1906.2735595703125,0.605972114119268,0.240093451199912,1.5256726815955195,-0.5781152373701538,-0.1509367041791822,687.1675047089951,24.361650649668206,1.0,248.0,175,60,104,248.0,JHUNIR
37115,Momanpura (97),AMRITSAR,31.8378372,74.76184,37115,1905.2932697494768,1906.2734375,0.5701374477657093,0.2175345452864738,1.4355529223811694,-0.5485879481026437,-0.1299984176463936,997.7240435307496,22.477780638780047,1.0,142.0,50,148,350,96.0,AJNALA
37070,Kheri Gurana (247),PATIALA,30.4864864,76.60935,37070,1904.9983531618768,1906.2725830078125,0.3133809845944973,0.0480444564438849,0.9131056400359896,-0.3646249518918925,0.022469191775549,788.8995203187363,23.02710038097979,1.0,334.0,200,200,368,393.0,Shambu Kalan
38874,Salempur (298),RUPNAGAR,30.9189186,76.51241,38874,1902.0843528359285,1906.27099609375,0.5214311969494483,0.18873092334652,1.3710297064072872,-0.5050787348217785,-0.1064679867105156,903.4742305611852,22.62825050181432,1.0,247.0,70,93,253,323.0,CHAMKAUR SAHIB
35918,Natheha (141),BATHINDA,29.9819813,75.09392,35918,1905.389633928359,1906.2708740234375,0.5885134789561917,0.1927529247173552,1.4810335980310765,-0.5646984332410999,-0.1169154790786793,633.1565696100588,24.49242014411864,1.0,1850.0,297,473,574,1114.0,TALWANDI SABO
33021,Panjgaraian (41),LUDHIANA,30.81081,76.34226,33021,1907.069572321567,1906.2705078125,0.4730849323903541,0.2053864303170169,1.1922609365037673,-0.5070144594790859,-0.0963387354180975,851.0235640218156,22.741619939577788,1.0,150.0,25,40,70,168.0,MACHHIWARA
39295,Ambchhapa (185),S.A.S Nagar,30.4906273,76.7974,39295,1905.218426330216,1906.2701416015625,0.3387705081950581,0.0601727412941145,0.9357532042852404,-0.380656768383189,0.0154068237337534,784.1068896462815,22.79214443029321,1.0,85.0,21,51,65,95.0,DERA BASSI
35893,Burj Sema (50),BATHINDA,30.216217,74.93847,35893,1907.852693446004,1906.2679443359375,0.6214349153074112,0.2282536978286942,1.4959207010432998,-0.5856174353100824,-0.1480819235111552,568.0039192566159,24.383544493051392,1.0,510.87,70,250,368,561.0,MAUR
38946,Behdali (116),RUPNAGAR,30.9369373,76.52683,38946,1901.278968180715,1906.26708984375,0.4474721214578359,0.133952859138825,1.1497367942389978,-0.4712341437464178,-0.0475152461949158,929.8563262670872,22.59310860610436,1.0,157.0,139,139,210,187.0,MORINDA
36669,Bhunder Heri (153),PATIALA,30.216217,76.39803,36669,1905.8416221206576,1906.2655029296875,0.4004475990886033,0.1677937517084339,1.0266211140305068,-0.4437133908750652,-0.0600188131829234,901.2965299852418,22.94219156634116,1.0,1050.0,90,90,545,438.0,BHUNER HERI
28622,Nangal Bhagbana (171),GURDASPUR,31.8018017,75.22029,28622,1904.992569832408,1906.264892578125,0.565322111658106,0.2129793625264469,1.71495377199727,-0.5298967901120462,-0.1380436322161804,1016.9852915217774,22.08910482218068,1.0,225.0,265,252,278,247.0,QADIAN
28867,Fatehgarh Churian ( 336 ),GURDASPUR,31.8378372,75.01635,28867,1907.233741025617,1906.2647705078125,0.5507781938101961,0.19847209458129,1.3233914421997748,-0.5371297899243708,-0.111257110667334,1039.6224948575396,22.301412025466675,1.0,250.0,100,50,100,752.0,FATEHGARH CHURIAN
39383,Bhankharpur (236),S.A.S Nagar,30.666666,76.6051941,39383,1904.243198280164,1906.263916015625,0.3100912885073311,0.0253998414483435,0.8313142071445894,-0.349330781044282,0.0339401552041918,796.313727181186,22.73863612910958,0.7590622584265335,198.0,300,758,2050,0.0,DERA BASSI
35688,Har Kishanpura (10),BATHINDA,30.27027,75.23005,35688,1904.66900692592,1906.2618408203125,0.6509317269505857,0.2818759868933009,1.635531117311798,-0.6041053718327052,-0.1964121748014824,594.655350167615,24.244122150241644,1.0,470.1,88,83,185,500.0,RAMPURA
32807,Bhagwanpura (60),FATEHGARH SAHIB,30.594595,76.31791,32807,1905.032680363109,1906.2596435546875,0.4766242789245901,0.1828093972353187,1.2392750727794992,-0.4776444781917219,-0.0919439107278325,830.5825308403095,22.874046094022145,1.0,419.0,47,58,163,440.0,AMLOH
35951,Jhanda Kalan (199),MANSA,29.6936932,75.23012,35951,1906.330452733064,1906.2591552734375,0.591327243241309,0.1654210632957742,1.4811032821567214,-0.5505705098897518,-0.0937043413667136,635.1749715126487,24.690931800466977,1.0,8848.0,989,1050,1204,2267.0,SARDULGARH
39172,Sukhgarh (289),S.A.S Nagar,30.72072,76.71098,39172,1906.05048194608,1906.2572021484375,0.3758684143675238,0.0422808819202234,1.0416967205387122,-0.4046766230940158,0.0199611789149884,814.3871169722964,22.746457226764065,0.7815930770258762,1.0,59,40,152,242.0,KHARAR
29604,Bir Dhandoli (48),KAPURTHALA,31.2248821,75.76635,29604,1903.7375789664688,1906.2569580078125,0.622018835933319,0.2502491019411858,1.9012881388245708,-0.574341091254942,-0.175696268828449,746.0230234076874,22.86978814647381,1.0,636.0,11,0,46,379.0,PHAGWARA
30659,Gurala (538),HOSHIARPUR,31.81982,75.8074951,30659,1908.085823735518,1906.2562255859375,0.5155018227233131,0.2239355134302066,1.435854940908112,-0.5078001404976932,-0.1264335991755004,928.5261276175872,22.425879731414227,1.0,2.02,50,50,122,96.0,TANDA
36811,Poonian Jattan (118),PATIALA,30.3493919,76.4338455,36811,1907.006443008696,1906.2557373046875,0.352018470154056,0.1017707454325503,0.9812873068795758,-0.3920149784221973,-0.0158980100058231,899.4118514468568,22.83189132190313,1.0,116.0,60,60,102,128.0,SANOUR
37762,Pannuwan (180),AMRITSAR,25.7657661,87.47129,37762,1905.1539090085112,1906.255126953125,0.4946084194858738,0.1926966949462781,1.6073379960104504,-0.4762647439456708,-0.111640737155451,1010.3204640557664,22.236575219337794,1.0,31.0,62,0,92,136.0,TARSIKKA
36680,Ganaur (129),PATIALA,30.2342339,76.39118,36680,1908.3501742669944,1906.2542724609375,0.3496314562931056,0.1076169711169875,1.0464820754142672,-0.3877810810713515,-0.0207828283571874,899.4118514468568,22.83189132190313,1.0,109.0,112,30,114,116.0,SANOUR
37417,Nizampura (275),AMRITSAR,31.8018017,74.83868,37417,1905.63996459768,1906.252197265625,0.4856129490220225,0.1489549881983674,1.1417191140927565,-0.4901469541163541,-0.0639299697284198,956.3934597184556,22.49043735746289,1.0,37.0,12,6,11,228.0,AJNALA
36048,Karipur (230),MANSA,29.8738747,75.6981049,36048,1906.0847515961136,1906.25,0.5793472354071583,0.2467735770388286,1.4911474055287006,-0.5547297631975172,-0.1570427738222426,662.1562063661369,24.24450196026517,1.0,394.0,280,268,470,441.0,BUDHLADA
35942,Kotra (148),MANSA,29.7657661,75.30493,35942,1905.2571409318064,1906.2491455078125,0.5725092376101489,0.142096911951315,1.5092847509245195,-0.529059116566973,-0.0770928052806889,660.6918077300024,24.45464166224996,1.0,802.0,125,100,188,356.0,SARDULGARH
35234,Phullu Khera (44),SRI MUKTSAR SAHIB,30.4324322,74.39356,35234,1906.601190746192,1906.245849609375,0.6236177358610364,0.2420538338996238,1.478427715868539,-0.58257011918368,-0.1521449717547462,431.9997062263508,24.837790528991828,1.0,802.0,399,399,499,914.0,LAMBI
28953,Loharanwali (345),GURDASPUR,32.0180168,75.01474,28953,1903.243598583259,1906.24560546875,0.5702647311008393,0.2327064710862778,1.3903811161909727,-0.5482834021217552,-0.1415065772695209,997.2297052493766,22.456432719311657,1.0,159.0,100,0,50,137.0,DERA BABA NANAK
32100,Bhut (104),Shahid Bhagat Singh Nagar,31.18919,75.99287,32100,1905.491691493752,1906.2421875,0.548829110132186,0.1816366107188688,1.5936498472795646,-0.537540407232296,-0.107820226381511,795.2970954587357,22.747902170555847,1.0,217.0,117,100,367,254.0,BANGA
28618,Kandila (164),GURDASPUR,31.8018017,75.3687,28618,1906.6648754405253,1906.2391357421875,0.5722674499120417,0.2545602924687902,1.770538348153178,-0.5305270473028298,-0.1688989548403552,1018.22990124838,22.07856064198693,1.0,602.0,386,386,421,676.0,QADIAN
32770,Bulebas Alias Mukandpura (291),FATEHGARH SAHIB,30.63063,76.38819,32770,1906.7738860703168,1906.238525390625,0.4990446932426154,0.1867641899607445,1.370597361069117,-0.4968030490913278,-0.0973530651886055,847.069882566188,22.882982875403485,1.0,104.0,30,0,55,114.0,SIRHIND
30329,Sikanderpur (147),JALANDHAR,31.58514,75.669754,30329,1906.533349395764,1906.2381591796875,0.5524535699483248,0.1837567426816175,1.7366228840843838,-0.5170371475001756,-0.1154755355949884,835.5703646891691,22.520249576370347,1.0,235.0,25,25,300,260.0,ADAMPUR
30518,Kotli Viran (364),JALANDHAR,31.4954948,75.54337,30518,1910.172014220982,1906.2320556640625,0.5243807843887607,0.1557957574185543,1.6960204868066662,-0.494874579564117,-0.0926262983531521,820.4651628072776,22.45123112143114,1.0,88.0,5,9,19,84.0,JALANDHAR - WEST
36674,Mehmudpur Jattan (149),PATIALA,30.4221439,76.4479752,36674,1907.327377609148,1906.2320556640625,0.3565774915186065,0.1203359246726447,0.9611740599882322,-0.3927489749571358,-0.0264879801768039,902.5112247154706,22.93537138380601,1.0,204.0,92,98,255,91.0,SANOUR
32656,Rural Talanian(104),FATEHGARH SAHIB,30.6195183,76.3487244,32656,1903.1234147765088,1906.2313232421875,0.5314644998366136,0.2186318442802065,1.442823181384991,-0.5216121479234848,-0.1275093791766859,936.571517865886,22.854862821640893,0.9866154175919144,22.0,15,20,51,541.0,BASSI PATHANA
36465,Rajpura (347),PATIALA,30.4684677,76.2816,36465,1906.50388086084,1906.22998046875,0.5200931078888238,0.2055848894388089,1.3972170664143748,-0.5056255408674556,-0.116739946968026,815.9566017796891,22.94605681146857,1.0,226.0,70,80,180,242.0,NABHA
30397,Lallian Khurd (426),JALANDHAR,31.3153152,75.58828,30397,1913.13793041572,1906.2296142578125,0.4803807570468514,0.1107321935871504,1.3290390254032902,-0.4814075412100262,-0.0466702011663347,893.4373402270239,22.5324742220678,1.0,180.0,15,15,500,202.0,JALANDHAR - WEST
35865,Chathewala (54),BATHINDA,29.9819813,75.09392,35865,1904.9639899707468,1906.2291259765625,0.640821221875645,0.2404346211836362,1.6095339153990913,-0.5938671858640749,-0.161388991822542,564.2416810063784,24.403589058195355,1.0,2774.0,296,276,578,1123.0,TALWANDI SABO
36548,Jalalpur (74),PATIALA,30.3603611,76.46861,36548,1910.1596481794315,1906.2271728515625,0.3993551700925353,0.0785677507291715,1.2155113780203877,-0.4156808847443715,-0.0141774059531425,887.5774228839201,22.84561133437729,0.7743354503784341,101.0,100,50,365,156.0,SANOUR
30650,Tahli (525),HOSHIARPUR,31.7117119,75.63426,30650,1909.3519532310795,1906.2269287109375,0.5061676516042484,0.1843781182689377,1.5364350705801062,-0.4781528002781898,-0.1049959676849268,895.9540611134929,22.27408976085412,0.9147937644361004,6.07,15,0,590,1084.0,TANDA
28835,Khussar Tahli (360),GURDASPUR,31.8918915,75.0179138,28835,1907.5728877671795,1906.2265625,0.5583362789196297,0.1943746241641824,1.3854074381699475,-0.5402753284565402,-0.1115258200691967,1039.6224948575396,22.301412025466675,0.9950810472024444,94.0,45,40,103,99.0,FATEHGARH CHURIAN
32782,Sarna (340),FATEHGARH SAHIB,30.6281681,76.38409,32782,1906.784450153219,1906.2257080078125,0.4993840537050681,0.1676946272260481,1.422295927833587,-0.479373501010523,-0.0896921931699327,844.8589387347596,22.88174218067712,1.0,160.0,40,40,181,181.0,SIRHIND
35982,Danewala (162),MANSA,29.90991,75.5384,35982,1904.804908785029,1906.224365234375,0.5731656016716877,0.2119681967987902,1.4191112953072162,-0.551207513613348,-0.1246068266175453,687.1675047089951,24.361650649668206,1.0,726.0,298,300,390,726.0,JHUNIR
36504,Bhat Heri (92),PATIALA,30.4214,76.44799,36504,1907.8824231676736,1906.22314453125,0.4838728228057094,0.186642505381942,1.3446064326967364,-0.4832065538756745,-0.0967855588225251,847.1012544181676,22.90589415501757,1.0,220.0,70,70,170,220.0,SANOUR
29046,Mand Miani Bhagu Purian (34),KAPURTHALA,31.6016369,75.44676,29046,1905.4587272309088,1906.2227783203125,0.4903075977198686,0.1523876555929426,1.4469538295331683,-0.4795734024275171,-0.0792324499719263,800.9258451869385,22.437382947828382,0.9999214135012788,118.0,1,1,1,122.0,NADALA
35988,Moda (175),MANSA,29.8018017,75.33205,35988,1905.7718683587773,1906.2208251953125,0.6944380794394096,0.3375975866601125,1.7634809821881132,-0.6320573410228146,-0.2521488249591739,691.5262762939766,24.38868597199152,1.0,185.0,28,55,64,202.0,JHUNIR
36058,Rali (222),MANSA,29.8558559,75.70521,36058,1906.518957882547,1906.220458984375,0.6258879380872298,0.3177939911216442,1.558399069157578,-0.593328152157051,-0.2193986667919019,657.1467461993592,24.19437299224586,1.0,760.0,10,200,567,850.0,BUDHLADA
35795,Gulabgarh Urf Naiwala (58),BATHINDA,30.549778,75.0779648,35795,1904.6544254537755,1906.2198486328125,0.6015441027895262,0.2340734487841371,1.5635587766775914,-0.564354588795386,-0.1495570154199433,559.7834061790774,24.383435873286743,1.0,502.0,0,216,330,573.0,BATHINDA
36125,Kotli kalan (9),MANSA,30.0,75.39883,36125,1906.1297312259007,1906.21923828125,0.6511072001983939,0.2720352163852281,1.6463637150678692,-0.6076334469165835,-0.1926898747251824,642.0838286560879,24.29241527836183,1.0,1419.0,645,646,826,1807.0,MANSA
32119,Paddi Mathwali (39),Shahid Bhagat Singh Nagar,31.18919,75.9718,32119,1903.348620711768,1906.21630859375,0.5752841986796714,0.2143598899039993,1.6101953671338425,-0.5568998169107832,-0.1385455487060232,795.2970954587357,22.747902170555847,1.0,215.0,45,70,336,256.0,BANGA
32893,Chattarpura (68),FATEHGARH SAHIB,30.2342339,76.12006,32893,1906.630927004346,1906.2154541015625,0.3236475579954275,0.0591203312069691,1.1043319884659155,-0.3378553046047905,0.0007642426301509,859.5636877229111,22.88169449138212,0.9205086031499742,178.0,50,51,91,186.0,AMLOH
30724,Alawal Isa (513),HOSHIARPUR,31.81982,75.78629,30724,1904.3147335147569,1906.2117919921875,0.5185036331248466,0.2059864101735437,1.5261631731208924,-0.4961354508434857,-0.1193683593699156,928.5261276175872,22.425879731414227,1.0,0.1,40,40,60,76.0,TANDA
31800,Kotla (93),HOSHIARPUR,31.3222122,75.9766846,31800,1902.104672455191,1906.210205078125,0.6336557193877298,0.3089697853669634,1.7353755399733108,-0.598625116362866,-0.2170258995226823,790.2334722688096,22.580193486697112,1.0,201.0,26,35,82,218.0,MAHILPUR
35941,Jatana Khurd (149),MANSA,29.6936932,75.23012,35941,1904.898957217936,1906.2093505859375,0.5719671509055144,0.1691325840493572,1.4549919134017844,-0.5371425508708635,-0.0919901879089764,677.1074923684495,24.41611745199475,1.0,1184.0,162,186,287,532.0,SARDULGARH
31787,Data (82),HOSHIARPUR,31.3195553,75.9440155,31787,1902.5281489681224,1906.20849609375,0.6051649036828352,0.2764271849446066,1.6489310540216984,-0.57862773330171,-0.1837543730404509,762.2503545504078,22.848077282703542,0.9262086846552018,206.0,90,90,108,227.0,MAHILPUR
36932,Alawal Majra (118),PATIALA,30.4864864,76.58844,36932,1906.7872161817013,1906.208251953125,0.3565532173530227,0.111577021605811,0.9375834304121008,-0.4098661408450357,-0.0164930998616088,852.713057677974,23.02399660360237,1.0,122.0,15,20,120,134.0,Shambu Kalan
30661,Nathupur (542),HOSHIARPUR,31.6756763,75.62606,30661,1905.871354653319,1906.2081298828125,0.532050583436956,0.2307750686709263,1.4938526704828676,-0.5225604307828374,-0.1364797005673707,911.666692274818,22.42180415671263,1.0,25.1,35,170,336,153.0,TANDA
36031,Rampur Mander (140),MANSA,29.8558559,75.70521,36031,1905.94203259157,1906.2071533203125,0.5751777058174968,0.2253709971755024,1.5288542673469414,-0.5485501825779195,-0.1391728482116766,659.7917682906747,24.22084135877844,1.0,663.0,420,390,595,727.0,BUDHLADA
29030,Talwandi Kuka (43),KAPURTHALA,31.60177,75.44632,29030,1905.5634231624672,1906.206298828125,0.5468680655150269,0.2074225883810923,1.552589716255795,-0.516501619708743,-0.1234056938781204,821.6470936988636,22.42757738151162,1.0,110.0,110,150,210,111.0,NADALA
28684,Dhanne (182),GURDASPUR,31.8018017,75.22029,28684,1906.5894237043303,1906.202880859375,0.5790818651353626,0.2521413127265903,1.811444532815551,-0.5329124562215759,-0.1702437132817861,1019.7492483069794,22.06568892097681,1.0,243.0,442,101,129,125.0,QADIAN
38794,Attari (101),RUPNAGAR,30.9189186,76.51241,38794,1897.630374162473,1906.202392578125,0.5925995106518201,0.2412537204346595,1.5927973702698652,-0.5743437037839739,-0.154264433135919,886.9456940147102,22.749209545355303,1.0,250.0,40,30,78,108.0,CHAMKAUR SAHIB
36731,Bishan Nagar (256),PATIALA,30.1361618,76.51143,36731,1906.564645503616,1906.2001953125,0.3264944597365624,0.1284873950764618,0.8655395204691905,-0.374669892486592,-0.0254502746456437,831.8383189847367,23.081396195602963,1.0,172.0,50,36,47,186.0,BHUNER HERI
33019,Rahimabad Khurd (51),LUDHIANA,30.8468475,76.11909,33019,1908.1794165631504,1906.19970703125,0.4842281151799222,0.18171135958116,1.2379153318027385,-0.5032943287154572,-0.085703531148515,862.2004190846832,22.77892134752446,1.0,146.0,0,15,163,164.0,MACHHIWARA
36848,Dharamgarh Dakhli Lohsimbli (390),PATIALA,30.3049,76.59235,36848,1904.269876552279,1906.19970703125,0.3192041002724389,0.1052887110368892,0.8682153544822326,-0.3662559086786197,-0.0101163672587891,920.9045790141488,23.06685680872254,1.0,2.47,0,0,1,173.0,GHANAUR
30473,Gadaipur (161),JALANDHAR,31.59663,75.6344757,30473,1909.5279124620035,1906.199462890625,0.4621625043001215,0.1137165375224884,1.467917492569545,-0.4472879541189269,-0.0527532416010251,866.5677848269837,22.48811818547273,0.4112374622897766,100.0,20,50,100,221.0,JALANDHAR - WEST
28599,Langianwali (78),GURDASPUR,31.9639645,75.41655,28599,1909.516256415662,1906.19482421875,0.5585031132782698,0.2379194907693934,1.7036056581719166,-0.5259129321324828,-0.1533494109573182,972.7951086967946,22.150244457563566,1.0,95.0,60,0,108,110.0,SRI HARGOBINDPUR
30580,Fattupur (133),JALANDHAR,31.5855846,75.6586151,30580,1904.9561605631025,1906.194091796875,0.52897035869207,0.1689324834671586,1.6525976634778992,-0.5021398953544388,-0.1014708060286324,776.7701403396163,22.508639126002127,1.0,85.0,0,0,20,91.0,ADAMPUR
32193,Chakkalal (81),Shahid Bhagat Singh Nagar,31.1723537,75.97315,32193,1904.6598006249344,1906.194091796875,0.5475031454956021,0.1936290007602873,1.5173282526643053,-0.5321477946942859,-0.1202433786864058,795.2970954587357,22.747902170555847,0.7857792256537783,40.0,10,50,194,124.0,BANGA
29682,Jamalpur (106),KAPURTHALA,31.3240128,75.53772,29682,1905.9838567196075,1906.192626953125,0.601884846212693,0.2321408911070064,1.7635431600930398,-0.5649308934326971,-0.1614458061971704,789.2529609610932,22.57912219385276,1.0,407.0,71,0,365,249.0,PHAGWARA
33169,Bardhala (168),LUDHIANA,30.9009018,76.18303,33169,1906.337259415396,1906.1922607421875,0.4420449286712637,0.0970262519490384,1.2922374516112645,-0.4439575096648052,-0.0332961712543766,887.4487522056,22.71525586757884,1.0,210.0,15,15,61,99.0,MACHHIWARA
29081,Boparai (132),KAPURTHALA,31.6018219,75.44606,29081,1905.7528813240224,1906.1885986328125,0.5751687605693374,0.2196350101622017,1.765422445322298,-0.53835973488012,-0.1437760535867143,798.7271805453788,22.41767931645569,1.0,897.0,300,360,510,568.0,NADALA
33138,Ghungrali (111),LUDHIANA,30.594595,76.35977,33138,1901.124155166844,1906.188232421875,0.479170899849745,0.1473065560624798,1.2919024746274963,-0.475679844870266,-0.0691428440762357,904.7050559303348,22.78323474859576,0.7446603762544691,273.0,40,40,315,291.0,SAMRALA
28814,Shekhwan (318),GURDASPUR,31.8918915,75.0179138,28814,1907.3387808358923,1906.1878662109375,0.5093598985745615,0.1810387132749911,1.3702431938878037,-0.4974504998370332,-0.0978467386598415,1022.1570326588444,22.281100024061,0.8184132746159892,60.0,55,60,550,127.0,FATEHGARH CHURIAN
37423,Chak Phoolan (222),AMRITSAR,31.8378372,74.76184,37423,1907.991217514886,1906.1859130859375,0.5268451523161364,0.1820909796256064,1.264418145888627,-0.5193669951882451,-0.0945778030263093,892.2808017369246,22.804530244896835,0.7609326434009785,112.0,18,22,64,111.0,AJNALA
32741,Sidhwan (308),FATEHGARH SAHIB,30.3603611,76.3642044,32741,1904.226720984601,1906.185302734375,0.4831233046600929,0.2008117727694777,1.5828141302985692,-0.4646066073784636,-0.1165502204825406,859.5654372766735,22.88169225497213,1.0,127.0,39,65,147,166.0,SIRHIND
35949,Rorki (188),MANSA,29.6936932,75.23012,35949,1905.0527608658244,1906.1842041015625,0.6076262339806013,0.2449897266843572,1.4568504509716822,-0.5757089524014259,-0.1563218912381183,648.0097415854829,24.63009166487882,0.9992114058914368,3848.0,299,305,399,866.0,SARDULGARH
28558,Dhande (39),GURDASPUR,31.8018017,75.22029,28558,1906.1411582765925,1906.1800537109375,0.5716761446635272,0.2402316754433762,1.719351544956046,-0.5305038677837801,-0.1587099779832451,1016.9852915217774,22.08910482218068,1.0,193.0,85,85,108,231.0,QADIAN
35891,Mari (26),BATHINDA,30.072073,75.2246552,35891,1907.8142346855443,1906.1768798828125,0.6474995698916468,0.2875761850138228,1.5453907370510225,-0.6113600360272167,-0.1997657580094389,599.6858449421095,24.34487726528408,1.0,246.0,51,90,220,249.0,MAUR
35913,Kaureana (143),BATHINDA,29.9819813,75.09392,35913,1904.742953041132,1906.1759033203125,0.6010689741160329,0.2388459626154035,1.5948677866281624,-0.5705936387592955,-0.1568439781232171,584.2400083995947,24.59769541531864,1.0,735.0,253,361,406,798.0,TALWANDI SABO
38772,Bara Surtanpur (71),RUPNAGAR,30.9189186,76.51241,38772,1901.318079764392,1906.1754150390625,0.5369238438810461,0.2039844699754593,1.4361266001452313,-0.5344810839025277,-0.1154109968828082,866.7582084426807,22.65975984080736,1.0,210.0,40,25,120,241.0,CHAMKAUR SAHIB
35867,Ramgarh Bhundar (51),BATHINDA,30.072073,75.2246552,35867,1906.5489971351,1906.1751708984375,0.6420369965050454,0.2300221532016635,1.590968280589907,-0.5942917853109361,-0.1522837235878867,568.0511238982575,24.38220329194104,1.0,560.1,524,264,464,606.0,MAUR
32092,Malpur (121),Shahid Bhagat Singh Nagar,31.1171169,76.12452,32092,1904.6816211103585,1906.1739501953125,0.5271580213711247,0.1943485122648398,1.4106980978155246,-0.5233010833157354,-0.1072703098714817,824.7937652280228,22.51144758387028,1.0,2.47,129,113,381,135.0,NAWANSHAHR
28575,Mand (65),GURDASPUR,31.9639645,75.41655,28575,1907.09984440097,1906.1737060546875,0.5739699894234439,0.2642951895618129,1.7346731230333547,-0.5415876152061414,-0.1744613271617648,879.0033000920156,22.325445514279863,1.0,329.0,141,141,307,368.0,SRI HARGOBINDPUR
37360,Rokhey (214),AMRITSAR,31.8378372,74.74063,37360,1908.4983360919043,1906.17333984375,0.5164983005556392,0.1763466254391151,1.2649896701220993,-0.5055889798555656,-0.0911260516958999,916.499489825,22.66210357915856,1.0,95.0,8,118,272,175.0,AJNALA
36816,Mehargarh Batti (321),PATIALA,30.3539619,76.35704,36816,1905.3293924168704,1906.1708984375,0.345013725463983,0.1242804874670573,0.9497108417692308,-0.4039389165553875,-0.0255865973074317,897.7553005970639,22.871144395622103,1.0,111.0,30,30,80,127.0,SANOUR
37497,Alkare (225),AMRITSAR,31.7657661,74.93667,37497,1906.047289853953,1906.1683349609375,0.4401028856489432,0.1137998569113924,1.3542745117163182,-0.4272163176910081,-0.0468533300376302,989.274444934216,22.31048083703343,1.0,122.0,63,63,196,153.0,MAJITHA
36957,Gazipur (92),PATIALA,30.4864864,76.58844,36957,1908.506835177808,1906.1673583984375,0.3336371916391656,0.0759712458949542,0.8831719938426097,-0.3898475172884814,0.008375221566823,852.713057677974,23.02399660360237,1.0,152.0,53,53,84,172.0,Shambu Kalan
32135,Bisla (53),Shahid Bhagat Singh Nagar,31.18919,76.24561,32135,1905.1504090700453,1906.166015625,0.5959543376163986,0.2471120284714407,1.689799232923903,-0.5686018488597552,-0.1649519543402165,794.1594812085526,22.669952482494125,1.0,133.0,85,54,350,156.0,BANGA
36950,Bivipur (86),PATIALA,30.4864864,76.58844,36950,1907.9806754602816,1906.1658935546875,0.3737019406487109,0.1008352165290443,1.0275348087875704,-0.430604026304752,-0.0116059806960616,849.4693768624978,23.04487099559257,1.0,60.0,0,40,55,91.0,Shambu Kalan
32127,Ladian (34),Shahid Bhagat Singh Nagar,31.2072067,75.9862747,32127,1903.120471825636,1906.16357421875,0.6207702208317308,0.3032638371950373,1.7288424514019889,-0.5900782241030195,-0.2093258645669029,792.8717967277146,22.66877483141688,1.0,323.0,25,25,171,350.0,BANGA
33056,Gaunsgarh (268),LUDHIANA,30.8468475,76.11909,33056,1906.113650546536,1906.162353515625,0.5002348513629743,0.2097055089049416,1.2409206542300393,-0.5193741321625246,-0.1073848511351027,873.6828600502186,22.81724261162339,1.0,61.0,15,15,20,82.0,MACHHIWARA
37609,Jagatpur Bajaj (248),AMRITSAR,31.7117119,74.9565,37609,1905.8957675345696,1906.1611328125,0.3797209028086508,0.0620077650372909,1.106711989148125,-0.3878758474906777,0.0011231119472,969.8854777028458,22.378567518482896,1.0,2.47,61,0,125,313.0,MAJITHA
36952,Bathonian Kalan (88),PATIALA,30.4864864,76.5675354,36952,1908.1931901297603,1906.1595458984375,0.3730319676892732,0.0953225274543234,1.0097792950553897,-0.4267557146602693,-0.0088616452981127,845.5155302686326,23.00831558836039,1.0,299.0,0,193,360,351.0,Shambu Kalan
37519,Mehnian Brahmana (172),AMRITSAR,31.6576576,74.9763641,37519,1908.0845578208148,1906.158935546875,0.3931022602899179,0.0765471154859815,1.165572421692826,-0.3992780117523072,-0.0121762386212348,971.4768022269832,22.372979391758065,1.0,196.0,72,72,170,220.0,TARSIKKA
32313,Pallian Kalan (226),Shahid Bhagat Singh Nagar,31.0990982,76.06799,32313,1906.5451547839075,1906.15771484375,0.5170402029797573,0.1855749507057298,1.4272462206418477,-0.5124610930168746,-0.1031487519043244,832.7208907427461,22.49235805798953,1.0,68.82,35,35,127,244.0,NAWANSHAHR
37460,Shahzada (231),AMRITSAR,31.7477474,74.96446,37460,1903.833542661285,1906.15771484375,0.4476943114792014,0.1364154235567085,1.308596462308379,-0.4428396867387769,-0.0599892378925913,1010.3204640557664,22.236575219337794,1.0,299.0,151,151,394,343.0,MAJITHA
28832,Teja Khurd (327),GURDASPUR,31.8918915,75.0179138,28832,1905.59259049655,1906.15771484375,0.5600996799070357,0.2274288243965467,1.505787161894103,-0.5350859671171319,-0.1410768039696946,1039.6224948575396,22.301412025466675,1.0,90.0,200,300,700,189.0,FATEHGARH CHURIAN
32869,Bir Mohammadi (13),FATEHGARH SAHIB,0.0,0.0,32869,1907.4520470136508,1906.157470703125,0.4723367946541493,0.1543762996449205,1.404326594702823,-0.4611017805218241,-0.0784707194787549,825.7491118148824,22.87180597502348,1.0,50.0,8,8,12,53.0,AMLOH
32987,Khanpur (277),LUDHIANA,30.81081,76.34226,32987,1904.6163637687523,1906.156982421875,0.5407306033412163,0.2521243182212566,1.3110346143097913,-0.5437480182567158,-0.144656329501968,855.2991542031663,22.66896286104054,1.0,50.0,44,10,26,54.0,MACHHIWARA
36011,Kulrian (179),MANSA,29.8558559,75.68443,36011,1906.270270497984,1906.1561279296875,0.6308182054179301,0.3152728129800481,1.8256267167719864,-0.5872191084226543,-0.2264022292744797,659.0506007899692,24.20209846451904,1.0,2384.0,1405,1200,1900,2561.0,BUDHLADA
37334,Harar ( Near Bhure Gill ) (246),AMRITSAR,31.6216221,74.82035,37334,1905.771744005229,1906.155517578125,0.5338248161722687,0.1923029379132227,1.2478939459217573,-0.5202185766670975,-0.1014655924050152,953.765833657016,22.6391379412903,1.0,90.0,60,60,69,152.0,AJNALA
32166,Chak Guru (61),Shahid Bhagat Singh Nagar,31.18919,75.9718,32166,1907.0924021205044,1906.1514892578125,0.5706513207383199,0.2264677701130318,1.5897495423527157,-0.5458452774137839,-0.1440823109594743,794.1594812085526,22.669952482494125,1.0,190.0,15,0,104,213.0,BANGA
33104,Tapparian (94),LUDHIANA,30.8468475,76.11909,33104,1903.974239000692,1906.1513671875,0.5365452662986756,0.1799690555345916,1.5275433909788148,-0.5159827920505735,-0.1059650268010934,876.7956475249091,22.826150284443155,1.0,146.0,0,16,53,155.0,MACHHIWARA
32110,Khatkar Khurd (79),Shahid Bhagat Singh Nagar,31.18919,76.098175,32110,1904.3430502620456,1906.1492919921875,0.6137939333150279,0.2375487783868043,1.6934355177227831,-0.5806471326534413,-0.1623033879789348,795.2970954587357,22.747902170555847,0.6355046197271994,118.0,45,40,280,136.0,BANGA
36483,Faridpur (86),PATIALA,30.3656883,76.37698,36483,1907.054570670419,1906.1478271484375,0.4549672455494441,0.1440664256754704,1.2644580935386782,-0.4536922629440792,-0.0625939718467182,839.1855749299424,22.919619997673408,1.0,165.0,4,5,155,182.0,PATIALA RURAL
36445,Chahal (126),PATIALA,30.3423424,76.41278,36445,1903.3374676809683,1906.14306640625,0.507236727743935,0.1941783025541044,1.3417998422442576,-0.4969389373269134,-0.1054893694912632,791.3933976638334,22.96263298156247,1.0,197.0,50,60,396,224.0,NABHA
37274,Harar Kalan (235),AMRITSAR,31.8378372,74.76184,37274,1907.9033254271592,1906.1427001953125,0.5660693378714412,0.226831206780627,1.3691782885725454,-0.5408789809282765,-0.1340597834474153,953.765833657016,22.6391379412903,1.0,186.0,140,144,234,211.0,AJNALA
36344,Dhundewal (151),PATIALA,30.54054,76.21263,36344,1905.700772769329,1906.142578125,0.5117341199994337,0.1971659482345734,1.401206851843023,-0.4974443600598883,-0.1096552475476646,815.9566017796891,22.94605681146857,1.0,162.0,4,4,10,173.0,NABHA
37812,Chung (67),AMRITSAR,31.6036034,75.2078247,37812,1903.326292702204,1906.1409912109375,0.4904296574153388,0.1835427581152078,1.5658273869971322,-0.4666714000811074,-0.1065184174430922,973.7182202746766,22.143738726509184,1.0,265.0,130,130,330,325.0,RAYYA
32163,Kultham (7),Shahid Bhagat Singh Nagar,31.1862812,75.89424,32163,1907.62929108148,1906.140380859375,0.5849805701434484,0.2134581838591726,1.7019471339631946,-0.5500267410566715,-0.1421815078347454,790.1478523010761,22.59568856566339,1.0,163.0,390,170,700,349.0,BANGA
36454,Jindalpur (134),PATIALA,30.3423424,76.41278,36454,1905.064520078668,1906.1378173828125,0.5032774486760362,0.1865441212432461,1.3271206390114345,-0.4940850282087914,-0.0991142737925443,815.9566017796891,22.94605681146857,1.0,212.0,42,79,180,290.0,NABHA
37289,Chak Kamal Khan (197),AMRITSAR,31.75337,74.7847,37289,1907.938968470293,1906.13525390625,0.5255970082924585,0.1898031505634909,1.3454692663936665,-0.5130945192266759,-0.102024508730534,891.0504880370884,22.81537160731964,1.0,191.0,140,90,167,210.0,HARSHE CHHINA
37514,Kot Hride Ram (236),AMRITSAR,31.7657661,74.95786,37514,1907.112731707008,1906.13134765625,0.3871529381396371,0.0712476834999403,1.164541517978685,-0.3874578545202595,-0.0087362962578967,1006.979886444972,22.248306057856905,1.0,74.0,79,79,161,87.0,MAJITHA
36663,Partapgarh (215),PATIALA,30.1441441,76.3005,36663,1906.4465277269423,1906.1297607421875,0.462980013920802,0.1922796452691298,1.1042304629786857,-0.4856989862476252,-0.0855178502838703,855.5401804854768,23.039179985216663,1.0,190.0,40,32,84,186.0,SANOUR
35874,Maisar Khana (17),BATHINDA,30.072073,75.2246552,35874,1906.0456690876213,1906.1295166015625,0.6318815217739899,0.260019466152212,1.567168540180587,-0.5936219959575937,-0.1761232000095031,593.3482815031898,24.274462182269943,1.0,1970.0,400,885,985,2002.0,MAUR
36419,Mohal Gawara (98),PATIALA,30.3603611,76.13451,36419,1904.794812346503,1906.1279296875,0.5534085260884695,0.2279600076999185,1.425169109264572,-0.5346449745455097,-0.1338583556113022,760.4251894166367,22.92419452819485,1.0,193.0,35,62,125,203.0,NABHA
36700,Pipal Kheri Urf Mahadevpur (230),PATIALA,0.0,0.0,36700,1906.3425483973688,1906.1273193359375,0.4062549981222622,0.119858942397097,1.0859669152902356,-0.4277196260743947,-0.0346332601749357,904.4869187285798,22.935428991022263,1.0,170.0,143,143,160,100.0,BHUNER HERI
29657,Saprore (86),KAPURTHALA,31.3873882,75.39295,29657,1908.237716502273,1906.127197265625,0.5029895772631825,0.1547072796867836,1.5600899223360842,-0.4869887733543857,-0.0861958639665898,811.1024224897164,22.594626784070968,1.0,438.0,109,0,291,332.0,PHAGWARA
36926,Uksi (141),PATIALA,30.54054,76.6937943,36926,1905.953063357212,1906.1265869140625,0.3528203038528493,0.1617677724508153,0.980954631279636,-0.414787226610309,-0.0491096345896621,825.9812089612382,23.1960268126378,1.0,1879.0,0,190,232,105.0,RAJPURA
37329,Ibrahimpura (233),AMRITSAR,31.8378372,74.76184,37329,1908.3527324192924,1906.1263427734375,0.5248062438756173,0.1728462577994878,1.2771648718057518,-0.5098100532888579,-0.0882827438679909,924.0584076226712,22.65744534465201,1.0,247.0,123,123,167,275.0,AJNALA
29037,Mand Nangal Lobana (36),KAPURTHALA,31.6016369,75.44676,29037,1905.7457904406567,1906.126220703125,0.4717386112788366,0.1379518517367025,1.3598585549515236,-0.4718862588364246,-0.0636194586684639,827.1517971101582,22.42497248372645,1.0,50.0,4,6,6,124.0,NADALA
32797,Bhamarsi Buland (52),FATEHGARH SAHIB,30.3783779,76.39917,32797,1905.116278009346,1906.1239013671875,0.4794370578616549,0.1999605934318315,1.4239991248300772,-0.4746448541629177,-0.1088025219337319,859.5636877229111,22.88169449138212,1.0,250.0,95,162,280,285.0,SIRHIND
37164,Jasraour (147),AMRITSAR,31.7117119,74.6176147,37164,1909.8906797138936,1906.1226806640625,0.4932286244408262,0.1612283601620517,1.1869495673617,-0.4936222566391398,-0.0729100629084363,886.0899719445763,22.87715211373637,1.0,891.0,230,228,313,1125.0,CHOGAWAN
32992,Kamalpur (457),LUDHIANA,30.81081,76.34226,32992,1902.220001760808,1906.122314453125,0.5614586071047302,0.198175128824138,1.446729068555675,-0.5650949728940527,-0.1140330974184846,855.2991542031663,22.66896286104054,1.0,120.0,25,0,75,127.0,MACHHIWARA
37023,Raimajra (6),PATIALA,30.3243237,76.60746,37023,1901.745806320841,1906.1220703125,0.4250744495440627,0.1012156277698498,1.23098089992431,-0.4374733037530353,-0.0253712521965095,861.8370977582891,22.928518737548742,1.0,2.47,0,0,1,186.0,GHANAUR
35870,Manak Khana (20),BATHINDA,30.072073,75.2246552,35870,1903.8369659978423,1906.1219482421875,0.6383122743994086,0.2714922474634181,1.5723789308158465,-0.5912361788760268,-0.1844477549759366,568.0511238982575,24.38220329194104,1.0,238.0,49,102,109,263.0,MAUR
35691,Mansa Khurd (12),BATHINDA,30.2522526,75.23711,35691,1903.445935585217,1906.12060546875,0.6569687244363434,0.2929047087207028,1.6431091586556494,-0.6086322016900146,-0.2074146820657664,575.1579968802743,24.311324247243988,1.0,637.0,172,162,271,702.0,RAMPURA
37501,Chawinda Devi (234),AMRITSAR,31.7657661,74.93667,37501,1905.546479480273,1906.11962890625,0.4215828304185313,0.1038118292101813,1.3398957505278113,-0.4111324673516164,-0.0397823146309778,994.139713617862,22.293395863136872,1.0,390.0,388,338,952,405.0,MAJITHA
33182,Malakpur (208),LUDHIANA,30.738739,76.01257,33182,1907.0382527442944,1906.118408203125,0.5805540359364456,0.2530409125222179,1.6447639000844796,-0.5481645208211624,-0.1667507533765381,901.8612000157732,22.79804944424137,1.0,150.0,5,0,50,206.0,DORAHA
32774,Mulepur 293),FATEHGARH SAHIB,30.63063,76.38819,32774,1905.739801213764,1906.1168212890625,0.537175205978206,0.2033884234370761,1.4901038271575997,-0.5153596008385986,-0.1185245876998722,844.8589387347596,22.88174218067712,1.0,271.0,75,47,267,333.0,SIRHIND
36001,Maghanian (145),MANSA,29.8558559,75.70521,36001,1906.7034504604967,1906.1097412109375,0.5457749901320144,0.2118876670342453,1.4709954706365802,-0.5242177812978606,-0.1280551605639139,675.757760088672,24.27341660039025,1.0,638.0,218,185,376,698.0,BUDHLADA
33092,Mushkabad (95),LUDHIANA,30.8468475,76.11909,33092,1903.4571909208653,1906.1080322265625,0.5139057304844249,0.1643897546526608,1.4509971380906237,-0.4963971796169993,-0.0916488648309829,877.0252885623133,22.82375981615314,1.0,470.0,0,15,349,506.0,MACHHIWARA
29589,Dhak Malikpur (28),KAPURTHALA,31.3873882,75.39295,29589,1903.480268569043,1906.107666015625,0.6034120084846641,0.2602793419907583,1.651622458134366,-0.5731354893291106,-0.1726076347641439,755.2638465250375,22.87925768173761,1.0,3.0,0,0,1,115.0,PHAGWARA
37130,Bal Labe Darya (49),AMRITSAR,31.6576576,74.91286,37130,1908.626213461692,1906.107421875,0.5189379348181689,0.187477062807771,1.264413040152929,-0.5120987990893048,-0.095833205670039,953.765833657016,22.6391379412903,1.0,147.0,90,90,145,555.0,AJNALA
35928,Jagatgarh Bandran (99),MANSA,29.8018017,75.3528061,35928,1903.7334997071496,1906.105712890625,0.6037828931928122,0.2660820840380498,1.434150395230774,-0.5790137904225,-0.1718097258189542,639.8288699796097,24.496585056626884,1.0,909.0,95,98,138,408.0,SARDULGARH
32077,Pannu Mazara (161),Shahid Bhagat Singh Nagar,31.2145367,76.24608,32077,1905.593366393429,1906.1036376953125,0.4664074028461625,0.1167031224459093,1.3269927347772654,-0.4644707779971916,-0.0512829288040669,821.4404228141206,22.707407623049846,1.0,2.47,49,47,348,162.0,NAWANSHAHR
30568,Shakarpur (98),JALANDHAR,31.58677,75.66881,30568,1906.558111396852,1906.102783203125,0.4873237685627473,0.1338238971927121,1.4909786988155092,-0.47838109487515,-0.0676537438932452,805.4736348798173,22.43289419592901,1.0,2.47,591,20,105,142.0,BHOGPUR
33186,Sahibpura (209),LUDHIANA,30.63063,76.0741,33186,1906.3411674799584,1906.10009765625,0.5258369141823555,0.2068191526824227,1.423779486888799,-0.5156978870676935,-0.1183011310658586,901.8612000157732,22.79804944424137,1.0,2.47,0,0,108,124.0,KHANNA
32172,Nurpur (65),Shahid Bhagat Singh Nagar,31.0990982,75.9627762,32172,1906.3980071539208,1906.099609375,0.6143324808546465,0.2484297889743781,1.7474889842974843,-0.576436799007715,-0.1696327344063256,794.1594812085526,22.669952482494125,1.0,100.0,100,0,250,288.0,AUR
37265,Pairewal (95),AMRITSAR,31.8378372,74.76184,37265,1902.689986026352,1906.0992431640625,0.5607017857858932,0.219330048532976,1.3733783606149834,-0.5461835139352091,-0.1285509388805774,1003.8719052379738,22.447709253464904,1.0,34.0,40,0,151,278.0,AJNALA
28683,Thindh (183),GURDASPUR,31.81982,75.21376,28683,1907.8592144006104,1906.0989990234375,0.5890607734482045,0.2601174017249024,1.8442122552278364,-0.5377448166156863,-0.1798174241917735,1019.7492483069794,22.06568892097681,1.0,81.0,543,116,167,102.0,QADIAN
38778,Khizarpur (86),RUPNAGAR,30.9189186,76.51241,38778,1901.4401804783715,1906.0982666015625,0.572202796280609,0.2219953185676865,1.5577122886005608,-0.5574086928963179,-0.1360174703977195,844.7756114413636,22.646918597549643,1.0,144.0,15,22,25,210.0,CHAMKAUR SAHIB
32721,Reona Niwan (269),FATEHGARH SAHIB,30.5749283,76.4353943,32721,1900.4767520776509,1906.0948486328125,0.5076325819764672,0.2099737403502069,1.3503299410875345,-0.5021584757365485,-0.1136698605576614,853.5133555154447,22.886435446342308,1.0,900.0,48,25,175,465.0,SIRHIND
37069,Nandgarh (248),PATIALA,30.4864864,76.60935,37069,1904.781175289564,1906.0928955078125,0.3418348597090557,0.0469034401585617,0.9384932218197546,-0.3935671091325949,0.0246784562314967,788.8995203187363,23.02710038097979,1.0,97.0,60,60,165,116.0,Shambu Kalan
39363,Ibrahimpura (33),S.A.S Nagar,30.3603611,76.42685,39363,1902.166682379624,1906.092529296875,0.3364506100510208,0.0516473951625646,1.0078793039489866,-0.3708611884434215,0.011767234101121,796.313727181186,22.73863612910958,1.0,128.0,28,91,129,128.0,DERA BASSI
35957,Khaira Kalan (198),MANSA,29.6936932,75.23012,35957,1905.9471775250431,1906.09228515625,0.6602802909014955,0.1837114186306478,1.7214200231196268,-0.5837123214007345,-0.1210759594502006,671.9015924952586,24.66764488314869,1.0,4914.0,432,550,655,1344.0,SARDULGARH
30395,Chak Rampur Lalian (428),JALANDHAR,31.3153152,75.58828,30395,1913.0897157952431,1906.09228515625,0.5417040693526739,0.166918468250026,1.4986521978205531,-0.5238209636671458,-0.0962049597134171,892.3655989577668,22.53479004222732,1.0,0.03,1,1,2,34.0,JALANDHAR-EAST
36488,Jafar Nagar Urf Sadiwal (96),PATIALA,30.4215336,76.4476852,36488,1904.0528873749504,1906.0870361328125,0.539983811885905,0.2162029534673367,1.473134496600521,-0.5219753565461968,-0.1266045582795846,870.3448864629166,22.86558953724557,1.0,189.0,40,40,95,189.0,SANOUR
28697,Malakpur (224),GURDASPUR,31.8558559,75.13707,28697,1906.451854877697,1906.0836181640625,0.5599231028590232,0.2397169171296789,1.7865420955255726,-0.5239578068506335,-0.1578231296840324,1019.7492483069794,22.06568892097681,1.0,263.0,209,205,308,275.0,BATALA
33294,Babarpur (410),LUDHIANA,30.3948174,75.74184,33294,1906.9446156213253,1906.08203125,0.5517498253880895,0.2330333998831538,1.3250836214062605,-0.5467164194405356,-0.1354548740884724,777.9621127059357,22.86999094422293,0.9914334901799448,236.0,260,160,310,279.0,Maloud
35302,Banwala Anu (13),SRI MUKTSAR SAHIB,30.1981983,74.48695,35302,1905.6251651955545,1906.0819091796875,0.5939026440991687,0.2621478072983624,1.2890643490262166,-0.5853343986438619,-0.1551876727545391,444.7111728598969,24.88359003870295,1.0,684.0,305,305,590,953.0,LAMBI
36742,Dudhan Gujran (253),PATIALA,30.1621628,76.5228348,36742,1905.3871847425623,1906.08154296875,0.4032913861494338,0.205438757127931,1.1518356926602231,-0.4352651841306894,-0.0856276370842221,834.3528860335584,23.077061310999515,1.0,403.0,110,110,172,415.0,BHUNER HERI
37350,Dial Bharang (254),AMRITSAR,31.6216221,74.82035,37350,1906.4617951939188,1906.0814208984375,0.4847995955982919,0.1531940051507989,1.0949883181924769,-0.4951089395118284,-0.061656308049771,994.0143856218756,22.46817791750016,1.0,404.0,40,200,232,306.0,AJNALA
37346,Mohan Bhandari (258),AMRITSAR,31.8558559,74.71281,37346,1906.007151923371,1906.0738525390625,0.5431100808313957,0.1937122673507976,1.3140078570139695,-0.5293800812480857,-0.1073854292911131,991.1218972183744,22.4698893366216,1.0,547.0,85,215,448,542.0,AJNALA
36484,Kalwa (87),PATIALA,30.4684677,76.21889,36484,1906.1614653926497,1906.0733642578125,0.500129575956579,0.1991885785182983,1.3977435987398126,-0.4925976593160032,-0.1072423897970185,839.1855749299424,22.919619997673408,1.0,344.0,65,80,268,381.0,PATIALA RURAL
28608,Chone (106),GURDASPUR,31.6936932,75.47134,28608,1906.0978031238976,1906.070556640625,0.5581502328231527,0.2354375205710838,1.6856061168925789,-0.5226477425512335,-0.1517247201177962,973.7182202746766,22.143738726509184,1.0,232.0,75,112,257,261.0,SRI HARGOBINDPUR
37137,Jagdev Khurd (112),AMRITSAR,31.6576576,74.828186,37137,1904.9220030865445,1906.070068359375,0.4884265827612169,0.1496833878962337,1.214313939408913,-0.4810412992198508,-0.067462361962134,939.7486493506706,22.68875911564011,1.0,99.0,120,170,303,368.0,AJNALA
35932,Burj Bhalai (102),MANSA,29.8018017,75.33205,35932,1906.9531646334192,1906.06787109375,0.6018839630182214,0.1622408251976205,1.509462795821022,-0.5709687283308936,-0.0926417669313781,674.635299870961,24.41243079833664,1.0,632.0,5,295,359,632.0,JHUNIR
35935,Raman Mandi (153),MANSA,29.8018017,75.33205,35935,1906.8494939381503,1906.0673828125,0.5995117315152798,0.2267304034204989,1.4642524219405697,-0.5769727518980328,-0.1397534454887981,657.5457843949692,24.386946081902124,1.0,845.0,253,253,323,884.0,JHUNIR
36922,Mirzapur (379),PATIALA,30.3243237,76.60746,36922,1905.7992633067488,1906.066650390625,0.3300388377670638,0.1092867115538908,0.9049012221005284,-0.3901359401098428,-0.0126188729864492,825.9812089612382,23.1960268126378,1.0,80.0,45,45,120,156.0,GHANAUR
39294,Jeoli (184),S.A.S Nagar,30.5850563,76.8457,39294,1905.7991190771272,1906.066650390625,0.349319543370054,0.0591495858308869,0.965009155875107,-0.3927521145082887,0.0150802371451351,784.1068896462815,22.79214443029321,1.0,256.0,55,101,307,271.0,DERA BASSI
28631,Kokalpur (158),GURDASPUR,0.0,0.0,28631,1906.3826006414183,1906.0650634765625,0.5675748278076449,0.2583465671214972,1.7311373285032612,-0.5287322467788805,-0.1694565591157797,1019.7492483069794,22.06568892097681,1.0,124.0,96,112,128,135.0,QADIAN
37739,Kohala (165),AMRITSAR,31.6396389,75.19463,37739,1907.821089032797,1906.06396484375,0.4336536557494433,0.1228632386638238,1.3380303981007944,-0.43122897104001,-0.05008565134228,1010.3204640557664,22.236575219337794,1.0,80.97,81,87,311,226.0,TARSIKKA
36403,Shivgarh (101),PATIALA,30.3603611,76.13451,36403,1905.9391324099624,1906.0638427734375,0.566553919680774,0.242195406375575,1.517058574346941,-0.5422339793282502,-0.1506155725458243,760.4251894166367,22.92419452819485,1.0,142.0,40,62,103,151.0,NABHA
36985,Jainagar (31),PATIALA,30.4640121,76.57277,36985,1906.588993986672,1906.063232421875,0.3916006747564062,0.1202123236124675,1.1701657298931816,-0.4083221725455251,-0.038031010173808,854.3460759332078,22.88706598896545,1.0,384.0,20,20,44,422.0,Shambu Kalan
39490,Bhurthla Mander (194),SANGRUR,30.54054,75.89883,39490,1906.155646876356,1906.0623779296875,0.6205717637975803,0.2793329852139596,1.5868163053190911,-0.5792731857200041,-0.1873833068703433,786.402450673119,22.86197994889855,1.0,696.0,140,0,536,753.0,MALERKOTLA
36925,Gadapur (142),PATIALA,30.3243237,76.60746,36925,1905.66390910826,1906.0618896484375,0.3580876211310038,0.1472940688944347,1.0767875120124009,-0.4073385888306878,-0.0462239664655773,825.9812089612382,23.1960268126378,1.0,184.0,72,130,170,217.0,GHANAUR
36946,Shambhoo Khurd (133),PATIALA,30.4757938,76.5937042,36946,1907.4416242230147,1906.0615234375,0.3390560784878257,0.0945298471079641,0.93889521016648,-0.3944582073679021,-0.0051747001880795,825.9812089612382,23.1960268126378,1.0,110.0,8,7,125,150.0,Shambu Kalan
28634,Dhandoi (156),GURDASPUR,31.8018017,75.22029,28634,1907.523834541096,1906.061279296875,0.5415624508506179,0.2239780226809666,1.649880381337204,-0.5096807399705905,-0.1405787944345384,1019.7492483069794,22.06568892097681,1.0,186.0,376,353,417,217.0,QADIAN
32753,Chaurwala alias Narainpura (302),FATEHGARH SAHIB,30.54054,76.40092,32753,1905.418305394364,1906.056884765625,0.5693334023407403,0.2603283615915444,1.561604753511407,-0.5362739324720062,-0.1653107299601487,844.8589387347596,22.88174218067712,1.0,586.0,81,46,187,306.0,SIRHIND
37471,Bhaini Lidhran (312),AMRITSAR,31.7657661,74.93667,37471,1907.7038406829893,1906.0560302734375,0.4417415673341856,0.1002314689384168,1.1567166212019189,-0.4443804727879108,-0.0257310254408576,1002.4769100358384,22.25821241457089,1.0,65.0,66,66,115,81.0,MAJITHA
39143,Saidpur (44),S.A.S Nagar,30.64865,76.6328049,39143,1904.967924855271,1906.0560302734375,0.4289953856498267,0.0832349208214063,1.079171510214775,-0.4538834228602795,-0.0104795494511557,846.3982894408011,22.7618022011783,0.9990288597966794,10.0,66,50,378,193.0,KHARAR
32101,Naura (105),Shahid Bhagat Singh Nagar,31.1941471,76.0510941,32101,1905.5591086539584,1906.054931640625,0.5085071901462027,0.1600215007894973,1.4871725331076795,-0.5034835023269125,-0.0892106904395365,801.3224239206908,22.699601241594944,1.0,784.0,80,81,760,317.0,NAWANSHAHR
36023,Lakhmirwala (123),MANSA,29.8558559,75.70521,36023,1904.6538708474463,1906.05322265625,0.5949891764677054,0.1987851127510688,1.5796221209938228,-0.5603171873358948,-0.1227185336928791,667.2160025533681,24.31565817186894,1.0,563.0,180,180,348,632.0,BUDHLADA
36939,Mandiana (127),PATIALA,30.48079,76.5909042,36939,1907.0749008328364,1906.0518798828125,0.3300829943790862,0.0867845235524426,0.930759761415686,-0.3960976031712033,0.001040680626525,852.713057677974,23.02399660360237,1.0,265.0,0,153,253,299.0,Shambu Kalan
36097,Nangal Kalan (115),MANSA,30.0,75.39883,36097,1906.211831251189,1906.051025390625,0.6007604749707678,0.2394680769521638,1.5535328498654328,-0.5733209580881115,-0.1536012816697018,665.8345185766401,24.31189039530952,1.0,2221.0,1418,1418,1910,2395.0,MANSA
36105,Ghrangne (80),MANSA,30.2522526,75.19539,36105,1905.14523609174,1906.0504150390625,0.6204437768739403,0.2752393899930148,1.5049523987532674,-0.5918329635778758,-0.1831908718941857,655.7768342452174,24.371068377926687,1.0,605.0,450,360,527,665.0,MANSA
32073,Jaffarpur (163),Shahid Bhagat Singh Nagar,31.0990982,76.04695,32073,1907.5804522546389,1906.0494384765625,0.5079837495096512,0.1692982686313516,1.470590893655271,-0.4943761812958991,-0.0967208891293404,821.4404228141206,22.707407623049846,1.0,123.0,70,75,180,157.0,NAWANSHAHR
37250,Gurala (120),AMRITSAR,31.6576576,74.828186,37250,1905.8443443362823,1906.0494384765625,0.5126490688253565,0.1769323634637956,1.223847296002308,-0.5031512198512046,-0.087813154652499,951.7063063529712,22.6464287181829,1.0,80.0,121,121,210,389.0,AJNALA
35934,Dasundia (106),MANSA,29.8018017,75.33205,35934,1906.4047261461344,1906.04833984375,0.590091521797193,0.1554809939680233,1.5126314055332386,-0.5644183251125039,-0.0881313457043876,667.5891405381124,24.40192322292811,1.0,625.0,173,171,252,624.0,JHUNIR
32761,Hassanpur/Chaleri Khurd (273),FATEHGARH SAHIB,30.63063,76.38819,32761,1904.1887934985195,1906.047607421875,0.4920493530678632,0.2099065256422367,1.3114592073846143,-0.4960731789254614,-0.1100658690645722,854.3460759332078,22.88706598896545,1.0,365.0,40,25,65,447.0,SIRHIND
28675,Daulatpur (196),GURDASPUR,31.8018017,75.22029,28675,1905.6062960855,1906.04736328125,0.5666532683422824,0.2332308372632296,1.8672711905186608,-0.5206638877404769,-0.1565710034679841,1019.7492483069794,22.06568892097681,1.0,152.0,658,155,163,177.0,QADIAN
33275,Lasara Lakhowas (198),LUDHIANA,30.3783779,75.85614,33275,1905.7896377204345,1906.0430908203125,0.6055900259397397,0.2841069527128199,1.4612851403349154,-0.5819462228991146,-0.1823376914506297,777.9621127059357,22.86999094422293,1.0,180.0,200,18,220,381.0,Maloud
32781,Gunian Majra (330),FATEHGARH SAHIB,30.6281967,76.38404,32781,1906.9797047416616,1906.0391845703125,0.4695204250584128,0.1684374182224776,1.3214964159993654,-0.4631674117036874,-0.0824327511629647,844.8589387347596,22.88174218067712,1.0,114.0,40,35,120,130.0,SIRHIND
32143,Maksudpur (27),Shahid Bhagat Singh Nagar,31.18919,75.99287,32143,1905.1127944428504,1906.0390625,0.6171734705356186,0.2880030138295143,1.6892940780693466,-0.5883320656025279,-0.1978825750785027,794.1594812085526,22.669952482494125,1.0,156.0,12,5,182,166.0,BANGA
36743,Khatauli (270),PATIALA,29.8378372,76.1693,36743,1906.5934913052656,1906.037841796875,0.3696114018883782,0.1868740862521724,0.9659575322448664,-0.4190986438729643,-0.0653163886261741,858.3963903596299,23.03561249906716,1.0,517.0,6,112,210,564.0,BHUNER HERI
32749,Kharauri (301),FATEHGARH SAHIB,30.72072,76.31276,32749,1904.657914690688,1906.0377197265625,0.5287367562335725,0.2165008890319686,1.413323166643274,-0.507103995861259,-0.1314370041581226,873.9119094569893,22.857013332795173,1.0,88.0,70,70,192,136.0,SIRHIND
32823,Bugga Kalan (84),FATEHGARH SAHIB,30.6126118,76.2274246,32823,1906.9877101854108,1906.03662109375,0.4997702135221004,0.1716347909890953,1.3853645118799958,-0.4907491079645851,-0.0910393735263709,768.4572444776801,22.908536012960425,1.0,412.0,95,155,304,446.0,AMLOH
37517,Dudhala (238),AMRITSAR,31.7657661,74.93667,37517,1907.4328833557345,1906.0364990234375,0.4092736092244333,0.0917941556698742,1.2942659978292193,-0.3940021433890756,-0.0288195241804097,970.2408825768754,22.377319471686256,1.0,146.0,93,93,202,198.0,MAJITHA
30658,Munan (536),HOSHIARPUR,31.81982,75.8074951,30658,1905.9944378548537,1906.0361328125,0.526235970021095,0.2377908734875428,1.4661516396456924,-0.513806490172447,-0.1384520912096008,928.5261276175872,22.425879731414227,1.0,0.1,5,4,8,33.0,TANDA
32174,Dhandhua (57),Shahid Bhagat Singh Nagar,31.2972965,76.12208,32174,1906.2522380843425,1906.0333251953125,0.5984779462391726,0.2356794340196183,1.7702088557833986,-0.5550766493540334,-0.160045071693088,794.1594812085526,22.669952482494125,1.0,80.0,10,40,110,208.0,BANGA
36015,Dharampura (161),MANSA,29.927927,75.55207,36015,1907.3418563490827,1906.031494140625,0.6012153848898582,0.2831204652223271,1.732569906870419,-0.5651496297169889,-0.1937147696732556,671.7577898182453,24.25636878260677,1.0,1603.0,325,509,939,1841.0,BUDHLADA
37254,Diyal Bhatti (109),AMRITSAR,31.6175823,74.87588,37254,1905.5024245752525,1906.0306396484375,0.5458775124040127,0.2113620301760817,1.382847744131415,-0.5201953769619159,-0.1237625620553618,953.765833657016,22.6391379412903,1.0,101.0,242,242,302,244.0,AJNALA
33077,Burj Pakka (61),LUDHIANA,30.8468475,76.11909,33077,1905.3767863385087,1906.025146484375,0.4902623355714275,0.2012253310265333,1.272066095129094,-0.5020048663773494,-0.1034891298774143,876.6879233529465,22.82727164855009,1.0,138.0,0,5,17,145.0,MACHHIWARA
35896,Natt (47),BATHINDA,29.9459457,75.2746353,35896,1906.516291645251,1906.02001953125,0.6561539664883982,0.2906225109937116,1.588986069491998,-0.6091910302894236,-0.2039175232142146,565.4488757010974,24.45613962635778,1.0,1142.0,112,147,168,493.0,MAUR
30289,Haripur (63),JALANDHAR,31.5855846,75.67976,30289,1904.7138048730085,1906.0184326171875,0.5172965493676291,0.1492564115025487,1.49357457444775,-0.5089401641212193,-0.0785584354400146,785.577917378177,22.57207088470267,1.0,703.0,40,40,800,1026.0,ADAMPUR
36849,Jabo Majra (389),PATIALA,30.3049,76.59235,36849,1905.4898485183244,1906.016845703125,0.2918017956628898,0.087548154212269,0.7524851418237672,-0.3530205892831102,0.0098898367187918,849.0253786293204,23.16466872363819,0.9969152318030032,138.0,150,40,210,148.0,GHANAUR
36792,Udepur Urf Diwanwala (318),PATIALA,30.3063068,76.28033,36792,1906.9861648756544,1906.0155029296875,0.3295359485392459,0.1005574505507576,0.9187257711530342,-0.3785383618917849,-0.0108789893644261,902.0348707469852,22.88540416997086,1.0,80.0,20,20,36,405.0,BHUNER HERI
28691,Wadala Granthian (190),GURDASPUR,31.81982,75.21376,28691,1906.0186708994413,1906.0135498046875,0.574763405268249,0.2500494066162681,1.843191785108274,-0.5289307538472195,-0.1680887742146622,1019.7492483069794,22.06568892097681,1.0,507.0,687,653,774,573.0,QADIAN
36954,Khanpur Baring (73),PATIALA,30.4664249,76.64824,36954,1907.958031874935,1906.006591796875,0.3975391993798989,0.122272901212811,1.117421761898585,-0.4302520898529607,-0.0344657675278358,852.5990766033171,23.023748276799665,1.0,273.0,72,72,352,276.0,Shambu Kalan
32760,Pola (272),FATEHGARH SAHIB,30.577034,76.4354553,32760,1903.504301036437,1906.00634765625,0.5057008733166573,0.2175472934936218,1.3668767313428432,-0.5021771390963766,-0.118162045723769,854.3460759332078,22.88706598896545,1.0,905.0,165,165,296,535.0,SIRHIND
36694,Rurki Budhsingh (234),PATIALA,30.1441441,76.50886,36694,1905.3840095875623,1906.0050048828125,0.3879660368715606,0.1210643043021864,0.9916875086660786,-0.4260713251977073,-0.0280973588121607,904.4869187285798,22.935428991022263,1.0,145.0,0,0,115,165.0,BHUNER HERI
33250,Bibipur (180),LUDHIANA,30.63063,76.09503,33250,1907.6764395116727,1906.00390625,0.5084634996421545,0.2320021268823844,1.2241091512624005,-0.526726922540728,-0.1194196673302177,797.9699912478821,22.851000825335177,1.0,2.47,0,0,185,224.0,KHANNA
33273,Madnipur (199),LUDHIANA,30.63063,75.9484558,33273,1906.722960758933,1906.00244140625,0.5996570901874284,0.2833156184841014,1.477610729205873,-0.5727678711901857,-0.1824815518617183,777.9621127059357,22.86999094422293,1.0,201.0,226,20,191,264.0,Maloud
37333,Bhure Gill (247),AMRITSAR,31.6216221,74.82035,37333,1906.4126203406508,1906.001953125,0.510202392372852,0.1719724512867868,1.170540784499245,-0.510998547076916,-0.079499609811062,953.773422272632,22.63910571064291,1.0,202.1,200,215,249,413.0,AJNALA
30665,Shehbazpur (44),HOSHIARPUR,31.6936932,75.5984,30665,1903.020702588928,1906.0003662109375,0.5403224621168119,0.1731642114016023,1.6563378952568286,-0.5131383884774872,-0.1062020977411768,928.5261276175872,22.425879731414227,1.0,0.81,28,0,291,381.0,TANDA
32247,Kariam (118),Shahid Bhagat Singh Nagar,31.1351357,76.28633,32247,1906.1247337503555,1905.998779296875,0.5249367935204611,0.1597958504456327,1.4736080247895955,-0.5098112832167219,-0.0898865270003272,821.4404228141206,22.707407623049846,0.9914564354750864,663.0,19,0,648,838.0,NAWANSHAHR
28629,Leel Kalan (167),GURDASPUR,31.81982,75.21376,28629,1904.963423041065,1905.998291015625,0.5771880186420436,0.2528962052908025,1.7995153530736647,-0.534512508061249,-0.1701761090156277,1017.1192146694308,22.08797024178224,1.0,330.0,403,353,453,371.0,QADIAN
36933,Mehmoodpur (97),PATIALA,30.4864864,76.58844,36933,1907.352713888296,1905.99658203125,0.324898401858246,0.1030897199772368,0.871122821340659,-0.3859408716782136,-0.0083997006124861,852.713057677974,23.02399660360237,1.0,144.0,60,60,135,146.0,Shambu Kalan
32853,Machhrai Khurd (76),FATEHGARH SAHIB,30.2342339,76.12006,32853,1908.3974069720127,1905.995849609375,0.4145534675225765,0.0701885760898072,1.2267283310093318,-0.4091990499477971,-0.0132321147706761,825.7323893716233,22.871801084820504,1.0,250.0,20,20,195,266.0,AMLOH
28646,Bujianwali (110),GURDASPUR,31.6936932,75.47134,28646,1903.072297268597,1905.9918212890625,0.5353799500617871,0.2158202092387408,1.642470076030086,-0.5038223815126001,-0.1347085045075355,973.7182202746766,22.143738726509184,1.0,95.0,50,0,183,99.0,SRI HARGOBINDPUR
36533,Mehmudpur Araian (80),PATIALA,30.3603611,76.3850861,36533,1910.2200242225515,1905.99169921875,0.4283386675852787,0.1478464492132223,1.125402071804868,-0.4529211783176662,-0.0573162308952663,839.1855749299424,22.919619997673408,1.0,97.0,16,16,25,97.0,SANOUR
32118,Gujjarpur Khurd (40),Shahid Bhagat Singh Nagar,31.18919,76.24561,32118,1902.375709346697,1905.9908447265625,0.6028434604756314,0.2496413499807846,1.712575416244207,-0.5770149443745263,-0.1673707186678797,795.2970954587357,22.747902170555847,1.0,78.0,25,20,50,86.0,BANGA
39222,Ramgarh Urf Buta Singhwala (245),PATIALA,30.3423424,76.45454,39222,1905.110113236777,1905.98779296875,0.3461396880085431,0.0647122796747156,0.9780289553499472,-0.3966821082923916,0.0094514132637744,788.8995203187363,23.02710038097979,1.0,379.0,100,320,460,379.0,RAJPURA
32645,Mandaur (45),FATEHGARH SAHIB,0.0,0.0,32645,1905.6920688751848,1905.9871826171875,0.4449142691976936,0.1833774769991422,1.33031931982919,-0.4456523290778444,-0.0924783151241285,859.5636877229111,22.88169449138212,1.0,141.0,50,50,130,189.0,SIRHIND
37400,Tera Khurd (240),AMRITSAR,31.8378372,74.76184,37400,1906.9007360058445,1905.9866943359375,0.5043197909579981,0.161115683968877,1.209929359741584,-0.502191566062658,-0.0754068750315395,926.2425388530788,22.620178636144303,1.0,77.0,53,53,272,281.0,AJNALA
36930,Dharamgarh (120),PATIALA,30.4864864,76.58844,36930,1906.6412951393568,1905.986572265625,0.3520164497322826,0.1077221435038861,0.9733680813308856,-0.4031518937523394,-0.0165850686479307,852.713057677974,23.02399660360237,1.0,270.0,41,45,58,314.0,Shambu Kalan
36010,Gorakh Nath (180),MANSA,29.8558559,75.70521,36010,1905.313576162358,1905.9859619140625,0.6414956566583844,0.3369084599688529,1.8083752352358005,-0.5963098752167063,-0.2425898655746598,658.8615420272248,24.201291426153546,1.0,468.0,180,130,230,658.0,BUDHLADA
39168,Manak Majra (39),S.A.S Nagar,0.0,0.0,39168,1905.472055195704,1905.9857177734375,0.3340345914774341,-0.0048180213918625,0.8635720727302167,-0.3715103196917415,0.0573793346703736,814.3875989129441,22.74644426539641,0.1839579571553328,100.0,113,56,251,110.0,KHARAR
32096,Bains (111),Shahid Bhagat Singh Nagar,31.2148838,76.2435455,32096,1904.809583546164,1905.984619140625,0.5217037231302764,0.1640167542119256,1.4620251535810886,-0.5192836025002646,-0.0889839456410606,812.393159398213,22.61085474234155,1.0,2.47,35,5,220,377.0,NAWANSHAHR
28607,Gande ke (85),GURDASPUR,31.6936932,75.47134,28607,1908.4623055297047,1905.98291015625,0.5252487236803876,0.2142651702681813,1.5215997762688769,-0.5067399184866219,-0.1271189395215624,973.7182202746766,22.143738726509184,1.0,214.0,25,0,212,222.0,SRI HARGOBINDPUR
35964,Bhalanwara (192),MANSA,29.6936932,75.23012,35964,1905.47741327142,1905.982421875,0.5970065463452328,0.2464088070601049,1.4310483201854245,-0.5648156191237825,-0.1539958084843086,698.7858357837098,24.55972594437503,1.0,485.0,82,95,174,216.0,SARDULGARH
28662,Mannan (140),GURDASPUR,31.8558559,75.13707,28662,1902.7843271189704,1905.980712890625,0.5420539658679364,0.217369408279727,1.644226055879452,-0.5094825846380487,-0.1350032879666387,973.7182202746766,22.143738726509184,1.0,190.0,72,71,115,203.0,BATALA
29036,Mand Dhakran (40),KAPURTHALA,31.6017189,75.44681,29036,1906.5378555194427,1905.9798583984375,0.5279408938639669,0.2020459582810639,1.5496072508453247,-0.5055457790543897,-0.1170980768951611,821.6916412054776,22.4275563010478,1.0,54.0,1,1,2,57.0,NADALA
37257,Chaharpur (106),AMRITSAR,31.6175823,74.87588,37257,1906.742651781028,1905.9794921875,0.4773113208306879,0.1827910282788917,1.130660460994373,-0.4818867520040417,-0.0820349479994195,953.765833657016,22.6391379412903,1.0,210.0,170,170,244,223.0,AJNALA
36427,Gobindpura (160),PATIALA,30.3423424,76.41278,36427,1903.519949105323,1905.9788818359375,0.5180553293932911,0.2164408282041967,1.3607419713748978,-0.5138350407188248,-0.1200405886332301,786.123851220836,22.97181489662404,1.0,287.0,51,61,285,308.0,NABHA
37738,Jiwan Pandher (166),AMRITSAR,31.6576576,75.16687,37738,1908.568487270728,1905.9774169921875,0.4081329464023208,0.0805486286893971,1.2829642967243775,-0.4071160237422536,-0.0179969977729738,1010.3204640557664,22.236575219337794,1.0,136.0,47,47,88,145.0,TARSIKKA
39190,Papri (269),S.A.S Nagar,30.72072,76.71098,39190,1908.196481938523,1905.977294921875,0.3708784693927697,0.0292142562591817,1.0474150365824957,-0.4022672006847351,0.0280669315659196,813.156878885083,22.747167021225305,0.4824323448334206,73.0,25,8,66,83.0,KHARAR
37147,Kotli Koka (127),AMRITSAR,31.6756763,74.9909058,37147,1906.5170732287315,1905.9764404296875,0.4404920798689635,0.1111391515232457,1.0818784234893826,-0.4320916762535939,-0.0308232356823287,917.5402614285844,22.767377350587992,1.0,87.0,102,102,123,93.0,AJNALA
37740,Saido Lehal (164),AMRITSAR,31.6576576,74.9763641,37740,1908.1464918424488,1905.9755859375,0.4207568406598509,0.1014605030756899,1.284199785716308,-0.4221522424400045,-0.033399290924116,995.5821248487628,22.322399750976025,1.0,450.0,102,212,490,478.0,TARSIKKA
39249,Basma (227),PATIALA,30.4864864,76.58844,39249,1905.054428552933,1905.972900390625,0.3569694786987836,0.1253432267738607,0.8748264304073864,-0.4106085857812416,-0.02565173443122,788.447757631048,23.022231945797547,1.0,1719.0,350,350,407,714.0,Shambu Kalan
30174,Nanu Mazara (197),JALANDHAR,31.0270271,75.77908,30174,1907.5625609245487,1905.9727783203125,0.5736068097166599,0.2121192743261073,1.6880647500479526,-0.5422588497548186,-0.1389863030506978,794.1594812085526,22.669952482494125,1.0,62.0,36,36,106,82.0,PHILLAUR
36702,Shekhupura (228),PATIALA,30.18018,76.161644,36702,1906.2766201758425,1905.97216796875,0.4095961146443188,0.1265085481285338,1.02353784287198,-0.443180552269219,-0.0323909513096667,904.4869187285798,22.935428991022263,1.0,2.0,62,60,240,204.0,PATIALA
37507,Sadhpur (183),AMRITSAR,31.6576576,74.9763641,37507,1906.4883495037648,1905.9718017578125,0.4476525666072795,0.13616956329649,1.422681053519917,-0.4376751330230082,-0.0641605599726089,1010.3204640557664,22.236575219337794,1.0,140.0,0,85,203,207.0,TARSIKKA
30805,Munak Kalan (505),HOSHIARPUR,31.54955,75.90424,30805,1902.1205805066013,1905.971435546875,0.576075017030868,0.2210036683255874,1.8074999451088305,-0.5339783421201898,-0.1495973018493576,928.5265217236308,22.425879892784906,0.9494874219080424,0.1,16,14,96,606.0,TANDA
32896,Talwara (74),FATEHGARH SAHIB,30.64865,76.40242,32896,1905.2753481938985,1905.9710693359375,0.3970249949194277,0.1138081880707092,1.1475546231157276,-0.4121845665019575,-0.0367424263949944,900.8288422652772,22.8000909735896,0.8785713938564726,242.91,48,25,314,256.0,AMLOH
35970,Chotian (169),MANSA,29.6936932,75.23012,35970,1904.385068665517,1905.9710693359375,0.6142943153075268,0.1986878177300794,1.4455736874144272,-0.5741630740762486,-0.1197640723865418,698.7858357837098,24.55972594437503,1.0,698.0,132,142,243,308.0,SARDULGARH
32304,Chakli Shujat (254),Shahid Bhagat Singh Nagar,31.0270271,76.17859,32304,1905.3837365937325,1905.9698486328125,0.4747789523960155,0.188685005920508,1.235803980255328,-0.4881502463104608,-0.0896933388457097,851.0235640218156,22.741619939577788,1.0,184.0,84,84,134,204.0,NAWANSHAHR
36544,Bhathlan (109),PATIALA,30.3783779,76.48271,36544,1906.1216137437,1905.9698486328125,0.4034407657082378,0.1309444325964069,1.2195387470804298,-0.4238122764611292,-0.0469225352965741,870.3448864629166,22.86558953724557,1.0,68.0,33,33,53,81.0,SANOUR
30522,Passan (342),JALANDHAR,31.6036034,75.6309357,30522,1909.89118922496,1905.969482421875,0.566553634141811,0.1857657395469107,1.843554421712005,-0.5249146349026774,-0.121088523382139,814.5783906303504,22.441124131803523,1.0,161.0,25,52,92,175.0,JALANDHAR - WEST
37320,Mohar (206),AMRITSAR,31.7864437,74.7529144,37320,1906.3003260968887,1905.96826171875,0.5415550437029747,0.1931519574189583,1.3775149190048048,-0.5199941378624616,-0.109936424964323,891.021961797876,22.8119333038306,1.0,292.0,152,152,257,324.0,HARSHE CHHINA
30330,Lesariwala (145),JALANDHAR,31.5855846,75.67976,30330,1905.3487200478653,1905.9678955078125,0.6222457098119061,0.2537871587364306,1.977412201445074,-0.5690750939137813,-0.1822908767647781,785.577917378177,22.57207088470267,1.0,359.0,20,20,500,389.0,ADAMPUR
28690,Chah Gill (186),GURDASPUR,31.8018017,75.22029,28690,1906.466866734406,1905.9676513671875,0.5935399432863063,0.2789568397617502,1.9441444162099224,-0.538658305237838,-0.1932585124952295,1019.7492483069794,22.06568892097681,1.0,42.0,42,55,55,41.0,QADIAN
28664,Radhan (143),GURDASPUR,31.81982,75.21376,28664,1903.9912398330496,1905.9661865234375,0.5373450297870653,0.2263463978111228,1.5474745289834846,-0.512985636629181,-0.1372594817648522,985.1251896542,22.124397169741336,1.0,135.0,120,120,131,152.0,QADIAN
36868,Untsar (385),PATIALA,30.3603611,76.4894943,36868,1904.086386145977,1905.9647216796875,0.3564717147763921,0.1379988846585737,0.9947122725187776,-0.414507589833828,-0.0356624874455096,825.9812089612382,23.1960268126378,1.0,67.0,30,30,150,199.0,GHANAUR
36884,Baghora (363),PATIALA,30.3423424,76.60068,36884,1901.1419698797924,1905.9627685546875,0.4115516913276465,0.1863255649956511,1.2285821960205408,-0.4334683718469722,-0.0844488531468905,861.7504321764872,23.00100812143528,1.0,309.0,100,170,350,378.0,GHANAUR
32902,Fatehgarh Niwan (204),FATEHGARH SAHIB,30.5765762,76.178154,32902,1905.4752742302871,1905.9622802734375,0.5593260063400787,0.2267945908433977,1.59079497648826,-0.5323605286134215,-0.1429696191013633,901.8612000157732,22.79804944424137,0.9794850669465728,411.0,80,150,410,464.0,AMLOH
37162,Barlas (135),AMRITSAR,31.6756763,74.9909058,37162,1907.105218852302,1905.9622802734375,0.4713153543332209,0.1299626243632363,1.1842326805956145,-0.4693245096336336,-0.0496249527391618,906.3606564862816,22.78677238615202,1.0,21.0,15,34,49,27.0,AJNALA
37743,Rasulpur Khurd (117),AMRITSAR,31.6576576,74.9763641,37743,1908.5722469577263,1905.961669921875,0.407567905311661,0.0738062122413909,1.3345191226156312,-0.4007816312299305,-0.0160828182221886,972.7645310571093,22.45527152660549,1.0,2.47,45,37,105,189.0,TARSIKKA
35877,Ramnagar Urf Kasaiwara (16),BATHINDA,30.072073,75.2246552,35877,1905.313825518457,1905.96044921875,0.6351339650289751,0.2689052162047067,1.6341302861569127,-0.595359055560364,-0.1858507548524686,597.868065933933,24.26262583777263,1.0,1692.0,341,490,810,1767.0,MAUR
37504,Darike (192),AMRITSAR,31.8558559,74.96737,37504,1904.8502252159053,1905.9599609375,0.4505443929812288,0.1306767741602118,1.3283056800055744,-0.4465039105312103,-0.0574957657021743,1010.3204640557664,22.236575219337794,1.0,204.0,66,66,174,219.0,MAJITHA
36104,Nangal Khurd (113),MANSA,30.0,75.39883,36104,1904.9296313333543,1905.9578857421875,0.5968692018587964,0.2473013795889145,1.4767572924100296,-0.5780385422984556,-0.1558293723589995,660.5906581282322,24.287252899186708,1.0,1013.0,270,366,520,706.0,MANSA
33254,Mullanpur (191),LUDHIANA,30.738739,76.01257,33254,1906.287716958756,1905.95751953125,0.6003495184359592,0.277774194989547,1.591296445200513,-0.5700038089998868,-0.1839300310287153,797.9699912478821,22.851000825335177,1.0,200.0,5,0,90,134.0,DORAHA
33140,Bhangal (123),LUDHIANA,30.7567558,76.29937,33140,1903.145846209336,1905.955810546875,0.4570380463206484,0.1237543375320061,1.2789840048983063,-0.4555772689774663,-0.0524937851267064,887.4487522056,22.71525586757884,1.0,105.0,40,0,90,120.0,SAMRALA
35908,Singo (138),BATHINDA,29.9819813,75.09392,35908,1908.3646434282664,1905.9549560546875,0.6476445166042805,0.2151537812497354,1.5818232739817335,-0.6021145239174035,-0.1429155230655895,613.056696473377,24.470473347457425,1.0,1419.0,3,547,738,1419.0,TALWANDI SABO
33016,Manewal (52),LUDHIANA,30.8468475,76.11909,33016,1908.0672570346967,1905.9542236328125,0.4701620924528708,0.1466603906044314,1.2422768857173474,-0.481859498614178,-0.0637618171519019,867.0372650799301,22.80103390448172,1.0,370.0,0,15,46,438.0,MACHHIWARA
36024,Akanwali (124),MANSA,29.927927,75.55207,36024,1904.6451204530745,1905.9541015625,0.596771032674828,0.2026104933002123,1.511714330587487,-0.5653521142496227,-0.1255279880471297,666.0531553437607,24.31297756045257,1.0,1015.0,150,521,715,1140.0,BUDHLADA
36699,Dhandian (145),PATIALA,0.0,0.0,36699,1906.3003699157723,1905.9520263671875,0.2947412123623615,0.0796917444970054,0.732872363945918,-0.3462072900978759,0.0097215334174558,904.4869187285798,22.935428991022263,1.0,120.0,38,38,80,128.0,BHUNER HERI
30726,Abdullapur (515),HOSHIARPUR,31.72973,75.58541,30726,1907.3370216362173,1905.9503173828125,0.5552998231551513,0.1931692495591863,1.714938422057611,-0.5132104753736776,-0.1211009602121275,912.1391522661512,22.33676500134674,0.9050343313183762,0.1,20,20,34,205.0,TANDA
37145,Khanwal (43),AMRITSAR,31.8378372,74.76184,37145,1909.1153865556355,1905.948486328125,0.4530115854054439,0.1067862378754789,1.0916611890259171,-0.4623874565334602,-0.0282127297053345,917.5402614285844,22.767377350587992,1.0,220.0,50,50,253,245.0,AJNALA
36817,Kotla Gehru (322),PATIALA,30.3542,76.35713,36817,1904.5477341965243,1905.943359375,0.3191694009960575,0.1278246242211241,0.81634563907511,-0.3991481466293032,-0.0159715796537601,898.7082896315618,22.84856268686968,1.0,152.0,152,50,117,165.0,SANOUR
37245,Lakhuwal (Ajnala) (122),AMRITSAR,31.6216221,74.86267,37245,1907.11652985476,1905.94287109375,0.5031112644435342,0.1593974460445196,1.1751028045353835,-0.5009480545058194,-0.0720170431302342,931.487952125614,22.71800218531013,0.8478329400274943,202.0,150,150,290,353.0,AJNALA
33274,Lasara Pohlewas (200),LUDHIANA,30.3783779,75.85614,33274,1905.8840044646247,1905.9425048828125,0.5966058426451261,0.2894484614763299,1.4419647024525115,-0.5744920085061603,-0.1855186088547047,777.9621127059357,22.86999094422293,1.0,205.0,215,30,180,385.0,Maloud
29592,Brahampur (31),KAPURTHALA,31.2248821,75.76635,29592,1903.2852711755704,1905.9423828125,0.6266074701554659,0.2724767995283865,1.789058661064049,-0.5865193549163652,-0.1884683997963247,758.6326393296616,22.882709852809228,1.0,270.0,39,0,80,156.0,PHAGWARA
36703,Badli (220),PATIALA,0.0,0.0,36703,1906.360586715415,1905.9412841796875,0.3524068809240956,0.0986798577013801,0.8837354135506434,-0.4020125809602093,-0.0039772647161003,904.22911353067,22.93594697903796,1.0,245.0,132,117,132,169.0,BHUNER HERI
37441,Gosal Zimidaran (316),AMRITSAR,31.7477474,74.96446,37441,1907.6022839831724,1905.9403076171875,0.4905951420629216,0.1305520812963496,1.208453549255604,-0.484483749195991,-0.0546095145813064,1002.4769100358384,22.25821241457089,1.0,112.0,45,45,102,147.0,MAJITHA
33001,Dhulewal (247),LUDHIANA,30.81081,76.34226,33001,1903.4274334747067,1905.93701171875,0.2860421043564124,0.1545825263475058,0.5487232756526015,-0.3043195293305718,-0.0334092543098785,851.0235640218156,22.741619939577788,0.9590701129327004,100.0,11,45,113,246.0,MACHHIWARA
28679,Dunia Sandhu (194),GURDASPUR,32.0360374,75.43334,28679,1907.140328145392,1905.9349365234375,0.6023795751236247,0.2714036526437311,1.96489456081286,-0.5445287470112238,-0.1909076911915866,1019.7492483069794,22.06568892097681,1.0,408.0,85,100,290,441.0,QADIAN
37238,Motla (137),AMRITSAR,31.6756763,74.8427048,37238,1905.306976068592,1905.93408203125,0.5389776782055117,0.1968879204473572,1.266252175580556,-0.5339963067202202,-0.1032389293445944,890.6734193173536,22.813987526970298,1.0,271.0,91,76,150,271.0,HARSHE CHHINA
30347,Dhada (216),JALANDHAR,31.3153152,75.58828,30347,1909.313821722528,1905.9339599609375,0.4323468730713282,0.0730368031219083,1.3421943681875337,-0.432900229605533,-0.0160527389377803,866.5677848269837,22.48811818547273,1.0,0.01,70,70,400,257.0,JALANDHAR-EAST
32115,Ladhana Ucha (44),Shahid Bhagat Singh Nagar,31.2972965,76.12208,32115,1904.526368107531,1905.9317626953125,0.5036060875426902,0.1410240597059152,1.393518188309799,-0.5059588165692649,-0.0668187098685486,796.44111752311,22.73873132969481,1.0,250.0,250,210,400,444.0,BANGA
36762,Julkan (277),PATIALA,30.1621628,76.5228348,36762,1904.115344867708,1905.931640625,0.3427802479011433,0.1386272531366268,0.8435268808175952,-0.401174510821032,-0.0256791174939225,904.4869187285798,22.935428991022263,1.0,335.0,90,90,338,351.0,BHUNER HERI
35967,Phus Mandi (191),MANSA,29.7657661,75.30493,35967,1906.3487378642576,1905.9307861328125,0.61254506889167,0.2684237387946416,1.4947079133818897,-0.5822727437086002,-0.1756877957346278,698.7858357837098,24.55972594437503,1.0,387.0,185,221,252,425.0,SARDULGARH
36977,Sehra (275),PATIALA,30.4864864,76.58844,36977,1907.650128475188,1905.92919921875,0.3853280834248965,0.0691166127715627,1.0479843293889413,-0.418606357355193,0.0006138748062866,854.3460759332078,22.88706598896545,1.0,452.0,0,210,260,503.0,Shambu Kalan
39273,Malan (172),S.A.S Nagar,30.6897526,76.57741,39273,1905.701879078819,1905.9278564453125,0.35823432618391,0.0810199247035823,0.936220008843772,-0.4046575713365845,0.0024138480167534,879.953721444835,22.7014883934649,1.0,85.0,32,119,155,86.0,DERA BASSI
37051,Changeran (243),PATIALA,30.3423424,76.45454,37051,1905.577446611696,1905.927734375,0.2920807904131152,0.0375105586485481,0.7534045221948017,-0.3665424862875749,0.0423128984412126,788.8995203187363,23.02710038097979,1.0,334.0,170,170,228,360.0,RAJPURA
36103,Dullowala (112),MANSA,30.2522526,75.19539,36103,1905.584611909896,1905.9259033203125,0.6045600091866459,0.2235038073212375,1.561542862323228,-0.5738162345179791,-0.1429679769103628,662.8745209961681,24.34061463944331,1.0,640.0,310,305,595,706.0,MANSA
30570,Sada Chak (85),JALANDHAR,31.405405,75.449646,30570,1906.372514779068,1905.92578125,0.5177380930056021,0.1445459585067143,1.6389239950041186,-0.5000055561172257,-0.080099640168119,803.414295642971,22.431627108525888,1.0,2.0,10,0,125,118.0,JALANDHAR - WEST
36051,Piplian (126),MANSA,29.8558559,75.70521,36051,1905.6375378960456,1905.9251708984375,0.6279059894403421,0.266601037584787,1.5611191657669574,-0.60021990069428,-0.1791967981120392,664.5630658102872,24.28309412311318,1.0,289.0,141,144,241,332.0,BUDHLADA
39194,Bari (265),S.A.S Nagar,30.72072,76.71098,39194,1908.168402463298,1905.923095703125,0.3605698932093586,0.0371085646809738,1.0478927331135948,-0.3800569959188292,0.0218145153882687,796.313727181186,22.73863612910958,1.0,135.0,40,50,101,916.0,KHARAR
36705,Daulatpur (221),PATIALA,30.34911,76.4339,36705,1906.485481651696,1905.9229736328125,0.3353501413470517,0.1306591537826214,0.7806915747415567,-0.3955863539320179,-0.0173461894052447,900.6642224347615,22.94353185048145,1.0,80.0,35,80,160,139.0,SANOUR
32195,Hamirowal (83),Shahid Bhagat Singh Nagar,31.18919,75.99287,32195,1905.5155200696736,1905.92236328125,0.3248933703835768,-0.003406945165468,0.9062086005951572,-0.3572919868041457,0.0500633002279502,795.2970954587357,22.747902170555847,0.1350588263333599,14.0,8,0,122,20.0,BANGA
32153,Jasso Mazara (9),Shahid Bhagat Singh Nagar,31.18093,75.880806,32153,1907.101012134224,1905.9190673828125,0.5955017670432531,0.2416191002331455,1.7356871322936622,-0.5605143851127935,-0.1621521479185765,794.1594812085526,22.669952482494125,1.0,236.0,83,26,310,275.0,BANGA
36007,Ramgarh Shah Purian (158),MANSA,29.8558559,75.70521,36007,1906.995867799193,1905.9185791015625,0.5992802945390757,0.2839603089978397,1.6878438565547111,-0.5675052435593101,-0.1917036958608479,675.757760088672,24.27341660039025,1.0,321.0,150,150,240,354.0,BUDHLADA
32638,Fetehpur (89),FATEHGARH SAHIB,30.522522,76.40766,32638,1906.722943075525,1905.915771484375,0.4275265854937609,0.149896999273247,1.277874789741037,-0.4405567039491433,-0.0644151581060633,859.5636877229111,22.88169449138212,1.0,172.0,50,60,90,101.0,SIRHIND
36546,Raipur (110),PATIALA,30.4215488,76.4479752,36546,1905.6602564387265,1905.9132080078125,0.3562376000938372,0.1079339198307735,1.002511433512545,-0.3967625925335168,-0.0202687535829085,872.1061963314572,22.86354759721993,1.0,221.0,68,48,152,473.0,SANOUR
28526,Harchowal (33),GURDASPUR,31.8018017,75.22029,28526,1904.2707523609192,1905.912109375,0.5615838804152442,0.2344038865313357,1.6950987879851156,-0.5292739655947245,-0.1517842278185231,1026.4064753391117,22.14762224906097,1.0,80.0,42,48,53,957.0,QADIAN
32961,Jatana Niwan (297),FATEHGARH SAHIB,30.8288288,76.33561,32961,1901.5791382472016,1905.9119873046875,0.5200148827360465,0.176879532124281,1.4066308861079364,-0.5075118423299493,-0.0987931073071998,923.9367487838166,22.858995408648013,1.0,60.0,80,80,212,267.0,KHAMANO
38669,Haveli Chhoti (48),RUPNAGAR,31.0990982,76.5730057,38669,1903.2520773975195,1905.9093017578125,0.3561694190038288,0.0418609227876023,1.0363251154405784,-0.3750734596565188,0.0134522423231962,831.6264393737214,22.690114987082723,0.1452639159150259,15.0,52,25,220,102.0,RUPNAGAR
35886,Swaich (88),BATHINDA,30.072073,75.2246552,35886,1906.925000224568,1905.9083251953125,0.6818751005297948,0.2945017622924371,1.6440322510355203,-0.6346846612846015,-0.2099463538617152,604.1593941857712,24.39534023565085,1.0,552.63,158,159,264,598.0,MAUR
33046,Lakhowal Khurd (55),LUDHIANA,30.81081,76.34226,33046,1906.162594945337,1905.906005859375,0.4757300715712662,0.175966261679869,1.261542985735402,-0.4875990201508348,-0.0840203209803283,876.6879233529465,22.82727164855009,1.0,122.0,14,55,126,141.0,MACHHIWARA
37468,Sham Nagar (223),AMRITSAR,31.7657661,74.93667,37468,1906.545315684996,1905.9046630859375,0.4459489153826139,0.1180529017446806,1.2864109982411154,-0.4414525267981218,-0.045592921324158,1002.4769100358384,22.25821241457089,1.0,445.0,85,85,455,471.0,MAJITHA
39183,Alipur (252),S.A.S Nagar,30.738739,76.64147,39183,1907.113038266333,1905.9046630859375,0.3776414965958753,0.0394544345660367,1.0656991236700806,-0.4092127793605085,0.0264096127281407,785.3327634742158,22.763507083242928,0.7883351880127326,60.0,25,26,85,101.0,KHARAR
35955,Rajrana (202),MANSA,29.6936932,75.23012,35955,1904.441885210704,1905.9029541015625,0.6353245985773781,0.2414353475783608,1.4703558228412532,-0.592459164305614,-0.1570012045988568,686.8139299561875,24.6681079519442,1.0,410.0,96,78,140,410.0,SARDULGARH
33255,Mahpur (190),LUDHIANA,30.738739,76.01257,33255,1906.0603042281843,1905.9012451171875,0.5820745785981732,0.2490287364710239,1.5528753614916564,-0.5504711624948806,-0.1611894569718976,797.8996103824796,22.85106762607141,1.0,250.0,0,0,90,262.0,DORAHA
35841,Nasibpura (56) (Kaile bandar),BATHINDA,29.9819813,75.09392,35841,1903.833792011821,1905.901123046875,0.6025534937938939,0.1950516004886603,1.5467007912261594,-0.5678176430496117,-0.1192457422477413,549.4599136521714,24.486572168963,1.0,1732.0,423,653,843,1732.0,TALWANDI SABO
39034,Kanauran (109),S.A.S Nagar,30.8288288,76.67133,39034,1902.593982201921,1905.899658203125,0.4546485622765493,0.1239132518390631,1.246909608371784,-0.4693528903571951,-0.0442626146855154,899.1409334351914,22.399942850440937,1.0,110.0,55,16,68,125.0,MAJRI
36479,Rith Kheri (88),PATIALA,30.4217434,76.4477,36479,1906.602679239076,1905.8970947265625,0.5134507537373518,0.1909713690241783,1.437802398971915,-0.5048495533106994,-0.1042214037097278,839.1855749299424,22.919619997673408,1.0,221.0,65,70,159,246.0,SANOUR
32300,Nangal Chhanga (258),Shahid Bhagat Singh Nagar,31.0270271,76.17859,32300,1907.308691637705,1905.8958740234375,0.4853006303113216,0.1820979850577903,1.261851800900046,-0.4956534234009356,-0.0877088981395523,851.0235640218156,22.741619939577788,1.0,51.41,40,40,117,140.0,NAWANSHAHR
37148,Jafarkot (128),AMRITSAR,31.6756763,74.9909058,37148,1907.035102972049,1905.8939208984375,0.4999526110399825,0.1520425976381523,1.1942270292245998,-0.4958004750498221,-0.0665089613723679,917.5402614285844,22.767377350587992,1.0,255.0,134,134,202,281.0,AJNALA
29683,Phagwara Sharki (CT),KAPURTHALA,31.2955875,75.57166,29683,1908.0890506879284,1905.892822265625,0.5005176141289959,0.1530008106390703,1.260278157709664,-0.4963490412478626,-0.0764675623818389,789.2529609610932,22.57912219385276,0.982546568781314,3.0,0,0,38,0.0,PHAGWARA
28663,Dhadayala Nazara (142),GURDASPUR,31.8558559,75.13707,28663,1903.302470470096,1905.8917236328125,0.5439210092339887,0.2322039600784475,1.642542813112368,-0.5184557935418099,-0.1453171670771209,973.7182202746766,22.143738726509184,1.0,213.0,132,180,274,241.0,BATALA
28903,Rajeke (378),GURDASPUR,32.0441132,75.4052,28903,1906.320166999618,1905.8917236328125,0.5330593852329664,0.1926072702278529,1.4689869364103982,-0.5111317114645229,-0.1114933353777338,1039.6224948575396,22.301412025466675,1.0,2.47,50,90,111,105.0,DERA BABA NANAK
37415,Hardo Putli (278),AMRITSAR,31.8558559,74.96737,37415,1905.1703199531648,1905.89013671875,0.5097404929786447,0.1638858636393485,1.2195466614077362,-0.5043791184896256,-0.0791451497002724,956.3934597184556,22.49043735746289,1.0,650.0,100,100,152,436.0,AJNALA
29078,Jhal Bajaj (14),KAPURTHALA,31.5421772,75.43597,29078,1903.3998437137784,1905.89013671875,0.5511594104771592,0.2638333921599156,1.5572861113694836,-0.5368603254945952,-0.164331450659075,786.7706805272938,22.393336338116367,1.0,1.0,0,2,4,71.0,NADALA
28445,Bhangwan (529),GURDASPUR,31.90991,75.43588,28445,1904.5158377341183,1905.8892822265625,0.5810938035703984,0.2658022027537103,1.8187867994623144,-0.5365915605840169,-0.1791332189645964,1016.9852915217774,22.08910482218068,1.0,198.0,200,200,275,179.0,KALANAUR
30647,Jalal Nangal (528),HOSHIARPUR,31.6756763,75.62606,30647,1908.2182968883671,1905.88818359375,0.5397774598287701,0.2337069121621734,1.5732071148277995,-0.5133940096750456,-0.1413819085808239,836.9206285965873,22.37553076171593,1.0,2.02,17,10,86,143.0,TANDA
28640,Ghas (145),GURDASPUR,32.0360374,75.43334,28640,1905.573006878465,1905.886962890625,0.5053044200967126,0.1909785253559291,1.4329738298888566,-0.4919650979478018,-0.1053993688354888,976.119946535502,22.13966638062473,1.0,160.0,132,142,167,168.0,QADIAN
37328,Bhakha Hari Singh (227),AMRITSAR,31.8378372,74.74063,37328,1909.1276031465084,1905.8863525390625,0.5645452414965516,0.2207920185887883,1.458781927733427,-0.5328106815416715,-0.136330389828718,916.499489825,22.66210357915856,1.0,50.0,110,105,149,53.0,AJNALA
28524,Moor (22),GURDASPUR,31.81982,75.21376,28524,1908.9649079850024,1905.88623046875,0.6022614343366866,0.2450347203907295,1.884017248295604,-0.5530835051021383,-0.1701989541874655,1031.3100907018083,22.178079881455176,1.0,200.0,241,0,125,227.0,QADIAN
29082,Akala (131),KAPURTHALA,31.5421715,75.43612,29082,1903.9967532098133,1905.8861083984375,0.5321362108552831,0.2626537665172526,1.481975500607403,-0.5266567598992579,-0.1563891339099761,798.8996859487697,22.431078150439827,1.0,6.0,200,50,280,146.0,NADALA
36701,Badla (229),PATIALA,0.0,0.0,36701,1906.470273337152,1905.8836669921875,0.376105286258765,0.1090182372768957,0.8999311273596542,-0.4235202145623278,-0.0119249574157126,904.4869187285798,22.935428991022263,1.0,257.0,72,72,80,174.0,BHUNER HERI
33514,Silon Khurd (252),LUDHIANA,30.3948956,75.74166,33514,1906.313384546856,1905.8826904296875,0.4547204499344154,0.1748175184507427,1.238979583096914,-0.4706753731959358,-0.0838427539817566,822.9384216477769,22.76890863195922,1.0,217.0,65,42,165,211.0,DEHLON
35960,Dhigana (194),MANSA,29.6936932,75.23012,35960,1903.251225781208,1905.882568359375,0.6102401274878868,0.2448799354347397,1.440680830098499,-0.5771149306997789,-0.1568416422889266,698.7858357837098,24.55972594437503,1.0,283.0,42,42,52,133.0,SARDULGARH
33060,Akalgarh (273),LUDHIANA,30.9009018,76.18303,33060,1903.5438630445944,1905.88232421875,0.553271076604936,0.2298050717405009,1.473482387658534,-0.541231801395125,-0.1383733355713735,905.756378453006,22.8861820471202,1.0,132.0,15,15,62,143.0,MACHHIWARA
28643,Chaudhriwal (112),GURDASPUR,31.6936932,75.47134,28643,1903.572656047504,1905.87890625,0.540267195882152,0.2238770819133957,1.667695857133536,-0.5064305853407297,-0.141082845801588,973.7182202746766,22.143738726509184,1.0,550.0,55,0,470,603.0,SRI HARGOBINDPUR
37222,Kakar (160),AMRITSAR,31.6936932,74.6243,37222,1911.5369868142263,1905.8780517578125,0.5339559464317842,0.1943837094083637,1.3317959619145947,-0.5202710909390662,-0.1064091964431792,884.3121387504207,22.90165753741104,1.0,383.0,95,87,143,423.0,CHOGAWAN
30651,Salempur (524),HOSHIARPUR,31.54955,75.90424,30651,1910.425581156764,1905.8765869140625,0.516658783935774,0.1890369491555134,1.5468945755014103,-0.4927343634561988,-0.1098210557631714,900.877932869548,22.275524869763945,0.9712155483818748,5.67,0,0,630,596.0,TANDA
33095,Barma (98),LUDHIANA,0.0,0.0,33095,1902.475064735721,1905.875,0.5357712376364357,0.1875294419794024,1.4798938528132564,-0.5155551546536278,-0.1124247752082565,905.756378453006,22.8861820471202,1.0,405.0,22,15,265,431.0,MACHHIWARA
36611,Hira Garh (148),PATIALA,30.1981983,76.46744,36611,1907.110845597245,1905.874755859375,0.4007646435747086,0.1324327905283746,1.212496838410575,-0.4157674320616464,-0.0485835187524007,857.595841727983,22.9608594629634,1.0,272.0,25,0,105,272.0,BHUNER HERI
36808,Noor kherian (73),PATIALA,30.3603611,76.42685,36808,1909.956984781541,1905.873291015625,0.4199462896842313,0.1375534720292413,1.1569473991399342,-0.4495045245127038,-0.0488478325309425,899.4118514468568,22.83189132190313,0.999017858170456,307.0,219,219,383,426.0,SANOUR
28678,Rasulpur(Becharag) (195),GURDASPUR,31.81982,75.21376,28678,1907.4509336953256,1905.873046875,0.576365530083498,0.2546442428529368,1.8654184443814792,-0.5259632069486804,-0.1750825211428803,1019.7492483069794,22.06568892097681,1.0,244.0,632,192,263,283.0,QADIAN
29950,Chak Muglani (22),JALANDHAR,31.1351357,75.3811646,29950,1913.5742257030824,1905.869873046875,0.523029570153394,0.1805447336979741,1.4645401942291696,-0.5138291977683603,-0.1051476987993989,834.8475488831895,22.65798149232063,1.0,35.0,10,20,238,47.0,NAKODAR
37431,Bhandianwali (328),AMRITSAR,31.7477474,74.96446,37431,1904.7291125678755,1905.8673095703125,0.478230394821388,0.138003638536817,1.1605749322312957,-0.4825113171043562,-0.0546586119549861,956.3934597184556,22.49043735746289,1.0,100.0,7,7,7,106.0,MAJITHA
37032,Khera Gajju (269),PATIALA,30.54054,76.6937943,37032,1902.0380089727864,1905.8671875,0.3374604158338937,0.0457911136798349,0.8177762430873288,-0.3823070368487898,0.0241358682940718,866.5787373196064,22.918622902432,1.0,607.0,92,92,892,606.0,RAJPURA
37059,Chamaru (79),PATIALA,30.3423424,76.41278,37059,1906.809341376182,1905.8658447265625,0.305039734922912,0.0171382234295557,0.7920672355880982,-0.3792256016244933,0.0530351604698361,826.70887904193,22.975017404838,1.0,110.0,90,270,392,425.0,Shambu Kalan
36052,Ahemadpur (232),MANSA,29.927927,75.55207,36052,1906.3883172760063,1905.865478515625,0.6467690066780447,0.2936258360433036,1.6641998563500906,-0.602027063576058,-0.2080841008037858,662.5232843773831,24.25019568027017,1.0,1470.0,956,568,968,1650.0,BUDHLADA
36711,Kheri Raju singh (227),PATIALA,30.1621628,76.5228348,36711,1906.8878597563505,1905.8646240234375,0.3584703084892184,0.136491739620441,0.8162904327022888,-0.4214591439812821,-0.022446372577371,862.8264075856661,23.019134229310964,1.0,241.0,144,75,152,260.0,BHUNER HERI
39184,Landiali (229),S.A.S Nagar,30.7142143,76.7372055,39184,1907.017247162781,1905.8641357421875,0.3683622220347513,0.0417129480381455,1.0234117677561612,-0.402756639782365,0.0233308106806038,785.3327634742158,22.763507083242928,0.8962550005209434,60.0,50,50,150,148.0,KHARAR
37067,Ghurama Kalan (250),PATIALA,30.4864864,76.60935,37067,1905.169933144748,1905.86376953125,0.342461616816243,0.0549822946278621,0.9192418260152452,-0.4025405800404272,0.0207440095775508,788.8995203187363,23.02710038097979,1.0,184.0,300,200,258,269.0,Shambu Kalan
35991,Faridke (134),MANSA,29.927927,75.55207,35991,1906.8870805939275,1905.863525390625,0.6275251917845308,0.298550435131669,1.4947402120867066,-0.596611309669001,-0.1977864247150894,686.5780022066646,24.35571273222598,1.0,418.0,150,0,220,465.0,BUDHLADA
36936,Mahewan (119),PATIALA,30.4864864,76.58844,36936,1907.7110056094727,1905.8629150390625,0.340731450089591,0.090824250670012,0.9081176955351038,-0.3976020925608494,-0.0025800559041694,852.713057677974,23.02399660360237,1.0,102.0,82,80,150,171.0,Shambu Kalan
36418,Pahlia Khurd (97),PATIALA,30.3603611,76.13451,36418,1905.0255831422603,1905.86181640625,0.5767433143271007,0.2356134150148277,1.553324148478003,-0.5463647920121615,-0.1509160024796011,760.4251894166367,22.92419452819485,1.0,223.0,42,65,185,235.0,NABHA
28455,Kunt (526),GURDASPUR,32.05776,75.40644,28455,1904.9496503204743,1905.8602294921875,0.5847647477557482,0.2470896348752174,1.8683073136695585,-0.5388598944649599,-0.1685696867172459,1021.0178585254724,22.1141521463127,1.0,141.0,118,118,202,120.0,KAHNUWAN
33170,Gagra (170),LUDHIANA,30.594595,76.35977,33170,1905.092282608484,1905.8553466796875,0.4537691723732475,0.1009792861671755,1.328067554668097,-0.4490406623708387,-0.0388921652115576,887.4487522056,22.71525586757884,1.0,168.0,40,40,198,188.0,SAMRALA
37256,Galib (107),AMRITSAR,31.657753,74.84883,37256,1905.1735943808724,1905.8548583984375,0.5586902619480649,0.2314856607368593,1.3307950631065086,-0.5443828359841834,-0.135204667247987,953.765833657016,22.6391379412903,1.0,263.0,110,110,149,204.0,AJNALA
28636,Bariar (161),GURDASPUR,31.81982,75.21376,28636,1906.955497779603,1905.8544921875,0.538823706664065,0.2301510710683989,1.5197808852694386,-0.5201836389647675,-0.1402848413010379,1017.2468597260698,22.06993194900608,1.0,220.0,136,136,136,109.0,QADIAN
37336,Nasar (251),AMRITSAR,31.8018017,74.94468,37336,1905.189104318796,1905.8538818359375,0.527900452613525,0.1898340731664163,1.227217292861555,-0.5188540536353125,-0.0979770039232537,958.232283458301,22.620167871321403,1.0,134.0,81,70,102,142.0,AJNALA
36030,Ram Nagar Bhathal (139),MANSA,29.8558559,75.70521,36030,1906.247099422056,1905.8509521484375,0.5873016440895507,0.2411242005343508,1.4852873082625755,-0.5594637291806673,-0.1514405665640755,663.1192806174653,24.25413930974713,1.0,466.0,130,200,371,513.0,BUDHLADA
36008,Bhakhrial (159),MANSA,29.927927,75.55207,36008,1906.1615779538265,1905.850830078125,0.5839984468711344,0.2826429177911466,1.6022384618499148,-0.559015207828324,-0.1878893412433686,675.757760088672,24.27341660039025,1.0,229.0,180,13,208,254.0,BUDHLADA
36938,Suhron (89),PATIALA,30.4758358,76.59393,36938,1908.023943639868,1905.8492431640625,0.3848622963111373,0.1160303248837533,1.0462068398079627,-0.4268986319430279,-0.0270270790239201,852.713057677974,23.02399660360237,1.0,381.0,55,55,325,431.0,Shambu Kalan
32813,Bhatton (69),FATEHGARH SAHIB,30.6126118,76.20649,32813,1908.3806892975724,1905.845703125,0.4417695073423106,0.1071128775240787,1.2196322519066487,-0.4445667685562074,-0.0357283147482875,825.7323893716233,22.871801084820504,1.0,251.0,42,45,140,267.0,AMLOH
32164,Sarhala Ranuan (8),Shahid Bhagat Singh Nagar,31.18577,75.98812,32164,1907.019930699632,1905.8448486328125,0.6042235708962287,0.2383700615027969,1.693753596732202,-0.5713782530184293,-0.1572731417410815,794.1354972215911,22.669508487085874,1.0,284.0,150,107,298,324.0,BANGA
37053,Mohi Khurd (253),PATIALA,30.4804726,76.59126,37053,1905.446577024304,1905.8441162109375,0.3262420728308769,0.0538783056408882,0.8324265825991128,-0.398307845430333,0.0276531030814707,788.8995203187363,23.02710038097979,1.0,308.0,255,220,370,366.0,Shambu Kalan
36124,Kalho (10),MANSA,30.0,75.39883,36124,1905.4871147465608,1905.8438720703125,0.6553534967156507,0.2844413534123122,1.6035150798936249,-0.6154949611013729,-0.1991994296996041,645.4803585971982,24.315752986853106,1.0,751.0,250,330,411,904.0,MANSA
28673,Peerowali (151),GURDASPUR,31.8018017,75.22029,28673,1904.5951863336195,1905.84375,0.5651876262157999,0.2520426195980387,1.684666737402216,-0.5321263707803774,-0.1630388877440411,1019.7492483069794,22.06568892097681,1.0,71.0,85,79,99,81.0,QADIAN
28659,Ammo Nangal (139),GURDASPUR,0.0,0.0,28659,1902.2562191491168,1905.8436279296875,0.5195527830947652,0.1882074448925136,1.5964541479172054,-0.4961069199892042,-0.1117195912511512,1038.6498798884083,22.12838537369625,1.0,265.0,106,106,163,310.0,BATALA
28692,Behluwal (189),GURDASPUR,31.8018017,75.1566849,28692,1905.74445340716,1905.84326171875,0.5598372333439506,0.2216036865773643,1.8520722852884632,-0.5149547314783399,-0.1481343178433495,1019.7492483069794,22.06568892097681,1.0,342.0,163,175,185,149.0,QADIAN
32986,Machhiwara Kham (278),LUDHIANA,30.81081,76.34226,32986,1903.6282130519744,1905.8419189453125,0.5190645493052043,0.2250038959986652,1.3016268620423903,-0.5271488152432001,-0.1245858520834264,855.2991542031663,22.66896286104054,1.0,302.0,0,45,214,395.0,MACHHIWARA
33259,Jargari (188),LUDHIANA,30.738739,76.01257,33259,1905.7441308000464,1905.84130859375,0.5734481898555545,0.2704050507218772,1.5615077174765697,-0.5462595749930417,-0.1757813245309685,789.0478433486976,22.85569156831371,1.0,762.0,5,0,615,815.0,DORAHA
32294,Mehndipur (265),Shahid Bhagat Singh Nagar,31.1531525,76.15345,32294,1911.9471449172968,1905.84130859375,0.4920528317084779,0.1614820457015194,1.321472755162822,-0.4965723330898735,-0.0779739443728983,841.0147438242012,22.73748687378972,1.0,2.47,25,26,215,73.0,NAWANSHAHR
36935,Khairpur Jattan (91),PATIALA,30.4864864,76.58844,36935,1908.4768418595809,1905.838623046875,0.3310729928000415,0.0842585748262967,0.8854057567291531,-0.3815563085457902,0.0017903429858935,852.713057677974,23.02399660360237,1.0,223.0,730,73,205,207.0,Shambu Kalan
39185,Shafipur (228),S.A.S Nagar,30.738739,76.64147,39185,1907.0265199712435,1905.8369140625,0.3939914561484937,0.0818064539646727,1.0924924496411397,-0.4275936236552524,-0.0074205673745583,785.3327634742158,22.763507083242928,1.0,80.0,10,20,96,83.0,KHARAR
36978,Takhtu Majra (62),PATIALA,30.4684677,76.59517,36978,1907.8502297940047,1905.83642578125,0.3473446676858998,0.107487967888703,0.9914384771182748,-0.3886370814772056,-0.0186617337539677,854.3460759332078,22.88706598896545,1.0,149.0,95,115,180,205.0,Shambu Kalan
37266,Lakhuwal (Ramdas) (264),AMRITSAR,31.8378372,74.76184,37266,1902.2670928869245,1905.8355712890625,0.5648391265206505,0.229106607654794,1.394968420401809,-0.5430921720035946,-0.1380781685200772,994.0184595992464,22.46817550702201,1.0,297.0,40,51,142,334.0,AJNALA
33162,Diwala (133),LUDHIANA,30.594595,76.35977,33162,1906.63244894576,1905.8311767578125,0.5048621065448552,0.1781942602727816,1.4896335487064036,-0.4865494926828339,-0.0998559880521558,887.4487522056,22.71525586757884,1.0,287.0,40,40,197,316.0,SAMRALA
37500,Bhoya Fatehgarh (228),AMRITSAR,31.7657661,74.95786,37500,1904.4161318562203,1905.8294677734375,0.4968655111402157,0.1862398404053348,1.539174260901235,-0.474692868473165,-0.1064684979239208,1010.3204640557664,22.236575219337794,1.0,100.0,133,133,235,116.0,MAJITHA
35986,Chak Maghania (173),MANSA,30.0,75.39883,35986,1905.908897104455,1905.8277587890625,0.6508946253450238,0.3017723574185099,1.6099672251796968,-0.6030911152209968,-0.2129818044916736,687.1675047089951,24.361650649668206,1.0,145.0,271,271,386,153.0,JHUNIR
36793,Palakha (314),PATIALA,30.2253914,76.543045,36793,1906.7192971285083,1905.8251953125,0.3108271850766401,0.091025361105385,0.7973067532338457,-0.3766129098566728,0.0057171137538912,904.4869187285798,22.935428991022263,1.0,125.0,36,36,48,136.0,BHUNER HERI
30284,Lutera Khurd (69),JALANDHAR,31.4234238,75.6964,30284,1903.3426283985896,1905.822998046875,0.5814827025875279,0.2249828553852916,1.738039145451863,-0.5405808354140659,-0.1480718346720437,752.1953674962418,22.674895467667,1.0,243.0,23,20,105,259.0,ADAMPUR
38876,Santpur (162),RUPNAGAR,30.9189186,76.51241,38876,1901.969988406532,1905.8221435546875,0.5282495621989176,0.1881523349128464,1.3832879086693768,-0.5223966093250827,-0.1028276788516169,903.4168812444108,22.62808539330217,1.0,113.0,88,53,135,130.0,CHAMKAUR SAHIB
37281,Nepal (142),AMRITSAR,31.7533188,74.78465,37281,1904.8360312372497,1905.8211669921875,0.5281772878807034,0.1877499991533085,1.285355041029678,-0.5157072674468223,-0.0988088782959222,890.6723353078263,22.813989407574297,1.0,225.0,56,0,120,360.0,HARSHE CHHINA
37348,Loharka (256),AMRITSAR,31.6216221,74.82035,37348,1906.8596128092504,1905.819091796875,0.5423501631885915,0.1928510906609317,1.2758163159518656,-0.5321627881073164,-0.1027756708888348,994.0184595992464,22.46817550702201,1.0,1.0,0,0,1,100.0,AJNALA
28557,Nangal Jhawar (36),GURDASPUR,31.81982,75.36219,28557,1904.0356397956607,1905.8182373046875,0.580226861670946,0.2539166084903459,1.772689391318602,-0.5379857410317178,-0.1706846368200922,1011.7935481233286,22.093611512131385,1.0,337.0,210,274,284,367.0,QADIAN
29108,Kotli (89),KAPURTHALA,0.0,0.0,29108,1913.3733748873697,1905.81787109375,0.5179986223069144,0.2046149513979109,1.4841160740770027,-0.5139639583507375,-0.1146407988514058,855.3183767011063,22.46012897505409,1.0,44.0,50,0,90,53.0,DHILWAN
30567,Pachranga (97),JALANDHAR,31.5144329,75.63393,30567,1906.7435954125967,1905.8155517578125,0.4891349571213381,0.1113922220571796,1.473049632862108,-0.481222922056242,-0.0490974547820474,805.4736348798173,22.43289419592901,1.0,205.6,26,0,303,236.0,BHOGPUR
28820,Sham Sherpur (335),GURDASPUR,31.8378372,75.01635,28820,1907.7596259849383,1905.8148193359375,0.5409908319951765,0.1853482432464181,1.296025394915794,-0.5325340137690171,-0.0998956000200915,1039.6224948575396,22.301412025466675,1.0,1200.0,208,200,400,136.0,FATEHGARH CHURIAN
33065,Majri Sikhan (281),LUDHIANA,30.8828831,76.18969,33065,1903.780337515984,1905.8133544921875,0.5356641163851553,0.2480678255791453,1.3243566648315253,-0.5417213815318311,-0.1408033509253339,891.3184698192447,22.824026611328243,1.0,73.0,0,0,20,79.0,MACHHIWARA
30346,Chander Sain (203),JALANDHAR,31.3153152,75.58828,30346,1909.425489472245,1905.8121337890625,0.4640554647446461,0.1125771850314868,1.4983446915743643,-0.4504353255539191,-0.0535556051073797,866.5677848269837,22.48811818547273,1.0,0.01,4,4,47,55.0,JALANDHAR-EAST
37251,Kotli Kazian (116),AMRITSAR,31.8378372,74.78305,37251,1905.3936316835648,1905.811279296875,0.5103138751469876,0.1806476065366213,1.2058844739873895,-0.5013146801683239,-0.0892784587863868,953.765833657016,22.6391379412903,1.0,99.0,10,0,20,109.0,AJNALA
37052,Mohi Kalan (246),PATIALA,30.5045052,76.70719,37052,1905.0000929153875,1905.81103515625,0.3196029860549398,0.0634980339680847,0.8485395406062092,-0.3836306231485155,0.0197513069391471,788.8995203187363,23.02710038097979,1.0,258.0,195,185,242,320.0,Shambu Kalan
35151,Diwan Khera(104),FAZILKA,30.1621628,74.1888046,35151,1905.0916823079635,1905.8099365234375,0.5043232592891339,0.0908722644965211,1.2793164412963698,-0.4931706319863644,-0.0282594631572202,410.13517407678535,24.763705644765537,1.0,5341.0,245,524,845,2249.0,KHUIAN SARWAR
28671,Karnama (152),GURDASPUR,0.0,0.0,28671,1903.6729694320777,1905.807861328125,0.5924713351512574,0.262469755446412,1.8134824422015463,-0.5451524298946567,-0.1787169610501345,1019.7492483069794,22.06568892097681,1.0,140.0,85,105,143,152.0,QADIAN
28625,Bhittewad (178),GURDASPUR,31.8018017,75.22029,28625,1906.4767113038515,1905.807373046875,0.5698413266446084,0.2612835220132629,1.7019295040784532,-0.5326497141527168,-0.1726064568820927,1019.7492483069794,22.06568892097681,1.0,86.0,42,30,61,93.0,QADIAN
28685,Cheema (177),GURDASPUR,31.9639645,75.41655,28685,1906.43886338646,1905.8048095703125,0.6205795912736228,0.2972991915628655,2.008076191079239,-0.5608138318127469,-0.2147247158400651,1019.7492483069794,22.06568892097681,1.0,150.0,55,0,193,170.0,SRI HARGOBINDPUR
33061,Raipur (274),LUDHIANA,30.8468475,76.11909,33061,1904.067351109947,1905.802734375,0.499331854639247,0.2286610329231856,1.2247294774089068,-0.5227214656608415,-0.1189511065261659,873.7683200479398,22.74847292589358,1.0,38.0,0,15,127,44.0,MACHHIWARA
37455,Kadrabad (211),AMRITSAR,31.8558559,74.96737,37455,1903.2566561599103,1905.8009033203125,0.4508838782445872,0.1368376778140489,1.3344499821062648,-0.4458353658089922,-0.0615249598383395,1025.2689594588833,22.165127660985043,1.0,226.0,66,66,185,250.0,MAJITHA
28834,Veela Teja (359),GURDASPUR,31.8918915,75.0179138,28834,1907.3454067053767,1905.80029296875,0.5430801743567647,0.1950782853196845,1.3815820395558025,-0.5256800285495541,-0.1105951891472775,1039.6224948575396,22.301412025466675,0.9366746733627526,80.0,350,300,840,997.0,FATEHGARH CHURIAN
39147,Bhago Majra (40),S.A.S Nagar,30.6846848,76.70329,39147,1905.03851784349,1905.8001708984375,0.4270063816715869,0.032849618849516,1.1560910394124806,-0.4409955982345985,0.0203402164502672,814.3875989129441,22.74644426539641,0.7436865676110783,250.0,39,39,315,250.0,KHARAR
36800,Bhankhar (132),PATIALA,30.3063068,76.28033,36800,1906.9560242579169,1905.800048828125,0.3070389442775342,0.1173329209194772,0.9083234265773156,-0.3584742267917304,-0.02108849864399,899.4118514468568,22.83189132190313,1.0,543.0,400,322,475,585.0,BHUNER HERI
30497,Mustfapur (345),JALANDHAR,31.405405,75.449646,30497,1910.123871538097,1905.7994384765625,0.532067313375429,0.1603210616874021,1.6552997609930504,-0.5045870827898363,-0.0942746646822239,805.4736348798173,22.43289419592901,1.0,788.845,0,0,197,264.0,JALANDHAR - WEST
32876,Munderian (36),FATEHGARH SAHIB,30.54351,76.107,32876,1906.6420336984704,1905.798828125,0.4198109867636491,0.1499112768519417,1.2348557326157183,-0.4285652542925269,-0.064107397196191,859.5636877229111,22.88169449138212,1.0,160.0,75,48,102,160.0,AMLOH
30576,Malli Nangal (126),JALANDHAR,31.405405,75.68186,30576,1905.300379879665,1905.7987060546875,0.5400449864569467,0.1765791464719279,1.704011769000887,-0.513783710667887,-0.1063628195960632,762.588733713855,22.406507616634823,1.0,2.47,15,10,36,296.0,BHOGPUR
36918,Lohchwan (122),PATIALA,30.3423424,76.41278,36918,1904.0672428210703,1905.7962646484375,0.3668248040260084,0.1144522066182634,1.0456265012475494,-0.4057375367530089,-0.0273430449326278,852.713057677974,23.02399660360237,1.0,80.0,100,100,201,222.0,GHANAUR
35132,Muradwala Bhumgar (255),FAZILKA,30.1621628,74.1888046,35132,1905.4986970632533,1905.79248046875,0.6189103941969019,0.2537704540837155,1.527385980801408,-0.5843980725296224,-0.1657343305420552,453.8282844235795,24.618321671548927,1.0,515.0,55,85,108,581.0,KHUIAN SARWAR
28628,Dalla (168),GURDASPUR,31.8018017,75.22029,28628,1904.816012382483,1905.7906494140625,0.5688522114249415,0.2362804809729116,1.7500032085579167,-0.5291334896713435,-0.1561545567827004,1016.9852915217774,22.08910482218068,1.0,665.0,563,500,781,731.0,QADIAN
35130,Tilanwali (257),FAZILKA,0.0,0.0,35130,1903.2589455807151,1905.787353515625,0.6413027099216837,0.314144302971488,1.562399061967558,-0.5946666114506224,-0.2144570601710904,453.8282844235795,24.618321671548927,1.0,592.0,352,452,542,332.0,KHUIAN SARWAR
36452,Hakimpur (316),PATIALA,30.3423424,76.41278,36452,1904.6429064672404,1905.7861328125,0.5025455021206499,0.1929698957659417,1.2448704104155008,-0.5032748139422956,-0.0975071829973597,815.9566017796891,22.94605681146857,1.0,182.0,92,52,95,195.0,NABHA
32834,Dewa Gandhuan (181),FATEHGARH SAHIB,30.6105423,76.22962,32834,1907.8065847224395,1905.7857666015625,0.5378124722296361,0.2280641641626035,1.4508197237944684,-0.5258761111038491,-0.1337235739483925,797.9699912478821,22.851000825335177,1.0,290.0,80,45,126,207.0,AMLOH
32660,Manunpur (116),FATEHGARH SAHIB,30.594595,76.46443,32660,1900.30029171504,1905.78564453125,0.5318706826755163,0.2154794989557354,1.384159589566211,-0.5252953619148002,-0.1220425737630211,888.7568740841688,22.84438442303882,1.0,212.0,20,20,171,231.0,KHERA
30333,Talwandi Araian (168),JALANDHAR,31.58514,75.669754,30333,1903.59052719298,1905.7825927734375,0.5918896737966052,0.2364644887592478,1.8650840710019747,-0.549308652956135,-0.1622590923703888,785.577917378177,22.57207088470267,1.0,251.0,10,10,152,274.0,ADAMPUR
30578,Badala (131),JALANDHAR,31.54955,75.62938,30578,1904.9782105824409,1905.7816162109375,0.5637467859402356,0.2158084841206275,1.757495516765132,-0.5297894230136323,-0.1378114782949432,762.588733713855,22.406507616634823,1.0,121.0,20,25,98,132.0,BHOGPUR
29077,Karnail Ganj (13),KAPURTHALA,31.45946,75.40867,29077,1904.7462121873089,1905.7808837890625,0.5335177040457746,0.2545380391393838,1.5386046422428534,-0.5234908281377435,-0.1534488809869615,794.1732309940347,22.41637084595295,1.0,381.0,28,50,180,398.0,NADALA
35871,Rai Khana (21),BATHINDA,30.072073,75.2246552,35871,1903.3860171094736,1905.7794189453125,0.6386585004191032,0.2927014872548053,1.5815183517580982,-0.5952953520207096,-0.2018339157514405,571.2232080767983,24.35056711428017,1.0,1057.0,216,272,372,1178.0,MAUR
36443,Nanowal (144),PATIALA,30.5045052,76.2471161,36443,1905.5875405807533,1905.779296875,0.5168442872991688,0.2179808398809279,1.3101373612291494,-0.5132103183788664,-0.1192815098648894,810.4765922702662,22.95078834137983,1.0,174.0,40,45,145,184.0,NABHA
36931,Loha Kheri (98),PATIALA,30.3423424,76.41278,36931,1905.5004699118613,1905.777587890625,0.3526902250615306,0.1127686520405873,0.944396844497783,-0.4030224823101362,-0.01873829275157,852.713057677974,23.02399660360237,1.0,82.0,25,25,150,221.0,GHANAUR
35298,Hakuwala (18),SRI MUKTSAR SAHIB,30.4324322,74.39356,35298,1904.210786094285,1905.77587890625,0.5936160050202414,0.2322059242620524,1.2783506647512428,-0.5742231059176256,-0.135652247305833,439.5261595517608,24.8933469625528,1.0,1133.0,450,450,560,752.0,LAMBI
32865,Kahanpura (10),FATEHGARH SAHIB,30.6126118,76.2274246,32865,1907.2433215441824,1905.7740478515625,0.4403900406262278,0.1370628812183105,1.4847107041811742,-0.4331696236803622,-0.0692217066306156,865.374857466449,22.713122245179363,1.0,176.0,45,42,150,184.0,AMLOH
33154,Chawa (159),LUDHIANA,30.666666,76.2700348,33154,1908.6833717767024,1905.7728271484375,0.4573538504243502,0.1286006646733263,1.4721469235417723,-0.4461902410717316,-0.063992031872835,857.160108648528,22.653306548508745,1.0,97.0,40,40,142,111.0,SAMRALA
39220,Kurali (237),PATIALA,30.3783779,76.37828,39220,1901.173110610768,1905.772216796875,0.3558634913255298,0.0820412212508484,1.0456091245012409,-0.3940194408132624,-0.0065852743344607,798.7498259791224,22.762019065752003,1.0,253.0,18,82,130,103.0,RAJPURA
36116,Man Bibrian (85),MANSA,30.0,75.39883,36116,1903.8540124591232,1905.7672119140625,0.6466720792143418,0.2837680391705267,1.5948947489292062,-0.6059242549254533,-0.1969527405517781,645.5949041058915,24.315755701579803,1.0,498.0,270,270,344,609.0,MANSA
35945,Tibi Hari Singh (183),MANSA,29.6936932,75.23012,35945,1906.169704325968,1905.7667236328125,0.5611552408237307,0.1667363065271619,1.4014243660936374,-0.530676818811569,-0.0883172636527419,689.5211181248227,24.572565028271,1.0,1051.0,298,251,301,456.0,SARDULGARH
32768,Tanan (288),FATEHGARH SAHIB,30.55856,76.39417,32768,1907.8997103037684,1905.7667236328125,0.5218276325083924,0.228160728045199,1.4043325079406348,-0.5105269952668002,-0.130951119218087,847.3686979988281,22.8831505588725,1.0,384.0,50,47,116,156.0,SIRHIND
33129,Paprodi (130),LUDHIANA,30.7567558,76.29937,33129,1904.960101217396,1905.765869140625,0.5080176479614705,0.1788984455393671,1.4279809692402807,-0.5001907003326674,-0.0981557276127827,887.4487522056,22.71525586757884,1.0,159.0,40,40,198,178.0,SAMRALA
28633,Harpura (160),GURDASPUR,32.0360374,75.43334,28633,1907.4166332913128,1905.764404296875,0.5235444695693532,0.2127553250650854,1.5715651478124535,-0.497882855289576,-0.1272106001797323,1019.7492483069794,22.06568892097681,1.0,570.0,302,279,479,625.0,QADIAN
28722,Bajjuman (294),GURDASPUR,0.0,0.0,28722,1903.389094121344,1905.762451171875,0.4874102561071685,0.1679706952278621,1.5390755865182446,-0.4696930462091817,-0.0925082211981553,1047.5752594878572,22.056767351109784,1.0,202.0,307,300,434,235.0,BATALA
37475,Targarh Rampura (299),AMRITSAR,31.7477474,74.96446,37475,1907.362039070588,1905.761474609375,0.4586238396121757,0.1263692940429206,1.169277300022442,-0.4651205773269983,-0.0457375471618217,1002.4769100358384,22.25821241457089,1.0,77.0,67,0,112,94.0,MAJITHA
32114,Ladhana Jhikka (43),Shahid Bhagat Singh Nagar,31.2972965,76.10099,32114,1904.1642555046133,1905.76025390625,0.4669240056124127,0.1083646572257221,1.2587603007586945,-0.4800345480687761,-0.0375732867228368,795.2970954587357,22.747902170555847,0.7095765704492466,2.4,239,0,602,354.0,BANGA
36987,Bhedwal (29),PATIALA,30.4864864,76.58844,36987,1904.566543887382,1905.7591552734375,0.3801761755737598,0.0929777824718949,1.0748914549091753,-0.3990286333591416,-0.01508506558774,854.3460759332078,22.88706598896545,1.0,206.0,0,60,150,253.0,Shambu Kalan
35971,Karipur Dumb (178),MANSA,29.6936932,75.23012,35971,1902.3037679695144,1905.7591552734375,0.6705415382303349,0.3069012129609172,1.597096786096086,-0.6202417167187662,-0.2178302446804128,701.4598034961646,24.53697152658529,1.0,578.0,45,58,95,254.0,SARDULGARH
33280,Dudhal (415),LUDHIANA,30.3783779,75.85614,33280,1906.0239120330127,1905.7574462890625,0.6210989709003247,0.28716184988057,1.5178311145720602,-0.5897923589936197,-0.1914606253973194,775.2246003403784,22.87882556886836,1.0,363.0,378,115,356,392.0,Maloud
32122,Rampur (36),Shahid Bhagat Singh Nagar,31.18919,75.99287,32122,1902.176714590727,1905.75732421875,0.6141075114584877,0.2468545762950583,1.744529692484111,-0.5787951835491751,-0.1710217422559231,790.968495613757,22.60453767526765,1.0,161.0,22,61,165,131.0,BANGA
36448,Shamaspur (128),PATIALA,30.3423424,76.41278,36448,1902.579420517832,1905.757080078125,0.5188055156812299,0.2162692430954538,1.3065598307160669,-0.5096863049798229,-0.1185271725233048,815.9566017796891,22.94605681146857,1.0,74.0,25,41,80,82.0,NABHA
36707,Mehmudpur (223),PATIALA,30.3423424,76.35014,36707,1907.9011543269164,1905.75390625,0.3518362779452472,0.1691848916507197,0.8011215627386942,-0.4216010035552733,-0.041860052766092,874.6116117962632,22.99896603511626,1.0,163.0,28,28,82,184.0,BHUNER HERI
37814,Takapur (64),AMRITSAR,31.6036034,75.2078247,37814,1906.4250809356176,1905.752685546875,0.5067815468492738,0.1893497214264914,1.5738780276746551,-0.48050575060797,-0.1112347116499948,973.7182202746766,22.143738726509184,1.0,155.0,70,70,185,170.0,RAYYA
32344,Saloh (162) (CT),Shahid Bhagat Singh Nagar,31.1272316,76.1765,32344,1906.0957580443624,1905.7489013671875,0.4621850241608099,0.1039498147529611,1.3063951087039842,-0.4614523111009082,-0.0406567582551726,821.4404228141206,22.707407623049846,0.8121478182194889,2.47,71,82,992,0.0,NAWANSHAHR
37436,Wadala Viram (321),AMRITSAR,31.7657661,74.95786,37436,1907.356939929888,1905.744384765625,0.4857050587565291,0.1397587098465466,1.1691340560427708,-0.4891269523107459,-0.0570976575583379,996.3097016155268,22.2892903745184,1.0,203.0,18,18,55,1023.0,MAJITHA
35959,Ahlupur (193),MANSA,29.6936932,75.23012,35959,1906.035741028476,1905.7442626953125,0.5947166784867574,0.2088811079859572,1.428074318205076,-0.5593711986307761,-0.1248598891511426,695.6161896555253,24.58842084188034,1.0,3606.0,1005,909,1209,3979.0,SARDULGARH
35846,Bangi Rughu (40),BATHINDA,29.9819813,75.09392,35846,1902.8838611119727,1905.743896484375,0.6132863385650013,0.2744837002181448,1.4950645217560867,-0.5813702518081347,-0.1800875154938955,514.5507100036042,24.63045035963848,1.0,518.0,125,258,335,565.0,TALWANDI SABO
32752,Lataur (298),FATEHGARH SAHIB,30.522522,76.40766,32752,1903.2068918034893,1905.7423095703125,0.522999015968017,0.2226940764161253,1.4440486831652677,-0.5083374414885654,-0.1298674772472056,844.8610340411335,22.881740397226302,1.0,796.0,170,126,259,472.0,SIRHIND
32644,Malko Majra (129),FATEHGARH SAHIB,30.63063,76.38819,32644,1905.1427145514945,1905.7421875,0.4542911254435021,0.1899129726876865,1.2703925508139402,-0.4609719948588691,-0.0933321854105974,867.9169044396973,22.87101678186402,1.0,153.0,47,0,200,177.0,SIRHIND
36788,Bishangarh (148),PATIALA,30.3063068,76.28033,36788,1907.039960572236,1905.7420654296875,0.2716454605972688,0.0467256936821984,0.6857154726133448,-0.3316713003967226,0.0387346591909336,904.4869187285798,22.935428991022263,1.0,115.0,54,48,74,125.0,BHUNER HERI
39223,Gobindpura (260),PATIALA,30.64865,76.38148,39223,1903.700184546429,1905.7412109375,0.3596075708456951,0.0738725246448489,1.0500635174471786,-0.4011701385970516,-0.0015483707461282,789.9399633240987,23.0192251657222,0.9024608081292508,258.0,26,20,26,397.0,RAJPURA
32731,Adampur (147),FATEHGARH SAHIB,30.7747746,76.75405,32731,1902.9960817985248,1905.7373046875,0.5259257117649633,0.2214978762475014,1.450404116287056,-0.5143523890302978,-0.1278783424889581,888.7562545945542,22.84437835799872,1.0,361.0,100,55,257,407.0,SIRHIND
36688,Devinagar Urf Sawaesinghwala (232),PATIALA,30.3063068,76.28033,36688,1907.3338752443724,1905.7354736328125,0.3046360341788551,0.0747931575530697,0.7754292011181605,-0.3602865825947696,0.0161968900671243,904.4869187285798,22.935428991022263,1.0,373.0,80,80,240,389.0,BHUNER HERI
37337,Urdhan (253),AMRITSAR,31.6216221,74.82035,37337,1904.8428408550428,1905.7344970703125,0.5211835881436212,0.1916400531228154,1.2061510291231778,-0.5159515365271403,-0.0976396879014626,991.3650612482564,22.479445118147325,1.0,303.0,141,141,180,303.0,AJNALA
28845,Panwan (325),GURDASPUR,31.8204823,75.19994,28845,1904.286495949827,1905.730712890625,0.5043749566348725,0.1740831421200605,1.3627343415655933,-0.4909171792340762,-0.0922916936025635,1039.6224948575396,22.301412025466675,1.0,157.0,15,115,180,155.0,FATEHGARH CHURIAN
37057,Shamdo (78),PATIALA,30.4864864,76.60935,37057,1906.1486947407009,1905.7279052734375,0.3674786531168447,0.0602901780500899,1.0431016784880291,-0.4103789976668794,0.0088726095565025,828.8671615531342,22.97204433731389,0.9807790833828074,457.0,67,70,780,458.0,RAJPURA
32802,Ranghera Kalan (54),FATEHGARH SAHIB,30.5461369,76.10304,32802,1903.0689434161773,1905.7264404296875,0.5162152911714583,0.190477678311313,1.5313246003620016,-0.49263148694378,-0.1117642493023148,856.3567560556229,22.88642779465272,1.0,250.0,85,90,262,248.0,AMLOH
30298,Bhagwanpur (46),JALANDHAR,31.4234238,75.717514,30298,1902.6196480882063,1905.7259521484375,0.5857027530551511,0.2161174678593927,1.867806684913129,-0.5502534965754285,-0.1457843718291058,788.4978595187562,22.42155105340902,1.0,69.0,20,15,65,95.0,ADAMPUR
36421,Pahlia Kalan (95),PATIALA,30.3603611,76.13451,36421,1905.8087674539013,1905.7249755859375,0.5626147887686754,0.2127914732842245,1.6261601171208362,-0.5332608005895052,-0.1365570887394186,760.4251894166367,22.92419452819485,1.0,182.0,5,67,145,201.0,NABHA
36498,Alampur (104),PATIALA,30.3783779,76.39917,36498,1904.038631902479,1905.7247314453125,0.3760296120920736,0.1333132541528102,0.9965534099994954,-0.4074940284993239,-0.035332860749332,870.3448864629166,22.86558953724557,1.0,225.0,65,150,295,225.0,SANOUR
28907,Molowali (375),GURDASPUR,32.06508,75.45226,28907,1906.235336770292,1905.72314453125,0.5550239679071767,0.2167596240130276,1.5141315412480187,-0.5343860083461244,-0.1321075639061688,1039.6224948575396,22.301412025466675,1.0,2.47,100,100,130,174.0,DERA BABA NANAK
32083,Kulam (132),Shahid Bhagat Singh Nagar,31.1531525,76.13239,32083,1902.078979995389,1905.7200927734375,0.4705949097550601,0.1353132361534434,1.1945441367456002,-0.4812943067385542,-0.0536983676064718,821.8740119732789,22.68206987398405,1.0,2.47,20,35,230,247.0,NAWANSHAHR
29034,Dhakran (39),KAPURTHALA,31.6017189,75.44681,29034,1906.641127493649,1905.7188720703125,0.4527260189649507,0.1367658903093618,1.519131544198173,-0.4385208816252801,-0.0713689436982695,800.9258451869385,22.437382947828382,1.0,65.0,90,20,55,70.0,NADALA
35843,Manwala Urf Kishangarh (43),BATHINDA,29.9819813,75.09392,35843,1904.1590450199808,1905.71826171875,0.5940334186635065,0.266562441325295,1.4564285174616245,-0.5684475043414515,-0.1678175327700663,525.1928660574295,24.58606165496169,1.0,675.0,365,398,538,675.0,TALWANDI SABO
30681,Baich (27),HOSHIARPUR,31.6140518,75.65601,30681,1901.3425994488864,1905.716552734375,0.5797891869312606,0.1914473895408401,1.8079103138648225,-0.5395703404676625,-0.1251391592092552,925.8215016248996,22.41774368685673,1.0,364.0,278,120,303,189.0,TANDA
35124,Sabuana (250),FAZILKA,30.1981983,74.17425,35124,1902.8721554519968,1905.7158203125,0.5891311529068163,0.2050311435397291,1.435426054227238,-0.5537056159693456,-0.1231245090076857,453.8282844235795,24.618321671548927,1.0,1326.0,215,423,701,1522.0,KHUIAN SARWAR
37498,Jhande (226),AMRITSAR,31.7477474,74.96446,37498,1905.8305467832213,1905.715087890625,0.4328869439634606,0.1073196274513577,1.311827794945105,-0.4207471637686607,-0.0405571170491154,1002.6568821583928,22.261290329733807,1.0,147.0,52,95,221,174.0,MAJITHA
36026,Joian (129),MANSA,29.8558559,75.70521,36026,1904.388891822554,1905.714111328125,0.6137098114991009,0.2130635166411179,1.5756758255743095,-0.5841259306838832,-0.1340915335108708,668.7184874245943,24.31201112591458,1.0,536.0,90,85,163,94.0,BUDHLADA
32173,Chak Bilgan (58),Shahid Bhagat Singh Nagar,31.18919,75.99287,32173,1906.8069912597048,1905.7122802734375,0.5632525679226935,0.2089428600947348,1.6476095403162967,-0.5345276871556621,-0.1342292804791444,794.1594812085526,22.669952482494125,1.0,105.0,15,99,389,216.0,BANGA
28904,Chak Mehma (377),GURDASPUR,32.0360374,75.0294952,28904,1906.1896714333889,1905.70849609375,0.5401337709027927,0.2123664191179453,1.4658547316715858,-0.5195516709071881,-0.1252843206853099,1039.6224948575396,22.301412025466675,1.0,120.0,20,10,10,150.0,DERA BABA NANAK
28626,Kotla Moosa (176),GURDASPUR,31.81982,75.21376,28626,1905.644539528402,1905.7066650390625,0.568830539466479,0.2408315369452244,1.7810147794274105,-0.527928369270667,-0.1616822551400391,1019.4763427626297,22.06800094311216,1.0,220.0,82,0,109,85.0,QADIAN
36006,Andianwali (157),MANSA,29.927927,75.55207,36006,1906.1358593473567,1905.7041015625,0.5762999593499062,0.247088068335948,1.5874131287495297,-0.5496026073240818,-0.1603905774288965,675.757760088672,24.27341660039025,1.0,378.0,160,152,252,434.0,BUDHLADA
35999,Gandu Kalan (150),MANSA,29.8558559,75.70521,35999,1907.2081632796264,1905.7041015625,0.5505660718780078,0.2381762544167214,1.437299491810338,-0.5422093559270451,-0.1407809878714013,679.9804152375682,24.30166807139536,1.0,423.0,152,95,200,457.0,BUDHLADA
36545,Mithu Majra (108),PATIALA,30.3603611,76.3850861,36545,1904.8914524001943,1905.7022705078125,0.3834911379707904,0.1615994846084918,1.060726325411597,-0.4195284491003501,-0.0572394128478829,870.3448864629166,22.86558953724557,1.0,157.0,27,57,117,157.0,SANOUR
39148,Ledi (41),S.A.S Nagar,30.6846848,76.70329,39148,1904.3668803026253,1905.69921875,0.4441229841739648,0.0580044259871327,1.154552432267769,-0.4580940626516174,0.0023141629051641,814.3875989129441,22.74644426539641,0.5033348182860633,20.0,8,0,125,41.0,KHARAR
37473,Kotla Ahangaran (310),AMRITSAR,31.7657661,74.95786,37473,1907.143170771472,1905.69775390625,0.4603969662456263,0.1059315376382282,1.1936543900824212,-0.4553276279600196,-0.033031398884934,1002.4769100358384,22.25821241457089,1.0,56.0,9,9,9,64.0,MAJITHA
37782,Ghanshampur (111),AMRITSAR,31.6396389,75.17347,37782,1904.1966942854588,1905.6942138671875,0.3925194603250638,0.0751573506686568,1.206324578168279,-0.3928198676523606,-0.0125559637136221,1040.6461003234283,22.149015923229683,1.0,116.0,92,92,213,163.0,TARSIKKA
37054,Thuha (255),PATIALA,30.4864864,76.60935,37054,1905.849513627219,1905.69287109375,0.2853763383194253,0.0337989400797059,0.7553613821825628,-0.3594445150611102,0.0426201499397507,789.6573628938539,23.02605644111725,1.0,490.0,357,300,492,529.0,Shambu Kalan
36463,Bazidri (146),PATIALA,30.4864864,76.29572,36463,1905.8539944148,1905.6915283203125,0.5230251514262229,0.2145585490090341,1.4074197141518257,-0.510247485579332,-0.1220399355488761,815.9566017796891,22.94605681146857,1.0,232.0,28,25,41,244.0,NABHA
33097,Bir Kakrala (101),LUDHIANA,30.81081,76.34226,33097,1902.080693864285,1905.68994140625,0.5512298853900881,0.2140729543903236,1.4338404930259312,-0.5306699068375954,-0.1283598090118527,912.5789081267152,22.87597974406932,1.0,5.0,0,0,3,66.0,MACHHIWARA
37252,Aliwal (117),AMRITSAR,31.8378372,74.76184,37252,1905.3308239536927,1905.689208984375,0.5416656787848219,0.2073626213478601,1.2960154164007611,-0.5241530371666129,-0.1154049620295505,953.765833657016,22.6391379412903,1.0,40.0,52,52,120,173.0,AJNALA
35145,Patrewala (128),FAZILKA,30.1621628,74.1888046,35145,1903.2643924548624,1905.688232421875,0.6182925777392797,0.203179131159947,1.567582158233226,-0.5722957112686304,-0.1286879598475535,434.6500685935792,24.75492296338492,1.0,1433.0,243,542,878,1529.0,KHUIAN SARWAR
39205,Manakpur Kallar (277),S.A.S Nagar,0.0,0.0,39205,1904.7951694992064,1905.6875,0.3567190877589284,0.0438753350948098,0.9680467394776804,-0.3909465892657827,0.024289783040004,809.8476621320145,22.86854183890836,1.0,400.0,120,125,165,274.0,KHARAR
36937,Paharipur (90),PATIALA,30.4664249,76.64824,36937,1907.931081049,1905.6873779296875,0.3312282015719924,0.1014661837717084,0.90249654419145,-0.3858201298514305,-0.0093055276699925,852.713057677974,23.02399660360237,1.0,159.0,18,18,130,171.0,Shambu Kalan
30310,Goalpind (135),JALANDHAR,31.58514,75.669754,30310,1904.395911825668,1905.68603515625,0.587046787710581,0.2304489933565008,1.844494350074162,-0.5464028153472874,-0.1556548817625075,785.577917378177,22.57207088470267,1.0,92.0,0,0,55,100.0,ADAMPUR
39309,Mianpur (205),S.A.S Nagar,30.666666,76.6051941,39309,1903.817057613436,1905.6845703125,0.2993772264065383,-0.0002141524570068,0.7458911666305246,-0.3596004253255146,0.0655174332590105,784.1068896462815,22.79214443029321,1.0,286.0,41,170,270,206.0,DERA BASSI
33044,Labangarh (56),LUDHIANA,30.8468475,76.11909,33044,1905.3756973643824,1905.684326171875,0.4634789523701557,0.154213251816388,1.2129964436339138,-0.4854364918645878,-0.0658566443077944,867.3616248893798,22.796146250426784,1.0,2.47,0,0,4,229.0,MACHHIWARA
37512,Dhadde (235),AMRITSAR,31.7657661,74.93667,37512,1906.291809123832,1905.681884765625,0.4658283856884533,0.1672934242199233,1.354099878669463,-0.467312560338312,-0.083830643651224,1010.3204640557664,22.236575219337794,1.0,165.0,42,42,118,508.0,MAJITHA
38887,Rasulpur (229),RUPNAGAR,30.9369373,76.52683,38887,1902.7203536930529,1905.6806640625,0.5139863926135689,0.1907402193902381,1.3431171875709298,-0.5083724560482862,-0.1009551714602584,944.721302968218,22.747000701891807,1.0,262.0,149,148,209,295.0,MORINDA
32310,Chhokran (159),Shahid Bhagat Singh Nagar,30.9909916,76.1497955,32310,1910.0252296923352,1905.6795654296875,0.5073840971520659,0.1568269382723982,1.416148567308952,-0.5042757011291753,-0.081115088150805,821.4404228141206,22.707407623049846,1.0,40.0,100,100,209,153.0,NAWANSHAHR
33157,Rupa (163),LUDHIANA,30.7567558,76.29937,33157,1908.8831765789685,1905.6788330078125,0.5173774340098363,0.1425236506006422,1.6129224272538607,-0.4884585447348609,-0.0834544344967146,887.4487522056,22.71525586757884,1.0,103.0,30,30,92,116.0,SAMRALA
35898,Lelewala (28),BATHINDA,29.9819813,75.09392,35898,1906.343536868787,1905.6788330078125,0.6555516556972634,0.2702965343407368,1.5979244962754076,-0.6092716832287988,-0.1873803837908411,565.1023927142518,24.465984068565888,1.0,3243.0,127,0,936,1270.0,TALWANDI SABO
36050,Bareh (127),MANSA,29.927927,75.55207,36050,1905.095563704046,1905.6787109375,0.6424720382570628,0.2602760330576212,1.7015585994129898,-0.59624169248994,-0.1831045809190029,663.1192806174653,24.25413930974713,1.0,2180.0,900,740,1038,2180.0,BUDHLADA
35987,Fatehpur (174),MANSA,29.8018017,75.33205,35987,1906.0800574879968,1905.6761474609375,0.6543033421299119,0.2933069231832562,1.6780036178074675,-0.604504320985659,-0.2091065181584385,688.5228000091765,24.370056881691543,1.0,571.83,88,500,563,667.0,JHUNIR
39181,Kandala (230),S.A.S Nagar,30.72072,76.71098,39181,1906.8736631743225,1905.6756591796875,0.3898773651826258,0.0451423652189792,1.02748176740714,-0.4185040230149879,0.0152444493001201,785.3327634742158,22.763507083242928,0.993274688808424,100.0,28,28,332,153.0,KHARAR
32116,Pathlawa (41),Shahid Bhagat Singh Nagar,31.2972965,76.12208,32116,1902.508081716765,1905.6751708984375,0.531003625070705,0.1675313222396233,1.5284159938412438,-0.5195369515762108,-0.0954452413606432,794.01389447513,22.705402177957435,1.0,380.0,356,190,410,432.0,BANGA
35980,Kourewala (156),MANSA,29.927927,75.55207,35980,1905.308663493108,1905.6746826171875,0.5996197612516969,0.2148848685017704,1.5342051127772718,-0.571372484497719,-0.1320949303461243,687.1675047089951,24.361650649668206,1.0,658.0,58,78,340,658.0,JHUNIR
35796,Tungwali (208),BATHINDA,30.3963966,75.13901,35796,1903.173415287093,1905.67431640625,0.598792236400561,0.237922938498353,1.517919081811815,-0.5671027728619737,-0.151597179298866,570.39129003925,24.323595350371924,1.0,566.8,105,105,120,3206.0,NATHANA
39064,Rakauli (102),S.A.S Nagar,30.8288288,76.5874,39064,1901.5844139300016,1905.6734619140625,0.4401204961027988,0.0911982240362609,1.1415984845302514,-0.4659787041478147,-0.0149844772488945,899.1409334351914,22.399942850440937,1.0,44.0,75,16,105,96.0,MAJRI
32295,Bahlur Kalan (264),Shahid Bhagat Singh Nagar,30.9909916,76.1497955,32295,1909.9181404994847,1905.6680908203125,0.470092986052753,0.1437089431063669,1.2433207923548146,-0.486068890595245,-0.0598958513172058,848.4152030201653,22.740542836842884,1.0,203.0,80,80,194,220.0,NAWANSHAHR
36022,Dalelwala (158),MANSA,29.8018017,75.33205,36022,1904.718080571976,1905.6673583984375,0.579815177873541,0.2137970956541096,1.440721071017111,-0.5637756702216531,-0.1286764296090519,685.101513626253,24.35688809854345,1.0,1031.0,12,500,619,1108.0,JHUNIR
29038,Mand Ibrahimwal Tarf Arsad Khan (53),KAPURTHALA,31.5160732,75.22186,29038,1904.49866740264,1905.6668701171875,0.4427100365950102,0.1065092424139508,1.2155328494271287,-0.4463430196352662,-0.0361937624552507,860.1867499759095,22.40933991115594,1.0,233.0,92,50,72,246.0,NADALA
28681,Granthgarh (184),GURDASPUR,32.0360374,75.43334,28681,1907.218238231168,1905.6666259765625,0.5330996921068031,0.217976697466891,1.7442784574839418,-0.4970725163925534,-0.1417061202814477,1019.7492483069794,22.06568892097681,1.0,227.0,113,150,163,38.0,QADIAN
36786,Kheri Ranwan (234),PATIALA,29.8378372,76.1693,36786,1906.9385265655203,1905.666259765625,0.4011480495834353,0.1431599818853125,1.0188802231669596,-0.4429334544099649,-0.0427369512634318,904.4869187285798,22.935428991022263,1.0,155.0,53,39,112,168.0,BHUNER HERI
28611,Kohali (163),GURDASPUR,31.6936932,75.47134,28611,1907.888403443899,1905.6627197265625,0.5292359504486183,0.2253052029282968,1.5180436763606062,-0.5078178633358845,-0.1344696863778313,983.1805183532928,22.127694537263704,1.0,375.0,55,0,277,410.0,SRI HARGOBINDPUR
33020,Bullewal (45),LUDHIANA,30.9009018,76.18303,33020,1907.4085228305253,1905.6627197265625,0.45735439893771,0.1753061098470361,1.2080221330650478,-0.481715386292511,-0.0797857679639044,851.0235640218156,22.741619939577788,1.0,92.0,15,15,45,98.0,MACHHIWARA
35917,Golewala (142),BATHINDA,29.9819813,75.07312,35917,1904.8280749561925,1905.6607666015625,0.6435735476715445,0.2813147445913104,1.4927136368931724,-0.6108129315607828,-0.191162259007511,627.301609688029,24.5208192148273,1.0,475.0,123,143,168,490.0,TALWANDI SABO
28635,Thariewal (155),GURDASPUR,31.81982,75.21376,28635,1907.3024300531936,1905.6595458984375,0.5413372163470511,0.2213374258408289,1.6687621211425323,-0.5115618196208259,-0.1391667852042965,1019.7492483069794,22.06568892097681,1.0,140.0,175,100,186,164.0,QADIAN
28657,Purian Khurd (137),GURDASPUR,0.0,0.0,28657,1901.6253526154665,1905.65771484375,0.5528614871222345,0.2327562018000127,1.7348661503432337,-0.5187606658550259,-0.1496536367329402,1042.8328815448467,22.13860946826013,1.0,31.0,38,38,38,173.0,BATALA
28632,Muradpur (157),GURDASPUR,31.81982,75.21376,28632,1907.2236143212613,1905.657470703125,0.552473513383452,0.2392747634040301,1.661826730104375,-0.5194839726005124,-0.1527560692035891,1019.7492483069794,22.06568892097681,1.0,146.0,85,117,128,163.0,QADIAN
36099,Saharna (121),MANSA,30.2522526,75.19539,36099,1905.7602182453977,1905.6549072265625,0.6039270282538252,0.1989335608709733,1.5622536500322617,-0.5742463074706409,-0.1261987386298867,666.0531553437607,24.31297756045257,1.0,308.0,239,239,342,344.0,MANSA
32875,Naraingarh (34),FATEHGARH SAHIB,30.5445518,76.1075058,32875,1907.3892351987104,1905.65478515625,0.4142951656472682,0.1003402690685426,1.211440053238232,-0.4165203921888243,-0.0295176724534699,859.5636877229111,22.88169449138212,1.0,420.0,85,90,212,449.0,AMLOH
36783,Masingan (311),PATIALA,30.1441441,76.50886,36783,1904.8307535869053,1905.6519775390625,0.3307766185358229,0.1292428756894308,0.8595228988819591,-0.3882971668390144,-0.0224947375663101,942.0477375469648,22.84602817764581,1.0,918.0,360,360,680,988.0,BHUNER HERI
36997,Bakshiwala (16),PATIALA,30.4864864,76.58844,36997,1902.619934443628,1905.6514892578125,0.3707265106340465,0.0938092284410201,1.0423313701328762,-0.388674532502415,-0.0151277884666833,852.8414097130783,22.89208441511563,1.0,60.0,4,10,120,402.0,RAJPURA
33025,Jattiwal (37),LUDHIANA,30.8468475,76.11909,33025,1906.0213432972623,1905.6492919921875,0.4772629243372545,0.1798653968230961,1.2635168553080534,-0.4896268773214423,-0.0877957565702599,851.0235640218156,22.741619939577788,1.0,64.0,0,15,90,72.0,MACHHIWARA
32806,Ghullo Majra (61),FATEHGARH SAHIB,30.594595,76.31791,32806,1906.010872919291,1905.6490478515625,0.4370624684745258,0.1196471259860988,1.2165008008337312,-0.4401818198861316,-0.0442020357708292,853.5764468096496,22.879943621288767,1.0,130.0,16,14,119,139.0,AMLOH
37474,Chande (309),AMRITSAR,31.7657661,74.93667,37474,1907.0823162138363,1905.646240234375,0.4364983125453214,0.1093796131047229,1.131381490067126,-0.4517672703221113,-0.0322316218717891,1002.4769100358384,22.25821241457089,1.0,128.0,63,60,183,146.0,MAJITHA
33038,Dhanoor (12),LUDHIANA,30.81081,76.34226,33038,1905.903351836876,1905.646240234375,0.438023852044735,0.138608683955323,1.069802025314286,-0.4727489055280858,-0.0454586712673159,851.0235640218156,22.741619939577788,1.0,70.0,0,65,135,185.0,MACHHIWARA
28601,Momanwal (77),GURDASPUR,31.8558559,75.41284,28601,1909.0178754119904,1905.64599609375,0.5942056385105816,0.2871052941731728,1.8142898723074792,-0.5531424087946071,-0.1994055949455498,973.7182202746766,22.143738726509184,1.0,43.0,25,0,151,77.0,SRI HARGOBINDPUR
37482,Harian (294),AMRITSAR,31.7657661,74.95786,37482,1907.27073524331,1905.6458740234375,0.3800549533783678,0.0374196888125452,0.969790943358436,-0.3998483249058077,0.0273678143252289,982.1585464701698,22.333244979365364,1.0,160.0,174,0,330,182.0,MAJITHA
32862,Majra Manna Singh Wala (16),FATEHGARH SAHIB,30.2342339,76.14092,32862,1907.5774935437453,1905.645751953125,0.4544128616914014,0.1496635937152386,1.258830981848967,-0.4598458227977559,-0.066051039707353,825.7323893716233,22.871801084820504,0.999472086116859,2422.91,45,20,112,139.0,AMLOH
39296,Jandli (183),S.A.S Nagar,30.4921761,76.79812,39296,1905.8029057209608,1905.6385498046875,0.3604448344771813,0.0738471197153377,0.9920241769166288,-0.394402241931098,0.0019763470391722,784.1068896462815,22.79214443029321,1.0,180.0,21,80,121,246.0,DERA BASSI
33178,Jalanpur (207),LUDHIANA,30.666666,76.2700348,33178,1905.3511091388552,1905.6361083984375,0.5628171565081057,0.2454538438548921,1.5736744969341283,-0.5397513787787392,-0.1566434379174812,902.4092805497012,22.79956257974963,1.0,198.0,40,40,183,233.0,SAMRALA
37799,Nangli (69),AMRITSAR,31.6036034,75.22898,37799,1904.734263072093,1905.6341552734375,0.4846936426629619,0.1627158803656191,1.5446974316664617,-0.4633610178323079,-0.0890040699200084,1021.2006818635624,22.22303315320412,1.0,469.0,125,125,445,521.0,RAYYA
36851,Lohsimbli (391),PATIALA,30.3057022,76.59668,36851,1903.876631560184,1905.634033203125,0.343663621064214,0.104496665968273,0.94642580005746,-0.3942411564887512,-0.0133659236705016,847.056636007134,23.167347752965814,1.0,667.0,400,220,652,723.0,GHANAUR
37156,Saidpur Khurd (132),AMRITSAR,31.6756763,74.9909058,37156,1907.2612203274325,1905.6307373046875,0.4985753634939634,0.1710477719946855,1.1260654542480837,-0.5114116975307251,-0.0771647291295641,917.5402614285844,22.767377350587992,1.0,75.0,135,135,161,89.0,AJNALA
28523,Taharpur (23),GURDASPUR,31.81982,75.21376,28523,1908.925129151071,1905.630615234375,0.581547461587515,0.2526544070984393,1.671618908327384,-0.5456280487774301,-0.1659944535435066,1031.2218044242038,22.17814011094064,1.0,1.0,0,0,1,74.0,QADIAN
28822,Badowal Kalan (338),GURDASPUR,31.8616066,74.96754,28822,1906.458346949939,1905.6246337890625,0.5351524091152061,0.1818223221319182,1.319134359784362,-0.518901425054357,-0.0988297789540694,999.0822354989848,22.44965844172061,0.8624479564503116,150.0,0,20,120,481.0,FATEHGARH CHURIAN
35990,Sandli (133),MANSA,29.927927,75.55207,35990,1905.976866188516,1905.623779296875,0.6251335489861647,0.2996800505112987,1.4618590696145504,-0.5939363955979848,-0.1974341414986523,687.1675047089951,24.361650649668206,1.0,231.0,55,70,129,248.0,BUDHLADA
28528,Dhapai (35),GURDASPUR,31.8018017,75.22029,28528,1904.5640729984475,1905.6229248046875,0.5971453661639502,0.2660465251996315,1.8463900703112,-0.5482237856973207,-0.1840588167392901,1016.9852915217774,22.08910482218068,1.0,685.0,200,330,613,787.0,QADIAN
36005,Chak Alisher (156),MANSA,29.927927,75.55207,36005,1903.9845005659256,1905.62060546875,0.5782249250533872,0.266016384343305,1.5146691661274712,-0.5600649882393913,-0.1711786195017159,675.757760088672,24.27341660039025,1.0,357.0,215,205,360,400.0,BUDHLADA
29621,Dhak Bhulla Rai (66),KAPURTHALA,31.29546,75.57155,29621,1907.6996099905668,1905.6195068359375,0.4823144489647925,0.1461249094609408,1.329878057368855,-0.4806636837534864,-0.0713073035044408,789.2529609610932,22.57912219385276,1.0,2.0,0,0,82,174.0,PHAGWARA
28525,Aulakh (21),GURDASPUR,31.81982,75.21376,28525,1905.935165121128,1905.619384765625,0.5666667420403021,0.2093423149159687,1.6761769573038243,-0.5358349270698329,-0.1323645647950734,1031.3100907018083,22.178079881455176,1.0,876.0,750,850,866,1329.0,QADIAN
33030,Sukhewal (23),LUDHIANA,30.8468475,76.11909,33030,1904.624168693857,1905.6175537109375,0.5062275354595915,0.1630452929994639,1.335251517729793,-0.5116141831326376,-0.0829708125577419,851.0235640218156,22.741619939577788,1.0,7.0,0,15,51,109.0,MACHHIWARA
35800,Dhan Singh Khana (23),BATHINDA,30.216217,74.93847,35800,1904.1501276395,1905.6171875,0.640058710032647,0.2805724719303752,1.588778416250049,-0.5908676978776883,-0.1926232001159426,568.3522965356271,24.379199603979096,1.0,1105.0,225,230,460,1142.0,MAUR
37354,Khatrai Kalan (291),AMRITSAR,31.78641,74.75283,37354,1905.7636917908333,1905.615966796875,0.525987258640926,0.1721040004981676,1.3035955878119103,-0.5146871766927704,-0.0905584898826137,956.3934597184556,22.49043735746289,1.0,216.0,127,127,283,250.0,HARSHE CHHINA
36869,Shamashpur (386),PATIALA,30.3011742,76.59054,36869,1904.0659426573409,1905.6151123046875,0.3691439202865839,0.1279424027744074,1.0612062390246686,-0.4099960139017053,-0.0354957336304355,825.9812089612382,23.1960268126378,1.0,224.0,80,55,133,253.0,GHANAUR
30268,Khichipur (169),JALANDHAR,31.5675678,75.66514,30268,1904.42859620467,1905.614990234375,0.5741425611494358,0.2065064848358802,1.732573711791662,-0.5373346724376855,-0.1323392415083745,785.577917378177,22.57207088470267,1.0,278.0,10,10,200,307.0,ADAMPUR
32329,Patti Shahpur (237),Shahid Bhagat Singh Nagar,31.1531525,76.1113358,32329,1905.0785231234213,1905.610107421875,0.4237611249313965,0.1121286945318209,1.102114563832494,-0.4427934652600081,-0.0321161815076104,846.7778386914646,22.59637247172216,1.0,104.0,0,0,6,115.0,NAWANSHAHR
28842,Khode Bangar (363),GURDASPUR,31.8540668,74.95159,28842,1905.9763277640457,1905.6099853515625,0.562492156354357,0.2102500695243031,1.5645230140785358,-0.5302590939365744,-0.1299962804905084,1039.6224948575396,22.301412025466675,1.0,96.0,65,50,112,101.0,FATEHGARH CHURIAN
33054,Ramgarh (11),LUDHIANA,30.81081,76.34226,33054,1906.0222032976164,1905.6083984375,0.4571324625090324,0.1582295760440133,1.1625034414100297,-0.4776375099698321,-0.0661994692321515,854.0211459905917,22.75162400845487,1.0,109.0,45,49,85,117.0,MACHHIWARA
30278,Chuhan (173),JALANDHAR,31.3153152,75.58828,30278,1904.2074005551,1905.60791015625,0.6073834098000132,0.2460782600663783,1.9049088767346047,-0.5621921118926787,-0.171286786477977,752.1953674962418,22.674895467667,1.0,2.02,15,14,19,117.0,JALANDHAR-EAST
36424,Halla (82),PATIALA,30.3423424,76.41278,36424,1905.3150261177648,1905.607666015625,0.4676489271388701,0.1436148014888599,1.474580191728874,-0.4468345082594849,-0.0756091917987961,784.0188351078446,22.96791424048885,1.0,216.0,42,60,140,238.0,NABHA
36789,Gagraula (135),PATIALA,30.3063068,76.28033,36789,1907.108361010976,1905.607421875,0.2803938077481834,0.0614745315831524,0.7493988964706174,-0.3416886464833424,0.0233158773490871,904.4821329272672,22.935331354736576,1.0,208.0,151,151,198,234.0,BHUNER HERI
33076,Burj Kacha (62),LUDHIANA,30.9009018,76.18303,33076,1904.9131095441903,1905.604736328125,0.4952043283923078,0.1734780353694974,1.342637284347941,-0.4904983461296025,-0.0905812287084817,876.6879233529465,22.82727164855009,1.0,161.0,15,35,99,172.0,MACHHIWARA
39303,Sangaundh (194),S.A.S Nagar,30.64865,76.61186,39303,1904.858304917028,1905.6005859375,0.3949475400029529,0.0847239050358984,1.1531057765908552,-0.4164798814513823,-0.0131913472319386,784.1068896462815,22.79214443029321,1.0,128.0,0,0,40,141.0,DERA BASSI
37241,Punga (130),AMRITSAR,31.8558559,74.71281,37241,1905.1644969666013,1905.6004638671875,0.446877879974681,0.1223182652059172,1.0423735856395515,-0.4595571401650721,-0.0365153970116719,913.8165388655798,22.773837483294887,1.0,142.0,45,80,166,118.0,AJNALA
37428,Mehdipur (324),AMRITSAR,31.7657661,74.93667,37428,1906.309455662808,1905.5987548828125,0.5367924421739292,0.1909486717149882,1.3190674823226476,-0.5242854914025206,-0.1042390509561428,956.3934597184556,22.49043735746289,1.0,230.0,17,18,260,236.0,MAJITHA
28661,Sagarpur (113),GURDASPUR,31.8558559,75.13707,28661,1903.007687889867,1905.597900390625,0.5061008533134557,0.1882334946542457,1.5698817939193292,-0.4811915399600215,-0.1094702916002117,973.7182202746766,22.143738726509184,1.0,66.0,65,59,80,75.0,BATALA
38643,Mianpur Bandalian (38),RUPNAGAR,31.0270271,76.62014,38643,1900.656495343057,1905.596923828125,0.5127940484428976,0.1831352107322843,1.501966747459672,-0.4799343414281954,-0.110492431362105,831.6264393737214,22.690114987082723,0.9519299139151368,1.0,1,10,81,28.0,RUPNAGAR
32643,Alipur Sodhian (46),FATEHGARH SAHIB,30.6282082,76.38404,32643,1905.6725960194376,1905.5960693359375,0.4424506863382531,0.1739391673094178,1.266499275329626,-0.4431121722665295,-0.0838540507329539,859.5636877229111,22.88169449138212,1.0,135.0,62,70,128,179.0,SIRHIND
36921,Sandharsi (378),PATIALA,30.3243237,76.60746,36921,1905.6335411570265,1905.595947265625,0.3272454484912831,0.0726233215343292,0.9424164701676836,-0.3797985657398264,0.0051595560038807,825.9812089612382,23.1960268126378,1.0,526.0,90,158,317,404.0,GHANAUR
36018,Saidewala (144),MANSA,29.927927,75.55207,36018,1906.6102347266003,1905.59375,0.5779084540471142,0.2604513329880503,1.5293427618215905,-0.5610175422931944,-0.1656797093394586,675.757760088672,24.27341660039025,1.0,584.0,121,258,458,659.0,BUDHLADA
39267,Hamayunpur (166),S.A.S Nagar,30.49463,76.79942,39267,1905.789332951744,1905.5919189453125,0.3318133549136484,0.0346485427564163,1.0332041929591216,-0.3588770217508985,0.0255784789304394,879.953721444835,22.7014883934649,1.0,305.0,48,471,653,512.0,DERA BASSI
37058,Mehtabgarh (77),PATIALA,30.4864864,76.60935,37058,1906.9161007696744,1905.5889892578125,0.319993447459594,0.0400938967046487,0.7909693034978943,-0.3925793615375544,0.0371552805344434,828.8671615531342,22.97204433731389,1.0,210.0,20,20,20,290.0,Shambu Kalan
37227,Alampur (151),AMRITSAR,31.7865677,74.753006,37227,1909.263028248809,1905.5888671875,0.5531958250401667,0.1976872338454534,1.374662614934599,-0.535270947253296,-0.1127482223429565,890.6723353078263,22.813989407574297,1.0,63.0,30,30,34,78.0,HARSHE CHHINA
35989,Moffar (160),MANSA,29.8018017,75.33205,35989,1905.834762944196,1905.5859375,0.637000492969131,0.3115766360650125,1.5264781147584292,-0.5981466351083122,-0.2153010651483138,687.1675047089951,24.361650649668206,1.0,422.0,0,261,294,471.0,JHUNIR
36813,Bosar Kalan (122),PATIALA,30.34911,76.4339,36813,1905.6731875161315,1905.5858154296875,0.3438814321150589,0.1104078206647413,0.9315077998046812,-0.3988903012613243,-0.0163035074874425,899.4118514468568,22.83189132190313,1.0,392.0,90,110,280,422.0,SANOUR
36801,Balamgarh (130),PATIALA,30.3423424,76.41278,36801,1908.3626773659648,1905.5843505859375,0.3115128912152651,0.1078046829391394,0.889528772880882,-0.3674868915398583,-0.0129161020209617,899.4118514468568,22.83189132190313,1.0,278.0,82,50,219,294.0,SANOUR
30311,Talwara (134),JALANDHAR,31.58514,75.669754,30311,1904.35883641459,1905.5841064453125,0.57153629622193,0.2229606358600911,1.829630524934816,-0.5325285133069129,-0.1500265667079762,784.2773475614581,22.56270445428241,1.0,70.0,20,20,130,77.0,ADAMPUR
36009,Bhawa (155),MANSA,29.927927,75.55207,36009,1905.5027680303283,1905.58349609375,0.620402015870564,0.3025025367389112,1.7248483174854234,-0.587954217498423,-0.2099544682634748,674.6049817042947,24.26849571563987,1.0,738.0,270,230,340,794.0,BUDHLADA
38668,Shampura (49),RUPNAGAR,31.0990982,76.55196,38668,1903.7234508212744,1905.5791015625,0.3737707790419633,0.0257154073955906,1.0421616238482534,-0.4018156632935741,0.0299213985278332,831.6264393737214,22.690114987082723,0.1724692028832083,75.0,1,133,533,140.0,RUPNAGAR
36687,Sarkara ( 152),PATIALA,30.3063068,76.28033,36687,1906.8531646834288,1905.5780029296875,0.405400970748052,0.1461125879838066,1.067786800760354,-0.4399778998845103,-0.0485078829378291,904.4869187285798,22.935428991022263,1.0,132.0,28,24,61,139.0,BHUNER HERI
28843,Alipur Viran (Becharag) (361),GURDASPUR,31.86155,74.96764,28843,1905.4403290956668,1905.5743408203125,0.5618766264781765,0.20593505926157,1.5955277947644522,-0.5250088428649073,-0.1294483973683649,1039.6224948575396,22.301412025466675,1.0,1.0,0,1,1,32.0,FATEHGARH CHURIAN
31907,Nurpur (115),HOSHIARPUR,31.2432442,76.09955,31907,1901.299526634216,1905.5706787109375,0.6049236886582146,0.2435038577597477,1.694222750009624,-0.5756499474076077,-0.1609785719913183,793.1618960164059,22.556733150692523,1.0,116.0,32,36,131,119.0,GARHSHANKAR
32755,Nalina Khurd (296),FATEHGARH SAHIB,30.63063,76.38819,32755,1903.5459542033868,1905.5703125,0.5135343606384072,0.2235973619574257,1.3632429184942587,-0.5071766533706553,-0.1235010744702179,844.8589387347596,22.88174218067712,1.0,501.0,46,69,136,249.0,SIRHIND
31906,Sunni (113),HOSHIARPUR,31.2432442,76.09955,31906,1900.9565613642487,1905.5693359375,0.6098578327184965,0.2468002892804305,1.763458009831936,-0.5760565430376392,-0.1669830306587913,790.2334722688096,22.580193486697112,1.0,91.0,40,51,181,90.0,GARHSHANKAR
36799,Batta (320),PATIALA,30.33167,76.42178,36799,1905.9832908215544,1905.56884765625,0.3273888706472449,0.1279640679269887,0.9155734427884472,-0.3840360766225882,-0.0262064096842352,898.0478884545245,22.86421133181752,1.0,223.0,50,50,152,253.0,SANOUR
35983,Nandgarh (161),MANSA,29.8018017,75.33205,35983,1905.2564507900213,1905.567138671875,0.5944586142654268,0.2468333546215026,1.4421603997941723,-0.5711449997858629,-0.1537229485713515,687.1675047089951,24.361650649668206,1.0,556.0,301,300,362,609.0,JHUNIR
37347,Mattey Nangal (260),AMRITSAR,31.8558559,74.96737,37347,1905.7479548103508,1905.5667724609375,0.542676055829391,0.2019785839366958,1.3099969483762033,-0.527131265905438,-0.1128402002245756,994.0184595992464,22.46817550702201,1.0,305.0,159,159,250,342.0,AJNALA
37466,Marrari Khurd (221),AMRITSAR,31.8558559,75.0097961,37466,1905.0816444434847,1905.5650634765625,0.4435786429106095,0.117176526033132,1.2263745406821112,-0.4454394182804437,-0.0429607343484662,1004.5427715385316,22.24898463558166,1.0,182.0,0,85,286,213.0,MAJITHA
36972,Abdulpur (64),PATIALA,30.4864864,76.58844,36972,1905.887497376464,1905.5621337890625,0.3905990139284006,0.1372427697753561,1.110667452875549,-0.4090534822024798,-0.0458497050998187,868.3124389651283,22.86831785010876,1.0,183.0,36,36,68,193.0,Shambu Kalan
36447,Khizerpur (136),PATIALA,30.3963966,76.30881,36447,1902.272159473364,1905.561279296875,0.5211437339783308,0.2200964610970648,1.3366315817931127,-0.5142762233847943,-0.1215281411754315,815.9566017796891,22.94605681146857,1.0,117.0,21,37,70,131.0,NABHA
32302,Mahadipur Khurd (252),Shahid Bhagat Singh Nagar,31.0810814,76.09564,32302,1903.607534975323,1905.5601806640625,0.1798643172025886,0.1350333719403315,0.3230154493334918,-0.1846758900271966,-0.0144373553718464,851.0235640218156,22.741619939577788,0.6799312363047372,6.0,0,0,1,37.0,NAWANSHAHR
39151,Kailon (193),S.A.S Nagar,30.6126118,76.37398,39151,1903.3864403880505,1905.5556640625,0.4087100887113515,0.0506432905743293,1.1108086498301442,-0.4208930507473301,0.0043608566453306,818.126380131738,22.74823803994276,0.7619465576675655,270.0,55,15,260,261.0,KHARAR
32795,Sohag Heri (311),FATEHGARH SAHIB,30.5832787,76.3223343,32795,1904.2705893793232,1905.5531005859375,0.5045362081350737,0.2068301281060002,1.448735323723153,-0.4926326602548818,-0.1178101555282008,853.3675250855831,22.890839780373664,1.0,643.8,40,40,150,298.0,SIRHIND
28638,Tara (150),GURDASPUR,31.81982,75.21376,28638,1905.6949451323176,1905.5513916015625,0.5643888626714395,0.2435651780611038,1.631008437869616,-0.533954242362363,-0.1549996486982094,1019.7492483069794,22.06568892097681,1.0,81.0,85,72,87,87.0,QADIAN
36430,Khanora (121),PATIALA,30.3423424,76.41278,36430,1905.2802954639085,1905.5504150390625,0.5017899094640648,0.1983371289291502,1.317094853008591,-0.495236387639446,-0.1061878977706409,788.5571805221955,22.96567060172861,1.0,528.0,65,61,351,584.0,NABHA
30727,Miani Mewan (497),HOSHIARPUR,31.81982,75.6378555,30727,1905.429769803569,1905.5498046875,0.4281823307347356,0.2082970978448911,1.2800230544461066,-0.3818743371091554,-0.1119076805739357,1032.536091723888,22.22086991165445,0.7329418843594019,206.0,24,5,60,331.0,DASUYA
39186,Dharamgarh (227),S.A.S Nagar,30.7027035,76.6966553,39186,1907.5413375078097,1905.5435791015625,0.4191905843488383,0.0833692923458522,1.1275346894083058,-0.4470512080802833,-0.0104672299935423,785.3327634742158,22.763507083242928,1.0,169.0,32,32,165,193.0,KHARAR
37511,Mian Pandher (177),AMRITSAR,31.7657661,74.93667,37511,1906.8252120263105,1905.5396728515625,0.4420410972394997,0.1352254499044665,1.3564394224785368,-0.4389091108381717,-0.059795530949965,1010.3204640557664,22.236575219337794,1.0,92.0,124,104,185,108.0,MAJITHA
32088,Mahalon (124),Shahid Bhagat Singh Nagar,31.1531525,76.15345,32088,1904.4918794942555,1905.5396728515625,0.513144134342628,0.1613892244554949,1.4270312491905657,-0.5027294161692184,-0.0862986085702164,823.0019689832976,22.61615519167988,0.888373984129997,2.47,42,56,386,482.0,NAWANSHAHR
32815,Sherpur (71),FATEHGARH SAHIB,30.6126118,76.2274246,32815,1907.2311433947152,1905.53271484375,0.4616544087709114,0.1479276155772403,1.2066662479714327,-0.4665834767982617,-0.0649652404745443,825.2692521518379,22.872970532643787,1.0,98.0,19,15,49,90.0,AMLOH
31802,Thinda (94),HOSHIARPUR,31.3211861,75.9780045,31802,1901.2498549330148,1905.531982421875,0.6110383184926453,0.2564222286051184,1.6799000806537456,-0.5700526203925945,-0.1783590780684467,790.2334722688096,22.580193486697112,1.0,227.0,67,67,301,261.0,MAHILPUR
28810,Aliwal Jattan (312),GURDASPUR,31.86153,74.9676743,28810,1905.3351761027743,1905.5303955078125,0.5075653709219352,0.1691508771717778,1.4070242768952526,-0.4862597717520046,-0.0920040088052401,1020.2052187834872,22.27883010152884,1.0,250.0,100,50,110,134.0,FATEHGARH CHURIAN
37437,Budda Theh (320),AMRITSAR,31.7657661,74.95786,37437,1907.170675098372,1905.52734375,0.4189145596202757,0.0794865479259137,1.0091013599320742,-0.4305715351184895,-0.0057648295910191,1002.4769100358384,22.25821241457089,1.0,122.0,125,0,150,144.0,MAJITHA
33015,Chakki (48),LUDHIANA,30.8468475,76.11909,33015,1907.4082606783293,1905.525390625,0.4976091437912355,0.1828559982406947,1.2444832811156186,-0.5068608956150173,-0.0897274690645369,845.388612172039,22.7458273483482,1.0,177.0,0,18,151,196.0,MACHHIWARA
36690,Nijampur (236),PATIALA,30.3423424,76.35014,36690,1906.6435457876887,1905.5228271484375,0.3503138530883767,0.1204815675265799,0.8794760522367581,-0.406141843840591,-0.0192827216278285,904.4869187285798,22.935428991022263,1.0,154.0,38,38,98,166.0,BHUNER HERI
36098,Hirewala (120),MANSA,30.2522526,75.19539,36098,1906.9071811922547,1905.5224609375,0.6195438482837684,0.262787925902094,1.5569350058850997,-0.5938946429497476,-0.1731171610159432,666.0531553437607,24.31297756045257,1.0,491.0,250,249,315,544.0,MANSA
35978,Jhuner (164),MANSA,29.8018017,75.33205,35978,1903.9783969832577,1905.5218505859375,0.5818115794363593,0.2053016981446278,1.40166186952019,-0.5568685558640264,-0.1214359304781383,680.1556281645976,24.399614270463424,1.0,1629.0,1000,650,1440,1835.0,JHUNIR
39304,Samgauli (196),S.A.S Nagar,30.64865,76.61186,39304,1904.6233594366352,1905.5205078125,0.4342590858554725,0.0697091339708023,1.3918980474678402,-0.4439714451840691,-0.0114246621395618,785.3897527422913,22.784435773970444,1.0,663.0,180,386,580,663.0,DERA BASSI
28610,Dhira (162),GURDASPUR,32.0360374,75.43334,28610,1907.546913736044,1905.520263671875,0.5486731759576579,0.2397673425843191,1.5365677382582337,-0.5296750342746648,-0.1471701835154213,976.0053722974868,22.13986065169261,1.0,214.0,52,102,191,273.0,QADIAN
28466,Datarpur (538),GURDASPUR,32.0847244,75.4667,28466,1906.837375238004,1905.5155029296875,0.5183588767989696,0.2077332606377979,1.5343443981965088,-0.4997001209454907,-0.1216211880297905,1031.3100907018083,22.178079881455176,1.0,136.0,78,78,153,125.0,KAHNUWAN
35963,Ranjitgarh Bandra (180),MANSA,29.6936932,75.23012,35963,1905.3867207271453,1905.514892578125,0.6314300165556517,0.2567486931110532,1.6050331148715211,-0.5809057980279818,-0.1730146394430885,698.7858357837098,24.55972594437503,1.0,1222.0,198,205,275,533.0,SARDULGARH
32154,Chak Mander (10),Shahid Bhagat Singh Nagar,31.1863747,75.89137,32154,1907.9422535297213,1905.5142822265625,0.5572117770443732,0.1952303088873403,1.6337278319618829,-0.5351251014686179,-0.1202524520350946,793.2513412008564,22.65314084922593,1.0,26.0,69,20,180,39.0,BANGA
30573,Jalalwal (122),JALANDHAR,31.5855846,75.67976,30573,1906.5521795377656,1905.51318359375,0.5490446171749509,0.1963920370398076,1.6580289178715195,-0.5273797656498402,-0.1215536056442335,785.2908266231478,22.420475949507686,1.0,75.0,6,0,50,83.0,ADAMPUR
38675,Bara Bande Mehal (173),RUPNAGAR,31.0990982,76.55196,38675,1901.723585166024,1905.5111083984375,0.5399972871913293,0.1859694452180463,1.652752255333944,-0.508384970657854,-0.1142751185514671,903.4168812444108,22.62808539330217,1.0,43.0,75,80,122,102.0,RUPNAGAR
32196,Jindowal (100),Shahid Bhagat Singh Nagar,31.2072067,76.1337357,32196,1905.9531165505607,1905.5108642578125,0.3806422859617975,0.034511795391053,1.0150364515398569,-0.4078787188330093,0.0209529960715259,795.2970954587357,22.747902170555847,0.7777413894057268,70.0,63,63,263,158.0,BANGA
33006,Milakwal (33),LUDHIANA,30.8468475,76.11909,33006,1903.926527188598,1905.5108642578125,0.3701319449795937,0.1537049437672583,0.8817262398276753,-0.4005475250098881,-0.0477317589968238,851.0235640218156,22.741619939577788,0.8311878273136406,372.0,0,15,131,383.0,MACHHIWARA
39224,Nadiali (279),PATIALA,30.3063068,76.4264145,39224,1903.205592445702,1905.510009765625,0.4184663011764002,0.1051363098545997,1.3665666342666132,-0.4305108398517355,-0.0357287845717299,804.6776364508099,22.90767427088168,1.0,268.0,70,70,250,267.0,RAJPURA
37066,Surajgarh (252),PATIALA,30.4684677,76.59517,37066,1905.6352566941616,1905.5091552734375,0.3260617278853895,0.0375357533033125,0.8760605643811772,-0.3905443937901202,0.0332883355212709,788.8995203187363,23.02710038097979,1.0,297.0,155,138,205,200.0,Shambu Kalan
30806,Munak Khurd (506),HOSHIARPUR,31.5315323,75.889595,30806,1902.784055922159,1905.50634765625,0.6265671596088989,0.2821418982114518,1.881933631405188,-0.5740085797646002,-0.1979637422294025,928.5261276175872,22.425879731414227,0.9747504415232636,0.81,12,0,350,243.0,TANDA
35961,Lohgarh (195),MANSA,29.6936932,75.23012,35961,1903.5790141874488,1905.50537109375,0.6197940466462589,0.2117045986441021,1.6147435275188489,-0.5626903181787902,-0.1374667218151977,702.1424005402002,24.53116289312664,1.0,755.0,156,230,330,343.0,SARDULGARH
33102,Boundli (107),LUDHIANA,30.9009018,76.18303,33102,1903.389382939875,1905.499755859375,0.4837326840312449,0.151002885392465,1.2684384900701882,-0.4817945056439394,-0.0738393950705807,887.4487522056,22.71525586757884,1.0,354.0,15,15,425,435.0,MACHHIWARA
28530,Bham (32),GURDASPUR,31.8018017,75.22029,28530,1905.8218859692,1905.4996337890625,0.5732964836744393,0.2427291275794009,1.7022558351236854,-0.5402670572417088,-0.1584926940032741,1027.3151247709286,22.153295129179305,1.0,795.0,1145,1000,1145,885.0,QADIAN
32799,Tehalpur (286),PATIALA,30.4864864,76.58844,32799,1907.6134527563988,1905.49853515625,0.4191431957982079,0.0846445323245449,1.125008525226787,-0.4446231106311386,-0.0157208356536197,854.3460759332078,22.88706598896545,1.0,232.0,25,64,109,107.0,Shambu Kalan
39153,Chapar Chiri Kalan (195),S.A.S Nagar,30.738739,76.53666,39153,1903.313288928424,1905.4967041015625,0.4083049571076436,0.0722766595629898,1.1853846358240956,-0.4301328168655575,-0.0044812876009656,814.3875989129441,22.74644426539641,0.9459273942965484,230.0,35,12,75,224.0,KHARAR
29628,Rawal Pindi (49),KAPURTHALA,31.2955589,75.5717,29628,1903.738778273808,1905.4964599609375,0.5864978635489084,0.2147702992508429,1.7719620638231135,-0.5488499683830813,-0.1417085685824505,746.0230234076874,22.86978814647381,1.0,183.0,60,60,232,121.0,PHAGWARA
30332,Chuharwali (167),JALANDHAR,31.4234238,75.717514,30332,1903.947299540546,1905.4927978515625,0.5532314540586317,0.1856200449830976,1.7599278357795245,-0.5185255989833223,-0.1180841196620754,785.577917378177,22.57207088470267,1.0,425.0,23,23,560,448.0,ADAMPUR
37060,Madanpur (80),PATIALA,30.6846848,76.74519,37060,1907.0265698158544,1905.4898681640625,0.3095186259371158,0.0359992009455772,0.826425747293556,-0.3827914432590227,0.0385651950509751,814.6858309550611,22.991579339443923,1.0,331.0,225,210,426,385.0,Shambu Kalan
36420,Bugga Khurd (94),PATIALA,30.3603611,76.13451,36420,1905.836107170692,1905.48974609375,0.5089657608567486,0.1703702968593549,1.4684690362595083,-0.4873370537188275,-0.0954840432346673,760.4251894166367,22.92419452819485,1.0,162.0,5,64,165,227.0,NABHA
33026,Jassowal (32),LUDHIANA,30.8468475,76.11909,33026,1904.856889777622,1905.4892578125,0.4786724721319771,0.1831861639935036,1.2313387889541916,-0.4940563045229911,-0.0871283394769534,851.0235640218156,22.741619939577788,1.0,169.0,0,15,186,182.0,MACHHIWARA
32836,Ladpur S (170),FATEHGARH SAHIB,30.6126118,76.2274246,32836,1908.322410649963,1905.4888916015625,0.485131302944709,0.1602799642587506,1.373933179056912,-0.4756332471210919,-0.0829025885241854,809.8702395491412,22.85991677890331,1.0,305.0,50,50,155,319.0,AMLOH
33053,Tanda Kalian (13),LUDHIANA,30.81081,76.34226,33053,1906.184481670901,1905.48779296875,0.4630647776416285,0.1787332820224412,1.1585663407072326,-0.4857998936259782,-0.0809488616147483,871.3260498426549,22.80937704134405,1.0,97.0,0,0,125,104.0,MACHHIWARA
32759,Amar Garh (271),FATEHGARH SAHIB,30.6265411,76.38188,32759,1902.9573888635475,1905.4874267578125,0.5080394228173026,0.2047975659381656,1.3512468711939774,-0.5101161088489133,-0.1112176434391445,854.2334677345747,22.887002797672885,1.0,185.0,36,35,93,109.0,SIRHIND
35305,Lohara (9),SRI MUKTSAR SAHIB,30.0540543,74.60728,35305,1903.530799223876,1905.484619140625,0.5889128451914545,0.178286833924151,1.323454686491678,-0.5751031628532399,-0.0940132843110319,438.97578892834207,24.90717530425097,1.0,844.0,230,180,283,845.0,LAMBI
35966,Sadhuwala (190),MANSA,29.6936932,75.23012,35966,1905.742251001564,1905.482666015625,0.6038922775106725,0.2528958543950367,1.4512460264321936,-0.5758120477480348,-0.1610492614858092,695.3986804733105,24.56441987815677,1.0,628.0,110,90,167,254.0,SARDULGARH
31799,Mananhana (90),HOSHIARPUR,31.3331985,75.92897,31799,1901.70834322885,1905.481201171875,0.5986615028834386,0.2619233535792236,1.6889790803174156,-0.565709610216996,-0.1777462715685832,786.7799281757439,22.613254438326035,0.84333934482114,254.0,65,150,344,295.0,MAHILPUR
37012,Nalas Kalan (11),PATIALA,30.4864864,76.60935,37012,1902.038360550849,1905.4808349609375,0.3437865110236985,0.0585633847581548,0.9221253842574444,-0.3574742610891956,0.0084057161718526,828.8671615531342,22.97204433731389,0.9469855809503982,131.0,12,15,325,184.0,RAJPURA
37420,Balbawa (274),AMRITSAR,31.8558559,74.75523,37420,1905.1238327427664,1905.478515625,0.5445160792426555,0.1929667949432048,1.334638972838504,-0.5286960283189248,-0.1082870987208168,971.2148535351064,22.481667878299127,1.0,108.0,150,150,231,211.0,AJNALA
32877,Badali (38),FATEHGARH SAHIB,30.594595,76.31791,32877,1906.595514809929,1905.478515625,0.4185049820929494,0.160880534624794,1.254765960711922,-0.4315727396464335,-0.0708061731814257,859.5636877229111,22.88169449138212,1.0,310.0,22,30,200,330.0,AMLOH
39298,Seoli (189),S.A.S Nagar,30.64865,76.61186,39298,1907.0175140435088,1905.47705078125,0.3327281915780186,0.0752948174620094,0.8334381983446304,-0.3820876832130214,0.0119540221594439,784.1068896462815,22.79214443029321,1.0,152.0,0,110,160,185.0,DERA BASSI
37228,Shahpur (150),AMRITSAR,31.7864437,74.7529144,37228,1908.9048391347635,1905.4765625,0.5271590043039234,0.186191676042939,1.2777189499753905,-0.523467899521451,-0.0975475881429787,890.6723353078263,22.813989407574297,1.0,102.0,60,45,142,170.0,HARSHE CHHINA
36094,Khara (119),MANSA,30.0,75.39883,36094,1906.5302279555888,1905.4755859375,0.6203616305131354,0.2563733486417821,1.579505857530879,-0.5877395947080862,-0.1721368230966138,665.4511265953419,24.300919589851613,1.0,690.0,380,375,430,773.0,MANSA
28813,Bhalowali (317),GURDASPUR,31.8545189,74.95248,28813,1907.874428053152,1905.4732666015625,0.5084970256152767,0.1716835651162976,1.271491072165119,-0.5035760478558312,-0.0872849148333356,1002.4769100358384,22.25821241457089,0.9920312026928352,164.0,65,90,206,191.0,FATEHGARH CHURIAN
39175,Mauli Baidwan (4)(Part),S.A.S Nagar,30.738739,76.64147,39175,1906.1881016519924,1905.4715576171875,0.2949448836415828,0.0150921316272248,0.912291670800597,-0.3221851342369754,0.0339805749050889,814.3875989129441,22.74644426539641,0.0,156.0,50,50,926,293.0,KHARAR
28954,Samrai (343),GURDASPUR,32.0360374,75.0294952,28954,1904.5711782026635,1905.4700927734375,0.5056829096709963,0.156189831695256,1.169556317823224,-0.5102987199636793,-0.0699560149386658,1008.006359527805,22.417024970045823,1.0,159.0,75,0,75,104.0,DERA BABA NANAK
36785,Malakpur Kamboan (312),PATIALA,30.2253914,76.543045,36785,1905.512581873092,1905.4700927734375,0.3635955798434832,0.1100848797495696,0.9746961935071352,-0.4079847187778468,-0.0190039522109473,904.4869187285798,22.935428991022263,1.0,247.0,60,60,150,245.0,BHUNER HERI
30308,Arjanwal (141),JALANDHAR,31.4234238,75.717514,30308,1903.974170456573,1905.469482421875,0.5538415374055262,0.1802485216749439,1.700620447160779,-0.5224362437370457,-0.1113372513244731,785.577917378177,22.57207088470267,1.0,220.0,40,15,368,242.0,ADAMPUR
32204,Gosal (85),Shahid Bhagat Singh Nagar,31.16857,75.97514,32204,1905.197489632151,1905.4688720703125,0.5050035173581477,0.1414281656034537,1.3711894920897043,-0.5032018563689523,-0.0701986062021897,795.2970954587357,22.747902170555847,0.5999449860721899,139.0,70,70,245,164.0,BANGA
33037,Hambowal (10),LUDHIANA,30.81081,76.34226,33037,1905.540976309384,1905.468017578125,0.4524433717235049,0.160844520389821,1.1075487376183817,-0.484784420570323,-0.0648272150148174,856.5139540345752,22.75291225811605,1.0,225.0,45,150,231,242.0,MACHHIWARA
37760,Bhoe (184),AMRITSAR,31.6576576,74.9763641,37760,1906.0243975719573,1905.46630859375,0.4634527131015294,0.1594967494662324,1.4237276332276692,-0.4543965091041648,-0.0793803105968617,1010.3204640557664,22.236575219337794,1.0,76.11,63,42,121,211.0,TARSIKKA
30591,Salala (34),JALANDHAR,31.405405,75.68186,30591,1904.1739024350409,1905.4627685546875,0.5262285928218164,0.1798090352627547,1.678862083692383,-0.4989596976765869,-0.1100020177685093,762.588733713855,22.406507616634823,1.0,256.4,20,0,266,282.0,BHOGPUR
37226,Kot Sidhu (152),AMRITSAR,31.7865677,74.753006,37226,1910.862601512025,1905.4581298828125,0.550308314398013,0.1958646951081222,1.3389027578745467,-0.5347449040190201,-0.1085344610311167,890.6723353078263,22.813989407574297,1.0,224.0,72,72,118,244.0,HARSHE CHHINA
36802,Balan (131),PATIALA,30.3063068,76.44729,36802,1908.166489440952,1905.4566650390625,0.3142403446823203,0.1078581190014471,0.8741803154159425,-0.3723686275721528,-0.0113452090114496,899.4118514468568,22.83189132190313,1.0,184.0,22,25,158,198.0,SANOUR
32531,Biromajri (242),FATEHGARH SAHIB,30.55856,76.4987946,32531,1900.770146830052,1905.45654296875,0.4114932881298747,0.1106269949434571,1.107694818645374,-0.447863742188831,-0.0237775126073814,868.2293090035813,22.92007999424692,1.0,15.0,56,20,56,123.0,KHERA
39201,Dhurali (1),S.A.S Nagar,30.7027035,76.71761,39201,1906.56767338092,1905.453369140625,0.4002729873987921,0.0723675398993742,1.0503564737618143,-0.4286983474319999,0.0014797610919859,811.0466991731598,22.836294801045188,1.0,284.0,50,403,403,410.0,KHARAR
32175,Lalpur (55),Shahid Bhagat Singh Nagar,31.1723537,75.97315,32175,1905.6513959596743,1905.450439453125,0.6296538064384838,0.2472262794460115,1.8825063964835065,-0.581486054435341,-0.1762286419131549,794.1594812085526,22.669952482494125,1.0,45.0,69,25,68,54.0,BANGA
28725,Ghasitpur (287),GURDASPUR,31.8558559,75.13707,28725,1903.1910828835144,1905.4473876953125,0.4930572811929002,0.1809836376115478,1.4669851360896085,-0.4823948145618991,-0.0999954327174376,1047.5752594878572,22.056767351109784,0.9963049575034376,132.0,122,150,250,151.0,BATALA
35139,Khippanwali (139),FAZILKA,30.1621628,74.1888046,35139,1904.821504770364,1905.4461669921875,0.5918690553283108,0.1643923575775909,1.5251113184345353,-0.5517585857734651,-0.0983979987437927,448.1787528272718,24.672058378944143,1.0,1433.0,328,427,709,1563.0,KHUIAN SARWAR
32139,Mallah Sodhian (54),Shahid Bhagat Singh Nagar,31.1862812,75.89424,32139,1906.383699844712,1905.4443359375,0.6041688299041479,0.2460080495874577,1.7555394251138363,-0.5610877174057146,-0.1691169828849132,794.1594812085526,22.669952482494125,1.0,123.0,259,70,200,139.0,BANGA
29582,Gulabgarh Jattan (12),KAPURTHALA,31.405405,75.4074249,29582,1901.53833932656,1905.443359375,0.4934971452548693,0.1589011247006603,1.362985634419366,-0.4758157286113389,-0.0877996339537717,746.0230234076874,22.86978814647381,1.0,2.0,0,0,2,91.0,PHAGWARA
37352,Bath (290),AMRITSAR,31.7477474,74.96446,37352,1906.2352666791203,1905.4427490234375,0.5119393316215997,0.1652736079016729,1.2222371351484784,-0.5053849372078665,-0.0793895712910566,956.3934597184556,22.49043735746289,1.0,204.0,51,54,267,228.0,AJNALA
37424,Riar (224),AMRITSAR,31.8378372,74.76184,37424,1907.485302510694,1905.442138671875,0.5351289700126606,0.2073021825919629,1.2908662493821783,-0.5279369630499849,-0.1137498252904942,892.2205703660645,22.804884457036447,1.0,162.0,165,107,208,212.0,AJNALA
37275,Kotli Amb (234),AMRITSAR,31.657753,74.84883,37275,1907.894265917072,1905.44189453125,0.5521283165875805,0.2143231978065882,1.3260711753375176,-0.5342512998356739,-0.1228770965202422,953.765833657016,22.6391379412903,1.0,202.0,153,140,177,286.0,AJNALA
33041,Chak Samun (20),LUDHIANA,30.9009018,76.18303,33041,1904.7190182041093,1905.4407958984375,0.4770961140018479,0.2025791577487659,1.153781918531854,-0.5060054245316254,-0.0961386451254201,851.0235640218156,22.741619939577788,1.0,77.0,15,15,34,82.0,MACHHIWARA
28527,Basrai (170),GURDASPUR,31.8018017,75.347496,28527,1904.101973756855,1905.4407958984375,0.5588148379053053,0.2330516440789042,1.6907693295782265,-0.5222219971221259,-0.1511419870749511,1016.9852915217774,22.08910482218068,1.0,723.0,400,369,669,799.0,QADIAN
35984,Ghurkni (172),MANSA,29.8018017,75.33205,35984,1905.197301675264,1905.440673828125,0.6698985206684558,0.3121522434518216,1.7331929998634383,-0.6120866959602886,-0.2283445262140839,687.1675047089951,24.361650649668206,1.0,424.0,271,272,387,488.0,JHUNIR
30269,Nauli (180),JALANDHAR,31.27928,75.6437149,30269,1903.8738481886712,1905.4356689453125,0.5293178591922287,0.1688209911592181,1.6004682497310807,-0.5056648852747583,-0.0963566185384847,786.7936031601538,22.572899382127684,1.0,10.5,52,55,335,392.0,JALANDHAR-EAST
28623,Nathpur (174),GURDASPUR,31.81982,75.36219,28623,1905.595520044842,1905.435546875,0.5655688690671598,0.2341449662671778,1.680005042638751,-0.5295337536781805,-0.1525841624979523,1016.9852915217774,22.08910482218068,0.5202782391733879,143.0,207,311,397,159.0,QADIAN
39239,Mathiaran (241),PATIALA,30.3783779,76.37828,39239,1904.0492556817053,1905.4344482421875,0.2816725936897414,0.0364544399910487,0.8248976759047432,-0.3431042488334846,0.0352510445138159,785.5508640810377,22.991013478975493,1.0,118.0,80,80,180,139.0,RAJPURA
28704,Masanian (197),GURDASPUR,31.8558559,75.13707,28704,1904.7800572321669,1905.4342041015625,0.566412579550121,0.2479255135501656,1.999097225438185,-0.5213580493660092,-0.1687927347336644,1026.1154133440668,22.05759082200741,1.0,582.8,400,360,590,597.0,BATALA
32303,Mahadipur Kalan (253),Shahid Bhagat Singh Nagar,31.0270271,76.17859,32303,1904.5769205015167,1905.43212890625,0.5676738069584061,0.1784169197581422,1.6905954309452944,-0.543172360387066,-0.1112152039811597,851.0235640218156,22.741619939577788,0.9908848007246908,70.0,35,30,59,135.0,NAWANSHAHR
38808,Chak Lahori (118),RUPNAGAR,30.9009018,76.41402,38808,1898.8265865894195,1905.4305419921875,0.576482428429514,0.2555692882205259,1.4891129934526368,-0.5673382530191563,-0.1577595158659265,855.2991542031663,22.66896286104054,1.0,106.0,18,0,8,110.0,CHAMKAUR SAHIB
28674,Panj Graian (154),GURDASPUR,31.81982,75.21376,28674,1905.7257056361257,1905.429443359375,0.5609183675044843,0.2332992549420444,1.7553344370642912,-0.5206783718271094,-0.1541401441923442,1019.7492483069794,22.06568892097681,1.0,354.0,420,420,598,421.0,QADIAN
38688,Sangatpur (171),RUPNAGAR,30.9549541,76.52025,38688,1901.6110551720144,1905.428955078125,0.5419441777250025,0.2042912218970801,1.5074226031836404,-0.5226697368189198,-0.1203922606602927,903.4168812444108,22.62808539330217,1.0,2.0,1,0,40,111.0,RUPNAGAR
37271,Laungo Mahal (249),AMRITSAR,31.8378372,74.76184,37271,1904.812479945296,1905.428955078125,0.5704321699575889,0.2353934742639776,1.3803480682203642,-0.5483564188875227,-0.1410063727304037,953.765833657016,22.6391379412903,1.0,364.0,70,125,155,374.0,AJNALA
36791,Kahna Heri (133),PATIALA,30.3063068,76.28033,36791,1907.5743100685988,1905.428955078125,0.2763038639988761,0.0852048555781858,0.8373792367917802,-0.3257813736584855,0.0005903170731745,899.4364581368885,22.832393328908104,1.0,164.0,85,74,126,186.0,BHUNER HERI
38685,Bara Phool (76),RUPNAGAR,30.9549541,76.54126,38685,1902.6756713837017,1905.4271240234375,0.4158811690577962,0.085143505788083,1.1026419590353624,-0.4347258146539746,-0.014118433908527,831.6264393737214,22.690114987082723,0.8335489215155704,40.0,25,50,80,525.0,RUPNAGAR
32997,Ror Majari (245),LUDHIANA,30.81081,76.34226,32997,1902.745928071688,1905.4227294921875,0.4206470690255796,0.1708060477738857,0.9308186596931632,-0.4392552007918979,-0.0663075624152289,852.5119057790195,22.716327860742,0.9722776015314696,143.0,20,55,58,175.0,MACHHIWARA
30803,Madda (509),HOSHIARPUR,31.8378372,75.77988,30803,1904.295375781913,1905.42236328125,0.5597629065845747,0.2489678618407037,1.5726496245277175,-0.5314305189553029,-0.1555162747564147,928.5261276175872,22.425879731414227,1.0,4.05,20,60,108,141.0,TANDA
36734,Bangran (242),PATIALA,30.216217,76.46059,36734,1906.683068294339,1905.4205322265625,0.3589786014778057,0.142477257153809,0.7871120906534924,-0.4325761534411905,-0.022828615765016,876.0897119686247,22.992485299103045,1.0,430.0,20,20,99,252.0,BHUNER HERI
29662,Naurang Shahpur (90),KAPURTHALA,31.235548,75.75542,29662,1909.9776816427984,1905.416259765625,0.5039909628939383,0.1385134901969809,1.4654633491645186,-0.4929705657894933,-0.0719165594903346,778.417268943111,22.613963536840288,0.5171279900885057,342.0,300,0,371,240.0,PHAGWARA
32767,Jhinjhran (285),FATEHGARH SAHIB,30.45045,76.4347,32767,1908.059690349858,1905.4146728515625,0.5276503914202956,0.2158235275775665,1.4356423490455956,-0.5103185606048619,-0.124478189428715,846.7193862904912,22.882786190677614,1.0,176.0,56,23,120,194.0,SIRHIND
32309,Rasulpur Theh (230),Shahid Bhagat Singh Nagar,31.0990982,76.04695,32309,1906.3741825144125,1905.4112548828125,0.453681378677461,0.1258391871904251,1.237166901492055,-0.4657977976133709,-0.0486250103214817,839.8300007566265,22.35868496520644,1.0,2.47,0,0,1,149.0,NAWANSHAHR
35299,Bhullarwala (19),SRI MUKTSAR SAHIB,30.4324322,74.39356,35299,1903.560186685228,1905.4100341796875,0.6052637495952137,0.2442316395941493,1.3319167012029127,-0.5781271703780777,-0.1469072441273061,432.3032577478705,24.918010407780447,1.0,635.0,140,140,296,779.0,LAMBI
28454,Dhindsa (525),GURDASPUR,31.90991,75.43588,28454,1904.8078149536952,1905.40966796875,0.5547088268177597,0.2207329192142514,1.7610594572079117,-0.5193679135095518,-0.1419086644465526,1020.2890957194226,22.109625610683743,1.0,91.0,15,0,44,100.0,KAHNUWAN
32137,Jhander Kalan (23),Shahid Bhagat Singh Nagar,31.18919,75.9718,32137,1904.328737236241,1905.4090576171875,0.5902732596237856,0.241702021158334,1.6746287505202877,-0.5602057305185517,-0.1632291744859774,794.1594812085526,22.669952482494125,1.0,160.0,10,0,178,195.0,BANGA
35985,Chainewala (171),MANSA,29.927927,75.53128,35985,1905.5046619780967,1905.403076171875,0.6577259013393614,0.3141394781716208,1.6857858562905434,-0.6036864589445787,-0.2248210176994413,687.572424044747,24.36416216570868,1.0,517.0,226,342,382,517.0,JHUNIR
36797,Pur (325),PATIALA,30.3063068,76.28033,36797,1906.6740858756257,1905.4013671875,0.338256411258244,0.1368316128259479,0.9943851211871652,-0.3849199892962516,-0.0371126342758353,896.7703966684828,22.89448234900875,1.0,398.0,62,53,166,445.0,BHUNER HERI
37072,Nanhera (145),PATIALA,30.6846848,76.74519,37072,1905.5776195332191,1905.4012451171875,0.3192140774571212,0.0526623419552608,0.8389493277721956,-0.3858711629976648,0.0270231643882939,790.8852865023975,23.036146581619164,1.0,180.0,70,70,255,608.0,Shambu Kalan
30325,Gopalpur (111),JALANDHAR,31.5966682,75.6346741,30325,1907.1964771157088,1905.3994140625,0.5226532710833743,0.1605607408444968,1.679728220331936,-0.4946276732490947,-0.0950790655350297,805.4736348798173,22.43289419592901,1.0,230.0,80,20,125,100.0,JALANDHAR - WEST
30300,Jalbhe (44),JALANDHAR,31.5855846,75.67976,30300,1902.692523132409,1905.399169921875,0.5430715886204054,0.18700092172931,1.7163587230469142,-0.5053377373083721,-0.1205284517065931,787.7217674071774,22.42110043640721,1.0,185.0,20,20,200,202.0,ADAMPUR
36025,Mandhali (125),MANSA,29.8558559,75.70521,36025,1904.8031327302187,1905.39892578125,0.6123049601714712,0.2343141375372631,1.6312666636791338,-0.5775745179253576,-0.1539544546665804,665.746784578776,24.306833358138523,1.0,492.0,252,182,336,578.0,BUDHLADA
29583,Harbanspur (13),KAPURTHALA,31.3873882,75.39295,29583,1902.072293855046,1905.3983154296875,0.5878860564001461,0.2200961824219351,1.7384878578277652,-0.5489682308185161,-0.1457749084450194,746.0230234076874,22.86978814647381,1.0,343.0,97,0,497,217.0,PHAGWARA
36814,Rathian (123),PATIALA,30.3603611,76.4894943,36814,1905.282346882029,1905.397705078125,0.3197417875256103,0.1152162129094989,0.810979314942342,-0.3945742510190227,-0.0099744125914207,899.4118514468568,22.83189132190313,1.0,150.0,150,150,269,348.0,SANOUR
36865,Lachhru Kalan (371),PATIALA,30.4144154,76.40646,36865,1903.7490556020005,1905.3963623046875,0.3761267996663266,0.1346132883039377,1.152903430685412,-0.4058829911847303,-0.0440651550137729,886.2952911828439,22.93857305761681,1.0,158.0,122,158,318,339.0,GHANAUR
36706,Durd (222),PATIALA,29.8558559,76.1830444,36706,1907.167874584114,1905.3953857421875,0.2811745938258575,0.1035990351746203,0.6327274502588648,-0.3583419296015804,0.0103126372625735,892.5983255938418,22.96062890017953,1.0,149.0,90,30,91,162.0,BHUNER HERI
35954,Sangha (203),MANSA,29.6936932,75.23012,35954,1905.34953380236,1905.3944091796875,0.6382876830958238,0.2684062545231586,1.416131668630789,-0.6038953058607293,-0.1739494520495636,677.6271892100409,24.676669608734493,1.0,5162.0,745,816,919,2706.0,SARDULGARH
36027,Tahlian (128),MANSA,29.927927,75.55207,36027,1904.4463518587672,1905.3941650390625,0.6226119315445482,0.2288810806324554,1.6028376762669934,-0.5917593684820273,-0.1505848494347037,663.7603422977752,24.26699566912953,1.0,72.0,252,150,370,78.0,BUDHLADA
36451,Behbalpur (139),PATIALA,30.3423424,76.41278,36451,1904.298501248584,1905.389404296875,0.5143680810541589,0.1942005525432949,1.2931758474631223,-0.511010368626517,-0.1002148256401639,815.9566017796891,22.94605681146857,1.0,346.0,38,50,99,372.0,NABHA
32099,Khatkar Kalan (103),Shahid Bhagat Singh Nagar,31.2072067,76.11267,32099,1905.987583165596,1905.3883056640625,0.5278553450396171,0.1730175902089784,1.385033451977991,-0.5365125682311904,-0.0917437284155209,795.2970954587357,22.747902170555847,1.0,285.0,55,163,454,333.0,BANGA
30678,Dhadiala (25),HOSHIARPUR,31.6756687,75.636116,30678,1901.1899686282688,1905.3870849609375,0.5218651833982464,0.1698946197943716,1.6386134838696549,-0.5018084615257679,-0.1005448893306073,942.4536935328798,22.43158249103058,0.9589861531153948,0.81,115,115,240,232.0,TANDA
37056,Nepran (44),PATIALA,30.4864864,76.58844,37056,1906.2716258326427,1905.385009765625,0.3089783134657454,0.0290474695241752,0.8277526877321395,-0.3739800875648905,0.0424930998854711,828.5848719449499,22.97243319561312,1.0,128.0,140,163,220,158.0,Shambu Kalan
30801,Kamalpur (511),HOSHIARPUR,31.8378372,75.77988,30801,1903.6263469525936,1905.3843994140625,0.5098583516557267,0.2329288531303043,1.413434512452636,-0.4980143101705979,-0.1355463237960838,928.5261276175872,22.425879731414227,1.0,2.02,25,45,85,111.0,TANDA
37796,Usman (103),AMRITSAR,31.6036034,75.22898,37796,1904.63932820507,1905.3843994140625,0.4894127923703111,0.1833165579712124,1.5329326069455214,-0.4710978230656907,-0.1027612267919574,1036.1363530611402,22.171542368604584,1.0,198.0,40,40,209,229.0,RAYYA
39215,Dhelpur (286),S.A.S Nagar,30.72072,76.71098,39215,1903.7047744141585,1905.3837890625,0.3560119778022808,0.0502222951715093,0.8714755350006251,-0.407824620262261,0.0292297214775586,809.8476621320145,22.86854183890836,1.0,35.0,30,2,54,193.0,KHARAR
39300,Haripur (190),S.A.S Nagar,30.666666,76.6051941,39300,1906.776856170358,1905.3787841796875,0.3964968194858145,0.1232937018633345,1.074016704973016,-0.4305433877866218,-0.0324843367858359,784.1068896462815,22.79214443029321,1.0,121.0,0,0,20,149.0,DERA BASSI
39307,Punsar (187),S.A.S Nagar,30.666666,76.6051941,39307,1904.761214911958,1905.37744140625,0.3306886026967894,0.0289927377235093,0.8767963592305683,-0.3789027381199206,0.039760539100945,784.1068896462815,22.79214443029321,1.0,125.0,30,105,190,125.0,DERA BASSI
35303,Ghumarwala 14),SRI MUKTSAR SAHIB,30.4324322,74.39356,35303,1901.96626058376,1905.376220703125,0.5948326280661035,0.2011545471005587,1.3287507361357664,-0.5782825393984455,-0.1131686144316389,439.68180132488993,24.904272013024023,1.0,895.0,822,822,1105,1184.0,LAMBI
32113,Kajla (46),Shahid Bhagat Singh Nagar,31.18919,76.11924,32113,1904.1403220721304,1905.371337890625,0.5648282845865918,0.1991125881772142,1.535891010620854,-0.5572402174950585,-0.1223484198548264,795.2970954587357,22.747902170555847,1.0,182.0,70,79,220,151.0,BANGA
28721,Chhit (293),GURDASPUR,0.0,0.0,28721,1902.9942006918764,1905.370361328125,0.4846052532739098,0.164280646059884,1.521264631722835,-0.467098721866745,-0.0890239235116509,1047.5752594878572,22.056767351109784,1.0,130.0,133,132,202,145.0,BATALA
32159,Bahua (4),Shahid Bhagat Singh Nagar,31.18919,75.99287,32159,1909.033496816456,1905.36962890625,0.5370619577155057,0.1766855738049266,1.5380445747982283,-0.5195265517577695,-0.1047446566825856,789.2529609610932,22.57912219385276,1.0,138.0,240,100,192,169.0,BANGA
28624,Rampur (173),GURDASPUR,31.8018017,75.17789,28624,1905.629989790452,1905.3687744140625,0.6023336079265021,0.279961276597768,1.7929810766033718,-0.5553668964583975,-0.1935089483097026,1018.5104887444916,22.07618353930452,0.9735399327836024,80.0,78,60,101,361.0,QADIAN
38888,Bara Samana (297),RUPNAGAR,30.9348183,76.42144,38888,1902.8293424484896,1905.3681640625,0.4899700016716289,0.1876879400597858,1.24981398629739,-0.4954720764270275,-0.0919673493496778,937.565725423926,22.726399815199475,1.0,144.12,200,200,350,395.0,MORINDA
28480,Jindher (547),GURDASPUR,31.9066944,75.43975,28480,1904.2283470368843,1905.36767578125,0.5333872528090099,0.1790889298296405,1.636651397867283,-0.5011119132364523,-0.1083463433454636,1031.3100907018083,22.178079881455176,1.0,202.0,150,100,180,88.0,KAHNUWAN
37502,Kuralian (233),AMRITSAR,31.7657661,74.95786,37502,1904.028108309349,1905.3673095703125,0.440650078612582,0.1225835573318576,1.3812256669465357,-0.4272880804625176,-0.0540050060630062,1010.3204640557664,22.236575219337794,1.0,55.0,12,12,37,62.0,MAJITHA
37160,Aawan Basu (28),AMRITSAR,31.6756763,74.8427048,37160,1911.8934013293367,1905.3668212890625,0.5146261282034024,0.1742531504601844,1.245656273090536,-0.5088836829852618,-0.0862888016441017,883.770043734182,22.903491274784542,1.0,440.0,136,56,236,440.0,HARSHE CHHINA
28529,Bhamri (34),GURDASPUR,31.8018017,75.22029,28529,1903.242027862136,1905.3646240234375,0.5733317574714326,0.2575316431324463,1.6706665188463343,-0.5372608972622948,-0.1713540609919276,1016.9852915217774,22.08910482218068,1.0,224.0,520,532,637,555.0,QADIAN
33063,Kotala Bet (276),LUDHIANA,30.8468475,76.11909,33063,1903.9802308865376,1905.3641357421875,0.5059589649954328,0.2310514057637549,1.238685171250932,-0.5249295239926762,-0.1233555543557117,856.9797639085099,22.67619791365717,1.0,269.0,10,15,191,285.0,MACHHIWARA
39251,Sadhanpur (151),S.A.S Nagar,30.6898,76.57746,39251,1905.9673013930808,1905.3634033203125,0.3686180373600923,0.1504116853995145,0.9166147833403898,-0.4246661817587835,-0.0392119848327989,843.4939866543901,22.99754587863628,1.0,194.0,55,162,231,193.0,DERA BASSI
39217,Tasaoli (273),PATIALA,30.3423424,76.45454,39217,1904.676777770041,1905.3624267578125,0.3677588602105147,0.0564535835195311,0.9118324176537848,-0.4163474012035629,0.0234561328332457,842.9099920473316,22.89772860540676,1.0,349.0,100,305,405,385.0,RAJPURA
29578,Panchhat (25),KAPURTHALA,31.3873882,75.39295,29578,1903.4813658433768,1905.3624267578125,0.4488348467243129,0.0885613075432116,1.1879094560911565,-0.458687666824025,-0.0213562761632295,765.4732564334346,22.83494241140033,1.0,1420.0,356,0,975,985.0,PHAGWARA
28809,Parowal (315),GURDASPUR,31.8204823,75.19994,28809,1906.7249623423345,1905.3604736328125,0.5045180169601717,0.1577027140026837,1.3762737109700245,-0.4932542612319517,-0.0820485670704843,1002.4769100358384,22.25821241457089,1.0,188.0,180,180,280,240.0,FATEHGARH CHURIAN
39308,Kheri Jattan (186),S.A.S Nagar,30.666666,76.6051941,39308,1904.5577909950623,1905.3582763671875,0.3289054682183923,0.0411936518956529,0.93096415175784,-0.3710530961237868,0.0280200123144547,784.1068896462815,22.79214443029321,1.0,215.0,10,149,250,215.0,DERA BASSI
36916,Kohle Majra (99),PATIALA,30.3423424,76.41278,36916,1904.4911528330808,1905.3526611328125,0.3759964434225538,0.1312146355858248,1.069787310116861,-0.4146790515167569,-0.0390266685051258,852.713057677974,23.02399660360237,1.0,58.0,100,100,240,166.0,GHANAUR
33279,Uksi (414),LUDHIANA,30.3783779,75.85614,33279,1905.738639086442,1905.3515625,0.6198981499143936,0.287385227658874,1.5295390540463585,-0.5909761966917904,-0.1899834312191736,777.9621127059357,22.86999094422293,1.0,297.0,245,115,271,322.0,Maloud
35301,Middu Khera (17),SRI MUKTSAR SAHIB,30.1981983,74.48695,35301,1902.0061254714035,1905.35107421875,0.5910605769984724,0.2834810209842014,1.2730819666818902,-0.5679613000357965,-0.1752649160479397,438.7811616425928,24.90797565803237,1.0,283.0,35,34,52,1134.0,LAMBI
33051,Shahbazpur (17),LUDHIANA,30.81081,76.34226,33051,1905.471110165212,1905.3507080078125,0.4767333275596249,0.1890999495999198,1.1939758187935552,-0.4947962904859785,-0.0914255567807713,870.4886563540197,22.806582341407648,1.0,93.0,0,33,40,100.0,MACHHIWARA
36737,Hajipur (272),PATIALA,30.1621628,76.5228348,36737,1904.1637951544733,1905.3504638671875,0.3535481884245457,0.1677667714246531,0.9069570547007229,-0.408993421905831,-0.049861093548935,903.5376320756776,22.93733631916816,1.0,517.0,52,85,166,222.0,BHUNER HERI
30272,Jethpur (172),JALANDHAR,31.333334,75.58166,30272,1904.2267099200683,1905.3502197265625,0.5513825165932872,0.1892138115650125,1.5231163663784466,-0.522081714727053,-0.118633084470646,767.1067538153028,22.62896557060713,1.0,0.2,25,25,150,189.0,JALANDHAR-EAST
33057,Sherian (270),LUDHIANA,30.8468475,76.11909,33057,1906.1673107453653,1905.3499755859375,0.4840338288464972,0.1791511090115703,1.2591997778818544,-0.4923141911219556,-0.0889377793576196,876.6879233529465,22.82727164855009,1.0,196.0,0,15,94,214.0,MACHHIWARA
30478,Madar (166),JALANDHAR,31.4234238,75.717514,30478,1905.9222786896585,1905.3497314453125,0.5601213646773676,0.2068485612971183,1.817849486074573,-0.5220518548565857,-0.1372317314585599,785.577917378177,22.57207088470267,1.0,100.0,14,18,462,303.0,ADAMPUR
36490,Janherian (94),PATIALA,30.4215221,76.4478149,36490,1905.7369212741387,1905.3492431640625,0.4782842797050318,0.1835291649948969,1.270235737895421,-0.4858606308639241,-0.0899139005414837,870.3448864629166,22.86558953724557,1.0,359.0,88,90,228,359.0,SANOUR
35131,Shehtirwala (256),FAZILKA,30.2089462,74.1671143,35131,1904.519008166584,1905.347412109375,0.601709046011063,0.2564685988870398,1.466321652812388,-0.5669655869995887,-0.1674926987480518,453.8282844235795,24.618321671548927,1.0,1124.0,452,425,943,786.0,KHUIAN SARWAR
28702,Diwaniwal (199),GURDASPUR,0.0,0.0,28702,1904.5733811361067,1905.3468017578125,0.536771945750736,0.2186659351736061,1.791553345244672,-0.5025144200613748,-0.1408936304220124,1036.3484090684874,22.044573909681134,1.0,282.0,80,80,86,307.0,BATALA
36953,Bathonian Khurd (87),PATIALA,30.4864864,76.5675354,36953,1907.7075541491013,1905.3463134765625,0.3589392400741401,0.089882595517653,0.9183439159787627,-0.4238394878111826,0.0018202851079649,833.6323002050765,22.982427754352784,1.0,177.0,0,210,292,237.0,Shambu Kalan
36499,Dhareri Jattan (106),PATIALA,30.3783779,76.39917,36499,1905.114025199104,1905.3433837890625,0.4213750429361884,0.1750390890146332,1.145373052204768,-0.4404997980369263,-0.0741585150990931,870.3448864629166,22.86558953724557,1.0,353.0,65,93,233,353.0,SANOUR
36692,Naraingarh Urf Majra (147),PATIALA,0.0,0.0,36692,1906.2453476406288,1905.3428955078125,0.3625106355228719,0.1230501542324685,0.861084995152831,-0.4217583333393842,-0.0190276547905334,904.4869187285798,22.935428991022263,1.0,188.0,55,55,173,214.0,BHUNER HERI
36100,Deluana (122),MANSA,30.2522526,75.19539,36100,1906.1428563652464,1905.3424072265625,0.6096379030258525,0.224410667475076,1.5661738954659503,-0.5779630652687829,-0.1428387639691055,666.0531553437607,24.31297756045257,1.0,723.0,385,385,513,783.0,MANSA
38694,Chhoti Railon (178),RUPNAGAR,30.9729729,76.53469,38694,1901.7288206750543,1905.3399658203125,0.431479510208304,0.0683539024471111,1.2400856373303202,-0.4393288503274806,-0.0092068612389723,903.4168812444108,22.62808539330217,0.623696398167378,5.0,13,16,152,81.0,RUPNAGAR
37345,Boharwala (271),AMRITSAR,31.8558559,74.734024,37345,1906.3879435386305,1905.337158203125,0.485185651935565,0.1482859115738357,1.1656395488534474,-0.4878045106986117,-0.0637609378429688,994.0184595992464,22.46817550702201,0.9997775892008994,198.0,25,93,181,252.0,AJNALA
32738,Saundha (49),FATEHGARH SAHIB,30.3603611,76.3642044,32738,1905.373360146056,1905.33154296875,0.443935769373285,0.1727388216504096,1.3519458110031943,-0.4413888936270935,-0.0868152921757066,859.5636877229111,22.88169449138212,1.0,195.0,93,180,220,229.0,SIRHIND
36998,Parao Ugana (26),PATIALA,30.64865,76.38148,36998,1902.0445758350045,1905.3306884765625,0.3893874424853714,0.1084775329525803,1.0926407879518754,-0.407810681977325,-0.0259378958116366,854.3460759332078,22.88706598896545,1.0,8.0,5,5,95,34.0,RAJPURA
35972,Baran (177),MANSA,29.6936932,75.23012,35972,1901.7764942202173,1905.3302001953125,0.6574470766041088,0.2717197132484949,1.5716152556101866,-0.608283387026442,-0.1882013649570024,704.3991344420124,24.51195897162711,1.0,353.0,158,150,181,393.0,SARDULGARH
38945,Dhianpura (115),RUPNAGAR,30.9369373,76.52683,38945,1901.602402831672,1905.330078125,0.3940295177553357,0.0976148363885209,0.9989829640232184,-0.4275113948729289,-0.0159858065308854,899.1409334351914,22.399942850440937,1.0,112.0,50,50,170,156.0,MORINDA
30605,Ladhra (90),JALANDHAR,31.5135136,75.6636047,30605,1903.8479003576624,1905.3297119140625,0.5684031080981584,0.2076181479365297,1.809951475312385,-0.5372298316036976,-0.1371389662522766,762.588733713855,22.406507616634823,1.0,259.8,100,0,300,281.0,BHOGPUR
33004,Daulatpur (28),LUDHIANA,30.9009018,76.18303,33004,1903.0397608945168,1905.328857421875,0.4983918546902627,0.197522531178135,1.244965836397224,-0.5179756870793147,-0.0988922681932393,851.0235640218156,22.741619939577788,1.0,60.0,15,0,8,64.0,MACHHIWARA
36461,Raimal Majri (136),PATIALA,30.3423424,76.41278,36461,1905.6484695372287,1905.328125,0.5114046879952331,0.1932040782881127,1.2988934978914335,-0.5055007143531381,-0.101459741826777,815.9566017796891,22.94605681146857,1.0,178.0,26,120,234,208.0,NABHA
38832,Khera (285),RUPNAGAR,30.81081,76.51009,38832,1900.5000895731328,1905.32666015625,0.6027914923136918,0.2576311530150775,1.671472134685384,-0.5660435133437796,-0.174867710639864,906.853197544101,22.87970537079594,1.0,62.0,13,10,10,76.0,CHAMKAUR SAHIB
32984,Sherpur (2),LUDHIANA,30.8468475,76.11909,32984,1902.451225881676,1905.325927734375,0.518177757355157,0.2062067991791235,1.3095988173362372,-0.5244133583295194,-0.1102628378450847,860.4622706349122,22.691190162792864,0.9999438205108476,944.0,0,15,502,1067.0,MACHHIWARA
36907,Ajrawar (107),PATIALA,30.3243237,76.60746,36907,1903.5627008242689,1905.3243408203125,0.3647670837169887,0.1367196956500793,0.9448770587650456,-0.4153580165597245,-0.0337403507811539,858.6734281094288,22.970447717326856,1.0,1012.0,100,100,273,942.0,GHANAUR
32121,Atari (37),Shahid Bhagat Singh Nagar,31.18919,76.24561,32121,1902.386207814687,1905.32177734375,0.5445578458858665,0.1942142122757205,1.449412400486123,-0.531746984071598,-0.1123344059244533,792.8766494423177,22.66773628922086,1.0,143.0,148,72,112,163.0,BANGA
35930,Chuhrian (101),MANSA,29.81982,75.34562,35930,1903.6696177181225,1905.3203125,0.5992242458923888,0.2728587084413307,1.2368006701161436,-0.5788419916176485,-0.1738232788917689,646.7835836392112,24.48157299037468,1.0,1374.0,156,150,196,606.0,SARDULGARH
37042,Niamatpur (46),PATIALA,30.4864864,76.58844,37042,1904.678181480179,1905.3199462890625,0.3449656377662482,0.0611665434125391,0.9716958176220912,-0.3877394134292977,0.0100303943915177,828.8671615531342,22.97204433731389,1.0,121.0,95,95,187,150.0,Shambu Kalan
36748,Naraingarh basawa Singhwala (271),PATIALA,30.1621628,76.5228348,36748,1905.85743385846,1905.3199462890625,0.3765932649933867,0.1962714063793924,1.0016252502710787,-0.4154050597676059,-0.0740598809771184,907.0379146879384,22.92408461316297,1.0,434.0,135,90,136,469.0,BHUNER HERI
37267,Jassar (265),AMRITSAR,31.8018017,74.94468,37267,1902.483637662736,1905.30908203125,0.5582958145865988,0.2271371739136384,1.356567941444208,-0.5417473906076495,-0.1350388889610318,994.0184595992464,22.46817550702201,1.0,168.0,285,129,207,183.0,AJNALA
39210,Mindha Majra (280),S.A.S Nagar,30.72072,76.71098,39210,1903.5456827478583,1905.3074951171875,0.3993010383913055,0.0915441508310658,1.1926852403861232,-0.4175467737734107,-0.0211146683198866,809.8476621320145,22.86854183890836,1.0,5.0,35,40,71,75.0,KHARAR
37240,Jai Ramkot (136),AMRITSAR,31.7534122,74.78469,37240,1906.203832965371,1905.3070068359375,0.5220932984188,0.1926966928525945,1.2189015025592052,-0.5246837017679772,-0.0970671843567552,897.2436139811944,22.80258916720439,1.0,85.0,38,0,58,74.0,HARSHE CHHINA
37153,Shahliwal (34),AMRITSAR,31.6576576,74.93403,37153,1907.8967093600413,1905.3017578125,0.4960536362254839,0.1560996112574514,1.1971190709522797,-0.49290562350476,-0.0717476836845583,917.5402614285844,22.767377350587992,1.0,91.0,47,47,47,97.0,AJNALA
33011,Mand Udhowal (43),LUDHIANA,30.81081,76.34226,33011,1907.615027409912,1905.297607421875,0.4684225115404568,0.16076439295405,1.2388231658671638,-0.4831534232790131,-0.0721182724356422,847.4459491431439,22.74014259086344,0.9969876621086624,69.0,20,45,86,103.0,MACHHIWARA
32305,Shamspur (255),Shahid Bhagat Singh Nagar,30.9909916,76.1497955,32305,1905.756633053708,1905.2967529296875,0.4737492960344799,0.1574395496661859,1.2227675274387968,-0.4922135439374407,-0.0676174504467424,851.0235640218156,22.741619939577788,1.0,164.0,120,120,141,182.0,NAWANSHAHR
29651,Baran (77),KAPURTHALA,31.27454,75.82226,29651,1905.8532368985225,1905.2958984375,0.5401321948693559,0.1988555444397056,1.553095491735774,-0.5151748543137609,-0.1190847883324533,753.4584184679858,22.83956530193093,1.0,151.0,52,0,210,115.0,PHAGWARA
36781,Salempur Balian (310),PATIALA,30.3423424,76.35014,36781,1904.4330682652187,1905.295654296875,0.3674278506951002,0.1309383479856557,1.0572921930770542,-0.4080745177243014,-0.0366439716567464,953.2359185626404,22.819398500379805,1.0,72.0,0,0,125,86.0,BHUNER HERI
39180,Kauru Majra (262),S.A.S Nagar,30.72072,76.71098,39180,1907.8135319510443,1905.29345703125,0.3791290649236741,0.0641048133473544,0.9631199318000652,-0.424183004401191,0.0121297688842057,785.3327634742158,22.763507083242928,1.0,25.0,5,4,10,28.0,KHARAR
37150,Raipur Kalan (38),AMRITSAR,31.8378372,74.76184,37150,1909.1586119932176,1905.2926025390625,0.546433331696434,0.1748785529346267,1.354956048292416,-0.5239809838777432,-0.0942945630776056,917.5402614285844,22.767377350587992,1.0,1417.0,122,180,192,462.0,AJNALA
32648,Tarkhan Majra (134),FATEHGARH SAHIB,30.63063,76.38819,32648,1906.135052781672,1905.290771484375,0.4747424215423622,0.1657869136604747,1.2629448097241482,-0.4809777013114582,-0.0781314660782685,888.7562545945542,22.84437835799872,0.5751045247531105,210.0,28,52,356,142.0,SIRHIND
33012,Udhowal Kalan (44),LUDHIANA,30.81081,76.34226,33012,1907.0336065779625,1905.2906494140625,0.4323218875047576,0.1757857898359667,1.0362302747107506,-0.4895001019622318,-0.0635858300498288,850.9777869423823,22.741601036283896,1.0,144.0,94,94,194,163.0,MACHHIWARA
32762,Chaleri Kalan (274),FATEHGARH SAHIB,30.5045052,76.41441,32762,1905.9746067281744,1905.2886962890625,0.4619643121962154,0.1595792274970441,1.238444878531785,-0.4680096485052066,-0.0704564546713859,854.3460759332078,22.88706598896545,1.0,365.0,50,50,955,398.0,SIRHIND
33048,Bhagwanpura (57),LUDHIANA,30.8288288,76.18873,33048,1904.414962897138,1905.2874755859375,0.4833616818485495,0.1705090759842693,1.2250877796404092,-0.4940422589779075,-0.0787909518261377,875.2702125121755,22.822540209328967,1.0,57.0,40,40,167,61.0,SAMRALA
36906,Mandauli (112),PATIALA,30.3783779,76.5871353,36906,1903.5063324624875,1905.286865234375,0.3714492088999975,0.1100178083613662,1.0597842275033094,-0.4050614481731576,-0.0267964596786891,852.713057677974,23.02399660360237,1.0,340.0,148,200,668,400.0,GHANAUR
36470,Shahpur (318),PATIALA,30.4684677,76.3025055,36470,1905.7496597990005,1905.2864990234375,0.5077569832081834,0.211531423627455,1.274054322825844,-0.5071929663705133,-0.1103861526676391,815.9566017796891,22.94605681146857,1.0,206.0,52,51,90,206.0,NABHA
37405,Jandiala (285),AMRITSAR,31.7864227,74.75281,37405,1904.5195683151344,1905.28271484375,0.5071155475478755,0.1564230555604634,1.3244226376711694,-0.4947829640811643,-0.0775642665786468,956.3934597184556,22.49043735746289,1.0,10.0,8,5,12,128.0,HARSHE CHHINA
36764,Hassanpur Kamboan (276),PATIALA,30.1261253,76.5157242,36764,1904.6410609000905,1905.27978515625,0.3746557542976377,0.1388673483788024,0.9461543282910752,-0.4283264687278946,-0.0355108623648506,904.4869187285798,22.935428991022263,1.0,122.0,70,145,215,146.0,BHUNER HERI
33000,Sherian (25),LUDHIANA,30.8468475,76.11909,33000,1903.332890085953,1905.279052734375,0.4788137515003361,0.1862636115913994,1.1646946312071202,-0.5054109930019306,-0.0845782682909917,851.0235640218156,22.741619939577788,1.0,123.0,0,15,27,130.0,MACHHIWARA
33052,Chakli Adil (14),LUDHIANA,30.8468475,76.11909,33052,1905.8237564685192,1905.2744140625,0.4773829396862259,0.1853722067449189,1.229905926233307,-0.4928718953364839,-0.0890770075310442,867.4577927183041,22.796467198975684,1.0,99.0,0,60,94,106.0,MACHHIWARA
37777,Mattewal (187),AMRITSAR,31.6756763,75.16028,37777,1905.271741829248,1905.27392578125,0.4473897029833159,0.1428157943604316,1.3509133851452837,-0.4458285357830873,-0.0661652822498957,1010.3204640557664,22.236575219337794,1.0,6.0,12,10,698,625.0,TARSIKKA
37064,Chalheri (81),PATIALA,30.4864864,76.58844,37064,1906.5243526327577,1905.273681640625,0.3328524178572549,0.0473079302872895,0.9380334981420596,-0.3908349153720563,0.023432451103428,788.8995203187363,23.02710038097979,1.0,496.0,160,150,325,586.0,Shambu Kalan
36973,Bathli (279),PATIALA,30.4864864,76.58844,36973,1903.8020146728927,1905.271240234375,0.5114867422887007,0.2001378186221319,1.3938025102123648,-0.4964495945406066,-0.1113138272195735,870.3448864629166,22.86558953724557,1.0,122.0,50,20,57,134.0,Shambu Kalan
39254,Sarsini (153),S.A.S Nagar,30.6897526,76.57741,39254,1905.6512265563656,1905.2645263671875,0.3887631995368942,0.0820538592389112,1.24127588648729,-0.4072429207440924,-0.0143722058362177,807.7736409727067,22.94277423929177,1.0,185.0,55,115,416,435.0,DERA BASSI
37278,Wanjhanwala (219),AMRITSAR,31.8378372,74.76184,37278,1905.6083243437104,1905.2642822265625,0.5391772656432483,0.2054179486545042,1.2406249807583611,-0.5315624194094771,-0.110011003230964,902.2608831138244,22.793884913900182,1.0,202.0,55,75,105,222.0,AJNALA
37101,Ghumrai (64),AMRITSAR,31.8378372,74.76184,37101,1905.15646780114,1905.2640380859375,0.4726352685675188,0.1566842012680085,1.1713338276002443,-0.4724138152529408,-0.0676539771183497,1036.387434081434,22.4193655272726,0.98525215957421,539.0,250,64,76,334.0,AJNALA
37763,Khiddowali (189),AMRITSAR,25.7657661,87.47129,37763,1904.612058311084,1905.2637939453125,0.4713630555022897,0.1632171611503763,1.4556869665071652,-0.4648357228226581,-0.0849076929374106,1010.3204640557664,22.236575219337794,1.0,16.0,23,0,250,173.0,TARSIKKA
30309,Mohammadpur (140),JALANDHAR,31.5855846,75.67976,30309,1904.4248058280173,1905.2637939453125,0.5735949017798724,0.2014751928365505,1.816020816709197,-0.5307491480528664,-0.1325231282533854,785.577917378177,22.57207088470267,0.9464212047074348,159.0,13,13,250,159.0,ADAMPUR
32999,Mand Fatehgarh (26),LUDHIANA,30.8468475,76.11909,32999,1903.308198079753,1905.2618408203125,0.5139698216511835,0.1975059903910298,1.257337181648653,-0.5284985249834668,-0.0996394184109473,851.0235640218156,22.741619939577788,1.0,61.0,15,15,20,65.0,MACHHIWARA
29632,Dhak Khurampur (64),KAPURTHALA,31.2072067,75.77561,29632,1906.96595658278,1905.26171875,0.5419331616370124,0.1914074484163104,1.5312729179623163,-0.5279493027794779,-0.1111602412689938,746.0230234076874,22.86978814647381,1.0,4.0,0,0,11,39.0,PHAGWARA
36689,Bahadurpur Miranwala (231),PATIALA,0.0,0.0,36689,1906.964917463859,1905.260498046875,0.3376939410093634,0.1204584969570686,0.8371653519855072,-0.3952834604966266,-0.0152313855643894,904.4869187285798,22.935428991022263,1.0,354.0,102,102,220,392.0,BHUNER HERI
38894,Majri (283),RUPNAGAR,30.9394474,76.53307,38894,1902.5948064652,1905.2601318359375,0.556376030405957,0.2170590646291184,1.4990540315759129,-0.5282466231125647,-0.1344940072089057,956.793064158191,22.8899654269361,1.0,75.0,80,50,89,101.0,MORINDA
36867,Jand Mangoli (374),PATIALA,30.3423424,76.60068,36867,1903.531583528625,1905.259521484375,0.3450860110707041,0.1438041347177906,0.909712288167744,-0.4099698492287856,-0.0343492822741247,825.9812089612382,23.1960268126378,1.0,470.0,240,120,300,472.0,GHANAUR
36815,Bolari (124),PATIALA,30.34911,76.4339,36815,1906.0920205302389,1905.257568359375,0.3120381338104507,0.1032502538378201,0.8286891237214783,-0.3825563724208773,-0.0048279500814036,899.4118514468568,22.83189132190313,1.0,86.0,161,32,86,97.0,SANOUR
36959,Dhindsa (95),PATIALA,30.4864864,76.58844,36959,1907.9864961220885,1905.2550048828125,0.336144563094963,0.0997452352202406,0.9357742871520336,-0.3791044163521214,-0.008805109188108,870.3448864629166,22.86558953724557,1.0,168.0,0,63,164,198.0,Shambu Kalan
32745,Khoje Majra (131),FATEHGARH SAHIB,30.63063,76.38819,32745,1903.0372211673105,1905.2550048828125,0.4611227207256863,0.1928855205202027,1.254126666931519,-0.4676018784027953,-0.0953918437681964,888.7562545945542,22.84437835799872,1.0,2.47,61,0,199,192.0,SIRHIND
36974,Akkri (277),PATIALA,30.4864864,76.58844,36974,1905.984141988993,1905.2479248046875,0.4981539336735345,0.1997621520551879,1.345158095301063,-0.4951109131064058,-0.1060392155190792,865.5382904227766,22.872054779625465,1.0,114.0,5,70,120,196.0,Shambu Kalan
28812,Khaira (316),GURDASPUR,31.8204823,75.19994,28812,1907.3489342353791,1905.245361328125,0.5112929010554496,0.1712890993498913,1.383012235760933,-0.50075067286462,-0.091335979730867,1002.4769100358384,22.25821241457089,1.0,270.0,60,160,160,444.0,FATEHGARH CHURIAN
37509,Tarphan (181),AMRITSAR,25.7657661,87.47129,37509,1906.7646371940627,1905.2451171875,0.4444665522565569,0.1308488795888339,1.3951380230300483,-0.4363223424199839,-0.0590548643088876,1010.3204640557664,22.236575219337794,1.0,23.0,46,0,39,105.0,TARSIKKA
28447,Salahpur (531),GURDASPUR,32.05806,75.4066849,28447,1904.5062013609927,1905.24072265625,0.5857005305108811,0.2500144739695984,1.893599368576241,-0.5357703026905677,-0.1712779836523501,1016.9852915217774,22.08910482218068,1.0,196.0,200,200,305,197.0,KAHNUWAN
38781,Karkhana Bela (90),RUPNAGAR,30.8828831,76.42063,38781,1898.824006957651,1905.240478515625,0.5442528607763539,0.2040660329918635,1.4123693756044202,-0.5422355060258585,-0.1137284322946964,844.7756114413636,22.646918597549643,1.0,106.0,8,4,8,123.0,CHAMKAUR SAHIB
37764,Gaddo Rajada (190),AMRITSAR,25.7657661,87.47129,37764,1904.478391532919,1905.2403564453125,0.4267801236431846,0.1141796492486362,1.299151010913212,-0.4261234785530958,-0.0435873467239783,1010.3204640557664,22.236575219337794,1.0,13.0,26,3,153,193.0,TARSIKKA
32652,Majri Azim (71),FATEHGARH SAHIB,30.63063,76.38819,32652,1906.09126571202,1905.238037109375,0.4404684704813134,0.1399733473019982,1.2352300159295946,-0.4495266876184206,-0.0571994100327562,885.2473333169293,22.848949658415098,1.0,2.47,0,0,58,57.0,BASSI PATHANA
36787,Sarustigarh (233),PATIALA,30.2253914,76.543045,36787,1907.060299807357,1905.2353515625,0.351724376059277,0.1180307175021676,0.964003044765516,-0.3971498490239711,-0.0248240250552201,904.4869187285798,22.935428991022263,1.0,61.0,60,60,88,74.0,BHUNER HERI
28844,Shekhowali (362),GURDASPUR,31.8540668,74.95159,28844,1904.7370903828407,1905.2349853515625,0.5437474700475652,0.2084533886153485,1.459163125628271,-0.5224420071089916,-0.1234334863586899,1039.6224948575396,22.301412025466675,1.0,40.0,20,15,42,119.0,FATEHGARH CHURIAN
31793,Laksihan (76),HOSHIARPUR,31.3196774,75.94442,31793,1901.465906477116,1905.2340087890625,0.5720499447426028,0.2254067110723787,1.5588071513088224,-0.5506170911338883,-0.1402414390999287,784.1718574035226,22.638221631250858,1.0,177.0,100,100,260,207.0,MAHILPUR
33045,Lakhowal Kalan (54),LUDHIANA,30.8468475,76.11909,33045,1906.953167134436,1905.2335205078125,0.4794164638979376,0.1717232790207412,1.2890482826489909,-0.4895769692644174,-0.0840789515782213,872.7067626309241,22.81398500402064,1.0,241.0,0,15,197,268.0,MACHHIWARA
36021,Alampur Mandran (131),MANSA,29.927927,75.55207,36021,1904.988493870156,1905.233154296875,0.5978649672305968,0.2207519544891792,1.598230598082638,-0.5672174149679421,-0.1408356992571904,684.1549897607472,24.33651391586175,1.0,1110.0,250,250,680,1233.0,BUDHLADA
35138,Azamwala (140),FAZILKA,30.1621628,74.1888046,35138,1903.076660556946,1905.2322998046875,0.6057515106525535,0.2417118062607147,1.4642563585919914,-0.5642797407736574,-0.1534526432853634,446.22182503729874,24.679849740273315,1.0,528.0,54,25,270,1666.0,KHUIAN SARWAR
36970,Badholi Gujran (65),PATIALA,30.4864864,76.5675354,36970,1908.207440008597,1905.2314453125,0.3824347505664134,0.1000370595382521,1.0521303491078595,-0.3986825373922244,-0.0234310778437474,866.0525596642871,22.87135146242681,1.0,190.0,0,85,173,228.0,Shambu Kalan
37369,Khiala Khurd (327),AMRITSAR,31.6216221,74.65108,37369,1911.235981687996,1905.231201171875,0.5049359988016867,0.1833518432527969,1.287013182367713,-0.4957316515792959,-0.095657034955105,904.1482898404496,22.86324585740084,1.0,280.0,147,105,283,313.0,CHOGAWAN
39339,Kuranwala (4),S.A.S Nagar,30.7567558,76.71871,39339,1904.1404664559857,1905.23046875,0.3390282954973288,0.0304255011818609,1.276137263545015,-0.3591307786511657,0.0203113071746853,878.3628436734574,22.225765400318323,0.4936862125214728,219.0,21,351,472,222.0,DERA BASSI
37113,Darya Mussa (63),AMRITSAR,31.8378372,74.76184,37113,1904.739786229601,1905.2275390625,0.3565989808569776,0.0884274925016309,0.8737756120783767,-0.3920107424768835,0.0045749922958582,1029.511899209476,22.44198746464742,1.0,215.0,113,35,113,347.0,AJNALA
38674,Bari Railon (50),RUPNAGAR,31.0990982,76.55196,38674,1902.6690243110047,1905.2275390625,0.4890523011016649,0.1383007369526565,1.458627217301928,-0.4642877863633687,-0.0748233854957865,901.7810857747328,22.629498781014423,0.9565746112671212,69.0,1,40,143,144.0,RUPNAGAR
36495,bir Kauli (102),PATIALA,30.34911,76.4339,36495,1906.884507505296,1905.22705078125,0.3511446021590456,0.1243535977324396,0.9704554883313784,-0.3992692847663418,-0.026565615869978,870.3448864629166,22.86558953724557,1.0,275.0,25,25,98,275.0,SANOUR
32138,Jhander Khurd (22),Shahid Bhagat Singh Nagar,31.18919,75.9718,32138,1905.3809588469223,1905.2257080078125,0.6487174820514338,0.299937646472148,1.84519373461681,-0.6039080866683116,-0.2167555941138909,794.1594812085526,22.669952482494125,1.0,45.0,10,67,147,113.0,BANGA
28462,Miani Malahan (539),GURDASPUR,31.90991,75.43588,28462,1906.9902665529407,1905.2215576171875,0.5926125708506272,0.2053653843463979,1.9078010949030848,-0.5403880496067072,-0.139774055418586,1031.3100907018083,22.178079881455176,1.0,47.0,40,5,13,51.0,DORANGLA
39258,Jharmari (159),S.A.S Nagar,30.4651146,76.8092346,39258,1905.6404877214163,1905.2215576171875,0.3951305242928619,0.0827779550776489,1.1154107907944573,-0.4324764964280331,-0.0054970598245847,868.3965447356599,23.03573010961145,1.0,353.0,100,204,295,354.0,DERA BASSI
39204,Drari (283),S.A.S Nagar,30.738739,76.64147,39204,1905.266917491075,1905.2215576171875,0.4123620676113422,0.0709077134349934,1.1555471912064088,-0.435509177465558,-0.0011589509323042,809.8476621320145,22.86854183890836,1.0,99.0,69,69,110,128.0,KHARAR
37430,Inaitpura (327),AMRITSAR,31.7657661,74.95786,37430,1904.16124196811,1905.2205810546875,0.4575382024126611,0.1241843092397866,1.1467711835376129,-0.4668932278725752,-0.0425698830426242,956.3934597184556,22.49043735746289,1.0,179.0,120,0,55,215.0,MAJITHA
33075,Rattipur (74),LUDHIANA,30.81081,76.34226,33075,1904.0138314228864,1905.2178955078125,0.5034197062793097,0.1374809558758017,1.4901125753970794,-0.4925976065292924,-0.0706192314423054,876.6879233529465,22.82727164855009,1.0,375.0,45,102,245,459.0,MACHHIWARA
32082,Durgapur (127),Shahid Bhagat Singh Nagar,31.1531525,76.13239,32082,1903.8343292178688,1905.2159423828125,0.401468324825694,0.0622073570976785,1.0521063222245288,-0.422354775995653,0.0027852408593446,821.4404228141206,22.707407623049846,0.86710878890929,2.47,85,15,166,92.0,NAWANSHAHR
36738,Dudhan Sadhan (252),PATIALA,30.1621628,76.5228348,36738,1904.5837621804624,1905.2149658203125,0.3550150702358287,0.1565532369405413,0.908998972149804,-0.4038299329869537,-0.0440783922252458,865.0561750848888,23.014654130177966,1.0,253.0,40,40,265,253.0,BHUNER HERI
29627,Dhada(52),KAPURTHALA,31.3240128,75.53773,29627,1905.1296065246067,1905.2144775390625,0.5728670541002777,0.2121899190713304,1.7140678266115177,-0.5423706327592202,-0.1360620426031528,746.0230234076874,22.86978814647381,1.0,217.0,142,0,230,147.0,PHAGWARA
28598,Talwandi Bhindran (79),GURDASPUR,31.6756763,75.45669,28598,1908.962197971878,1905.213134765625,0.5271819663330064,0.2279529740937455,1.5516446468201943,-0.5081272689244987,-0.13822658579996,968.0901062067634,22.183403483558937,1.0,81.0,16,0,141,89.0,SRI HARGOBINDPUR
36429,Siri Nagar (120),PATIALA,30.54054,76.23355,36429,1904.148914594631,1905.2120361328125,0.5131074323703975,0.1887908618736643,1.428466633611597,-0.4987569335991267,-0.1048506410607291,786.123851220836,22.97181489662404,1.0,233.0,40,63,144,246.0,NABHA
36487,Panaudian (90),PATIALA,30.42143,76.44806,36487,1905.0236976455008,1905.2095947265625,0.4951588369738023,0.2077226025978309,1.3757400445704793,-0.4887258747811175,-0.1129993994530154,865.1517646890543,22.87459444610578,1.0,206.0,57,55,117,230.0,SANOUR
37038,Faridpur (264),PATIALA,30.3063068,76.4264145,37038,1903.345673614556,1905.209228515625,0.415539404891562,0.1037918030765711,1.2341389612537197,-0.4368786990121049,-0.0296816439553475,789.8620224563427,23.019815107802604,1.0,267.0,20,20,196,268.0,RAJPURA
38689,Chhota Bande Mahal (172),RUPNAGAR,31.0990982,76.55196,38689,1901.485858581908,1905.2076416015625,0.5517844834359528,0.1857790246203761,1.489570257398129,-0.5351494386035692,-0.1067729263799894,903.4168812444108,22.62808539330217,1.0,40.0,1,25,42,49.0,RUPNAGAR
32909,Bhari (395),FATEHGARH SAHIB,30.738739,76.2850952,32909,1903.386078739738,1905.20751953125,0.5593825574776429,0.2456653956321358,1.5883703926430497,-0.5308580382600738,-0.1575011859880278,904.88576831967,22.80639964355581,1.0,485.0,465,100,501,558.0,KHAMANO
36683,Katak Jeri (149),PATIALA,30.3063068,76.28033,36683,1906.990965024448,1905.2066650390625,0.3141549158580801,0.0643764453212809,0.7838373662124898,-0.3715967663510388,0.0208196250676297,904.4869187285798,22.935428991022263,1.0,918.0,28,28,78,988.0,BHUNER HERI
39218,Devinager (274),PATIALA,30.63063,76.38819,39218,1904.6833629937264,1905.204345703125,0.3369705109000101,0.0350201222628204,0.8836811775100061,-0.3862618307335935,0.0346147864669482,810.6064374551945,22.86921167065364,1.0,225.0,46,46,63,323.0,RAJPURA
36004,Birewala Dogran (154),MANSA,29.927927,75.55207,36004,1903.2094280714664,1905.203369140625,0.6443520608094782,0.3310139358378964,1.7165399943344124,-0.6054684198462859,-0.2354349703311555,677.1565734883189,24.27908097239276,1.0,654.0,194,194,294,741.0,BUDHLADA
39207,Sekhan Majra (275),S.A.S Nagar,30.72072,76.71098,39207,1902.7257791029144,1905.2032470703125,0.3659883722059678,0.075579612682265,0.915867034767342,-0.4110151262198372,0.0098925243525408,809.5427924729079,22.86561554218633,1.0,3.47,50,45,220,480.0,KHARAR
32993,Labangarh (461),LUDHIANA,30.81081,76.34226,32993,1902.3040669924585,1905.2020263671875,0.4903887868782803,0.2010048937798559,1.194711194499994,-0.4994349912087258,-0.1004484646807535,855.2991542031663,22.66896286104054,0.9349995787830822,5.0,7,33,65,93.0,MACHHIWARA
39131,Tole Majra (192),S.A.S Nagar,30.7567558,76.63484,39131,1902.5923194503407,1905.196533203125,0.3916323668655326,0.041126320339988,1.002346352890019,-0.4285228244650306,0.0257729767201577,879.6837502451829,22.777771740137208,0.7236739803584457,150.0,0,16,62,145.0,KHARAR
32331,Sheikhupur Bagh (235),Shahid Bhagat Singh Nagar,31.1171169,76.12452,32331,1905.9067652597512,1905.19482421875,0.4160704762137217,0.1123975184129198,1.227029393171421,-0.4441716564686857,-0.028979974587367,846.0418919187298,22.571195523874447,1.0,200.0,12,13,194,219.0,NAWANSHAHR
37136,Chak Bala (111),AMRITSAR,30.9909916,74.99378,37136,1904.579971126022,1905.192626953125,0.5214417103077417,0.1673324468822726,1.2876811542316382,-0.5073860349023638,-0.0863658258893674,953.765833657016,22.6391379412903,1.0,70.0,70,72,170,144.0,AJNALA
35885,Kamalu (87),BATHINDA,29.9819813,75.09392,35885,1905.453957733465,1905.19189453125,0.643137498076509,0.2753830946089197,1.5606817800445063,-0.6043604732011965,-0.1914416643633524,604.497506734115,24.39469082818229,1.0,499.0,225,0,356,537.0,TALWANDI SABO
37499,Sahnewali (227),AMRITSAR,31.7477474,74.96446,37499,1905.411108903828,1905.1917724609375,0.4495713576575569,0.1236067274892693,1.3903874199814898,-0.4281571613513541,-0.0562173238593085,1024.3535149639854,22.163529950658656,1.0,337.0,197,0,309,382.0,MAJITHA
37046,Kalo Majra (256),PATIALA,30.3243237,76.41959,37046,1905.573743975443,1905.189453125,0.3240756008671024,0.0529196101358384,0.9331385795082112,-0.373740219821622,0.0194864545785193,788.8995203187363,23.02710038097979,1.0,173.0,15,18,152,173.0,RAJPURA
28639,Kaler (148),GURDASPUR,31.8018017,75.3687,28639,1906.169021600207,1905.1876220703125,0.5361066009213685,0.2192162259568709,1.506715468281254,-0.5155335624516938,-0.1315459740906558,1014.7424531278753,22.07417839876658,1.0,116.0,700,100,165,129.0,QADIAN
36704,Shadipur (219),PATIALA,30.3423424,76.41278,36704,1905.7742970687707,1905.187255859375,0.379086816718036,0.1589582948550495,0.9840476136497208,-0.4300565194812366,-0.0443366130212564,891.9319963729714,22.96204129907745,1.0,342.0,128,63,164,364.0,SANOUR
35977,Makhewala (165),MANSA,29.81982,75.36639,35977,1902.6318234283824,1905.183837890625,0.6106669691775843,0.2647323127681028,1.5340661061537195,-0.5727459292266346,-0.1737946271361331,679.5863273967706,24.402696572088505,1.0,599.0,0,237,340,599.0,JHUNIR
33043,Mughlewal (19),LUDHIANA,30.8468475,76.11909,33043,1904.853653032796,1905.181396484375,0.496567843997223,0.1882858605713847,1.2562436946130695,-0.5152939113281797,-0.0913501800903234,851.0235640218156,22.741619939577788,1.0,95.0,0,35,69,102.0,MACHHIWARA
33014,Jiwanpur (47),LUDHIANA,30.8468475,76.11909,33014,1907.0435125001409,1905.18115234375,0.4594179218731377,0.144254744425705,1.1320558168957584,-0.4858057972727641,-0.0582720186360948,840.8652018784527,22.737924460338565,1.0,87.0,0,15,51,119.0,MACHHIWARA
36493,Shankerpur (99),PATIALA,30.34911,76.4339,36493,1904.8791876360208,1905.1806640625,0.3677066947845872,0.1063368090134178,0.5525335949950756,-0.3887448090293535,-0.0207299992725472,870.3448864629166,22.86558953724557,1.0,278.0,103,103,193,278.0,SANOUR
39257,Batauli (157),S.A.S Nagar,30.4324322,76.85941,39257,1904.8454758268188,1905.1805419921875,0.3504064536618134,0.0790108504574805,0.9473966377233224,-0.3988142218628594,0.0035974069398465,868.3965447356599,23.03573010961145,1.0,261.0,15,186,278,261.0,DERA BASSI
30562,Dalla (84),JALANDHAR,31.54955,75.65053,30562,1906.527909220027,1905.1802978515625,0.4965861854665418,0.1261693656325905,1.5139323565440137,-0.487584780072876,-0.0633038519424915,802.6662777525496,22.4268693838536,0.9955850232683504,2.47,50,100,215,291.0,BHOGPUR
37335,Dialpura (252),AMRITSAR,31.8378372,74.76184,37335,1905.173141196986,1905.17919921875,0.5504308639989203,0.2075954592830531,1.2698251874351247,-0.5356446191661683,-0.1148752775831021,954.1626438984106,22.63745259422961,1.0,190.0,134,110,169,220.0,AJNALA
36693,Guthmara (146),PATIALA,0.0,0.0,36693,1906.4745806485755,1905.1783447265625,0.3649312453135421,0.1258942876431161,0.8532099299444146,-0.426033216371312,-0.0187998667050375,904.4869187285798,22.935428991022263,1.0,190.0,60,60,140,213.0,BHUNER HERI
39033,Jhingrah (108),S.A.S Nagar,30.9909916,76.54914,39033,1902.4780854076764,1905.1783447265625,0.5029192764504887,0.1229142976418941,1.4405372833994778,-0.4949279797983167,-0.0540102427358194,899.1409334351914,22.399942850440937,1.0,55.0,62,48,136,81.0,MAJRI
32336,Tajowal (248),Shahid Bhagat Singh Nagar,31.1711712,76.10476,32336,1903.0991746487168,1905.1778564453125,0.2886195862098725,0.1212059820938282,0.6541871145023971,-0.3126688756232178,-0.018729040692269,851.0235640218156,22.741619939577788,0.7369813604638566,96.0,11,11,96,121.0,NAWANSHAHR
28826,Lala Nangal (357),GURDASPUR,31.8378372,75.01635,28826,1908.7474796738395,1905.1773681640625,0.5617329078877011,0.2003084734608313,1.3522173053765876,-0.5463491475562628,-0.1156139779894599,1039.6224948575396,22.301412025466675,1.0,50.0,55,25,79,51.0,FATEHGARH CHURIAN
32341,Dhingarpur (242),Shahid Bhagat Singh Nagar,31.1171169,76.10348,32341,1902.6682183446155,1905.1729736328125,0.4635815838600441,0.1896238504606257,1.1359926435551255,-0.4802764162086751,-0.0882619560994964,853.9511663993287,22.691869840330824,0.9528173332997286,235.0,14,0,128,250.0,NAWANSHAHR
28957,Hardowal (I) (341),GURDASPUR,32.0650444,75.45223,28957,1903.0515419690976,1905.1708984375,0.5458722984061994,0.2073616982365637,1.3531673036904768,-0.5289607703067936,-0.1197824790410421,994.0184595992464,22.46817550702201,1.0,2.47,50,150,625,1560.0,DERA BABA NANAK
35129,Bandiwala (258),FAZILKA,30.1621628,74.1888046,35129,1902.4215798161345,1905.16943359375,0.6123196064846758,0.2617696601626919,1.496064109465674,-0.5699202910683595,-0.1720451841879593,453.8282844235795,24.618321671548927,1.0,1088.0,235,124,343,736.0,KHUIAN SARWAR
36003,Reond Khurd (153),MANSA,29.8558559,75.70521,36003,1903.4929187087648,1905.1685791015625,0.5822842994278837,0.2877820646704097,1.4824924935391186,-0.5640262945343555,-0.1849206960877262,681.4317700026069,24.29639300517577,1.0,415.0,130,130,209,476.0,BUDHLADA
38855,Rampur Bet (156),RUPNAGAR,30.8828831,76.42063,38855,1900.293775796963,1905.1678466796875,0.5340571711806752,0.1823768980449876,1.4552227473043942,-0.5235777341137332,-0.1041330649631584,903.4168812444108,22.62808539330217,1.0,2.47,10,0,32,53.0,CHAMKAUR SAHIB
28644,Sadha Rang (108),GURDASPUR,31.9639645,75.41655,28644,1904.365563663768,1905.1661376953125,0.5437130346103916,0.2303474799784959,1.5795424580819697,-0.5170575163317361,-0.142583741013812,973.7182202746766,22.143738726509184,1.0,132.0,18,0,241,148.0,SRI HARGOBINDPUR
28465,Khojkipur (545),GURDASPUR,32.0577545,75.4064255,28465,1905.64038114834,1905.1654052734375,0.5635675438413033,0.2222022414770409,1.6996961230801593,-0.5279712786990474,-0.1420752192553821,1031.3100907018083,22.178079881455176,1.0,54.0,34,34,48,55.0,KAHNUWAN
29600,Dumeli (8),KAPURTHALA,31.3240128,75.53772,29600,1901.8225613179384,1905.1654052734375,0.590706475232354,0.2427886187677308,1.7493924675895158,-0.5496581198572447,-0.1632139548933347,751.3030676203091,22.703069968413416,1.0,1084.0,179,0,476,664.0,PHAGWARA
36749,Ibrahimpur (278),PATIALA,30.1621628,76.5228348,36749,1904.814205998989,1905.1650390625,0.3524791411330392,0.146338702091394,0.919021442654558,-0.3990419148249027,-0.0373679218863533,938.8886126969988,22.85354740486282,1.0,175.0,60,60,76,191.0,BHUNER HERI
39256,Kurli (158),S.A.S Nagar,30.68977,76.57738,39256,1905.3489218049087,1905.1630859375,0.3754954827238785,0.1016129306039603,1.0180244334209294,-0.4171414358080911,-0.0139557712201786,868.3959746429027,23.035729235460707,1.0,194.0,60,145,242,194.0,DERA BASSI
36681,Shadipur (137),PATIALA,30.216217,76.39803,36681,1908.0562197381244,1905.1614990234375,0.3002505953156025,0.0760377311720701,0.7925412264999183,-0.3649786159782017,0.0149152614584159,899.5570113173482,22.834852763358217,1.0,141.0,113,113,163,152.0,BHUNER HERI
32816,Dangheri (72),FATEHGARH SAHIB,30.5045052,76.2471161,32816,1906.6692479241256,1905.15966796875,0.4106165836723122,0.0903697763584534,1.1418500855328844,-0.4072473348568058,-0.0229420297902114,811.6769003225876,22.907291994159948,1.0,178.0,55,58,150,187.0,AMLOH
39212,Nogiari (282),S.A.S Nagar,30.72072,76.71098,39212,1904.7701936404303,1905.1583251953125,0.3692565632508278,0.0527816100559126,1.096405392989953,-0.3903586592057028,0.0105163865909305,809.8476621320145,22.86854183890836,1.0,150.0,50,0,202,419.0,KHARAR
36891,Chapar (336),PATIALA,30.3243237,76.60746,36891,1904.6788443346293,1905.1575927734375,0.3619717411840588,0.141393366311117,0.9394079644111162,-0.415183206936668,-0.035759330774701,899.3850258363824,22.83252697257896,1.0,764.0,255,250,450,823.0,GHANAUR
36494,Gaunspura (100),PATIALA,30.34911,76.4339,36494,1906.9409107101148,1905.1572265625,0.3276789641589798,0.0933883434275462,0.8394767513003594,-0.3774057444696372,-0.0007290622121246,870.3448864629166,22.86558953724557,1.0,300.0,35,40,65,300.0,SANOUR
28627,Mansurke (175),GURDASPUR,31.81982,75.36219,28627,1905.6918249995565,1905.1563720703125,0.5567487204534308,0.2237504980372194,1.7296283149862328,-0.5178773991224469,-0.1450162256074069,1017.3592280782874,22.085936877765967,1.0,65.0,22,0,39,74.0,QADIAN
37771,Sialka (208),AMRITSAR,25.783783,87.48457,37771,1903.881521292325,1905.1544189453125,0.4754380447067869,0.1548206466759127,1.3919043846924382,-0.4706179513933557,-0.0781803602596352,1010.3204640557664,22.236575219337794,1.0,226.0,46,0,253,247.0,TARSIKKA
29630,Khati (57),KAPURTHALA,31.259634,75.7152939,29630,1906.844752792528,1905.1536865234375,0.5869665178031026,0.2204537362695157,1.788536447242101,-0.5503195843319333,-0.1454487038940985,746.0230234076874,22.86978814647381,1.0,179.0,43,0,200,110.0,PHAGWARA
37000,Haryaon (15),PATIALA,30.64865,76.38148,37000,1903.045844984926,1905.1522216796875,0.3431066165024638,0.0955832946127993,0.9325566357579308,-0.372890187286807,-0.0078430354240739,835.0453413923861,22.951438611704614,1.0,252.0,0,102,115,116.0,RAJPURA
39149,Baihrampur (38),S.A.S Nagar,30.6846848,76.70329,39149,1904.7761856240377,1905.15087890625,0.4072727810270207,0.0271143904414698,1.1315166822403688,-0.4222650438053906,0.0250625885668236,814.3875989129441,22.74644426539641,0.2651698794845279,50.0,22,55,234,230.0,KHARAR
35929,Kusla (100),MANSA,29.7657661,75.30493,35929,1903.7915133007364,1905.150146484375,0.6488688650230137,0.2964688374775716,1.6177014568967176,-0.6065866937324405,-0.2082117641283877,660.5824848392053,24.4517874335344,1.0,3115.0,355,554,654,1363.0,SARDULGARH
28724,Sarupwali (292),GURDASPUR,31.8558559,75.15829,28724,1903.1985699682173,1905.149169921875,0.522983401816682,0.2118611062146558,1.6369284730819926,-0.4960782904197799,-0.1310076837990486,1047.5752594878572,22.056767351109784,1.0,267.0,160,155,279,300.0,BATALA
29675,Khera (101),KAPURTHALA,31.3106575,75.58601,29675,1909.2949318212304,1905.146728515625,0.4587712471091705,0.1132683288297644,1.4039720021480369,-0.4507469782547653,-0.0547165529498132,789.2529609610932,22.57912219385276,0.492341212661189,191.0,41,0,517,130.0,PHAGWARA
37068,Ghurama Khurd (251),PATIALA,30.4684677,76.59517,37068,1904.7344310605824,1905.1448974609375,0.333276576051836,0.0641115188731258,0.8502838037777887,-0.4036907448267735,0.0220317676350529,788.8995203187363,23.02710038097979,1.0,139.0,35,24,44,149.0,Shambu Kalan
39234,Azizpur (283),PATIALA,30.64865,76.38148,39234,1903.441254332669,1905.1439208984375,0.3842050731815811,0.035423405664428,1.0171072591128705,-0.4221672694642897,0.0279476248609388,796.313727181186,22.73863612910958,1.0,719.0,102,90,114,170.0,RAJPURA
35992,Malkon (159),MANSA,29.8558559,75.70521,35992,1905.806218240183,1905.1434326171875,0.6193381380480845,0.2690713115871608,1.5291401762637231,-0.5925603841263702,-0.1777610895269311,686.2028323502338,24.351933736166085,1.0,537.0,129,100,360,601.0,BUDHLADA
37419,Talwandi Nahar (272),AMRITSAR,31.8378372,74.76184,37419,1905.802155737536,1905.14306640625,0.5202123483734592,0.1689354507522083,1.2615761078551204,-0.5120879265270418,-0.0860657073979248,994.0184595992464,22.46817550702201,0.8528759064769248,206.0,189,189,278,236.0,AJNALA
35973,Hirke (176),MANSA,29.7117119,75.2436142,35973,1903.5514824353463,1905.142822265625,0.6733645899720581,0.3037177224987498,1.65085816425076,-0.6176778999897576,-0.2189647799326537,707.172310110364,24.485730645949964,1.0,841.0,159,393,491,937.0,SARDULGARH
36497,Multanpur (103),PATIALA,30.34911,76.4339,36497,1904.7019957116645,1905.1409912109375,0.3565455566450162,0.0992380022692134,1.0043601800605566,-0.392926604925895,-0.0132877134971967,870.3448864629166,22.86558953724557,1.0,78.0,114,114,435,93.0,SANOUR
39259,Sangotha (160),S.A.S Nagar,30.4324322,76.79672,39259,1905.4277058492248,1905.1392822265625,0.3843198771725912,0.0809884850933256,1.089798750068947,-0.4247767162094182,-0.0028296996443329,868.3965447356599,23.03573010961145,1.0,74.0,25,71,109,178.0,DERA BASSI
36002,Reond Kalan (152),MANSA,29.927927,75.55207,36002,1904.418517718888,1905.137451171875,0.574217219934056,0.2625877790009966,1.502373022779566,-0.5568422287310942,-0.165331511295647,675.757760088672,24.27341660039025,1.0,1014.0,405,380,580,1208.0,BUDHLADA
39238,Khaspur (231),PATIALA,30.3423424,76.45454,39238,1904.8499449091096,1905.135986328125,0.3010986187341954,0.0402471982003467,0.8344134854426517,-0.3616144897764818,0.0317209526802573,788.8995203187363,23.02710038097979,1.0,185.0,40,40,265,210.0,RAJPURA
36876,Gobindgarh Dhakli Kami Kalan (375),PATIALA,30.3603611,76.4894943,36876,1904.0022478190965,1905.13525390625,0.3273671512353689,0.1130563019647793,0.935492123050061,-0.3777747822142754,-0.0202676451021456,837.0152929996116,23.12501803940461,1.0,197.0,0,0,1,197.0,GHANAUR
38837,Taprian Dyal Singh (134),RUPNAGAR,30.8828831,76.42063,38837,1899.0120983807624,1905.1351318359375,0.5976108720105888,0.2863821931249158,1.5758238974203287,-0.5707691430854529,-0.1879148697378509,916.721189301242,22.821435243015912,1.0,94.0,0,0,1,93.0,CHAMKAUR SAHIB
37772,Mehmudpura (210),AMRITSAR,25.7657661,87.47129,37772,1903.409101436368,1905.1336669921875,0.4951835308682109,0.1951967049966748,1.4635561495422271,-0.4862705931193702,-0.1092979424790107,1018.930765633886,22.211714671027764,1.0,21.0,79,0,126,174.0,TARSIKKA
28831,Chhichhrewal (326),GURDASPUR,31.8558559,74.96737,28831,1904.929836284328,1905.131103515625,0.5480561627296366,0.2183201734458998,1.5418709113143307,-0.5222794706372784,-0.1343019360205559,1039.6224948575396,22.301412025466675,1.0,45.0,55,50,210,34.0,FATEHGARH CHURIAN
39219,Kalauli (275),PATIALA,30.54054,76.6937943,39219,1903.3091008331496,1905.1297607421875,0.4113937178836377,0.1165488083119146,1.3013537501156405,-0.4232067777180563,-0.0417151922922177,809.8476621320145,22.86854183890836,1.0,300.0,90,90,123,493.0,RAJPURA
39302,Bhagsi (193),S.A.S Nagar,30.666666,76.6051941,39302,1906.2357067931289,1905.1290283203125,0.3542362049602267,0.0630472628932599,0.961393340955116,-0.3896561000486606,0.0106217574191679,784.1068896462815,22.79214443029321,1.0,179.0,28,120,170,179.0,DERA BASSI
28457,Tugalwala (533),GURDASPUR,32.05775,75.40643,28457,1905.3336876601168,1905.12890625,0.5768864655769202,0.2497624146103415,1.8454648222549337,-0.5347624468693527,-0.1694829645785995,1023.849105546718,22.131737759093173,1.0,725.0,382,382,710,694.0,KAHNUWAN
30267,Naurangpur (170),JALANDHAR,31.5855846,75.6586151,30267,1904.532624908472,1905.1285400390625,0.5482769512662589,0.191076480484561,1.6951493757089178,-0.5185894005883751,-0.1190967168215116,785.577917378177,22.57207088470267,1.0,311.0,20,20,200,331.0,ADAMPUR
29654,Chak Hakim (75),KAPURTHALA,31.29546,75.57155,29654,1908.937921741128,1905.1279296875,0.5015140440384359,0.1071365544216385,1.5909992134662445,-0.4884362944000558,-0.0488943917835383,784.3672483583324,22.61197235252364,0.8505182349281976,172.0,13,12,540,161.0,PHAGWARA
37015,Mangpur (37),PATIALA,30.4864864,76.58844,37015,1903.649083096146,1905.1275634765625,0.2825865278820695,0.034263861786097,0.7733492302221916,-0.3413871765679279,0.0409719444892014,828.8671615531342,22.97204433731389,1.0,136.0,28,16,122,145.0,Shambu Kalan
36902,Sultanpur (111),PATIALA,30.3243237,76.60746,36902,1902.166529539265,1905.12744140625,0.3581348754117893,0.1494830931487275,0.9178598082588808,-0.4068264861664274,-0.0434833260786293,852.713057677974,23.02399660360237,1.0,167.0,4,4,18,189.0,GHANAUR
32107,Thandian (102),Shahid Bhagat Singh Nagar,31.18919,76.24561,32107,1905.9040252025625,1905.1260986328125,0.5010238155444222,0.1513318158427683,1.3767525374844745,-0.505999385156643,-0.0762910949249661,795.2970954587357,22.747902170555847,0.9941896312827896,196.0,102,102,301,243.0,BANGA
39266,Tasimbli (165),S.A.S Nagar,30.4918785,76.79734,39266,1905.274124543084,1905.1258544921875,0.3550033710111799,0.0820559953554742,1.0671410852651604,-0.38468676219915,-0.0063416494246425,879.953721444835,22.7014883934649,1.0,573.0,38,258,427,573.0,DERA BASSI
31805,Khushalpur (87),HOSHIARPUR,31.309391,75.50477,31805,1901.9708624930768,1905.122802734375,0.5710746469351812,0.223898206080113,1.607959408042284,-0.5527932688235807,-0.1421604907200088,790.2334722688096,22.580193486697112,1.0,50.0,45,31,113,70.0,MAHILPUR
32906,Kotla Ajner (206),FATEHGARH SAHIB,30.666666,76.2490845,32906,1906.057336051164,1905.121826171875,0.539857173804104,0.2217953174314992,1.475896156046685,-0.5238678907827572,-0.133299296886888,901.8612000157732,22.79804944424137,1.0,193.0,60,129,249,214.0,KHAMANO
29045,Mand islampur (35),KAPURTHALA,31.6011333,75.44704,29045,1905.1986447946904,1905.1202392578125,0.3729599718254451,0.1033181272091127,0.9643748294320402,-0.3861731791988945,-0.0133208844050209,814.325123495507,22.431042233755143,0.9993045321680912,10.0,4,4,4,57.0,NADALA
36866,Kami Kalan (370),PATIALA,30.3603611,76.4894943,36866,1903.366683612572,1905.1185302734375,0.3788121021978176,0.1198018823694505,1.161346517356974,-0.4039365147113653,-0.0367150423308479,849.2257826539361,23.046438622398576,1.0,280.0,200,200,521,360.0,GHANAUR
38695,Paprala (184),RUPNAGAR,30.9729729,76.53469,38695,1901.0722832769025,1905.1142578125,0.4581017163297338,0.090875393323993,1.4659820631293867,-0.4481093858199501,-0.0383818485786336,903.4168812444108,22.62808539330217,0.3734830287652079,7.0,10,12,112,102.0,RUPNAGAR
38842,Jatana (142),RUPNAGAR,30.9009018,76.43501,38842,1897.4328983254504,1905.11328125,0.5609249199888258,0.2168847849954715,1.5296203104678607,-0.5487859222969127,-0.1325141776129019,916.721189301242,22.821435243015912,1.0,147.0,40,0,210,184.0,CHAMKAUR SAHIB
39268,Doshpur (167),S.A.S Nagar,30.6897526,76.57741,39268,1905.919627390572,1905.109375,0.4000502333797808,0.0686705806017346,1.267703377130451,-0.4140944230708614,-0.0072549331168358,879.953721444835,22.7014883934649,1.0,128.0,0,0,15,45.0,DERA BASSI
37004,Akbarpur (35),PATIALA,30.4864864,76.60935,37004,1904.135150475344,1905.1031494140625,0.3639352044777616,0.0570798993699345,1.03416466785133,-0.3926816300265106,0.0111186544005609,828.8671615531342,22.97204433731389,1.0,99.0,99,50,115,108.0,RAJPURA
29626,Chak Prema (53),KAPURTHALA,31.3240147,75.53773,29626,1905.7218637453327,1905.1007080078125,0.6098578501094492,0.2430241242791793,1.7597567766895403,-0.5719120690578724,-0.1630574835378191,746.0230234076874,22.86978814647381,1.0,362.0,61,0,140,116.0,PHAGWARA
32901,Shiraj Majra (199),FATEHGARH SAHIB,30.6126118,76.2274246,32901,1904.630738248976,1905.0975341796875,0.549706586474287,0.2119967925925363,1.5218178746383264,-0.527748112816527,-0.1283688124354899,901.8612000157732,22.79804944424137,0.8986420558307837,100.0,20,45,60,103.0,AMLOH
32967,Badecha Bada (313),FATEHGARH SAHIB,30.81906,76.35195,32967,1900.472160456566,1905.0972900390625,0.5888554567823334,0.2510627490315658,1.601236307978494,-0.5583229331024231,-0.1651380120706096,956.793064158191,22.8899654269361,1.0,250.0,100,100,147,280.0,KHAMANO
28779,Dahbanwala (275),GURDASPUR,31.8204823,75.19994,28779,1902.325968419634,1905.0955810546875,0.5968915836447658,0.2756724606150482,1.9046859944433847,-0.54680315429711,-0.193104758885421,1049.3408122971634,22.06157727492143,1.0,50.0,125,100,175,415.0,FATEHGARH CHURIAN
28648,Rangar Nangal (115),GURDASPUR,0.0,0.0,28648,1902.2081964565991,1905.0946044921875,0.5331963554510144,0.2154514314453181,1.6340197982031663,-0.5055676160059858,-0.1340372925527712,1036.721501373275,22.148706472509183,1.0,140.0,90,90,125,696.0,BATALA
36964,Kharajpur (76),PATIALA,30.4684677,76.59517,36964,1907.2606518357409,1905.09423828125,0.4184863036658432,0.0982827329494622,1.2203552075477642,-0.4386138760107679,-0.0266746450753943,828.8671615531342,22.97204433731389,0.8995716639467922,114.0,338,350,515,163.0,RAJPURA
37367,Chainpur (319),AMRITSAR,31.6756763,74.8427048,37367,1908.714486111519,1905.093505859375,0.5617829993072787,0.2193865246362476,1.4575949287814771,-0.527600109102125,-0.1326675904721387,904.1482898404496,22.86324585740084,1.0,255.5,120,120,222,279.0,HARSHE CHHINA
36840,Kamalpur (356),PATIALA,30.18018,76.53683,36840,1904.0433723220551,1905.087158203125,0.3714266649429465,0.1688754820403419,1.771638797824829,-0.3907178618252898,-0.0695542915462699,906.0479336229564,22.955096350543645,1.0,29.0,30,43,44,101.0,GHANAUR
37339,Sudhar (261),AMRITSAR,31.8018017,74.94468,37339,1904.662425849279,1905.086669921875,0.5555247292083049,0.2128110953799681,1.3398798180585028,-0.5395961813124587,-0.1235115230595229,994.0184595992464,22.46817550702201,1.0,232.0,336,178,247,272.0,AJNALA
36423,Fatehpur (83),PATIALA,30.3423424,76.41278,36423,1904.7909393469367,1905.085205078125,0.502548605749932,0.1794894697216608,1.3782161407424187,-0.4931705259208501,-0.0960469461195906,776.475006760481,22.95393530695505,1.0,171.0,48,51,147,181.0,NABHA
37049,Rampur Khurd (258),PATIALA,30.3603611,76.44773,37049,1905.7690669211647,1905.0802001953125,0.361707498608698,0.0719238689031557,1.0051545813114704,-0.407604210067277,0.0030881261116694,788.8995203187363,23.02710038097979,1.0,150.0,16,21,212,150.0,RAJPURA
36984,Mandwal (32),PATIALA,30.4645824,76.5719,36984,1906.3286277753084,1905.078857421875,0.3117016229519559,0.0450771725447325,0.8638296749850596,-0.3466058628278473,0.0262427477059974,854.3460759332078,22.88706598896545,1.0,217.0,102,104,221,239.0,Shambu Kalan
36410,Bhore (110),PATIALA,30.45045,75.974884,36410,1904.6631412044765,1905.078369140625,0.5471065067253416,0.1671599318079411,1.4451887752960106,-0.5354790783406053,-0.0921354574100119,770.5302441000593,22.942919488689284,1.0,385.0,65,62,290,457.0,NABHA
30331,Shahpur (146),JALANDHAR,31.2072067,75.5438843,30331,1903.818187223396,1905.0767822265625,0.6109915860397734,0.2344411094796375,1.853506896328338,-0.5667573878525463,-0.1625700704452471,785.577917378177,22.57207088470267,1.0,3.23,6,4,60,162.0,JALANDHAR-EAST
39209,Mote Majra (279),S.A.S Nagar,30.72072,76.71098,39209,1903.7506075496883,1905.0762939453125,0.3903552466843257,0.087517678086921,1.130277985120433,-0.4182839347098975,-0.0117626441370945,809.8476621320145,22.86854183890836,1.0,600.0,123,218,450,405.0,KHARAR
39299,Jhawansa (191),S.A.S Nagar,30.6846848,76.6194839,39299,1905.8842337701924,1905.0745849609375,0.3936243437840299,0.1026510827717571,1.10441807090786,-0.4235729188119602,-0.0217609020109504,784.1068896462815,22.79214443029321,1.0,185.0,0,119,200,185.0,DERA BASSI
36505,Rasulpur Jaura (82),PATIALA,30.3317146,76.42189,36505,1909.313907789892,1905.0712890625,0.441221185258316,0.1545803225029647,1.2133192544062563,-0.457859222689249,-0.0642824679449374,839.1855749299424,22.919619997673408,1.0,281.0,77,77,177,281.0,SANOUR
37233,Chak Bazid (145),AMRITSAR,31.7117119,74.6176147,37233,1908.6763671036344,1905.071044921875,0.5437778628989007,0.1961225208335435,1.3410488463567647,-0.5273043413616277,-0.1097172707511467,890.6723353078263,22.813989407574297,1.0,13.0,10,12,12,15.0,CHOGAWAN
35134,Kheowali Mustal Bare Ke (253),FAZILKA,30.1621628,74.1888046,35134,1904.481768140444,1905.0682373046875,0.59882957226513,0.2361242470841243,1.463182062809682,-0.5631720248322838,-0.1531704015526393,442.4093252203288,24.66640406660395,1.0,3000.0,405,405,487,1215.0,KHUIAN SARWAR
29644,Maheroo (84),KAPURTHALA,31.2484074,75.73042,29644,1909.758271355512,1905.0660400390625,0.5624037286855357,0.1796562565998357,1.7914409335234875,-0.52361806269781,-0.1166516893629979,786.780599885329,22.61577534771762,0.9888736896161794,850.0,162,0,336,510.0,PHAGWARA
29035,Mand Kamalpur (37),KAPURTHALA,31.5423832,75.43614,29035,1906.201213715932,1905.063232421875,0.5298181341410825,0.1677135678231746,1.562277577563187,-0.5027936383514442,-0.0952658953984302,800.9258451869385,22.437382947828382,1.0,30.0,1,1,1,30.0,NADALA
38875,Raulu Majra (163),RUPNAGAR,30.9009018,76.41402,38875,1902.09831580322,1905.0625,0.5130529436223307,0.1781957452304062,1.3396949262986226,-0.5083123864281748,-0.0921986050539584,903.4168812444108,22.62808539330217,1.0,216.0,90,94,264,245.0,CHAMKAUR SAHIB
32177,Sarhal Qazian (66),Shahid Bhagat Singh Nagar,31.0990982,75.9627762,32177,1905.867485032416,1905.0595703125,0.604990258188772,0.2350500076193583,1.7163428283331383,-0.5671855449499428,-0.1590179597086547,794.4119500100007,22.668821985992885,1.0,50.0,20,0,407,274.0,AUR
37398,Kotli Sakkianwali (295),AMRITSAR,31.6756763,74.8427048,37398,1906.503476487939,1905.057861328125,0.5326063734144351,0.1841615451799586,1.2902241100197522,-0.5253739396321926,-0.0964871697589759,954.861266221391,22.49703048091681,1.0,142.2,52,52,112,160.0,HARSHE CHHINA
36827,Tiwana (354),PATIALA,30.3243237,76.31522,36827,1905.2782404524075,1905.0567626953125,0.3740232706048738,0.2114667117649663,1.1371779818635597,-0.4077465097866508,-0.0916295361007672,895.9456476380723,22.91402532560585,1.0,782.0,300,121,162,313.0,BHUNER HERI
32739,Jallah (50),FATEHGARH SAHIB,30.3603611,76.3850861,32739,1904.8361975026507,1905.0560302734375,0.435733941521173,0.1540526366911167,1.2574998301449951,-0.4369387056403752,-0.0726571149731177,859.5636877229111,22.88169449138212,1.0,236.0,48,55,358,276.0,SIRHIND
30572,Kingra Chowala (123),JALANDHAR,31.54955,75.62938,30572,1905.439898431177,1905.05419921875,0.5580086991422382,0.1910164582528616,1.7674398309995691,-0.5291734706911357,-0.1214239666507464,763.1229069987492,22.406836287223715,1.0,504.0,200,175,350,520.0,BHOGPUR
28693,Mamrai (225),GURDASPUR,31.8558559,75.13707,28693,1906.85392011501,1905.05029296875,0.610176917681816,0.2846435114834604,1.927286725003782,-0.5630700995104775,-0.2000587937267979,1052.7587746291467,22.06907465730641,1.0,77.0,118,110,123,84.0,BATALA
39221,Khanpur Khaddar (238),PATIALA,30.3243237,76.41959,39221,1901.058491980003,1905.048828125,0.3388486570862726,0.0924498229474341,1.0057360692755806,-0.3839062372571205,-0.010721812963433,802.5406730582221,22.798405577312337,1.0,192.0,12,10,80,114.0,RAJPURA
36878,Sanaulian (115),PATIALA,30.3423424,76.41278,36878,1904.4996515891407,1905.047119140625,0.3830124948871073,0.1191441855597313,1.114185502189727,-0.4162902442023834,-0.0337659110434824,852.713057677974,23.02399660360237,1.0,298.0,90,90,223,355.0,GHANAUR
38705,Lakhmipur (186),RUPNAGAR,30.9549541,76.52025,38705,1901.072793370045,1905.0469970703125,0.5020117836605833,0.1479266040757661,1.4150769328717414,-0.4912925929904904,-0.0767882184247234,897.7438551838642,22.4914204686343,1.0,2.47,220,50,115,114.0,RUPNAGAR
39166,Bar Majra (25),S.A.S Nagar,30.7567558,76.63484,39166,1902.875007539964,1905.0465087890625,0.3618135892469301,0.0263655196176715,1.0480949569583495,-0.3791137553642746,0.0186829197034659,814.3875989129441,22.74644426539641,0.0,80.0,250,0,187,151.0,KHARAR
28660,Nasirpur (114),GURDASPUR,0.0,0.0,28660,1902.4979013500963,1905.046142578125,0.5176934838958023,0.2014447482102888,1.5627287399594985,-0.4923334945371828,-0.1191046600196354,999.0331154761316,22.14573478079664,1.0,310.0,154,145,215,338.0,BATALA
33031,Mubarakpur (7),LUDHIANA,30.81081,76.34226,33031,1904.197876937804,1905.0438232421875,0.4664713323737491,0.141572795550271,1.1625719171320656,-0.4906643596584227,-0.0556747268160094,851.0628132831665,22.74095295875472,1.0,175.0,0,69,106,186.0,MACHHIWARA
29593,Chair (32),KAPURTHALA,31.32393,75.537735,29593,1903.9931741645505,1905.0430908203125,0.6336105243099056,0.2638776410824536,1.8005469627365542,-0.587922378980292,-0.1839129430943459,758.6326393296616,22.882709852809228,1.0,199.0,49,0,160,131.0,PHAGWARA
36975,Akkar (278),PATIALA,30.4864864,76.58844,36975,1905.459394182499,1905.04248046875,0.4303964019173888,0.0942250735856847,1.1296657486666697,-0.4539631088826124,-0.0211167226411722,856.6988582422211,22.8839076656905,1.0,160.0,65,147,236,198.0,Shambu Kalan
36842,Jharwan (399),PATIALA,30.3563671,76.72409,36842,1903.2906672983029,1905.0423583984375,0.2311464374900957,0.0997051765804054,0.5428360801405611,-0.3142780271553478,0.0195531090196718,930.369684379329,23.05397686465227,1.0,42.0,15,10,42,110.0,GHANAUR
36775,Makhmailpur (303),PATIALA,30.3423424,76.35014,36775,1905.1632129169343,1905.04052734375,0.3763345002049528,0.1252105165311303,1.0884185645233737,-0.4128717476985933,-0.036221046224778,950.329183221037,22.824199579737417,1.0,162.0,24,54,103,174.0,BHUNER HERI
39170,Sambalki (292),S.A.S Nagar,30.72072,76.71098,39170,1905.886406883652,1905.039794921875,0.3720818440860809,0.0364752505198721,0.9847929832884929,-0.4031648949396078,0.0269986424291625,814.3875989129441,22.74644426539641,0.4918270541017203,5.0,50,40,132,148.0,KHARAR
29680,Nangal (102),KAPURTHALA,31.3123188,75.59098,29680,1908.8143476447983,1905.036865234375,0.4779596996036737,0.1373060412375116,1.4422044211722225,-0.4644281674649188,-0.0778901801210217,789.2529609610932,22.57912219385276,0.7130842999287023,264.0,62,60,672,185.0,PHAGWARA
29573,Rehana Jattan (11),KAPURTHALA,31.405405,75.4074249,29573,1901.856032716605,1905.0360107421875,0.549167547562354,0.2113887516986892,1.5902331564887884,-0.5229013078249616,-0.1320322948956903,748.94707848849,22.77746067420567,1.0,1105.0,352,0,554,609.0,PHAGWARA
37425,Chogawan (CT),AMRITSAR,31.6576576,74.5953445,37425,1912.3356739800024,1905.027587890625,0.5633948892144601,0.2229078177728949,1.518029270627303,-0.5340988059477144,-0.1419740359053124,905.1560530930424,22.874661210488128,1.0,742.0,458,555,868,0.0,CHOGAWAN
36795,Arnauli (316),PATIALA,30.2122288,76.45671,36795,1906.174566491624,1905.0272216796875,0.3682257681722096,0.1304545280025037,1.0326455930918117,-0.4100189603702436,-0.0358539084012608,933.9662305882172,22.865263469051733,1.0,71.65,40,40,92,203.0,BHUNER HERI
29631,Khurampur (63),KAPURTHALA,0.0,0.0,29631,1906.949853371384,1905.0247802734375,0.554166022313029,0.21364385370608,1.603823074774948,-0.5400442425819965,-0.1345609833173958,746.0230234076874,22.86978814647381,1.0,241.0,18,0,214,158.0,PHAGWARA
37791,Malak Nangal (106),AMRITSAR,31.6396389,75.17347,37791,1904.0673067200244,1905.021484375,0.5018359673232915,0.1968142310041896,1.530401520064936,-0.4826324836332442,-0.1138156634501185,1040.6461003234283,22.149015923229683,1.0,2.47,131,131,230,218.0,TARSIKKA
36440,Sakrali (115),PATIALA,30.3603611,76.13451,36440,1905.86841664344,1905.02099609375,0.5053469825311669,0.208854886649315,1.3200661220496157,-0.5022162965510732,-0.1119932685123436,789.8528907117271,22.968595182888865,1.0,359.0,157,180,291,406.0,NABHA
35962,Hingna Urf Bhagwangarh (179),MANSA,29.6936932,75.23012,35962,1902.999986790409,1905.0206298828125,0.651218728837202,0.2906900519731371,1.6269123921491668,-0.6011004059401305,-0.2027027197352913,698.7858357837098,24.55972594437503,1.0,772.0,168,193,293,353.0,SARDULGARH
37489,Majwind (244),AMRITSAR,31.7477474,74.96446,37489,1906.5761468099336,1905.0186767578125,0.4058246696187322,0.0552843251109455,1.0751064226138385,-0.4062919828796844,0.0086565577377314,969.8854777028458,22.378567518482896,1.0,149.0,37,10,120,163.0,MAJITHA
36898,Magar (109),PATIALA,30.3603611,76.6356659,36898,1902.986645532408,1905.0181884765625,0.368419103555972,0.1689246831287933,0.9018495657690428,-0.4323427415651467,-0.048993595399914,852.713057677974,23.02399660360237,1.0,117.0,44,46,80,124.0,GHANAUR
33132,Boundal (125),LUDHIANA,30.7567558,76.29937,33132,1902.735974248623,1905.01513671875,0.4906020765796628,0.1472212401968814,1.403093021971029,-0.481560314834419,-0.0748508727927616,887.4487522056,22.71525586757884,1.0,118.0,40,40,135,137.0,SAMRALA
29636,Sikri (47),KAPURTHALA,31.3873882,75.39295,29636,1902.896866771792,1905.01416015625,0.5629107770868714,0.1950783377064397,1.622447614654578,-0.5351521211565619,-0.1202850795503981,746.0230234076874,22.86978814647381,1.0,104.0,89,0,108,104.0,PHAGWARA
32091,Kariha (120),Shahid Bhagat Singh Nagar,31.1531525,76.30083,32091,1904.908672828416,1905.013427734375,0.4937993952107042,0.1444746881099579,1.315645596886537,-0.4949622761622396,-0.0684824081745638,821.0139524215655,22.634863176873573,1.0,2.47,140,78,296,631.0,NAWANSHAHR
32769,Shekhupur (289),FATEHGARH SAHIB,30.55856,76.39417,32769,1907.524487783124,1905.0042724609375,0.5135657118913103,0.2177946073747733,1.38642733447884,-0.5052445386780666,-0.1207925546208854,847.0825549855599,22.88298998666693,1.0,583.0,42,74,109,137.0,SIRHIND
36929,Sahal (121),PATIALA,30.3423424,76.41278,36929,1905.960401558009,1905.00341796875,0.3359205673067291,0.1063754958737816,0.8905045554632841,-0.3988287483034954,-0.0115541521419617,852.713057677974,23.02399660360237,1.0,98.0,100,100,270,262.0,GHANAUR
37438,Umarpura (319),AMRITSAR,31.7657661,74.95786,37438,1908.2481093740544,1905.0013427734375,0.433945353129618,0.1025721655049759,1.0534225382283624,-0.4569108551802153,-0.0229494095140259,1002.4769100358384,22.25821241457089,1.0,71.0,45,45,57,83.0,MAJITHA
33029,Burj Sherpur (22),LUDHIANA,30.8468475,76.11909,33029,1903.857969543718,1905.0,0.515467667929534,0.181791876574374,1.3450498502187371,-0.5268726196944052,-0.0941588267408166,851.0235640218156,22.741619939577788,1.0,2.47,0,15,19,34.0,MACHHIWARA
36446,Bhari Panechan (131),PATIALA,30.54054,76.23355,36446,1903.120369223809,1904.999267578125,0.4960758900632396,0.1921193586684941,1.3277163334814313,-0.4883448358274311,-0.1023546845355978,842.9220206797494,22.902562768522667,1.0,497.0,80,80,300,551.0,NABHA
37761,Nibbarwind (188),AMRITSAR,31.6396389,75.19463,37761,1905.218554383116,1904.9986572265625,0.4505285037554915,0.1514722087770407,1.454920583210649,-0.4425292183019724,-0.075242430233939,1010.3204640557664,22.236575219337794,1.0,192.0,46,46,142,218.0,TARSIKKA
37465,Thariwal (220),AMRITSAR,31.8558559,74.96737,37465,1905.372753858396,1904.990478515625,0.4418565317114791,0.1100070133970279,1.2860512146255807,-0.43932764814601,-0.0414833647472024,1042.5178786563113,22.079357632460816,1.0,187.0,58,35,209,210.0,MAJITHA
30581,Nahal (37),JALANDHAR,31.2972965,75.57383,30581,1904.7681437982,1904.97314453125,0.5475501128142118,0.2003262135282118,1.7358763497426986,-0.5128249837191757,-0.1287448816201608,762.588733713855,22.406507616634823,1.0,0.005,0,25,500,106.0,JALANDHAR - WEST
37232,Miadi Kalan (144),AMRITSAR,31.6936932,74.6243,37232,1907.6228119459224,1904.971923828125,0.5165556854472149,0.1765123578096506,1.2547154915978975,-0.5076825556825916,-0.0876521709841433,890.6723353078263,22.813989407574297,1.0,287.0,75,72,185,316.0,CHOGAWAN
37456,Kotli Mallian (212),AMRITSAR,31.7657661,74.95786,37456,1903.5622186627515,1904.971435546875,0.4960019546730663,0.1648877836180751,1.5183789819163562,-0.4844925513525733,-0.0896855837886977,1010.3204640557664,22.236575219337794,1.0,144.0,124,68,192,176.0,MAJITHA
38885,Boor Majra (227),RUPNAGAR,30.9582939,76.52594,38885,1901.659156234848,1904.9708251953125,0.5074565213924288,0.1771024200552469,1.324193215174188,-0.506369750408086,-0.0903725705947491,903.4168812444108,22.62808539330217,1.0,150.0,215,160,390,438.0,MORINDA
30632,Bhatnura Lubana (14),JALANDHAR,31.5080833,75.5953751,30632,1903.9718994789728,1904.970458984375,0.5617917234005508,0.2351734433024599,1.704181334645137,-0.5309711726297891,-0.1541953872757009,786.1698511054414,22.39146673789071,1.0,2.47,65,0,804,414.0,BHOGPUR
28952,Paracha (347),GURDASPUR,32.0180168,75.03599,28952,1903.753838180285,1904.9700927734375,0.5508595554986371,0.1823255489175527,1.3505420098343557,-0.5310649286352352,-0.0997873442826528,1028.0513673198518,22.34372498094913,1.0,2.47,100,100,160,162.0,DERA BABA NANAK
36899,Lanjan (362),PATIALA,30.3423424,76.62156,36899,1901.9978840859028,1904.9700927734375,0.3778195992281367,0.177164789701454,1.0072742340918512,-0.4310240272180791,-0.0604257776246036,859.369378035958,23.00706483853361,1.0,146.0,23,33,40,88.0,GHANAUR
36967,Pilkhani (54),PATIALA,30.3063068,76.4264145,36967,1906.047826029556,1904.9678955078125,0.3257427448421172,0.0494591755249112,0.8732238951733042,-0.3760856850748263,0.0245452773290382,828.8671615531342,22.97204433731389,0.7629888483842129,318.4,207,207,350,322.0,RAJPURA
35146,Jandwala Mira Sangla (127),FAZILKA,30.1621628,74.1888046,35146,1902.447981055829,1904.9669189453125,0.6037467627963151,0.2511305124837149,1.4463637561236882,-0.5672682509996269,-0.1603693987145377,428.9166774922683,24.72549389936029,1.0,1406.0,548,642,845,1611.0,KHUIAN SARWAR
37506,Bhilowal (179),AMRITSAR,25.783783,87.48457,37506,1906.8347305894008,1904.9664306640625,0.4445344053605321,0.1442755110637898,1.3537556801636224,-0.4409861135468322,-0.0661549298166907,1010.3204640557664,22.236575219337794,1.0,526.0,51,256,484,554.0,TARSIKKA
37454,Kotli Dhole Shah (213),AMRITSAR,31.7657661,74.95786,37454,1903.558130229432,1904.963623046875,0.4637799665008289,0.1433948243337729,1.302413743514588,-0.4636144250243584,-0.0652666104143636,1027.505072991543,22.15363481225174,1.0,230.0,112,112,325,217.0,MAJITHA
37235,Kotli Khaira (139),AMRITSAR,31.753336,74.7846756,37235,1906.7979301647863,1904.9635009765625,0.5131805974543626,0.1855264314156133,1.210113558511155,-0.514886162442629,-0.0904535899980609,890.6723353078263,22.813989407574297,1.0,125.0,25,0,52,163.0,HARSHE CHHINA
39226,khanpur Bangar (276),PATIALA,30.3423424,76.45454,39226,1903.2996212739977,1904.9617919921875,0.3404971680965505,0.0659867777403953,0.9418546925699968,-0.3811847953260228,0.0078286793091365,809.8476621320145,22.86854183890836,1.0,273.0,120,70,340,238.0,RAJPURA
36757,Khansa (287),PATIALA,29.8738747,76.1760254,36757,1906.6407543924297,1904.9600830078125,0.3938292188522619,0.1686560965172326,1.1416873405378016,-0.4139806728564252,-0.0663711368439785,953.2359185626404,22.819398500379805,1.0,217.0,130,126,156,249.0,BHUNER HERI
28838,Awan (352),GURDASPUR,31.86153,74.9676743,28838,1905.750862632188,1904.9593505859375,0.5156667445945986,0.1639670483834452,1.2264264738914807,-0.5146802658896852,-0.0785296508012973,1039.6224948575396,22.301412025466675,1.0,67.0,65,60,95,166.0,FATEHGARH CHURIAN
36755,Ahru Kalan (285),PATIALA,30.1981983,76.50913,36755,1907.295635168671,1904.9552001953125,0.2924508315157906,0.1020225595608411,0.7301634421508184,-0.3475929170151584,0.0018054986092345,891.7813758707009,22.95950181663044,1.0,271.0,86,86,308,294.0,BHUNER HERI
38667,Nanakpur Alias Sharfabad (43),RUPNAGAR,30.9729729,76.51368,38667,1902.8916751178144,1904.955078125,0.4950491578882159,0.1138884301566498,1.6873690731885909,-0.4530421742826488,-0.071458604367568,831.6264393737214,22.690114987082723,0.3909671398724817,20.0,20,15,130,47.0,RUPNAGAR
37011,Sural Khurd (8),PATIALA,30.3603611,76.44773,37011,1900.67646582237,1904.947021484375,0.3152573936376417,0.0059029268480532,1.117712161299384,-0.303278364610243,0.0237915083152859,868.2293090035813,22.92007999424692,0.6094527527592822,187.6,26,20,45,188.0,RAJPURA
29624,Gulabgarh jagir (54),KAPURTHALA,31.3873882,75.39295,29624,1906.27930704774,1904.946533203125,0.5905039108770938,0.2431587413971098,1.6897805204982663,-0.5624562303984002,-0.1595178855359085,746.0230234076874,22.86978814647381,1.0,266.0,49,0,89,160.0,PHAGWARA
29599,Bhabiana (7),KAPURTHALA,31.2248821,75.76635,29599,1901.3323909616515,1904.9461669921875,0.5819526697099723,0.2411928796364993,1.6575947438946057,-0.5480252017158976,-0.1561278711160871,747.1172324414183,22.835238334168064,1.0,1081.0,245,0,399,680.0,PHAGWARA
36919,Faridpur Jattan (123),PATIALA,30.3243237,76.60746,36919,1904.603344960968,1904.94189453125,0.355923595525745,0.1182922617761574,1.0005843407265045,-0.4107283400932738,-0.024480824301767,852.713057677974,23.02399660360237,1.0,115.0,109,109,255,139.0,GHANAUR
32798,Bir Bhamarsi (58),FATEHGARH SAHIB,30.3603611,76.3642044,32798,1905.5662713021973,1904.9415283203125,0.4496585123829393,0.1795094700257227,1.2188025930450406,-0.4539360256735474,-0.0847545693365752,859.5636877229111,22.88169449138212,1.0,399.0,38,42,174,454.0,SIRHIND
39216,Gobindgarh (296),S.A.S Nagar,30.72072,76.71098,39216,1903.9923910195423,1904.939453125,0.3740510753067432,0.0753582473465058,0.9088103618828682,-0.4190651478807428,0.00891774352065,809.8476621320145,22.86854183890836,1.0,50.0,150,150,360,276.0,KHARAR
39253,Tiwana (226),S.A.S Nagar,30.6897526,76.57741,39253,1904.7139115921127,1904.9329833984375,0.4299391667891935,0.1313508644611842,1.228007189852932,-0.4500393124269708,-0.0487505303964507,776.6454461028474,22.8950439547636,1.0,305.0,60,152,230,306.0,DERA BASSI
39208,Tangauri (278),S.A.S Nagar,30.72072,76.71098,39208,1904.659326032008,1904.9327392578125,0.3643333130335914,0.0874615261933548,1.0001317413828283,-0.4018933827315366,-0.0031347304942866,809.8476621320145,22.86854183890836,1.0,610.0,65,125,275,426.0,KHARAR
37598,Rampura (362),AMRITSAR,31.6576576,74.87052,37598,1911.9356834817104,1904.927734375,0.5153136031432396,0.1800433124073522,1.370194892066045,-0.4985383823099248,-0.0989173419865166,915.0597788342598,22.907534025188703,1.0,238.0,146,121,254,294.0,ATTARI
39277,Seehpur (176),S.A.S Nagar,30.63063,76.57665,39277,1905.7394437711444,1904.9263916015625,0.3722713050799061,0.0761935601020209,1.0302948643620742,-0.4082130905281312,0.0006859170398819,879.953721444835,22.7014883934649,1.0,124.0,0,10,45,125.0,DERA BASSI
30571,Ghorewahi (95),JALANDHAR,31.5202446,75.66023,30571,1905.124614525266,1904.924560546875,0.5377136170483847,0.1808081375300112,1.709416103616639,-0.5152302406846375,-0.1103966396558121,762.8501041718255,22.40666843482757,1.0,447.0,15,13,465,483.0,BHOGPUR
30802,Mehndipur (146),HOSHIARPUR,31.8738747,75.49124,30802,1903.3738289225853,1904.923828125,0.5458543474878107,0.2621501454888175,1.4992088289176648,-0.5270272149802159,-0.1593019392620439,928.5261276175872,22.425879731414227,1.0,55.0,25,40,90,59.0,DASUYA
37033,Manakpur (272),PATIALA,30.3423424,76.45454,37033,1902.352876819641,1904.923583984375,0.3581104266604938,0.0536830697414263,0.9325444700890544,-0.4036511705120348,0.0219208966601793,859.9546558659389,22.912775295225973,1.0,780.0,312,312,812,891.0,RAJPURA
37416,Kotla Sadar (277),AMRITSAR,31.7477474,74.96446,37416,1905.4316222663672,1904.91748046875,0.5480713885901148,0.2013736522498522,1.2880739988022434,-0.5359892131229741,-0.110851657674282,956.3934597184556,22.49043735746289,1.0,25.0,13,13,103,101.0,AJNALA
30579,Dhirowal (132),JALANDHAR,31.5855846,75.67976,30579,1904.958723253193,1904.9173583984375,0.5967040638769177,0.2367604128421727,1.919424131565968,-0.5506416951910864,-0.160455992069973,762.9231376339224,22.40891592337015,1.0,102.0,18,21,300,262.0,ADAMPUR
37780,Binjarwal (100),AMRITSAR,25.7657661,87.47129,37780,1905.1624534833195,1904.916748046875,0.4527262176443311,0.1494956656467704,1.4322158034751515,-0.4362339090878004,-0.0745552006416209,1033.5579057849209,22.184421860146184,1.0,23.0,50,0,22,168.0,TARSIKKA
29584,Rampur Khalian (16),KAPURTHALA,0.0,0.0,29584,1902.7960148623467,1904.9127197265625,0.5765723599917421,0.2414442328360518,1.5882444821317374,-0.5508848874927713,-0.153294749071497,746.0321840761833,22.86979753387117,1.0,368.0,80,0,140,218.0,PHAGWARA
32301,Bahlur Khurd (256),Shahid Bhagat Singh Nagar,31.0270271,76.1996155,32301,1904.903659758808,1904.9124755859375,0.1641704111177363,0.1355267286471778,0.2571205863108881,-0.1842028071902022,-0.006457867244669,851.0235640218156,22.741619939577788,0.5144413313502334,81.0,7,10,15,117.0,NAWANSHAHR
29601,Babeli (6),KAPURTHALA,31.2248821,75.76635,29601,1901.728804338556,1904.91162109375,0.584745263112381,0.2533789496772681,1.7190051221716731,-0.5382717165913165,-0.1685198382753172,746.0230234076874,22.86978814647381,1.0,320.0,15,0,112,396.0,PHAGWARA
39260,Jarout (161),S.A.S Nagar,30.4144154,76.86612,39260,1904.895571725111,1904.910888671875,0.3540071607443008,0.0656541487737026,0.945626487833656,-0.409713406003122,0.0132022507190332,868.3965447356599,23.03573010961145,1.0,653.0,175,38,640,653.0,DERA BASSI
36892,Seel (337),PATIALA,30.18018,76.51598,36892,1904.6561054658937,1904.9093017578125,0.3880000977557005,0.1501036042421963,1.061319085533893,-0.4254704931580187,-0.0502095928677016,882.8506914313791,22.851091177713155,1.0,436.0,182,302,433,479.0,GHANAUR
37237,Bhalot (140),AMRITSAR,31.80019,74.77075,37237,1904.445195801069,1904.9072265625,0.4952204415605074,0.1597086233969207,1.1848231149388335,-0.4984063897460828,-0.0698596266644165,890.6723353078263,22.813989407574297,1.0,25.0,35,0,52,113.0,HARSHE CHHINA
38812,Chak Nahar (121),RUPNAGAR,31.7477474,75.76962,38812,1901.381623101151,1904.90625,0.5493521993385757,0.2456790882683084,1.369972227326492,-0.5611948325655743,-0.1406931688885041,855.2991542031663,22.66896286104054,1.0,31.0,0,0,1,32.0,CHAMKAUR SAHIB
28461,Chochna (537),GURDASPUR,32.0571976,75.40952,28461,1907.1457857083333,1904.90576171875,0.5738777945112784,0.2340109520124494,1.6773880978700622,-0.5391471400885037,-0.1487104704834903,1031.3100907018083,22.178079881455176,1.0,50.0,40,40,50,118.0,KAHNUWAN
28837,Dogar (353),GURDASPUR,31.8918915,75.0179138,28837,1907.491202554376,1904.9044189453125,0.500620806832658,0.1554452132365469,1.1921180450094166,-0.5031332034090473,-0.0712016143695022,1039.6224948575396,22.301412025466675,1.0,45.0,55,40,620,170.0,FATEHGARH CHURIAN
38841,Manjitpura/Chamar Majra (144),RUPNAGAR,30.7747746,76.64919,38841,1897.6985826685927,1904.9010009765625,0.537499350158267,0.2129852247494231,1.3936358639053583,-0.5320386428847197,-0.1242750053752239,916.721189301242,22.821435243015912,1.0,66.0,70,20,80,72.0,CHAMKAUR SAHIB
36882,Shogalpur (366),PATIALA,30.3243237,76.60746,36882,1902.3486682008927,1904.900390625,0.3767542660002632,0.0915292895296006,1.0312252188530215,-0.4153379796325104,-0.0110330172183482,856.5450424415566,23.01424913619185,1.0,247.0,70,0,126,152.0,GHANAUR
36725,Kharabgarh (262),PATIALA,30.1621628,76.5228348,36725,1906.4777247515988,1904.9002685546875,0.3653148365038462,0.1258135150394101,1.0278324733954742,-0.4071299159248459,-0.0278947051527084,853.9574648094773,23.04326480248349,1.0,400.0,100,80,200,230.0,BHUNER HERI
32541,Chuni Kalan (62),FATEHGARH SAHIB,30.6126118,76.47865,32541,1901.642181219093,1904.899658203125,0.4066458031622296,0.109361966276886,1.144651368531143,-0.4341373645497839,-0.0261195865050966,887.0244234541433,22.81753967620523,1.0,363.0,350,158,459,363.0,KHERA
37459,Lehrka (230),AMRITSAR,31.8558559,74.96737,37459,1903.5583594868417,1904.898681640625,0.4942722548965553,0.1751066733866228,1.3955765531014612,-0.4880010014079406,-0.0909407271679985,1011.3304154033402,22.231700754273565,1.0,167.0,109,109,362,183.0,MAJITHA
39359,Rajo Majra (23),S.A.S Nagar,30.738739,76.72533,39359,1901.832192257781,1904.898193359375,0.3429786825887225,0.0727843695174701,1.0919723173696692,-0.3840268254430211,-0.0037066018596845,792.7306055506976,22.767130142442248,1.0,234.0,21,138,187,234.0,DERA BASSI
33027,Rurewal (31),LUDHIANA,30.8468475,76.11909,33027,1903.934254403624,1904.896728515625,0.4828308993997083,0.1663168383441698,1.2262586622332838,-0.5028039253655257,-0.0741746191327422,851.0235640218156,22.741619939577788,1.0,122.0,0,15,67,138.0,MACHHIWARA
28807,Langerwal (313),GURDASPUR,31.8378372,75.01635,28807,1904.5797839689844,1904.8924560546875,0.5258859203306917,0.1940622447107342,1.410580653311622,-0.5122105994837266,-0.1101369495684709,1019.3997719189086,22.27789338209597,1.0,1000.0,100,100,170,151.0,FATEHGARH CHURIAN
36464,Barhe (147),PATIALA,30.3603611,76.13451,36464,1905.635945937343,1904.8916015625,0.4978795459464027,0.175873252702887,1.323487926221107,-0.4930612036296868,-0.0894563717123139,815.9566017796891,22.94605681146857,1.0,108.0,30,35,52,108.0,NABHA
39282,Jastana Khurd (221),S.A.S Nagar,30.6897526,76.57741,39282,1904.951471483016,1904.8890380859375,0.3110021908815535,0.0205163580811506,0.7981496364305709,-0.3694642617091216,0.0525098313716154,778.2227428307045,22.873291718443376,1.0,166.0,55,120,182,229.0,DERA BASSI
29571,Gujratan (9),KAPURTHALA,31.3873882,75.39295,29571,1902.5306458501764,1904.8856201171875,0.6060243303779901,0.2439438773894186,1.9121705923416192,-0.5526953473185146,-0.1700169870951054,752.1953674962418,22.674895467667,1.0,250.0,27,0,68,134.0,PHAGWARA
37008,Naina (13),PATIALA,30.64865,76.38148,37008,1901.1532847506608,1904.8843994140625,0.3918751784503118,0.092114565931933,1.0598197241170844,-0.4031740011977885,-0.0129508201154351,853.3166134456383,22.92145580992136,1.0,175.0,10,15,109,174.0,RAJPURA
37034,Jhansli (261),PATIALA,30.54054,76.6937943,37034,1903.915555361613,1904.883544921875,0.3567322632113112,0.0676831908090031,1.0587364799718002,-0.3960781997700419,0.0039968454694245,790.1226891424542,23.01784209606289,1.0,220.0,15,15,130,220.0,RAJPURA
32292,Phul Makauri (257),Shahid Bhagat Singh Nagar,31.0270271,76.1996155,32292,1906.619485450322,1904.8812255859375,0.2952571804358197,0.1010456285631199,0.7259830153165192,-0.3194686949731725,-0.0044096167758201,851.0235640218156,22.741619939577788,0.7005596816200794,77.0,10,11,20,99.0,NAWANSHAHR
30585,Daudpur (43),JALANDHAR,31.4234238,75.717514,30585,1902.5103082885423,1904.8804931640625,0.5188211658970984,0.1595317815859238,1.6808214407134825,-0.4908610249769444,-0.0946841999816041,770.1050179645082,22.41087174484804,1.0,103.0,8,6,50,107.0,ADAMPUR
33133,Dayalpura (108),LUDHIANA,30.666666,76.2700348,33133,1902.2450076078017,1904.8798828125,0.4716495143386068,0.1312373218709159,1.3235686027534876,-0.4643935371766397,-0.0606834235975515,887.4487522056,22.71525586757884,1.0,161.0,40,40,185,180.0,SAMRALA
28672,Arianwali (144),GURDASPUR,31.81982,75.21376,28672,1904.7430383508977,1904.8736572265625,0.5466662877382016,0.2319833110672463,1.6408472886602372,-0.5146464023851229,-0.1456027056107698,1005.0942323131632,22.090537836965257,1.0,46.0,16,26,29,51.0,QADIAN
39269,Nagla (168),S.A.S Nagar,30.6897526,76.57741,39269,1906.4161134736528,1904.8709716796875,0.4366998196899144,0.1050653159510986,1.3299767796189852,-0.4441040055581696,-0.0345209273427386,879.953721444835,22.7014883934649,0.9985575393449544,360.0,150,203,472,655.0,DERA BASSI
32105,Bhaura (106),Shahid Bhagat Singh Nagar,31.2091961,76.07336,32105,1903.6037456178944,1904.8690185546875,0.50870199043549,0.1478410526596996,1.41629498446502,-0.5066112424070968,-0.0759800140688674,824.5960321948606,22.51303267408503,0.9822961629007312,2.47,52,70,398,531.0,NAWANSHAHR
29572,Miranpur (10),KAPURTHALA,31.2484074,75.73042,29572,1902.8186723289589,1904.8673095703125,0.613892462953733,0.2323871844514326,1.971166925982014,-0.554098582503076,-0.1653743476499712,752.1953674962418,22.674895467667,1.0,273.0,45,0,65,139.0,PHAGWARA
36666,Parour (218),PATIALA,30.216217,76.39803,36666,1906.14297642164,1904.8646240234375,0.3576026693488611,0.1432332494417302,0.9261043597294952,-0.3954300828628681,-0.0354504290113169,856.1218465306566,23.0379470444195,1.0,195.0,72,72,130,208.0,BHUNER HERI
36996,Chak (18),PATIALA,30.64865,76.38148,36996,1901.1067887870704,1904.861328125,0.4226379215871708,0.1529032575911725,1.2248247259429383,-0.4300974818571692,-0.0617794633982377,856.2093900688235,22.887740969914383,1.0,173.0,35,35,110,172.0,RAJPURA
39146,Raipur Kalan (294),S.A.S Nagar,30.72072,76.71098,39146,1904.943445534812,1904.8583984375,0.3920939180734016,0.0224566347111365,1.037298748748572,-0.4186560364666702,0.0348266466902781,814.2174809721018,22.751019436549385,0.6848846378459766,55.0,40,0,245,367.0,KHARAR
28819,Chataurgarh (334),GURDASPUR,31.8615761,74.96756,28819,1906.4324809755933,1904.857177734375,0.5043268471678595,0.1541486086141615,1.2305837890155755,-0.5002387126154404,-0.0730966764851078,1016.9141110379416,22.27500260561757,1.0,750.0,65,135,235,370.0,FATEHGARH CHURIAN
38687,Pathreri Rajputan (170),RUPNAGAR,30.9729729,76.51368,38687,1901.287772562912,1904.8477783203125,0.5342522874006301,0.1788597258986566,1.4991922512844102,-0.5125942671642664,-0.1014449563580153,903.4168812444108,22.62808539330217,1.0,1.0,38,38,55,142.0,RUPNAGAR
37258,Sufian (105),AMRITSAR,31.8378372,74.76184,37258,1904.4964202282447,1904.844970703125,0.5351955734159546,0.2057163263977698,1.2904778386959876,-0.5261055796610553,-0.1131287475547656,953.765833657016,22.6391379412903,1.0,150.0,89,0,163,229.0,AJNALA
36990,Dharamgarh (24),PATIALA,30.64865,76.38148,36990,1903.1168341538607,1904.8443603515625,0.422450904940984,0.127873326048048,1.0815105470129691,-0.4399306917698024,-0.0396966479949646,854.3460759332078,22.88706598896545,1.0,386.0,224,224,474,364.0,RAJPURA
37418,Chak Sikandar (276),AMRITSAR,31.7477474,74.96446,37418,1905.352462747518,1904.840576171875,0.5170604308458331,0.1716511561748174,1.223847107605671,-0.5173916488886915,-0.0827977484700189,963.4784107654546,22.486245354244367,1.0,40.0,43,43,256,418.0,AJNALA
33055,Hayatpura (269),LUDHIANA,30.8288288,76.35659,33055,1905.9002475476043,1904.8389892578125,0.5073019389863822,0.2107297640202284,1.2749100479345243,-0.522584769459226,-0.1115757259367232,873.2388697109158,22.81576084732758,1.0,74.0,45,25,57,81.0,MACHHIWARA
39029,Nangal (137),S.A.S Nagar,30.9549541,76.54126,39029,1900.213823614766,1904.838134765625,0.4032191669627349,0.0647727439925221,1.0359175563580194,-0.4378951894518633,0.0081447332565517,899.1409334351914,22.399942850440937,1.0,82.0,60,36,105,107.0,MAJRI
31897,Bhagtupur (88),HOSHIARPUR,31.3092651,75.5046844,31897,1902.2183900709888,1904.8377685546875,0.5910053324986341,0.2294680940577924,1.7053068150898052,-0.5625308786049704,-0.1515574308864763,790.2334722688096,22.580193486697112,1.0,132.0,48,58,172,153.0,MAHILPUR
36823,Marupur (327),PATIALA,30.3063068,76.28033,36823,1906.060081312589,1904.8358154296875,0.3416676870288677,0.1263887701222227,1.0134276974864511,-0.3868968447289205,-0.0319970870627659,895.9456476380723,22.91402532560585,1.0,106.0,62,62,245,110.0,BHUNER HERI
37234,Panju Kulal (146),AMRITSAR,31.72973,74.61093,37234,1906.423924093972,1904.8280029296875,0.5094393535696695,0.1853202153619948,1.2265374641674929,-0.507484558458494,-0.0913565018527371,890.6723353078263,22.813989407574297,1.0,156.0,65,65,79,166.0,CHOGAWAN
32988,Khanpur (3),LUDHIANA,30.8468475,76.11909,32988,1903.866811578044,1904.8250732421875,0.466578016495019,0.1410129430408647,1.1537931232561227,-0.4922817830183221,-0.0549024670151508,855.2991542031663,22.66896286104054,1.0,2.47,0,15,58,176.0,MACHHIWARA
37242,Chak Aul (129),AMRITSAR,31.8378372,74.76184,37242,1905.3581967139337,1904.82177734375,0.5471540790696573,0.202296456114661,1.2868791592468334,-0.5338902102384832,-0.1108087766190103,907.4706689363794,22.784846671329305,1.0,60.0,40,40,47,255.0,AJNALA
36981,Khanpur khurd (58),PATIALA,30.4864864,76.58844,36981,1906.4169360185865,1904.819580078125,0.3343771311216569,0.0818505765151032,0.867294629114084,-0.3787965363420387,0.0049202465438184,854.3460759332078,22.88706598896545,1.0,193.0,86,90,152,205.0,Shambu Kalan
32079,Jethu Mazara (136),Shahid Bhagat Singh Nagar,31.1531525,76.30083,32079,1904.104305221069,1904.8184814453125,0.4249615834620946,0.0843192144108582,1.1617825309502745,-0.4411614960235424,-0.0166057768852041,837.4629623382859,22.4019557412983,1.0,114.0,16,0,298,128.0,NAWANSHAHR
37290,Jajja (198),AMRITSAR,31.6216221,74.73572,37290,1908.667142048436,1904.8179931640625,0.5177308993066752,0.1782187989879262,1.325007560137058,-0.505848473638288,-0.0953545298251952,899.9121211368956,22.84776208363816,1.0,142.0,70,60,116,153.0,CHOGAWAN
28652,Ladho Bhana (119),GURDASPUR,31.8378372,75.14361,28652,1903.9003968708248,1904.8165283203125,0.5120685091245667,0.1766734264656173,1.5591038617689623,-0.4842038758540485,-0.1036779496523176,1040.6461003234283,22.149015923229683,1.0,124.0,112,80,113,138.0,BATALA
36825,Mahru (352),PATIALA,30.3063068,76.28033,36825,1905.1211327192848,1904.8154296875,0.3828406978879661,0.1831356597345398,1.1376131576828106,-0.4165761524590566,-0.0742033979169666,895.9456476380723,22.91402532560585,1.0,1500.0,320,320,327,570.0,BHUNER HERI
37155,Bakraur (131),AMRITSAR,31.8378372,74.76184,37155,1905.2699056534816,1904.8153076171875,0.4793498067648117,0.1508750787729642,1.1246559608636777,-0.4865281259426662,-0.0604276209776494,916.2403068633644,22.76963258815246,1.0,176.0,59,59,82,200.0,AJNALA
39197,Kurari (274),S.A.S Nagar,30.72072,76.71098,39197,1905.108496676416,1904.81494140625,0.3622281303604044,0.063535700449764,0.9363343587394168,-0.406309465297033,0.0162467182189936,802.2688634286333,22.795796607859465,1.0,630.0,200,200,588,586.0,KHARAR
32771,Saifalpur (292),FATEHGARH SAHIB,0.0,0.0,32771,1906.0700925928463,1904.8145751953125,0.4863881967235599,0.1864039357597838,1.3239992000817078,-0.4875022198147716,-0.0940578559154212,849.7533785802369,22.884488747830734,1.0,182.0,100,60,130,203.0,SIRHIND
37811,Khabbe Rajputan (65),AMRITSAR,31.6036034,75.2078247,37811,1904.802651416212,1904.8126220703125,0.5219365885587597,0.2058543483660961,1.6573588823453629,-0.4929028397629179,-0.1259811717701192,973.7182202746766,22.143738726509184,1.0,808.0,250,250,565,842.0,RAYYA
33078,Adhiana (77),LUDHIANA,30.9009018,76.18303,33078,1906.983046110176,1904.81005859375,0.4936034776691934,0.1326386228109042,1.393469151541861,-0.4892287605014143,-0.0642473936672471,876.6879233529465,22.82727164855009,0.999640352683445,138.0,18,15,101,158.0,MACHHIWARA
37019,Pahar Kalan (47),PATIALA,30.4864864,76.58844,37019,1905.355355665312,1904.8087158203125,0.2958629281557862,0.0244675095573885,0.7721391679343366,-0.3578320976773821,0.044613367738401,828.8671615531342,22.97204433731389,1.0,193.0,0,116,252,192.0,Shambu Kalan
36905,Harpalpur (116),PATIALA,30.3243237,76.60746,36905,1902.8590110316472,1904.806396484375,0.3048694502624297,0.1008232854862512,0.8120513778561482,-0.3662209529005281,-0.0037848237037497,852.713057677974,23.02399660360237,1.0,99.0,150,202,604,755.0,GHANAUR
39270,Razapur (170),S.A.S Nagar,30.6897526,76.57741,39270,1905.21011315966,1904.805908203125,0.4228124588572305,0.0891110638746319,1.2634869285898072,-0.437176465559275,-0.0197343900748109,879.953721444835,22.7014883934649,0.8317968823099868,210.0,46,136,182,290.0,DERA BASSI
28839,Bhole Ke (364),GURDASPUR,31.8540668,74.95159,28839,1906.843678758077,1904.80517578125,0.553417235246056,0.2117504634611384,1.5334716400747632,-0.5284673729225586,-0.1300124499326256,1039.6224948575396,22.301412025466675,0.8928338243668006,40.0,90,90,317,271.0,FATEHGARH CHURIAN
28688,Bhagian (180),GURDASPUR,31.81982,75.21376,28688,1906.6986313763928,1904.8018798828125,0.5543752489649975,0.2549733447410512,1.6219598402721536,-0.5189930598504887,-0.1619260302776425,1019.7492483069794,22.06568892097681,1.0,207.0,241,85,125,104.0,QADIAN
36697,Kapoori (240),PATIALA,0.0,0.0,36697,1905.7046902743573,1904.8016357421875,0.387201511472411,0.1252056914938167,0.905239355764654,-0.4367708118359273,-0.0227238195527639,904.4869187285798,22.935428991022263,1.0,113.0,30,25,250,133.0,BHUNER HERI
39355,Chadiala (24),S.A.S Nagar,30.666666,76.6051941,39355,1901.4184905066368,1904.8001708984375,0.3612123898500506,0.0763525679679036,1.0505804841468784,-0.3954062963868429,-0.0007888346095685,777.9871386487611,22.88437442990929,1.0,276.0,11,185,300,458.0,DERA BASSI
37766,Sidhwan (198),AMRITSAR,31.6576576,74.9763641,37766,1904.1229774952176,1904.797119140625,0.4801257562050228,0.1610365178902413,1.4359251094149448,-0.4699996465569053,-0.0842562407923827,1010.3204640557664,22.236575219337794,1.0,11.0,11,0,286,113.0,TARSIKKA
36761,Chohat (279),PATIALA,29.8558559,76.1830444,36761,1904.656584263308,1904.7967529296875,0.3278514979262293,0.1441480938448592,0.8091631836221207,-0.391512787541465,-0.0279224559462036,946.222157418312,22.83609238434801,1.0,334.0,83,84,154,364.0,BHUNER HERI
32640,Majra Nidhewala (48),FATEHGARH SAHIB,30.55856,76.39417,32640,1906.518854870841,1904.7958984375,0.4411675112276898,0.1598912499296432,1.265943734000904,-0.4529172906836398,-0.0730222168819531,859.5636877229111,22.88169449138212,1.0,97.0,26,58,66,107.0,SIRHIND
39261,Mirpur (156),S.A.S Nagar,30.4651146,76.8092346,39261,1904.3466542543144,1904.794189453125,0.3362698369497368,0.0612685241910615,0.8714452492306046,-0.3908691864365978,0.0210909258561883,868.3965447356599,23.03573010961145,1.0,166.0,80,112,200,200.0,DERA BASSI
37444,Athwal (313),AMRITSAR,31.7477474,74.96446,37444,1906.5396509833129,1904.793701171875,0.4396552269421368,0.091221687319322,1.138168413393695,-0.4400876575024777,-0.0199356722066189,1002.4769100358384,22.25821241457089,1.0,191.0,101,101,195,202.0,MAJITHA
39289,Tohffapur (206),S.A.S Nagar,30.4102573,76.86002,39289,1903.6895261523664,1904.7928466796875,0.3045496099313293,0.0155132550998848,0.8059320010380697,-0.3616895197859447,0.0538947897907289,777.2963141848229,22.886067941510984,1.0,153.0,23,75,430,730.0,DERA BASSI
32915,Dholewal (178),FATEHGARH SAHIB,30.8190613,76.35194,32915,1902.537529909306,1904.7913818359375,0.5383626276830126,0.216509365166795,1.481879323694278,-0.5239567351936988,-0.131673290511735,910.6487825413724,22.812432840112336,1.0,211.0,45,75,120,244.0,KHAMANO
37793,Ghohatwind Hinduan (104),AMRITSAR,31.54955,75.22766,37793,1904.3078213631536,1904.79052734375,0.5004457483359472,0.1918592571350612,1.6092492206337372,-0.4751953679390877,-0.1134143315741093,1040.6461003234283,22.149015923229683,1.0,231.0,172,175,325,256.0,RAYYA
38857,Gagon (155),RUPNAGAR,30.8828831,76.39964,38857,1900.8258917749345,1904.7891845703125,0.5403729183171055,0.1751288091030325,1.4280329293402287,-0.5269266271380794,-0.0959986271954468,904.3597423979024,22.64178787685261,1.0,201.0,29,21,140,243.0,CHAMKAUR SAHIB
36415,Lopa (111),PATIALA,30.45045,75.974884,36415,1904.1336446173736,1904.786865234375,0.5303753793759716,0.1731379180372254,1.3694231769417606,-0.5274436475021522,-0.0883285602002725,780.4497686052226,22.9613006563614,1.0,201.0,48,64,103,220.0,NABHA
35135,Lakhewali Mustal Qabul Shah (252),FAZILKA,30.216217,74.16698,35135,1904.048608823408,1904.7845458984375,0.6423020608434993,0.2780583486211381,1.566133118266943,-0.5930081318631386,-0.1902716222312001,451.664235922287,24.62715877679814,1.0,1846.0,231,260,460,2021.0,KHUIAN SARWAR
28951,Kotli Viran (348),GURDASPUR,32.0536041,75.4311,28951,1906.002558247262,1904.7822265625,0.4908899327360899,0.1394662225517085,1.2011653722868405,-0.4878708024986949,-0.0596845015607776,1039.6224948575396,22.301412025466675,1.0,2.47,20,30,41,69.0,DERA BABA NANAK
36492,Muhabbatpur (98),PATIALA,30.3317146,76.42189,36492,1903.9659908097065,1904.7811279296875,0.3307425256918122,0.0570002584837192,0.9353961377735142,-0.3534649590422981,0.0141530625160533,870.3448864629166,22.86558953724557,1.0,208.0,40,40,55,208.0,SANOUR
32076,Begampur (164),Shahid Bhagat Singh Nagar,31.0990982,76.06799,32076,1906.155249776735,1904.7806396484375,0.5144034831096751,0.145891474784831,1.4104564251362106,-0.5091260074899221,-0.0746853239114734,821.4404228141206,22.707407623049846,0.9995153988102742,120.0,18,30,250,155.0,NAWANSHAHR
31896,Thowana (97),HOSHIARPUR,31.3222256,75.97677,31896,1901.7753360425968,1904.779052734375,0.5337006519189581,0.175959443026667,1.568079177874423,-0.5151752813476113,-0.1039359552397436,790.2334722688096,22.580193486697112,0.9295682096053476,175.0,75,85,237,208.0,MAHILPUR
36665,Uppali (217),PATIALA,30.216217,76.39803,36665,1906.0124004515303,1904.778076171875,0.4060494833405932,0.1782006483064662,1.1273782597269928,-0.4259359434325228,-0.0716421807997569,855.5401804854768,23.039179985216663,1.0,304.0,115,115,176,333.0,BHUNER HERI
32910,Saidpura (194),FATEHGARH SAHIB,30.7217712,76.39646,32910,1902.8435398523145,1904.7763671875,0.5466142873269508,0.2209064068763474,1.5527892636975908,-0.5235659666724525,-0.1365248567778949,901.8612000157732,22.79804944424137,1.0,121.0,58,45,193,323.0,KHAMANO
37045,Jansla (262),PATIALA,30.54054,76.6937943,37045,1904.4344800887227,1904.7745361328125,0.3508916423921639,0.0704957076673351,0.9977157777334248,-0.3933241471589902,0.0038230213669385,788.8995203187363,23.02710038097979,1.0,313.0,31,31,431,313.0,RAJPURA
37131,Nangal Amb (110),AMRITSAR,31.6576576,74.828186,37131,1905.492897910977,1904.7711181640625,0.502246388029967,0.1636229409126132,1.199216390503391,-0.5019846568973364,-0.0763816557868615,950.941481542812,22.649136216666253,1.0,90.0,40,40,56,263.0,AJNALA
33035,Bairsal Khurd (8),LUDHIANA,30.81081,76.34226,33035,1905.1605588523807,1904.768310546875,0.4728218329027657,0.1929405056152354,1.1282179341666616,-0.5012314199132393,-0.0876428342216866,853.005123126452,22.70794639057576,1.0,88.0,3,0,42,99.0,MACHHIWARA
30316,Muradpur (138,JALANDHAR,31.4234238,75.717514,30316,1906.078165892295,1904.7630615234375,0.6239832319250881,0.2459879113677866,1.9902322505911365,-0.5713967092514534,-0.1757141437005315,783.9197557438783,22.5601291531837,1.0,83.0,9,8,65,90.0,ADAMPUR
30630,Lohar (16),JALANDHAR,31.54955,75.62938,30630,1905.1209890782552,1904.762939453125,0.5784539670152575,0.2257590937488988,1.7545445682209342,-0.5468501215688214,-0.148289514035122,787.038924788298,22.393331839258607,0.9487377008602248,250.0,12,100,184,168.0,BHOGPUR
31794,Nakdipur (84),HOSHIARPUR,31.3197269,75.94398,31794,1901.9939563754924,1904.7618408203125,0.5717689837925444,0.2205658949833591,1.563656512880948,-0.5534239781570267,-0.1366717200130356,776.6665979338508,22.710069858349257,1.0,66.0,40,51,149,89.0,MAHILPUR
36846,Mahrian (393),PATIALA,30.35538,76.7248154,36846,1903.0928822384271,1904.7615966796875,0.320730739640832,0.1112511536647125,0.8886247552210234,-0.3704831926028261,-0.012701345315784,929.960127628198,23.05453418206814,1.0,134.0,12,30,109,164.0,GHANAUR
39263,Dhire Majra (162),S.A.S Nagar,30.4604568,76.7735062,39263,1905.627727737742,1904.7615966796875,0.3594176433277407,0.068688071854797,1.0492042625125508,-0.4001352469198564,0.0052356381158068,868.3965447356599,23.03573010961145,1.0,194.0,33,112,170,197.0,DERA BASSI
37247,Granthgarh (125),AMRITSAR,31.8378372,74.76184,37247,1906.9859788527035,1904.7607421875,0.5300264629026171,0.1820263606517483,1.2931431710827557,-0.5186269614755735,-0.0958910051893878,917.5402614285844,22.767377350587992,1.0,580.0,44,44,94,99.0,AJNALA
28818,Thatha (333),GURDASPUR,31.8738747,74.96081,28818,1907.4048233073945,1904.7607421875,0.5233592705748351,0.1808074171796058,1.29032691211963,-0.5132107100415699,-0.095446631244283,1028.5068487306348,22.288484739764893,1.0,404.0,280,280,386,392.0,FATEHGARH CHURIAN
37006,Rangian (12),PATIALA,30.63063,76.36725,37006,1902.5742417115528,1904.760009765625,0.3659147724955432,0.0884349953200773,0.9995565911988046,-0.3862267651533268,-0.00870057669285,828.8671615531342,22.97204433731389,0.9922727239367912,151.0,0,10,110,167.0,RAJPURA
33036,Bairsal Kalan (9),LUDHIANA,30.9189186,76.19737,33036,1905.3318641899657,1904.7598876953125,0.4818052721794217,0.1744901787306723,1.1805440437578747,-0.5036749505439032,-0.0802848969753125,870.0462656090947,22.73383896526276,1.0,164.0,45,45,116,181.0,MACHHIWARA
33042,Tandajal (18),LUDHIANA,30.81081,76.34226,33042,1904.8725204066304,1904.759765625,0.4970927640409213,0.1753388009940215,1.30943481955087,-0.5086832635044956,-0.0867819378433985,851.0235640218156,22.741619939577788,1.0,53.0,5,0,15,55.0,MACHHIWARA
33135,Hedon (112),LUDHIANA,30.8288288,76.35659,33135,1901.531482238092,1904.7591552734375,0.5341718129042745,0.2066825114932811,1.4495303465255052,-0.5190113749750404,-0.1217604719308945,923.9367487838166,22.858995408648013,0.9993798770547856,573.0,13,0,425,623.0,MACHHIWARA
28956,Hakim Beg (340),GURDASPUR,32.0180168,75.03599,28956,1904.9074318615687,1904.759033203125,0.5404843763760523,0.2039041413466223,1.31329095133369,-0.5268325226049241,-0.1148463798261463,994.0184595992464,22.46817550702201,1.0,2.47,50,50,70,79.0,DERA BABA NANAK
39214,Dhirpur (287),S.A.S Nagar,30.7567558,76.6558151,39214,1904.0655179770065,1904.7574462890625,0.3807864946171623,0.050188912875969,0.9070546637146976,-0.4281674787115243,0.025366089660317,809.8476621320145,22.86854183890836,1.0,265.0,150,80,145,51.0,KHARAR
37273,Harar Khurd (119),AMRITSAR,31.657753,74.84883,37273,1906.9484547429588,1904.7554931640625,0.4928582207616253,0.1531401554548869,1.185554161051167,-0.4904989104278964,-0.0665849474102058,953.765833657016,22.6391379412903,1.0,251.0,120,120,193,278.0,AJNALA
36847,Naraingarh (392),PATIALA,30.3011742,76.59054,36847,1903.289899388744,1904.7513427734375,0.346580767780709,0.1250632046473364,0.9479252901283498,-0.3920922598576975,-0.0247463075523881,930.369684379329,23.05397686465227,1.0,155.0,80,60,160,170.0,GHANAUR
36968,Daman Heri (59),PATIALA,30.64865,76.38148,36968,1906.9985148049768,1904.74853515625,0.3374479322420346,0.0544709368403835,1.0154392200290496,-0.3824749809303699,0.0184041314662231,842.8181067592556,22.925514557283428,1.0,290.0,50,80,350,290.0,RAJPURA
36989,Ram Nagar Urf Saunti (25),PATIALA,30.63063,76.38819,36989,1903.218900267443,1904.7464599609375,0.3198560114616826,0.047003966887765,0.896011689376097,-0.3499699637336766,0.0225150491521755,854.3460759332078,22.88706598896545,1.0,12.0,3,4,80,102.0,RAJPURA
37446,Burj Nauabad (306),AMRITSAR,31.7477474,74.96446,37446,1907.844425904267,1904.743408203125,0.4736212951017634,0.124257770373992,1.1514981584576558,-0.4753508000263912,-0.0427994185101792,1002.4769100358384,22.25821241457089,1.0,116.0,33,33,105,131.0,MAJITHA
36489,Boharpur (95),PATIALA,30.4215488,76.4479752,36489,1904.5109082094136,1904.7421875,0.5198929885808911,0.2155933672767903,1.3767245254860416,-0.5187781041181226,-0.1190395684397082,870.3448864629166,22.86558953724557,1.0,170.0,30,36,100,179.0,SANOUR
37223,Tareen (161),AMRITSAR,31.6216221,74.6934,37223,1910.5093396499728,1904.7412109375,0.5221961926731423,0.1928955096147625,1.3021804569443047,-0.5179325192744129,-0.1026145282977494,890.6723353078263,22.813989407574297,1.0,55.0,20,40,46,64.0,CHOGAWAN
30276,Mussapur (175),JALANDHAR,31.3153152,75.58828,30276,1902.3658260510024,1904.7381591796875,0.558821109641148,0.1812398909813035,1.7138979521502,-0.5221447556830413,-0.1136919041651084,748.7543443642444,22.783546282724515,1.0,1.0,25,25,164,213.0,JALANDHAR-EAST
37338,Gaurey Nangal (259),AMRITSAR,31.8378372,74.76184,37338,1906.2579391308047,1904.7381591796875,0.5223155905014695,0.1813758486790669,1.228525647244591,-0.5161181830360462,-0.0928387290534931,994.0184595992464,22.46817550702201,1.0,181.0,99,99,147,204.0,AJNALA
32637,Wazir Nagar (41),FATEHGARH SAHIB,30.522522,76.40766,32637,1906.5062307260705,1904.7373046875,0.3945026512165179,0.1232519985608077,1.1542989284555407,-0.4135172207752407,-0.0411249052862735,859.5636877229111,22.88169449138212,1.0,156.0,68,60,115,168.0,SIRHIND
38839,Ama (136),RUPNAGAR,30.9009018,76.41402,38839,1898.1710623738952,1904.733642578125,0.6040669151977828,0.2745594423935216,1.5983520877311117,-0.5751757328988767,-0.1823162404837346,916.721189301242,22.821435243015912,1.0,94.0,1,0,1,29.0,CHAMKAUR SAHIB
39240,Mamoli (240),PATIALA,30.3243237,76.41959,39240,1903.25137735912,1904.73291015625,0.284087984576308,0.0658851787889841,0.8243662022346824,-0.3510396532859294,0.0170433432357602,783.126485210512,22.964887081844616,1.0,139.0,20,25,53,162.0,RAJPURA
36763,Bhambuan (275),PATIALA,30.1361618,76.51143,36763,1904.768055467884,1904.7320556640625,0.3680044495679267,0.0787994009204234,0.967244750415704,-0.4072291512904126,0.0009649768616127,904.4869187285798,22.935428991022263,1.0,207.0,63,63,238,264.0,BHUNER HERI
28510,Khawaja Bains (496),GURDASPUR,0.0,0.0,28510,1907.10333658696,1904.730224609375,0.5204674864680459,0.1650236455629973,1.6390653895427505,-0.4924326188275892,-0.1019456441186,1031.3100907018083,22.178079881455176,0.9371533948900012,2.0,0,0,2,315.0,QADIAN
35976,Fatta Maluka (166),MANSA,29.81982,75.36639,35976,1903.9005669140367,1904.7266845703125,0.6088743726980156,0.2190831875068792,1.5327621099414552,-0.564698967608899,-0.1388802335363848,677.1348980264368,24.41629900116489,1.0,5276.0,1115,959,1370,2328.0,SARDULGARH
37331,Kotla Kazian (244),AMRITSAR,31.6216221,74.82035,37331,1906.5489329155976,1904.725341796875,0.5064379226626948,0.1629375256014925,1.1860528986841294,-0.5051066551671917,-0.0744331096238444,968.7608589874544,22.573036661392983,1.0,85.0,18,18,22,64.0,AJNALA
38676,Mansuha Kalan (53),RUPNAGAR,31.1351357,76.53893,38676,1900.6674437932463,1904.724365234375,0.497803898678464,0.1574183315296789,1.3490603927990057,-0.4919159369385283,-0.0789492337354951,903.4168812444108,22.62808539330217,1.0,182.0,12,102,252,241.0,RUPNAGAR
37007,Ugani (14),PATIALA,30.63063,76.38819,37007,1902.4256023549613,1904.7230224609375,0.3710177241430668,0.1190339308334351,0.9948070487350912,-0.3878936362366108,-0.0267646626137677,841.560913384206,22.929707601577988,1.0,225.0,30,0,125,250.0,RAJPURA
39155,Ballo Majra (32),S.A.S Nagar,30.6846848,76.70329,39155,1902.083174671264,1904.718017578125,0.3670817351165608,0.0471556391488954,1.0387271932086624,-0.387607840904903,0.0112986261696454,814.3875989129441,22.74644426539641,0.0040461555493604,139.0,25,40,245,206.0,KHARAR
38671,Abhepur Beli (47),RUPNAGAR,31.0990982,76.5730057,38671,1904.022203328344,1904.7174072265625,0.4490499493950399,0.0649582110063455,1.213785994429318,-0.4609477298582106,-0.003947478856178,831.6264393737214,22.690114987082723,0.678596387979549,20.0,1,40,52,43.0,RUPNAGAR
37478,Kotla Pirtu (297),AMRITSAR,31.7477474,74.96446,37478,1906.0289078822675,1904.7174072265625,0.4304412926420731,0.0964990468981137,1.2612010533545286,-0.4244555465264973,-0.030093010854879,1002.4769100358384,22.25821241457089,1.0,58.0,24,0,5,68.0,MAJITHA
32529,Rail CT,Shahid Bhagat Singh Nagar,31.0630627,76.31261,32529,1900.7380472782936,1904.71533203125,0.5026823302886091,0.1233440250430005,1.4926091536046042,-0.4894905462598992,-0.0602616577134164,832.8502634724033,22.6860945984064,0.6829053223838062,519.17,40,40,510,0.0,BALACHAUR
28656,Shekhwan (138),GURDASPUR,0.0,0.0,28656,1902.5561615222,1904.7149658203125,0.5334329391548053,0.2090641829569353,1.6551439978475555,-0.5064770905324908,-0.1295695440848322,1040.6461003234283,22.149015923229683,1.0,177.0,200,200,326,384.0,BATALA
36695,Bure Majra (238),PATIALA,0.0,0.0,36695,1906.1345703604247,1904.71484375,0.3857852785810331,0.1505080755894656,0.8911351917582279,-0.4462105497870617,-0.0375946494844566,904.4869187285798,22.935428991022263,1.0,317.0,17,17,75,126.0,BHUNER HERI
36462,Jatiwal (138),PATIALA,30.54054,76.23355,36462,1905.287694927096,1904.7113037109375,0.4878349837893899,0.1683525195696744,1.2489259030641726,-0.4907583553163812,-0.0796961368324012,815.9566017796891,22.94605681146857,1.0,183.0,100,70,170,201.0,NABHA
37048,Jalalpur (259),PATIALA,30.3063068,76.4264145,37048,1904.619511007432,1904.70947265625,0.3326170349323487,0.0578830901329367,0.9559147125148912,-0.3812084953693007,0.0144973438225704,788.8995203187363,23.02710038097979,1.0,138.0,14,12,175,154.0,RAJPURA
36890,Jarikpur (335),PATIALA,30.3243237,76.60746,36890,1903.569726619102,1904.708740234375,0.2973475729899975,0.1086457859055153,0.6962956155340364,-0.3839228225904791,0.00420508917635,898.8896771045161,22.84426459010568,1.0,115.0,40,100,126,309.0,GHANAUR
37020,Dhakansu Khurd (49),PATIALA,30.4864864,76.5675354,37020,1904.3161359161963,1904.70849609375,0.2782858737930769,0.0552746712685977,0.6377328226772792,-0.3488645743906889,0.0342227248587739,828.8671615531342,22.97204433731389,1.0,204.0,0,21,57,221.0,Shambu Kalan
32540,Chuni Khurd (61),FATEHGARH SAHIB,30.7027035,76.3823242,32540,1901.7947366742608,1904.70703125,0.4936356846463909,0.156497004243109,1.3721227053266951,-0.4937882907311386,-0.0735947639373756,892.2714522799517,22.78891351348677,1.0,322.0,151,135,363,322.0,KHERA
37047,Ramnagar (257),PATIALA,30.3603611,76.44773,37047,1905.464085064785,1904.70458984375,0.3355300568582648,0.0607966619845977,0.964565889594522,-0.3828964129490885,0.0123669269951536,788.8995203187363,23.02710038097979,1.0,245.0,70,70,207,276.0,RAJPURA
37765,Rupowali Brahmanan (199),AMRITSAR,31.6396389,75.17347,37765,1904.309728210569,1904.7032470703125,0.4669022158632302,0.1380197523982471,1.4278163096176395,-0.451326470233114,-0.0669328654547603,1010.3204640557664,22.236575219337794,1.0,22.0,45,5,207,297.0,TARSIKKA
32911,Majri (197),FATEHGARH SAHIB,30.81081,76.34226,32911,1903.6171237705448,1904.7032470703125,0.5535295771436002,0.2255177583312823,1.5217945402684836,-0.5322498158591493,-0.1388381807215085,901.8612000157732,22.79804944424137,1.0,141.0,151,91,129,155.0,KHAMANO
36770,Mohalgarh (289),PATIALA,30.1981983,76.50913,36770,1903.4303975203893,1904.6981201171875,0.3911284957176579,0.1670766357665934,1.0623437084762206,-0.4156390957410734,-0.0592919877888026,957.080257262071,22.819420111283048,1.0,410.0,48,48,153,442.0,BHUNER HERI
29625,Wariah (55),KAPURTHALA,31.3873882,75.39295,29625,1905.357676584306,1904.69677734375,0.5786827671352658,0.2099960893842311,1.7060654258805452,-0.5458369875649532,-0.1370734298128627,746.0230234076874,22.86978814647381,1.0,51.0,14,0,22,48.0,PHAGWARA
37037,Bhatiras (278),PATIALA,30.3063068,76.44729,37037,1902.937696524977,1904.6956787109375,0.3657286648846993,0.0694782123263607,1.121763477374469,-0.3960777077939434,-0.0014849298823644,826.6256696004591,22.884114879534422,1.0,121.0,55,55,60,145.0,RAJPURA
28655,Jaito Sarja (132),GURDASPUR,31.8558559,75.13707,28655,1902.2883982142905,1904.6932373046875,0.522424919693927,0.2037180853052518,1.623850848778059,-0.4910415904075363,-0.1252932119336785,1058.8424117596417,22.06242331226296,1.0,429.0,295,290,528,477.0,BATALA
33003,Isapur (30),LUDHIANA,30.8468475,76.11909,33003,1902.8410455051364,1904.69287109375,0.4572863754772989,0.1588250753914031,1.1399217199394636,-0.4867716320593412,-0.063449531637236,851.0235640218156,22.741619939577788,1.0,38.0,5,15,90,43.0,MACHHIWARA
36843,Taharpur (398),PATIALA,30.3011742,76.59054,36843,1903.4519531172057,1904.6922607421875,0.2739127853119138,0.1489176244790674,0.6620904538366059,-0.351489128762928,-0.0204925948682983,930.369684379329,23.05397686465227,1.0,96.0,1,1,1,106.0,GHANAUR
38881,Pathreri Jattan (169),RUPNAGAR,30.9189186,76.5754242,38881,1901.4375352504376,1904.6920166015625,0.5013343823384249,0.1597921652982211,1.3761318153619866,-0.4863048404531523,-0.0831679888485357,903.4168812444108,22.62808539330217,1.0,1.0,1,0,242,257.0,RUPNAGAR
32805,Mararru (59),FATEHGARH SAHIB,30.5765762,76.324646,32805,1904.9094547220795,1904.6912841796875,0.4492246354219332,0.1667763540079237,1.205422233677944,-0.4565537389238961,-0.0758145181572427,859.5636877229111,22.88169449138212,1.0,111.0,17,23,101,117.0,AMLOH
29634,Palahi (60),KAPURTHALA,31.2698345,75.6930161,29634,1907.0573307011216,1904.688720703125,0.5984245405704071,0.2334688949147454,1.7590414252911886,-0.5648430269259505,-0.1546037461157935,746.0469266051892,22.86969098652333,1.0,476.0,261,0,564,356.0,PHAGWARA
36983,Uksi (33),PATIALA,30.3063068,76.44729,36983,1904.569162436215,1904.6864013671875,0.3672714057118907,0.0774235792830781,1.0268228458709394,-0.3902063665009958,-0.0028966796914053,849.974120162312,22.901647519988373,1.0,2090.0,100,105,135,335.0,RAJPURA
32338,Chak Alahi Bakhash (246),Shahid Bhagat Singh Nagar,31.1171169,76.10348,32338,1902.836483756324,1904.685546875,0.4359529841845661,0.1263946944508327,1.0992172755642275,-0.4668606618856933,-0.041176851136189,851.0235640218156,22.741619939577788,0.9969267044667348,85.0,14,0,96,149.0,NAWANSHAHR
37236,Dhandal (141),AMRITSAR,31.7534313,74.78469,37236,1904.27529310506,1904.6849365234375,0.4965981113461042,0.16574605479478,1.2113768392044657,-0.4928760775320023,-0.0781833205254216,890.6723353078263,22.813989407574297,1.0,58.0,26,0,58,125.0,HARSHE CHHINA
29580,Tanda Naroor (19),KAPURTHALA,31.2072067,75.77561,29580,1903.525284762964,1904.681396484375,0.5095982265160183,0.167316006500467,1.4666361069217575,-0.4917123728493547,-0.097590066021815,750.3895452733301,22.874262740594137,1.0,2.0,0,0,1,99.0,PHAGWARA
37457,Sarhala (196),AMRITSAR,31.7657661,74.95786,37457,1903.746519397603,1904.6790771484375,0.4549996487056965,0.1359488125354427,1.3302951047849685,-0.4527568967555154,-0.0610483682333169,1010.3204640557664,22.236575219337794,1.0,117.0,27,27,85,137.0,MAJITHA
37779,Tanel (112),AMRITSAR,25.783783,87.48457,37779,1905.3738948745493,1904.67724609375,0.4158377817521816,0.0971808130400276,1.28368261788797,-0.4090687210048971,-0.0307834019262369,1040.6461003234283,22.149015923229683,1.0,14.0,28,0,340,405.0,TARSIKKA
36917,Kutha Kheri (117),PATIALA,30.3603611,76.4894943,36917,1904.40367638127,1904.6771240234375,0.3431664438752545,0.1025224040236206,0.9367307593863138,-0.3950686682996248,-0.0115260871008699,852.713057677974,23.02399660360237,1.0,151.0,100,100,315,173.0,GHANAUR
36750,Chaprahar (280),PATIALA,30.1621628,76.5228348,36750,1905.8995646159408,1904.675048828125,0.3039550372708377,0.1463893768998578,0.8018322617804212,-0.3533288721993394,-0.0308965482468077,953.2359185626404,22.819398500379805,1.0,172.0,77,48,128,186.0,BHUNER HERI
36904,Shahpur Raian (114),PATIALA,30.3243237,76.60746,36904,1901.771130965632,1904.674560546875,0.2919213879997939,0.1115449401973337,0.7776608378951108,-0.3592681912335052,-0.0085025924448384,852.713057677974,23.02399660360237,1.0,92.0,28,28,29,99.0,GHANAUR
36986,Safdarpur (30),PATIALA,30.4864864,76.58844,36986,1904.9122068838128,1904.6741943359375,0.437883682465188,0.1633946452936183,1.09843577125744,-0.4659769305849458,-0.0641864555805855,854.3460759332078,22.88706598896545,1.0,132.0,0,8,156,140.0,Shambu Kalan
32333,Ranewal (233),Shahid Bhagat Singh Nagar,31.1711712,76.10476,32333,1905.8672852601385,1904.6724853515625,0.4764857693974637,0.1535437000246836,1.2685019038316594,-0.48453878896696,-0.0698496903601178,846.8399511702123,22.59849735723837,1.0,230.0,15,0,145,256.0,NAWANSHAHR
39271,Khelan (169),S.A.S Nagar,30.6897526,76.57741,39271,1905.6159250004168,1904.67236328125,0.4214272900882653,0.1022740099103647,1.249755909006737,-0.4367013703154266,-0.0292755423035988,879.953721444835,22.7014883934649,1.0,361.0,60,203,438,361.0,DERA BASSI
37758,Bulara (114),AMRITSAR,31.6396389,75.17347,37758,1906.041841314792,1904.6656494140625,0.4217998745778808,0.1135850958460501,1.2652902963050003,-0.4190350392112985,-0.0416118735809515,1030.2846394107155,22.190591076149623,1.0,148.0,88,88,206,168.0,TARSIKKA
37272,Gaggo Mahal (248),AMRITSAR,31.8378372,74.76184,37272,1905.3378191179047,1904.6617431640625,0.5337347938473403,0.200036164251394,1.298865207515522,-0.519311144873077,-0.1089639589464234,953.765833657016,22.6391379412903,1.0,884.0,459,0,852,962.0,AJNALA
37001,Upal Heri (34),PATIALA,30.3243237,76.41959,37001,1903.9362057911687,1904.6593017578125,0.346016505339362,0.049480654813309,0.8977441102716536,-0.3858255610853001,0.024308953185962,829.8950698412532,22.968616014298192,1.0,700.0,60,60,165,234.0,RAJPURA
39203,Bathlana (284),S.A.S Nagar,30.72072,76.71098,39203,1904.9534367573024,1904.65869140625,0.3667554781994151,0.0755152409604648,0.9095319426178684,-0.4072321021407016,0.0088437106952555,809.8476621320145,22.86854183890836,1.0,420.0,20,75,148,274.0,KHARAR
39156,Daun (27),S.A.S Nagar,30.7567558,76.63484,39156,1901.5135497755973,1904.6536865234375,0.4118611678153814,0.0687260346882629,1.149816582043672,-0.4274748206392812,-0.0082922809551294,814.3382553230778,22.70577279039108,0.3456388641373977,180.0,0,0,210,274.0,KHARAR
32187,Bika (72),Shahid Bhagat Singh Nagar,31.1723537,75.97315,32187,1904.89537172552,1904.6512451171875,0.6111657475205152,0.2482171967397855,1.708246961719193,-0.5830463947879825,-0.1687139936188886,794.239795385817,22.675455635309323,1.0,108.0,41,41,171,125.0,BANGA
39275,Sarangpur (174),S.A.S Nagar,30.594595,76.8412,39275,1906.190868333774,1904.6456298828125,0.3913274889997402,0.0678546760076793,1.1099931327616048,-0.4171035316217228,0.0002101337053453,879.953721444835,22.7014883934649,1.0,205.0,18,15,87,208.0,DERA BASSI
38877,Kotli (161),RUPNAGAR,30.8468475,76.49685,38877,1901.5652323862105,1904.6455078125,0.5184654447082578,0.1535912856059483,1.3807179351036192,-0.5030102331816686,-0.084557431535909,903.4168812444108,22.62808539330217,1.0,122.0,59,72,122,224.0,CHAMKAUR SAHIB
28511,Kiri Afgana (20),GURDASPUR,31.81982,75.36219,28511,1907.0385977347253,1904.6451416015625,0.5945269266054276,0.2303700071501462,1.831820595954026,-0.5516497388883941,-0.1564711940971111,1031.3100907018083,22.178079881455176,1.0,250.0,75,60,102,1076.0,QADIAN
37332,Khanowal (245),AMRITSAR,31.6576576,74.828186,37332,1906.596428383707,1904.6434326171875,0.5235384763009562,0.1813515530937664,1.2383347569280032,-0.5202954050717981,-0.0927609866964408,963.155794016975,22.59925655608212,1.0,90.0,180,185,255,156.0,AJNALA
36491,Fatehpur Jattan (97),PATIALA,30.3518562,76.42962,36491,1903.569526991706,1904.64306640625,0.4274598301645511,0.1613395462654089,1.1271886726629663,-0.4470016465555369,-0.0634998456355043,870.3448864629166,22.86558953724557,1.0,203.0,30,30,60,203.0,SANOUR
30271,Chak Isharwal (171),JALANDHAR,31.3153152,75.58828,30271,1904.359340913421,1904.6424560546875,0.5234807498187934,0.163541131615004,1.4219430982426051,-0.5061032253773087,-0.0906382044259531,785.577917378177,22.57207088470267,1.0,7.8,0,0,1,46.0,JALANDHAR-EAST
30787,Chack Suleman (485),HOSHIARPUR,31.81982,75.6590652,30787,1904.648661762133,1904.6422119140625,0.5397660855191537,0.2396121150425483,1.713366327381579,-0.4797667670303338,-0.1566696838289152,1056.6842551302998,22.220982381487453,0.9160468717524396,50.0,12,0,40,172.0,DASUYA
32634,Shahzadpur (73),FATEHGARH SAHIB,30.64865,76.44431,32634,1905.619469668988,1904.64013671875,0.4698910513490508,0.1819455286827443,1.2399201794836316,-0.471864632545487,-0.0908991712718626,902.5155436951176,22.79912046509893,1.0,50.0,20,20,80,120.0,BASSI PATHANA
32985,Garhi Sainian (279),LUDHIANA,30.81081,76.34226,32985,1903.1926948137416,1904.6380615234375,0.5121761445748698,0.2138537766087268,1.2426647655633778,-0.5219410846727587,-0.1121379559407564,898.376868232996,22.854413133402367,1.0,107.0,0,0,101,118.0,MACHHIWARA
36913,Ghumana (105),PATIALA,30.3243237,76.60746,36913,1906.1424957450463,1904.634033203125,0.3120409013509501,0.1009958169251263,0.8850629696438204,-0.3564644573962966,-0.0105060477835636,870.3448864629166,22.86558953724557,1.0,385.0,120,80,180,180.0,GHANAUR
29618,Dewa Singhwala (40),KAPURTHALA,31.3873882,75.39295,29618,1905.705716853762,1904.6314697265625,0.5972277785251052,0.2453432760885909,1.6527685409267023,-0.5633726005848765,-0.1615907511180465,746.0230234076874,22.86978814647381,1.0,48.0,5,0,5,67.0,PHAGWARA
32736,Majri Sodhian (307),FATEHGARH SAHIB,30.3423424,76.35014,32736,1903.833869163196,1904.6314697265625,0.46251250718046,0.1894055195481557,1.2972015419981469,-0.4723356841978591,-0.0913841261485483,872.2403338687416,22.865490249375025,1.0,194.0,40,55,129,208.0,SIRHIND
28331,Sekhwan (474),GURDASPUR,0.0,0.0,28331,1905.2052570005928,1904.6304931640625,0.5932197745514075,0.2623069223120243,1.795833002754226,-0.5447428793047188,-0.1793254055547236,1065.2094011705656,22.070351698915644,1.0,200.0,108,0,100,840.0,KAHNUWAN
32335,Madala (251),Shahid Bhagat Singh Nagar,31.0090084,76.20623,32335,1903.0046160240945,1904.6282958984375,0.3432658301458399,0.162048647987254,0.7835851653468243,-0.3572840734764729,-0.0522968996532604,851.0235640218156,22.741619939577788,0.8660999722923594,133.0,15,10,25,155.0,NAWANSHAHR
39144,Maujpur (42),S.A.S Nagar,0.0,0.0,39144,1904.2617712211704,1904.6279296875,0.4030800129569051,0.0268233809310736,1.0729425556511918,-0.4235898930948443,0.0294500557703816,814.3875989129441,22.74644426539641,0.8888793501637678,1.0,70,40,253,152.0,KHARAR
32998,Gaunsgarh (24),LUDHIANA,30.81081,76.34226,32998,1902.9414990385208,1904.624267578125,0.4630336341055486,0.1389362956086119,1.1887257985068382,-0.4788161572056301,-0.0568206907903846,851.0235640218156,22.741619939577788,1.0,69.0,10,30,45,75.0,MACHHIWARA
28829,Muridke (330),GURDASPUR,31.8615131,74.96771,28829,1905.7632269956337,1904.6190185546875,0.5572216817084303,0.2184039748534439,1.577419909015371,-0.5258867222671395,-0.1374580463808851,1039.6224948575396,22.301412025466675,1.0,225.0,200,120,189,220.0,FATEHGARH CHURIAN
36881,Sohne Majra (367),PATIALA,30.3423424,76.41278,36881,1902.2849258199408,1904.6151123046875,0.3047105574016229,0.0923529254802437,0.8200426143552852,-0.3716180645909403,0.0023306269039212,852.713057677974,23.02399660360237,1.0,210.0,65,65,188,237.0,GHANAUR
39198,Patton (273),S.A.S Nagar,30.72072,76.71098,39198,1906.067024696844,1904.6114501953125,0.3927155279273959,0.0911837578381138,1.0249727364365817,-0.4299587906782526,-0.0085718361671808,809.8476621320145,22.86854183890836,1.0,340.0,65,66,108,256.0,KHARAR
28787,Talwandi Bharth (271),GURDASPUR,31.8540668,74.95159,28787,1903.20980848717,1904.610595703125,0.5695141810619749,0.2327079177016411,1.7615935963181084,-0.5335920711191343,-0.1539216326512489,1047.5752594878572,22.056767351109784,1.0,50.0,50,50,250,213.0,FATEHGARH CHURIAN
32084,Mahdipur (129),Shahid Bhagat Singh Nagar,31.0090084,76.20623,32084,1903.1541082603223,1904.6087646484375,0.4340328071337819,0.1041351461741715,1.121757491080957,-0.4522308671421062,-0.0292682771969373,821.4404228141206,22.707407623049846,1.0,104.0,0,0,1,132.0,NAWANSHAHR
33049,Mithewal (58),LUDHIANA,30.81081,76.34226,33049,1904.5708736595368,1904.607421875,0.4641331674474572,0.1759258729823736,1.1084499247987367,-0.4952668877950321,-0.0733244777124257,875.1130966671967,22.822015854115097,1.0,146.0,0,23,59,156.0,MACHHIWARA
37342,Madu Chhanga (268),AMRITSAR,31.8558559,74.96737,37342,1905.0399595880303,1904.6060791015625,0.570538520251156,0.2381930995598781,1.4109732197949547,-0.5480190824188279,-0.1471741080405656,994.0184595992464,22.46817550702201,1.0,202.0,48,168,268,211.0,AJNALA
28836,Jhanjhian Kalan (358),GURDASPUR,31.8545189,74.95248,28836,1908.590897686804,1904.6033935546875,0.5368693974826465,0.1844182125592441,1.3338034005285588,-0.5184922729671609,-0.1003864741672526,1039.6224948575396,22.301412025466675,1.0,50.0,45,50,109,138.0,FATEHGARH CHURIAN
36790,Gagrauli (134),PATIALA,30.3063068,76.28033,36790,1907.5600474527755,1904.6011962890625,0.2794790568274598,0.0858214745251138,0.7974860895934839,-0.3371277826762078,0.0032092459045227,902.4462530616364,22.893796879586816,1.0,178.0,102,36,95,215.0,BHUNER HERI
30606,Gehlar (89),JALANDHAR,31.54955,75.67167,30606,1903.909958836276,1904.6005859375,0.5573874796174725,0.2027999486815532,1.7808271389769126,-0.5260383134354876,-0.13105246028558,762.6176915013446,22.406470357260687,1.0,133.19,154,154,232,152.0,BHOGPUR
32979,Behlolpur (69),LUDHIANA,30.9009018,76.18303,32979,1902.816506115312,1904.5997314453125,0.5351384553619393,0.191329768358875,1.4847952585065256,-0.5195366375932562,-0.1127548908579861,905.756378453006,22.8861820471202,1.0,528.0,15,15,509,658.0,MACHHIWARA
35974,Jhanduke (170),MANSA,29.7657661,75.30493,35974,1903.07042453396,1904.5986328125,0.6365857528900226,0.2774500991591385,1.6095268274466956,-0.5912868945282052,-0.1907537217904965,686.9656960413334,24.43522554249599,1.0,1659.0,442,641,991,1659.0,SARDULGARH
38739,Khabra (216),RUPNAGAR,30.9729729,76.51368,38739,1901.2227993773108,1904.5972900390625,0.4703652183704961,0.1453323206854122,1.2249607946173398,-0.4754298816569412,-0.0611416208622771,900.974764581342,22.56925405950789,1.0,10.0,28,3,315,219.0,RUPNAGAR
37413,Phere Waryah (257),AMRITSAR,31.7477474,74.96446,37413,1905.8619632123305,1904.5928955078125,0.5550049620259326,0.2057656801531853,1.340966779973907,-0.52928085007048,-0.1184289382613374,956.3934597184556,22.49043735746289,1.0,25.0,19,19,95,132.0,AJNALA
31796,Panch nangal (86),HOSHIARPUR,31.309391,75.50477,31796,1901.7673660738024,1904.5927734375,0.5786531184857243,0.2344603048884505,1.699467568883159,-0.5431626845865715,-0.1561928394115105,790.2334722688096,22.580193486697112,0.9174554731837824,9.0,57,53,127,14.0,MAHILPUR
37421,Nawan Pind (273),AMRITSAR,31.8378372,74.76184,37421,1905.3938160099256,1904.5921630859375,0.5374128670787945,0.1775844861622876,1.321131134331725,-0.5227481568865939,-0.0966575417611112,1004.41181858698,22.372299014430748,1.0,140.0,190,190,264,371.0,AJNALA
36434,Ghunder (122),PATIALA,30.54054,76.23355,36434,1904.265100713635,1904.58837890625,0.5072894364668539,0.2092490092872457,1.299423921167122,-0.503063767527328,-0.1133794935565721,787.7287448524337,22.96776244891685,1.0,215.0,80,100,180,231.0,NABHA
39199,Chau Majra (272),S.A.S Nagar,30.72072,76.71098,39199,1906.7108201080373,1904.5877685546875,0.3815321920086664,0.0432294631648541,1.0555719507291166,-0.41093654174236,0.0194813452675209,809.8476621320145,22.86854183890836,0.9841337232443956,293.0,55,100,212,307.0,KHARAR
32937,Kotla Badla (176),FATEHGARH SAHIB,30.666666,76.2490845,32937,1902.597966530144,1904.5875244140625,0.5801778601279701,0.2573710940222622,1.6119381055554411,-0.5500212811950508,-0.1684808521521652,912.1849689484804,22.82655120700739,1.0,263.0,180,120,152,287.0,KHAMANO
28456,Pindori Mian Singh (532),GURDASPUR,32.05776,75.40644,28456,1905.2361997085727,1904.5865478515625,0.6031379445147277,0.2730367654257094,1.970646964027388,-0.5523389649950715,-0.1914741828975235,1016.9852915217774,22.08910482218068,1.0,220.0,104,104,194,332.0,KAHNUWAN
37109,Awan Near Ramdas (94),AMRITSAR,31.8378372,74.76184,37109,1902.174391732916,1904.584716796875,0.5428491483653162,0.2269197038375909,1.313468106610922,-0.536405272475366,-0.1290029206929797,1034.50828505883,22.38407548103145,1.0,2950.0,200,439,576,1213.0,AJNALA
32071,Karimpur (158),Shahid Bhagat Singh Nagar,31.1171169,76.10348,32071,1905.0804646661848,1904.5811767578125,0.4907569034084705,0.1544284979879699,1.364259800468419,-0.4897227137337943,-0.0767010893165867,827.1142333077946,22.59924274136085,1.0,212.0,12,0,228,232.0,NAWANSHAHR
37442,Bhoma (315),AMRITSAR,31.7657661,74.95786,37442,1907.5605064872016,1904.580810546875,0.4725500780359066,0.1125476792837583,1.1553212577323402,-0.4750485945089233,-0.0369367412798158,1002.4769100358384,22.25821241457089,1.0,498.0,428,420,733,513.0,MAJITHA
29608,Sangatpur (41),KAPURTHALA,31.2072067,75.77561,29608,1904.7196803299653,1904.5775146484375,0.6157560642891423,0.2370002226173133,1.8477473251502008,-0.5712388168557591,-0.1669576615663171,746.0230234076874,22.86978814647381,1.0,696.0,360,0,462,418.0,PHAGWARA
31806,Khararawal Bassi (75),HOSHIARPUR,31.32221,75.9766846,31806,1901.3195909447152,1904.572265625,0.506968795457049,0.1554896711642564,1.5210441446758898,-0.4896093691065107,-0.0900614226017463,790.2334722688096,22.580193486697112,1.0,345.0,86,83,383,376.0,MAHILPUR
36897,Sheikhupur (108),PATIALA,30.3423424,76.55892,36897,1903.1589331586924,1904.5706787109375,0.3633890964801397,0.1483306837086342,0.9028107082464546,-0.4152872235192649,-0.0368722141327674,853.3926234691596,23.02226798362832,1.0,155.0,102,102,167,162.0,GHANAUR
39202,Saneta (288),S.A.S Nagar,30.72072,76.71098,39202,1904.8911051290609,1904.569091796875,0.4032404823015474,0.0545162795442906,1.076161392640065,-0.4301672787445167,0.0127411697035823,810.4765093912048,22.85162954956153,1.0,376.0,250,250,472,370.0,KHARAR
28637,Chak Tara (149),GURDASPUR,31.81982,75.21376,28637,1907.122778095204,1904.568359375,0.5357357390311094,0.2403352589583903,1.582349574629038,-0.5072877937174335,-0.1478543384793296,1019.7492483069794,22.06568892097681,1.0,1.0,0,0,1,26.0,QADIAN
37789,Chananke (110),AMRITSAR,31.6756763,75.18145,37789,1903.7624899439936,1904.5650634765625,0.4576627975530275,0.1321435151390884,1.3799858980905892,-0.4487747517589649,-0.0603294781982004,1040.6461003234283,22.149015923229683,1.0,228.0,78,78,81,635.0,TARSIKKA
28751,Khokhar Fauji (228),GURDASPUR,31.81982,75.19255,28751,1908.060681693834,1904.56396484375,0.5615767450152832,0.2425187958093542,1.784996579967168,-0.5269185005991407,-0.1609400244720426,1117.527732532253,22.07571790967114,1.0,110.0,222,200,310,189.0,FATEHGARH CHURIAN
28959,Kot Molvi (346),GURDASPUR,32.0180168,75.01474,28959,1901.6074939712607,1904.5628662109375,0.5118642810823022,0.1755332882881114,1.233798681388269,-0.5112811858169879,-0.0863359315462066,994.0184595992464,22.46817550702201,0.9982707683819412,170.0,20,20,30,219.0,DERA BABA NANAK
37230,Miadi Khurd (149),AMRITSAR,31.7864437,74.7529144,37230,1906.8022766995168,1904.5615234375,0.5185448778669742,0.1790737792588393,1.2075738403932217,-0.5181938507208816,-0.0872683400924081,890.6723353078263,22.813989407574297,1.0,105.0,28,20,45,93.0,HARSHE CHHINA
28723,Sheikhpur (295),GURDASPUR,31.8558559,75.13707,28723,1903.807040284404,1904.5609130859375,0.4544603646284755,0.1328730113533405,1.3749937688107894,-0.4442382938635917,-0.0613948007416408,1047.5752594878572,22.056767351109784,1.0,337.0,223,201,350,402.0,BATALA
39036,Goslan (113),S.A.S Nagar,30.7567558,76.63484,39036,1901.8662398925983,1904.5599365234375,0.39809018458655,0.080059156092489,1.0036395130139666,-0.4351810060576582,-0.0013195260900679,899.1409334351914,22.399942850440937,1.0,62.0,0,21,436,81.0,KHARAR
36485,Daun Khurd (91),PATIALA,30.35399,76.3571243,36485,1906.6124651741147,1904.5517578125,0.4978583091125864,0.2015576934535291,1.4368183358810414,-0.4931443772304633,-0.1102325843307675,845.2014513226281,22.909188426646928,1.0,337.0,98,98,245,337.0,SANOUR
33068,Burj Powat (65),LUDHIANA,30.9009018,76.18303,33068,1902.4917240665293,1904.543212890625,0.4753500162455354,0.1250021748516263,1.2140452344850678,-0.4888518218784608,-0.049686970306188,905.756378453006,22.8861820471202,1.0,221.0,0,0,155,238.0,MACHHIWARA
37114,Malakpur (62),AMRITSAR,31.8378372,74.76184,37114,1904.857594818731,1904.5400390625,0.5396143952267461,0.1848542791920702,1.3702508564864162,-0.5212686221076481,-0.1019936376360454,1030.0543080763798,22.43313284939164,1.0,168.0,220,65,232,384.0,AJNALA
33047,Mahadipur (59),LUDHIANA,30.8468475,76.11909,33047,1904.8391093632365,1904.5390625,0.4629227155264196,0.1613134644722549,1.2104093983140465,-0.4802116282126751,-0.072081930790458,876.6879233529465,22.82727164855009,1.0,135.0,0,15,86,146.0,MACHHIWARA
33058,Loharian (271),LUDHIANA,30.8468475,76.11909,33058,1905.798947925218,1904.537353515625,0.4549488294879715,0.1407403429718167,1.1654908872693823,-0.4727248187830155,-0.0556022577322493,891.6906680134596,22.85767634892288,1.0,10.4,15,15,62,114.0,MACHHIWARA
39245,Chharwar (230),PATIALA,30.64865,76.38148,39245,1904.244299611092,1904.5352783203125,0.3635368884721713,0.066574216262176,1.089723668066076,-0.4018805282030417,0.0037666271000705,778.5354665342273,22.915411820930952,1.0,338.0,152,152,264,337.0,RAJPURA
28802,Nasarke (306),GURDASPUR,31.8378372,75.01635,28802,1904.4469784664807,1904.5333251953125,0.5381320793492486,0.2029534313187036,1.4729799419339225,-0.5204010845303902,-0.1209242440297477,1050.3318332486251,22.06427712918044,1.0,150.0,100,115,225,281.0,FATEHGARH CHURIAN
37262,Kallo Mahal (101),AMRITSAR,31.8378372,74.76184,37262,1903.480811708445,1904.5284423828125,0.5164955086175493,0.2021288840258204,1.2392370737445533,-0.518514777424372,-0.1054461932056681,953.765833657016,22.6391379412903,1.0,173.0,50,113,118,179.0,AJNALA
32087,Gujjarpur Kalan (128),Shahid Bhagat Singh Nagar,31.1531525,76.13239,32087,1904.3003611540173,1904.5267333984375,0.5077603010138674,0.1726521783825127,1.3867466116878888,-0.4986591240413841,-0.0922537200719204,822.5248931907889,22.644034179104768,0.9286739668026346,70.04,25,22,205,215.0,NAWANSHAHR
29585,Randhirgarh (17),KAPURTHALA,31.2072067,75.77561,29585,1903.4309743354816,1904.5264892578125,0.5957988561305484,0.2379542663661341,1.7103965025965693,-0.5547077051662566,-0.1585367748621231,746.0230234076874,22.86978814647381,1.0,180.0,49,0,108,107.0,PHAGWARA
37797,Udho Nangal (107),AMRITSAR,31.6396389,75.17347,37797,1904.0485057117503,1904.526123046875,0.4753473958779956,0.1631281620964549,1.426908033393447,-0.4665680341102096,-0.0867239318721207,1040.6461003234283,22.149015923229683,1.0,2.47,59,0,810,562.0,TARSIKKA
32339,Malakpur (244),Shahid Bhagat Singh Nagar,31.1171169,76.10348,32339,1902.755789579673,1904.5235595703125,0.3956730947459658,0.141033379105438,0.9027183617941288,-0.4098202457147871,-0.0470337005717084,851.330598776719,22.73640235619312,0.8248914919422805,349.0,19,0,94,496.0,NAWANSHAHR
37261,Bhadal (103),AMRITSAR,31.6576576,74.91286,37261,1905.1234258717127,1904.5230712890625,0.5115097131451537,0.1886143273631574,1.2275130783216093,-0.5072620170046984,-0.0944300518271912,953.765833657016,22.6391379412903,1.0,120.0,35,0,32,53.0,AJNALA
37461,Abdal (229),AMRITSAR,31.7657661,74.93667,37461,1904.06488310572,1904.5208740234375,0.4684304481682057,0.145795042081213,1.3414470000341612,-0.4660257792573556,-0.0683084032838993,1022.8245111974734,22.176225241981403,1.0,573.0,169,169,579,595.0,MAJITHA
36486,Gobindpur Urf Saniar Heri (89),PATIALA,30.3718643,76.16225,36486,1906.0434144210503,1904.520751953125,0.4679361199495577,0.1839198618721336,1.2107233634596783,-0.476432813043361,-0.085274221363503,839.502629552026,22.919034550009744,1.0,404.0,40,17,37,449.0,SANOUR
39357,Humbra (236),S.A.S Nagar,30.738739,76.72533,39357,1902.4080976313485,1904.5155029296875,0.349498912693272,0.0943955044854691,1.0573493214279102,-0.389987375449408,-0.0133884447577624,776.6454461028474,22.8950439547636,1.0,87.0,21,29,42,214.0,DERA BASSI
39169,Nanu Majra (291),S.A.S Nagar,30.72072,76.71098,39169,1905.8054975683133,1904.51416015625,0.3917028867603596,0.062248599263443,1.045274246900027,-0.4182206979983902,0.0053960417908948,814.3875989129441,22.74644426539641,0.5955879800435732,50.0,50,0,126,106.0,KHARAR
28653,Zahadpur (120),GURDASPUR,31.8558559,75.13707,28653,1902.7686068220128,1904.5130615234375,0.5381135195308495,0.2045535133553969,1.6881031080547757,-0.5065065408355018,-0.127778929827687,1040.6461003234283,22.149015923229683,1.0,286.0,255,230,415,315.0,BATALA
37813,Saidoke (66),AMRITSAR,31.6036034,75.2078247,37813,1905.4847420055569,1904.5093994140625,0.527434912619627,0.2136351013470407,1.652847237844321,-0.4941508934423319,-0.1331807684721289,973.7182202746766,22.143738726509184,1.0,187.0,160,160,338,204.0,RAYYA
28786,Bishniwal (308),GURDASPUR,31.8204823,75.19994,28786,1903.7529650013928,1904.50537109375,0.5649240154575059,0.2247182192070609,1.66885945204271,-0.5347334213012531,-0.1451012550763612,1047.5752594878572,22.056767351109784,1.0,81.0,115,30,106,124.0,FATEHGARH CHURIAN
33005,Mand Jharaudi (29),LUDHIANA,30.9009018,76.18303,33005,1903.1951367823328,1904.5028076171875,0.3594229353414497,0.1443057447051876,0.8599279146303688,-0.3839424564816125,-0.0442955397838049,851.0235640218156,22.741619939577788,0.9235076848647242,62.0,15,0,91,138.0,MACHHIWARA
28823,Badowal Khurd (339),GURDASPUR,31.8540668,74.95159,28823,1906.5482304284133,1904.501953125,0.5241292740563626,0.1911598274308312,1.2898518869200246,-0.510974755227672,-0.1042576587234103,994.0184595992464,22.46817550702201,0.9986865294250246,500.0,108,100,275,271.0,FATEHGARH CHURIAN
38814,Mohan Majra (123),RUPNAGAR,0.0,0.0,38814,1899.1013679528023,1904.501220703125,0.5157638656958472,0.2068892053356648,1.3229394335953002,-0.5291961391661101,-0.1090294697070094,856.4458296094406,22.673899317656943,1.0,188.0,30,30,120,199.0,CHAMKAUR SAHIB
37010,Sural Kalan (9),PATIALA,30.3243237,76.41959,37010,1900.8039680098664,1904.4964599609375,0.2584631292521756,0.058344436806333,0.9915404181731212,-0.2262232264795748,-0.0064882881453226,860.0447279848138,22.931654698323435,0.6727279076843738,291.0,0,15,321,316.0,RAJPURA
30312,Jaganpur (136),JALANDHAR,31.4234238,75.717514,30312,1904.6345140243468,1904.4962158203125,0.5912715626952072,0.2216108283407531,1.979875765981266,-0.5421641331892035,-0.1521049094220404,763.6934541783613,22.41446358119104,1.0,110.0,5,5,35,118.0,ADAMPUR
30348,Hazara (217),JALANDHAR,31.3153152,75.58828,30348,1909.4848678871044,1904.490478515625,0.4724375347483025,0.1053658310529712,1.4799895667878422,-0.4674358522973095,-0.0443720251591357,852.7565210681854,22.502434703190893,1.0,1.6,45,45,267,133.0,JALANDHAR-EAST
37792,Jalal (102),AMRITSAR,31.54955,75.22766,37792,1904.5097959924487,1904.48681640625,0.4450879930261557,0.1365878251687888,1.369040549667239,-0.441406253728057,-0.0624531824918955,1032.1181360377666,22.191613592337465,1.0,323.0,125,330,450,467.0,RAYYA
36879,Ulana (369),PATIALA,30.3243237,76.60746,36879,1903.878841683413,1904.4866943359375,0.3529681964480977,0.1104769320928564,0.9826630350240652,-0.4004453911100975,-0.0192993776507637,852.713057677974,23.02399660360237,1.0,304.0,175,175,375,357.0,GHANAUR
36756,Ahru Khurd (286),PATIALA,30.1981983,76.50913,36756,1907.1387597057224,1904.486083984375,0.3276023814279855,0.1183846741902069,0.9032644750708282,-0.3713320575277888,-0.0202900395472634,953.2359185626404,22.819398500379805,1.0,93.0,154,153,205,104.0,BHUNER HERI
30594,Kotla (27),JALANDHAR,31.54955,75.62938,30594,1901.1208886086283,1904.4837646484375,0.5165569351630467,0.1766514686753967,1.532620948726355,-0.5042632541755929,-0.1003016261564564,762.588733713855,22.406507616634823,1.0,120.0,42,162,260,180.0,BHOGPUR
32650,Arain Majra (127),FATEHGARH SAHIB,30.626545,76.38187,32650,1906.6576248404824,1904.4830322265625,0.4599653663576074,0.1358009201619206,1.168804868576216,-0.4828296137471484,-0.0503825502614763,888.7562545945542,22.84437835799872,1.0,117.0,47,22,52,129.0,SIRHIND
38686,Nanowal (77),RUPNAGAR,30.9549541,76.54126,38686,1901.17981224735,1904.47998046875,0.4045181363639691,0.0958795000019371,1.0275169659344208,-0.4382858177947956,-0.0176227331185633,831.6264393737214,22.690114987082723,0.930465376867704,5.0,3,1,3,106.0,RUPNAGAR
32765,Jago Chanarthal (281),FATEHGARH SAHIB,30.4324322,76.42058,32765,1907.194287638389,1904.4786376953125,0.4544108827023109,0.1563513757608172,1.199706030087026,-0.4592412499126377,-0.0680976997258706,841.778795213785,22.90230654365784,1.0,309.0,55,38,157,176.0,SIRHIND
33040,Khera (16),LUDHIANA,30.666666,76.2700348,33040,1904.5173289003992,1904.4766845703125,0.4528940993565454,0.1687748282842385,1.1482747226497232,-0.4745856248521015,-0.0734098456993517,851.0235640218156,22.741619939577788,1.0,93.0,40,0,45,103.0,SAMRALA
28647,Machhike (111),GURDASPUR,31.6936932,75.47134,28647,1901.9189079369287,1904.4725341796875,0.5600194937605767,0.2375579388147146,1.7363200054227037,-0.5239335756891517,-0.1550181028453647,994.2871683090548,22.145360567586746,1.0,5.0,6,0,5,64.0,SRI HARGOBINDPUR
36909,Kheri Mandlan (338),PATIALA,30.3603611,76.4894943,36909,1904.6913402196924,1904.4635009765625,0.3688557000799258,0.152983324006825,0.943145647569684,-0.4152525179361228,-0.043848538969015,870.3448864629166,22.86558953724557,1.0,187.0,60,85,135,202.0,GHANAUR
32198,Bhukhri (96),Shahid Bhagat Singh Nagar,31.1723537,75.97315,32198,1905.192528707688,1904.4581298828125,0.5063660558844568,0.1509993447246012,1.4523979202597677,-0.4911500050723235,-0.0839945324748384,795.2970954587357,22.747902170555847,1.0,70.0,35,27,102,83.0,BANGA
32354,Khoja Bet (462),Shahid Bhagat Singh Nagar,31.1171169,76.35603,32354,1902.3785938056355,1904.45654296875,0.3577517097708035,0.1490048289235931,0.8023517851096394,-0.3652425442437996,-0.0467772467125868,855.2991542031663,22.66896286104054,1.0,137.0,30,32,82,157.0,BALACHAUR
32960,Manderan (295),FATEHGARH SAHIB,30.8288288,76.33561,32960,1901.7082516061816,1904.4547119140625,0.4911849368949418,0.1511570316086374,1.433937966522939,-0.4747076578049391,-0.0870986202450428,923.9367487838166,22.858995408648013,0.9851217447974404,176.0,55,55,183,198.0,KHAMANO
28458,Thakarwal (534),GURDASPUR,31.81982,75.3834,28458,1905.4416941644624,1904.452880859375,0.5910176391584591,0.2507185999265387,1.8116535183559217,-0.5465394897925505,-0.1695996706648025,1031.3100907018083,22.178079881455176,1.0,82.0,40,45,95,89.0,KAHNUWAN
37775,Ram Dewali Musalmana (200),AMRITSAR,25.7657661,87.47129,37775,1904.1305125063795,1904.4508056640625,0.4128482254079731,0.0932724568758977,1.2726081692647973,-0.4090114544066078,-0.0291306081506126,1034.849728582628,22.16575180389284,1.0,9.0,18,0,380,587.0,TARSIKKA
33103,Gehlewal (106),LUDHIANA,30.9009018,76.18303,33103,1903.3637568449408,1904.4453125,0.5002553767852265,0.1774427698364358,1.3212357111098485,-0.5027290828333594,-0.0903377782254468,887.4462132683744,22.71528229686594,1.0,223.0,0,15,203,244.0,MACHHIWARA
33174,Sarwarpur (117),LUDHIANA,30.7567558,76.29937,33174,1901.9490435905773,1904.4404296875,0.5129462743062022,0.1757078033880757,1.4316058472565711,-0.498110341843539,-0.0969627434585231,908.5072079987582,22.798212813840344,1.0,271.0,40,40,254,310.0,SAMRALA
28609,Ainokot (105),GURDASPUR,31.8378372,75.22844,28609,1906.8175370060048,1904.4322509765625,0.5563188357856927,0.2475865019442948,1.6053717963121708,-0.5295207613375793,-0.1569317610613879,973.7182202746766,22.143738726509184,1.0,332.0,112,112,173,364.0,SRI HARGOBINDPUR
30600,Ittan Badhi (91),JALANDHAR,31.5675678,75.64399,30600,1903.1323987449744,1904.4317626953125,0.598876450657676,0.2723371428418012,1.8438662192163453,-0.5668707717396846,-0.1862723527051501,762.588733713855,22.406507616634823,1.0,133.0,36,85,145,273.0,BHOGPUR
28824,Gharkian (354),GURDASPUR,31.8540668,74.95159,28824,1906.002348569284,1904.431640625,0.5206496686630177,0.1747732638376487,1.2684308418745494,-0.5117953660599688,-0.0892275186933322,1023.7524143917788,22.359445264324528,1.0,20.0,30,40,104,195.0,FATEHGARH CHURIAN
28792,Dhadiala Natt (296),GURDASPUR,31.8204823,75.19994,28792,1903.251826104028,1904.4312744140625,0.4969753019771721,0.1792400400001611,1.5287014566282695,-0.4810302801721469,-0.1022018840763685,1050.6007089852828,22.04966186097916,0.9262528801960316,61.0,50,85,85,722.0,FATEHGARH CHURIAN
36991,Aluan (23),PATIALA,30.54054,76.6728745,36991,1902.239809768426,1904.4312744140625,0.4537867571163949,0.1513351367569641,1.243642827876987,-0.4577828195433243,-0.0665470768611017,854.3460759332078,22.88706598896545,1.0,293.6,176,176,254,296.0,RAJPURA
33098,Kakrala Khurd (102),LUDHIANA,30.81081,76.34226,33098,1901.9502674642752,1904.4296875,0.4808685732505127,0.120541129001302,1.306304430083182,-0.469254117753704,-0.0537817182579051,920.5533593672492,22.86405487571164,1.0,269.0,42,0,256,307.0,MACHHIWARA
37414,Kot Kesar Singh (279),AMRITSAR,31.7477474,74.96446,37414,1905.770569363172,1904.4290771484375,0.5352032483061225,0.1815050394366176,1.2744927657985,-0.5214906199550406,-0.0959493338185118,956.3934597184556,22.49043735746289,1.0,27.0,22,23,99,98.0,AJNALA
32934,Dulwan (312),FATEHGARH SAHIB,30.8190613,76.35194,32934,1902.763938925969,1904.428466796875,0.5628528525348678,0.2453951707486121,1.527518322873892,-0.5372736859022984,-0.1544958436058136,944.9356778675902,22.87532644039629,0.8857522089378883,303.0,143,70,200,269.0,KHAMANO
33032,Rajewal Rajputtan (6),LUDHIANA,30.81081,76.34226,33032,1903.407312024137,1904.42822265625,0.4961970251761783,0.1632276008585767,1.2765784025303952,-0.5072523704391996,-0.0793278022099995,854.5164389462509,22.68226390288269,1.0,273.0,45,40,65,293.0,MACHHIWARA
33062,Salana (275),LUDHIANA,30.8468475,76.11909,33062,1904.5752916101844,1904.4246826171875,0.4855490705791536,0.2078121364247897,1.148264830332522,-0.5190499197499265,-0.0985057097909947,855.2991542031663,22.66896286104054,1.0,90.0,0,15,75,97.0,MACHHIWARA
37002,Kanwarpur (56),PATIALA,30.54054,76.6937943,37002,1905.246484948297,1904.4219970703125,0.3268428060703734,0.0213162792497015,0.8399960632641266,-0.3875711735774169,0.0495649448886827,828.8671615531342,22.97204433731389,1.0,2090.0,100,105,135,42.0,RAJPURA
37003,Faridpur Gujran (55),PATIALA,30.63063,76.38819,37003,1904.799711591079,1904.420166015625,0.3403582598381595,0.0613271421752716,0.8295701490260876,-0.3973808976001866,0.0239529492087738,828.8671615531342,22.97204433731389,1.0,128.8,45,40,60,131.0,RAJPURA
36818,Karanpur (323),PATIALA,30.3514118,76.4298,36818,1903.43255725908,1904.4134521484375,0.3517789774274864,0.1201978986203582,1.0443751572261109,-0.3939478806488143,-0.0296365334774415,895.9689816598852,22.913472410445834,1.0,80.0,80,80,236,198.0,SANOUR
39278,Rani Majra ( 177),S.A.S Nagar,30.4931564,76.79694,39278,1905.7321836183264,1904.4117431640625,0.3461960343124667,0.0776380653207602,0.8956512876459823,-0.3982369006984236,0.006779748014631,818.1361857659429,22.759958065189466,1.0,437.0,34,257,416,473.0,DERA BASSI
32194,Sotran (84),Shahid Bhagat Singh Nagar,31.168787,75.97543,32194,1905.695106447896,1904.4088134765625,0.5109592673702906,0.142901164682632,1.414690755934346,-0.5065223864753413,-0.0738592312849948,795.2970954587357,22.747902170555847,0.9598068224509552,40.0,0,0,106,88.0,BANGA
29637,Jagpalpur (45),KAPURTHALA,31.2106133,75.77345,29637,1903.3055628581387,1904.407470703125,0.6089783093734273,0.2351711222676947,1.8454736276788533,-0.5686012297544203,-0.1613440921456646,746.0230234076874,22.86978814647381,1.0,692.0,138,57,357,450.0,PHAGWARA
39241,Manoli Surat (235),PATIALA,30.3783779,76.37828,39241,1903.1891943412725,1904.4029541015625,0.3098132558185419,0.061921133752241,0.9562384702881448,-0.3593332594345003,0.015388104065831,776.6454461028474,22.8950439547636,1.0,351.0,204,204,440,352.0,RAJPURA
30313,Duhra (129),JALANDHAR,31.4234238,75.717514,30313,1905.0511177990456,1904.4024658203125,0.5650093621431589,0.2021413913305557,1.7917732839806424,-0.528358365541099,-0.1310979972560671,762.588733713855,22.406507616634823,1.0,180.0,30,30,400,196.0,ADAMPUR
28747,Gillanwali (231),GURDASPUR,0.0,0.0,28747,1908.18415009134,1904.40087890625,0.5700747169943347,0.2161274353357467,1.7115339659903364,-0.541156581052584,-0.139662024662198,1112.4363507137869,22.091721483666063,1.0,84.0,165,150,195,106.0,BATALA
33033,Rajewal Jattan (4),LUDHIANA,30.81081,76.34226,33033,1903.8452727128447,1904.3992919921875,0.4598464123357042,0.1433281329437495,1.151875086486688,-0.4819660341655736,-0.0565064196615392,855.2991542031663,22.66896286104054,1.0,140.0,0,0,25,150.0,MACHHIWARA
33074,Sehjo Majra (73),LUDHIANA,30.8468475,76.11909,33074,1904.1406517421824,1904.3956298828125,0.4958696511963831,0.1331411288909564,1.4245897601977415,-0.4871944963125644,-0.066944304021115,895.1186413572076,22.8646235112428,1.0,571.0,0,15,451,684.0,MACHHIWARA
37794,Ghuhatwind Musalmana (105),AMRITSAR,31.6396389,75.17347,37794,1904.515827143703,1904.3914794921875,0.4624798317598923,0.1508924148109238,1.4516790867673108,-0.4462458666345923,-0.0778098334012912,1040.6461003234283,22.149015923229683,1.0,229.0,39,30,39,196.0,TARSIKKA
29575,Baghana (21),KAPURTHALA,31.2248821,75.76635,29575,1903.006158967347,1904.3905029296875,0.48344486499517,0.1303077209450353,1.3127191789742036,-0.4799980895290162,-0.0595067859943051,765.8106592300402,22.64722119689807,0.9694858162723922,732.0,732,0,593,732.0,PHAGWARA
30299,Bahudinpur (45),JALANDHAR,31.4234238,75.717514,30299,1902.8544761055548,1904.3896484375,0.5312654919556398,0.163133093443947,1.6828878844551478,-0.4998731983707622,-0.0990262759584529,788.4978595187562,22.42155105340902,1.0,90.0,17,23,60,94.0,ADAMPUR
36826,Tasulpur (353),PATIALA,30.3063068,76.28033,36826,1905.4175851865225,1904.3873291015625,0.3741353777651059,0.1898369045407618,1.1317924708892948,-0.4117111224975519,-0.0754709054716844,895.9456476380723,22.91402532560585,1.0,242.0,27,27,77,97.0,BHUNER HERI
36453,Ranno (315),PATIALA,30.54054,76.21263,36453,1904.5798861640149,1904.38232421875,0.4681496822349759,0.1588606987719464,1.2237104410959707,-0.4702154119275089,-0.0720645459521816,815.9566017796891,22.94605681146857,1.0,162.0,7,60,140,232.0,NABHA
29607,Lakhpur (42),KAPURTHALA,31.3873882,75.39295,29607,1904.4649614115715,1904.3797607421875,0.5902105688489214,0.2186474451031816,1.7766730466485356,-0.5501349831035321,-0.1469155371474357,746.0230234076874,22.86978814647381,1.0,600.0,120,0,390,379.0,PHAGWARA
32646,Chanalon (128),FATEHGARH SAHIB,30.63063,76.38819,32646,1905.8657510703936,1904.3797607421875,0.4327633778769916,0.1558055858792359,1.1961013567903775,-0.447131427179382,-0.0648608341259699,869.6042201921047,22.868859928033466,1.0,177.0,45,60,113,205.0,SIRHIND
28803,Jangla (307),GURDASPUR,31.8560562,74.94935,28803,1904.254423846328,1904.3779296875,0.5444584921396137,0.1957000711924609,1.601949805642923,-0.5158038235271383,-0.1202681609279026,1048.500350608109,22.059287591673545,1.0,485.0,105,300,400,310.0,FATEHGARH CHURIAN
29587,Prempur (14),KAPURTHALA,31.3873882,75.39295,29587,1902.9677042837127,1904.3717041015625,0.5952257446879978,0.2366296722982841,1.7035871118819013,-0.5625140580603546,-0.1562470048606015,746.1246554942807,22.86989229397463,1.0,411.0,49,0,90,282.0,PHAGWARA
36908,Pandtan (103),PATIALA,30.3783779,76.52448,36908,1903.9815275559208,1904.3714599609375,0.3377012416331401,0.1341149420295312,0.8548299484337265,-0.3951207966082946,-0.0264151436597718,870.3448864629166,22.86558953724557,1.0,175.0,100,100,200,191.0,GHANAUR
28960,Pabbanrali (349),GURDASPUR,32.0180168,75.03599,28960,1902.616880675629,1904.3690185546875,0.5270459719258556,0.1854560744163651,1.3322362376707115,-0.514974124682572,-0.1010933777273799,1039.773040300494,22.327462873225176,0.9047127286946728,2.47,100,200,380,642.0,DERA BABA NANAK
37263,Dhurian (100),AMRITSAR,31.8558559,74.71281,37263,1904.012142186827,1904.3642578125,0.5131868988613146,0.190586071441086,1.2538547187515037,-0.5106134714121836,-0.0983123361364385,953.7793542032344,22.639080516329265,1.0,289.0,60,106,172,289.0,AJNALA
28840,Rupowali (365),GURDASPUR,31.8540668,74.95159,28840,1905.841162691598,1904.3631591796875,0.5506643269215906,0.2188851101104005,1.5368926247509678,-0.5262018811817175,-0.1360184282690199,1045.118457995547,22.296326668239228,1.0,50.0,55,50,154,260.0,FATEHGARH CHURIAN
32732,Shampur (143),FATEHGARH SAHIB,30.63063,76.38819,32732,1902.0446785924644,1904.3629150390625,0.4919974981727242,0.163221120834953,1.376022240235656,-0.4915269916636698,-0.0828248257358073,888.7562545945542,22.84437835799872,1.0,2.47,22,0,10,56.0,SIRHIND
31982,Alipur (154),HOSHIARPUR,31.1984577,76.15718,31982,1901.000510750437,1904.36181640625,0.4850197487171074,0.1572047157510112,1.276623010459255,-0.4850909582473818,-0.0760673143973762,824.3094266899504,22.539750986023872,1.0,155.0,59,83,185,173.0,GARHSHANKAR
29033,Kamalpur (38),KAPURTHALA,31.3873882,75.41406,29033,1907.8392901696309,1904.3607177734375,0.5016276375858578,0.1754128110300502,1.4802390967650458,-0.4858542067072615,-0.0945322032179379,800.9258451869385,22.437382947828382,1.0,75.0,25,25,45,82.0,NADALA
38944,Chutamali (114),RUPNAGAR,30.94006,76.41391,38944,1901.66045207562,1904.35595703125,0.4293513951926777,0.0982005104694489,0.9264530576072004,-0.4524434326092933,-0.0209211709308148,906.4872622793646,22.44614311134235,1.0,62.34,100,100,311,181.0,MORINDA
36901,Sheikhpur Rajputtan (364),PATIALA,30.3603611,76.6147842,36901,1901.625130869433,1904.354248046875,0.3224931951002054,0.1290707362688236,0.8706641453184844,-0.3792870973146852,-0.0242994169636253,852.713057677974,23.02399660360237,1.0,161.0,20,48,80,118.0,GHANAUR
29051,Mand Kula (28),KAPURTHALA,31.6016369,75.44676,29051,1905.3816403904248,1904.3531494140625,0.4208150870882726,0.1714023962055935,1.2365484306744032,-0.4053973388201807,-0.0737349737297713,800.9258451869385,22.437382947828382,0.9450394581401148,91.0,30,80,210,106.0,NADALA
33604,Karimpur (295),LUDHIANA,30.7747746,75.6425858,33604,1909.178843158948,1904.3524169921875,0.4895599335596954,0.1003656237593919,1.4140262975002478,-0.4918509577270251,-0.0415588203171845,823.3941765579601,22.73466619540329,0.9424368203909532,79.0,10,10,16,79.0,SUDHAR
39252,Mandi (152),S.A.S Nagar,30.6897526,76.57741,39252,1905.5810046909305,1904.35107421875,0.3789173788377261,0.1109135641760145,1.0076261658555812,-0.4246443917530413,-0.0204905254216782,776.6454461028474,22.8950439547636,1.0,172.0,35,67,113,172.0,DERA BASSI
37783,Bhoewal (201),AMRITSAR,31.6756763,75.16028,37783,1903.7056111136828,1904.34619140625,0.4377896810972314,0.1112845855378689,1.3464102276080308,-0.428232867516897,-0.0444277173838293,1040.6461003234283,22.149015923229683,1.0,186.23,215,215,360,496.0,TARSIKKA
37470,Kotla Sultan Singh (300),AMRITSAR,31.7477474,74.9432755,37470,1906.4002819690425,1904.3446044921875,0.495027959332521,0.1541874981686322,1.4055369627953196,-0.4835607486738607,-0.0786777156670634,1002.4769100358384,22.25821241457089,1.0,221.0,17,6,225,217.0,MAJITHA
30292,Ghurial (60),JALANDHAR,31.5855846,75.67976,30292,1902.8371044592927,1904.344482421875,0.4019163059558918,0.0465654929320846,1.1165216664316453,-0.4206382750728685,0.0127028317916976,755.0996413474828,22.65462739468733,1.0,230.0,14,10,600,325.0,ADAMPUR
31773,Gondian (47),HOSHIARPUR,31.3196583,75.94441,31773,1902.100267715388,1904.3414306640625,0.5861313614891233,0.2106579385558462,1.7524817142092344,-0.5433573778683057,-0.1373802661237,758.6326393296616,22.882709852809228,1.0,34.0,4,4,4,52.0,MAHILPUR
38644,Katli (40),RUPNAGAR,31.0270271,76.62014,38644,1901.9592872758665,1904.3377685546875,0.2593282778954614,0.178485171326457,1.0897303709370665,-0.2273177698962403,-0.086121935382574,831.6264393737214,22.690114987082723,0.6640228867418041,50.0,50,25,150,229.0,RUPNAGAR
28654,Kot Bakhtan (121),GURDASPUR,31.8378372,75.14361,28654,1902.9684117319864,1904.330322265625,0.5363031713483152,0.207183551795777,1.6400099869792415,-0.5091692395024205,-0.1276771228378173,1040.6461003234283,22.149015923229683,1.0,45.0,72,71,115,52.0,BATALA
28902,Gillanwali (380),GURDASPUR,32.0650826,75.45217,28902,1905.635587435081,1904.330078125,0.5684149292185751,0.2210010289222405,1.6297295867381414,-0.5337930712316354,-0.1413711555712207,1061.79855672474,22.2350332848082,1.0,2.47,90,90,181,194.0,DERA BABA NANAK
30633,Khojpur (13),JALANDHAR,31.6396389,75.7237244,30633,1902.0151849100369,1904.3292236328125,0.5795962080740362,0.2534753015738489,1.7228689367235308,-0.5445206328800953,-0.1668338487038241,786.1698511054414,22.39146673789071,1.0,301.0,85,20,245,333.0,BHOGPUR
37027,Kharola (3),PATIALA,30.4864864,76.60935,37027,1901.4923283675755,1904.3280029296875,0.3682803434692686,0.0549139491830663,1.0384098907529165,-0.402057932488027,0.012825981760014,866.0985268756732,22.922892968149604,1.0,211.0,140,150,325,211.0,RAJPURA
28791,Shankerpur (282),GURDASPUR,31.8541279,74.95211,28791,1903.7398129419807,1904.3277587890625,0.5175137890498255,0.1935020319689579,1.5972615286639835,-0.4978752003377181,-0.1166831903015094,1047.5752594878572,22.056767351109784,1.0,40.0,80,50,303,160.0,FATEHGARH CHURIAN
28793,Ghoga (298),GURDASPUR,31.8738747,74.96081,28793,1902.938328727811,1904.3255615234375,0.5091267390960235,0.1998374032427759,1.5324227893334692,-0.4956405227063208,-0.1159766259357851,1047.5752594878572,22.056767351109784,1.0,87.0,80,85,185,215.0,FATEHGARH CHURIAN
38693,Rasulpur (177),RUPNAGAR,30.9729729,76.53469,38693,1901.737407605572,1904.3251953125,0.4594396787180498,0.0965315732105423,1.372060695468051,-0.4539864277019126,-0.0345442862614986,903.4168812444108,22.62808539330217,0.7473572919431032,6.0,12,15,116,80.0,RUPNAGAR
37014,Dabhali (39),PATIALA,30.4864864,76.60935,37014,1902.5029648832208,1904.321533203125,0.3090435333033984,0.0462526749060387,0.8117093222802406,-0.3658385943179286,0.0308746364017675,828.8671615531342,22.97204433731389,1.0,293.0,65,65,89,300.0,RAJPURA
39291,Jaula kalan (180),S.A.S Nagar,30.58528,76.8455658,39291,1905.278208395816,1904.31787109375,0.3259461862219636,0.0389875808123754,0.92918671104974,-0.3708686174552523,0.0316835961364998,784.1068896462815,22.79214443029321,1.0,568.0,21,246,393,703.0,DERA BASSI
37005,Bhapal (38),PATIALA,30.3423424,76.47541,37005,1903.1761283719163,1904.31689453125,0.3231686532595116,0.0390034084509298,0.8916248389251338,-0.3580731820385378,0.0286619257247575,828.8671615531342,22.97204433731389,1.0,472.0,260,26,410,472.0,RAJPURA
28830,Kala Afgana (321),GURDASPUR,31.8558559,74.96737,28830,1904.088958207384,1904.3162841796875,0.5488146216415626,0.2171013957129314,1.533000002943397,-0.520434882518374,-0.1338154504716299,1051.264698221789,22.266563872425152,1.0,10.0,100,200,1020,929.0,FATEHGARH CHURIAN
32819,Tibbi (80),FATEHGARH SAHIB,30.55856,76.1012344,32819,1908.565573054836,1904.3111572265625,0.4618584443392071,0.1396113721171219,1.3160494161751042,-0.4551823974861824,-0.0646893391124654,821.1839959031989,22.86839331853297,1.0,220.0,85,85,201,261.0,AMLOH
30575,Jaffal Jhingar (127),JALANDHAR,31.405405,75.68186,30575,1905.8155381324243,1904.3094482421875,0.5773137614971012,0.195201829242389,1.8729521900793524,-0.5426477721389358,-0.1276585057677858,762.588733713855,22.406507616634823,1.0,135.0,51,0,151,153.0,BHOGPUR
32158,Burj Kandhari (12),Shahid Bhagat Singh Nagar,31.18919,75.99287,32158,1908.722630745989,1904.3052978515625,0.5930845490208836,0.1922650588294411,1.692514003277106,-0.5618838077264097,-0.1249550756432064,789.2529609610932,22.57912219385276,1.0,88.0,32,41,141,104.0,BANGA
36982,Devinagar (57),PATIALA,30.3423424,76.45454,36982,1906.0580440419053,1904.30419921875,0.3447870706045789,0.0622278649340911,0.9094509144604368,-0.3923255311553047,0.0166669292688707,832.9609591582267,22.958390531121093,1.0,212.0,300,300,404,227.0,RAJPURA
32633,Jandali (75),FATEHGARH SAHIB,30.66604,76.39111,32633,1905.323670471116,1904.3038330078125,0.5135406260256056,0.2106725510707708,1.324735848849691,-0.5058105546057985,-0.1200640595876436,913.7452954545564,22.817501170443013,1.0,212.0,48,44,147,270.0,BASSI PATHANA
36759,Isher Heri (291),PATIALA,30.3423424,76.35014,36759,1904.0204057126427,1904.3023681640625,0.33749509562406,0.1162760474364086,0.8658854344525805,-0.3889571380004364,-0.0159552118107617,953.2359185626404,22.819398500379805,1.0,189.0,155,155,271,221.0,BHUNER HERI
31795,Bikapur (85),HOSHIARPUR,31.3189316,75.94398,31795,1901.884489362386,1904.3023681640625,0.5494763060358347,0.1915608232568085,1.694416469822843,-0.5218457432881043,-0.1241291881858647,790.2334722688096,22.580193486697112,1.0,4.0,0,1,4,52.0,MAHILPUR
37452,Jaintipura (215),AMRITSAR,31.7657661,74.95786,37452,1903.958135235284,1904.30029296875,0.4719440822086325,0.1451896963937063,1.4029660207379575,-0.4603320497274237,-0.0731762948431886,1047.5752594878572,22.056767351109784,1.0,104.0,98,98,256,144.0,MAJITHA
36501,Chamarheri (107),PATIALA,30.3603611,76.4894943,36501,1904.5010672721653,1904.299560546875,0.3849990955755559,0.1549948511601418,1.0146153955770647,-0.4220912981350034,-0.0500872043351538,870.3448864629166,22.86558953724557,1.0,224.0,54,54,196,247.0,SANOUR
28687,Talwandi Jhunglan (187),GURDASPUR,31.81982,75.21376,28687,1905.7512422484856,1904.297607421875,0.5931967478896588,0.2641183653866562,1.8769624917037977,-0.541766430427318,-0.1821670861671611,1019.7492483069794,22.06568892097681,1.0,415.0,413,300,314,443.0,QADIAN
28703,Pind Purana (198),GURDASPUR,31.8558559,75.13707,28703,1904.9925602208807,1904.296875,0.5699826216003862,0.2550401505686491,1.8557789223239496,-0.5258938175688442,-0.1722116782691214,1019.7492483069794,22.06568892097681,1.0,226.0,172,120,275,246.0,BATALA
30582,Dingrian (36),JALANDHAR,31.5855846,75.67976,30582,1904.2154753519064,1904.296630859375,0.5459311903330283,0.1923786487889509,1.7035070220357884,-0.5166825939002324,-0.1175528944445342,762.588733713855,22.406507616634823,1.0,195.0,40,18,400,212.0,ADAMPUR
32396,Raipur (413),Shahid Bhagat Singh Nagar,31.1171169,76.35603,32396,1898.6262792261127,1904.2965087890625,0.5997874372914719,0.1581454609458523,1.8347325048090144,-0.559436888577845,-0.1025970306309319,841.9285464420863,22.65559567812564,0.8923021191705951,32.4,10,10,38,536.0,BALACHAUR
30596,Nangal Fida (30),JALANDHAR,31.54955,75.62938,30596,1904.023946126389,1904.2965087890625,0.5376464085339837,0.179327873286443,1.673861246922975,-0.5117763270628809,-0.1077121519895974,762.588733713855,22.406507616634823,1.0,306.0,70,52,252,334.0,BHOGPUR
28815,Qila Desa Singh (320),GURDASPUR,31.8378372,75.01635,28815,1905.621218315328,1904.2943115234375,0.5201887173081986,0.1817119799114773,1.436777483433656,-0.4998951299052113,-0.1025521890676797,1039.6224948575396,22.301412025466675,1.0,40.0,40,50,120,209.0,FATEHGARH CHURIAN
36915,Nardu (100),PATIALA,30.3423424,76.41278,36915,1906.9698981295828,1904.288330078125,0.3422932238530735,0.1106423715890432,0.886539202003278,-0.3975076960049571,-0.014306353563532,864.9460180337201,22.91409380302302,1.0,413.0,209,209,479,463.0,GHANAUR
32989,Nurpur Bet (455),LUDHIANA,30.8468475,76.11909,32989,1903.2003280756203,1904.286865234375,0.4898242191017097,0.179700468699602,1.2248277404636807,-0.5114927529557454,-0.0837653810848175,855.2991542031663,22.66896286104054,1.0,2235.0,0,15,205,243.0,MACHHIWARA
32155,Jagatpur Theh (11),Shahid Bhagat Singh Nagar,31.1863728,75.89137,32155,1908.500121753654,1904.285400390625,0.5343716870427475,0.1167117781121537,1.4515000262859017,-0.532949716193369,-0.0524268194237065,790.7923990064791,22.607620517503303,1.0,1.0,0,0,1,82.0,BANGA
32330,Shahpur (236),Shahid Bhagat Singh Nagar,31.1531525,76.1113358,32330,1905.360651885144,1904.2796630859375,0.4143130125630707,0.1083348100386741,1.0332012307800251,-0.4462646320268125,-0.0236864792848635,847.1972820978742,22.610721749630773,1.0,98.0,11,0,142,113.0,NAWANSHAHR
31758,Galibwal (273),HOSHIARPUR,31.3923836,75.81484,31758,1903.1778467343224,1904.279541015625,0.4052392976362867,0.0443742571617389,1.073928331268207,-0.429981621651346,0.0177901498352165,752.1953674962418,22.674895467667,1.0,56.0,1,1,3,57.0,HOSHIARPUR-II
39301,Bhukhri (192),S.A.S Nagar,30.666666,76.6051941,39301,1905.616788312021,1904.279296875,0.4120750209985793,0.1177027542451166,1.203569842861238,-0.428677047433251,-0.0379415247055275,784.1068896462815,22.79214443029321,1.0,189.0,49,87,174,251.0,DERA BASSI
36456,Chhana Nathuwali (133),PATIALA,30.3423424,76.41278,36456,1902.762869778971,1904.279052734375,0.4695783199473048,0.1918855049666726,1.157774058145088,-0.4855628904338465,-0.0885052792472728,816.8237384852621,22.944776952267173,1.0,105.0,0,41,87,125.0,NABHA
33002,Mand Jodhewal (27),LUDHIANA,30.8468475,76.11909,33002,1903.294647879941,1904.273193359375,0.4377816912867155,0.1907596764036185,1.0374562149137754,-0.4647698355320871,-0.0816906594765435,851.0235640218156,22.741619939577788,0.9576359233119668,2393.0,0,15,98,282.0,MACHHIWARA
37041,Jansui (42),PATIALA,30.3063068,76.4264145,37041,1902.3478969029088,1904.271240234375,0.410059020143961,0.1523475282876447,1.2143309664896471,-0.4284021945288355,-0.0603990630795902,828.4685854305934,22.97259338208435,1.0,160.0,28,70,135,159.0,RAJPURA
32995,Sikandarpur Bet (458),LUDHIANA,30.81081,76.34226,32995,1902.551738193632,1904.26904296875,0.4480142194905563,0.1577475503485874,1.0955155308869982,-0.4786061987765994,-0.0616710751639931,855.2991542031663,22.66896286104054,1.0,194.0,22,24,121,206.0,MACHHIWARA
28825,Dhanda (355),GURDASPUR,31.8545189,74.95248,28825,1907.138290581613,1904.266845703125,0.56773316726675,0.2193780863307557,1.3737902637450992,-0.5483669890424022,-0.1298005395675133,1039.6224948575396,22.301412025466675,1.0,77.0,77,10,104,90.0,FATEHGARH CHURIAN
28493,Mulanwal (511),GURDASPUR,31.90991,75.43588,28493,1903.412572963388,1904.26513671875,0.5728198740643441,0.2188592787619353,1.755667154732893,-0.532967728528965,-0.1444862279875494,1031.3100907018083,22.178079881455176,1.0,83.0,20,26,26,85.0,KAHNUWAN
39054,Sahauran (95),S.A.S Nagar,30.35963,76.3640442,39054,1902.0107803220903,1904.2626953125,0.4247304642164236,0.0716197733234238,1.1073302004045384,-0.4479092093474487,-0.0034671498774437,899.1409334351914,22.399942850440937,1.0,57.0,57,212,766,519.0,KHARAR
29579,Naroor (18),KAPURTHALA,31.2072067,75.77561,29579,1903.7433215572685,1904.2615966796875,0.5134417572522972,0.1557455604747141,1.3959210723206166,-0.506541957638842,-0.0809873992007877,759.2387486537308,22.86660740997794,1.0,953.0,290,0,624,595.0,PHAGWARA
39279,Barana (178),S.A.S Nagar,30.7567558,76.71871,39279,1906.309436467516,1904.260986328125,0.3379681360633508,0.0759038659946042,0.8585684925395072,-0.3900479176744705,0.0116466477394533,784.1068896462815,22.79214443029321,1.0,303.0,21,162,231,303.0,DERA BASSI
30599,Manak rai (29),JALANDHAR,31.5315323,75.65707,30599,1903.4056002623056,1904.2606201171875,0.5695808660214855,0.2075764161350844,1.8542064787511947,-0.5308575384176899,-0.1383328450091255,762.588733713855,22.406507616634823,1.0,360.0,99,133,433,370.0,BHOGPUR
38851,Kheri Salabatpur (66),RUPNAGAR,29.1531525,77.03846,38851,1899.6571510404856,1904.2603759765625,0.5366875640583632,0.1772199912137325,1.4928991470742907,-0.5114566999525203,-0.1071639365830757,903.4571103236294,22.62867003749098,1.0,254.0,60,70,160,254.0,RUPNAGAR
39322,Jawaharpur (202),S.A.S Nagar,30.3603611,76.42685,39322,1902.727022665124,1904.2569580078125,0.365532584766491,0.041917188652213,1.0212405057947274,-0.40352316732463,0.0250101573415969,787.7695657280552,22.806581757382645,1.0,253.0,211,259,509,254.0,DERA BASSI
32534,Patton (244),FATEHGARH SAHIB,30.85642,76.352356,32534,1900.9714776632404,1904.252685546875,0.4265727539089223,0.1187296842508892,1.2088630124347115,-0.4436469104190675,-0.0369627337652552,868.2293090035813,22.92007999424692,1.0,135.0,64,64,144,270.0,KHERA
33071,Powat (72),LUDHIANA,30.8468475,76.11909,33071,1903.162361816971,1904.250244140625,0.5162616312107885,0.1697633792043613,1.3933345188365636,-0.5075166404423629,-0.0916309710885142,905.756378453006,22.8861820471202,1.0,1483.0,0,15,512,1671.0,MACHHIWARA
32930,Sanghol (310),FATEHGARH SAHIB,30.81081,76.34226,32930,1900.366681390272,1904.2491455078125,0.5100192489354348,0.1723348021662568,1.403494081960298,-0.4998465143712114,-0.0945612322624356,956.793064158191,22.8899654269361,1.0,850.0,400,350,1400,854.0,KHAMANO
36784,Rasulpur Urf dundi Majra (312),PATIALA,30.2253914,76.543045,36784,1905.4647187641383,1904.248046875,0.3605854578737635,0.122188018604914,0.9956999279590052,-0.4035938787142738,-0.0286750467643807,909.287431835315,22.92400299473474,1.0,120.0,65,65,199,138.0,BHUNER HERI
31973,Dagham (133),HOSHIARPUR,31.2252254,76.12718,31973,1901.055398956148,1904.2470703125,0.4730913139277412,0.1384665589965664,1.2762409533003702,-0.4773805263271078,-0.0604487805069894,824.7937652280228,22.51144758387028,1.0,1413.0,396,172,452,600.0,GARHSHANKAR
37255,Sammowal (108),AMRITSAR,31.657753,74.84883,37255,1904.708728110249,1904.2467041015625,0.5035763138463931,0.1800136333119275,1.1604482876049431,-0.5088767846504747,-0.0832246193573623,953.765833657016,22.6391379412903,1.0,130.0,37,37,46,144.0,AJNALA
33028,Jodhwal (21),LUDHIANA,30.8468475,76.11909,33028,1904.2032081436043,1904.2445068359375,0.4902436530219062,0.1754620085616359,1.252558725618444,-0.5149743560422827,-0.081883902290096,851.0235640218156,22.741619939577788,1.0,324.0,15,15,130,327.0,MACHHIWARA
36779,Bahadurpur Namakgiran (307),PATIALA,30.3423424,76.35014,36779,1903.8553505603409,1904.2410888671875,0.3419014950200561,0.1525078538750095,0.8621629786478413,-0.4064805167803592,-0.0375623307822675,953.2359185626404,22.819398500379805,1.0,112.0,20,0,45,69.0,BHUNER HERI
30318,Kotli Sheikhan (118),JALANDHAR,31.4988842,75.728096,30318,1906.5628312704248,1904.23486328125,0.5725507686990653,0.1933681719174956,1.8200848423764349,-0.5364865577252883,-0.1246557968140427,762.588733713855,22.406507616634823,1.0,110.0,10,5,58,124.0,ADAMPUR
28497,Noon (722),GURDASPUR,31.90991,75.43588,28497,1905.7395922887847,1904.233642578125,0.6032528312629959,0.2411432351280594,1.8480393478109225,-0.5483219743666082,-0.1651315253636383,1036.9676298577956,22.187645618073816,1.0,291.0,130,130,176,319.0,KAHNUWAN
37270,Abu Said (250),AMRITSAR,31.8378372,74.76184,37270,1905.1956997185905,1904.2330322265625,0.5047470497588169,0.1747273208478888,1.1913362145377315,-0.4998330949748682,-0.0853648286730194,953.765833657016,22.6391379412903,1.0,202.3,30,143,220,241.0,AJNALA
36896,Sialu (361),PATIALA,30.18018,76.53683,36896,1902.800303861276,1904.2305908203125,0.3481303173958552,0.1423438099900671,0.8905568655709977,-0.4045400003119493,-0.0320486312928996,888.8337685917342,22.93211590098845,1.0,42.0,36,45,99,123.0,GHANAUR
36760,Kachhwi (295),PATIALA,0.0,0.0,36760,1903.592501864966,1904.2220458984375,0.3717769267394932,0.1772079573723126,1.0248233944582887,-0.4172974254667142,-0.0644139799238674,953.2359185626404,22.819398500379805,1.0,135.0,50,48,86,151.0,BHUNER HERI
30588,Bhel (41),JALANDHAR,31.4234238,75.6964,30588,1902.101641471427,1904.2216796875,0.565919801205345,0.1996759138592297,1.7582698069031812,-0.5339675169724241,-0.12833064470354,762.588733713855,22.406507616634823,1.0,116.0,17,27,128,126.0,ADAMPUR
29598,Saham (43),KAPURTHALA,31.2072067,75.77561,29598,1903.2770204559456,1904.2215576171875,0.6009167536538071,0.2480134522036092,1.7538574781409386,-0.5648030513509416,-0.1670204924228097,746.0230234076874,22.86978814647381,1.0,907.0,175,0,377,568.0,PHAGWARA
36431,Akalgarh (125),PATIALA,30.3603611,76.15539,36431,1905.8275514177687,1904.2188720703125,0.4380242837338214,0.1551442709756465,1.149274575255542,-0.4554060815564729,-0.0633784464703502,824.9380299846317,22.873806887456304,1.0,440.0,9,65,145,475.0,NABHA
28658,Natt (136),GURDASPUR,0.0,0.0,28658,1901.8462343012995,1904.21875,0.5211886499268504,0.2018083143194839,1.5898127081797164,-0.4965357864706866,-0.121274422927461,1058.3969870851229,22.06454299930462,1.0,132.0,125,124,184,152.0,BATALA
39145,Shiampur (295),S.A.S Nagar,30.738739,76.64147,39145,1904.228571031288,1904.213623046875,0.3871059357620799,0.0677657213493738,0.9357829241683884,-0.4310876229633608,0.0138137943353866,812.9981252682853,22.783812926825,1.0,120.0,0,180,275,97.0,KHARAR
36500,Muradpur (105),PATIALA,30.3603611,76.40597,36500,1904.601673111477,1904.213623046875,0.3586835929367273,0.1066971618544639,0.9500971763016686,-0.401438177967944,-0.0166866689009814,870.3448864629166,22.86558953724557,1.0,155.0,25,65,250,155.0,SANOUR
37268,Kuralian (263),AMRITSAR,31.8558559,74.71281,37268,1903.7581403395525,1904.2117919921875,0.5486261121894825,0.2195903957433806,1.3368056833873112,-0.5340251651409486,-0.1267703917042035,991.064745142019,22.480720631765784,1.0,45.0,35,22,295,489.0,AJNALA
39310,Bhagwasi (204),S.A.S Nagar,30.428091,76.86943,39310,1903.253517952084,1904.2108154296875,0.3767558220639445,0.0394003818005405,0.9728296402147992,-0.4171409855745212,0.0283663290049259,780.0460557438035,22.848146713910744,1.0,257.0,25,101,201,257.0,DERA BASSI
39354,Bahori (28),S.A.S Nagar,30.5765762,76.8478546,39354,1901.425223401048,1904.208251953125,0.3592524407521487,0.0743480855537293,1.063700146264433,-0.3993586359583732,0.0012588426125792,796.1599244641145,22.73985921253333,1.0,2.47,0,0,17,129.0,DERA BASSI
37451,Chachowali (216),AMRITSAR,31.7657661,74.93667,37451,1903.634020023244,1904.208251953125,0.4847328835413019,0.1503311701279193,1.3752328197007515,-0.472202848442207,-0.07568010737773,1047.5752594878572,22.056767351109784,1.0,227.0,158,158,467,326.0,MAJITHA
32078,Barnala Kalan (135),Shahid Bhagat Singh Nagar,31.1531525,76.30083,32078,1903.835712391396,1904.207763671875,0.4302691068475089,0.0826030822266064,1.191218462329662,-0.4390841855100002,-0.0194693351523209,823.9774228891251,22.65904254048978,0.8539150535689836,489.0,40,42,380,660.0,NAWANSHAHR
29619,Akalgarh (56),KAPURTHALA,31.210516,75.77288,29619,1906.357921393993,1904.20703125,0.5791141276764558,0.2144772394698894,1.6642549038549972,-0.5531669159163063,-0.1374607819800461,746.0230234076874,22.86978814647381,1.0,76.0,14,8,228,94.0,PHAGWARA
30844,Gahot (56),HOSHIARPUR,31.6756763,75.62606,30844,1900.428012058832,1904.2020263671875,0.5573881291217079,0.1804983423829589,1.704968727178242,-0.5283956177320278,-0.1127323885446785,954.1131632670878,22.436356559490825,1.0,1.21,7,9,86,65.0,TANDA
32735,Sidhupur (130),FATEHGARH SAHIB,30.63063,76.38819,32735,1904.2323039936743,1904.2008056640625,0.4334293053466461,0.1831075954224073,1.130962795749051,-0.4586002115622537,-0.0772052872582493,887.3785558211924,22.84613943613381,1.0,2.47,50,45,90,115.0,SIRHIND
39292,Bartana (181),S.A.S Nagar,30.738739,76.72533,39292,1906.4252587995409,1904.199951171875,0.3339499487925605,0.0737733979398451,0.8512401771722586,-0.3812767540876292,0.0115146116722074,784.1068896462815,22.79214443029321,1.0,366.0,20,115,206,365.0,DERA BASSI
37029,Lehlan (267),PATIALA,30.4864864,76.58844,37029,1901.048340142556,1904.197265625,0.3252241768472976,0.0314263615203893,0.8669013120968326,-0.3731702538751463,0.0366076635570399,868.2293090035813,22.92007999424692,1.0,174.0,96,96,100,173.0,RAJPURA
30283,Lutera Kalan (70),JALANDHAR,31.4234238,75.717514,30283,1903.1922734264444,1904.1971435546875,0.5373994480708814,0.1821999707821585,1.5719594225316582,-0.5099581584332412,-0.1091719470874243,752.1953674962418,22.674895467667,1.0,281.0,15,18,170,313.0,ADAMPUR
36796,Harana (317),PATIALA,30.1261253,76.49489,36796,1906.969753898619,1904.1968994140625,0.3633063232299543,0.1280535272797815,1.0574027374134105,-0.4038458693324623,-0.0353916875843676,910.6766966147054,22.88602188437614,1.0,364.0,160,160,321,416.0,BHUNER HERI
32750,Kharaura (300),FATEHGARH SAHIB,30.63063,76.38819,32750,1903.5139324165305,1904.1953125,0.5334400530349341,0.2333132009924928,1.4975170656522678,-0.51328642314949,-0.1407804669071557,886.9013451519506,22.84595719046705,1.0,208.0,58,20,200,230.0,SIRHIND
30628,Chak Shakur (75),JALANDHAR,31.54955,75.65053,30628,1901.2567277015987,1904.1942138671875,0.5647760396085015,0.2239960125798261,1.6458238338929132,-0.5380689649859894,-0.1420988549090815,786.1698511054414,22.39146673789071,1.0,190.4,60,60,145,210.0,BHOGPUR
38846,Bhalian (65),RUPNAGAR,30.8468475,76.49685,38846,1898.1729260197744,1904.1884765625,0.5246356151843664,0.1596616810040715,1.3802421289100673,-0.5259006009526551,-0.0826126351651647,912.8385241636788,22.765008954806227,1.0,2.47,42,82,253,195.0,CHAMKAUR SAHIB
32764,Ditupur Fakiran (280),FATEHGARH SAHIB,30.522522,76.40766,32764,1907.653964967762,1904.1875,0.4460708551559319,0.1298240709985678,1.0946578798056157,-0.4714832514830507,-0.0386630767225753,851.5463737853048,22.89110357137216,1.0,202.0,40,40,88,225.0,SIRHIND
37786,Jhamke (204),AMRITSAR,25.7657661,87.47129,37786,1903.4505868101755,1904.1844482421875,0.50717100039389,0.1778034236501548,1.5988153038772068,-0.481482356072064,-0.1035336014161399,1040.6461003234283,22.149015923229683,1.0,108.0,33,0,137,448.0,TARSIKKA
36841,Kapuri (397),PATIALA,30.3049,76.59235,36841,1903.448550840693,1904.184326171875,0.3277464524327003,0.1342730311715748,0.9796588970932132,-0.3701265529797973,-0.0325103601050869,921.6569112915988,23.01855492933061,1.0,386.0,61,102,285,456.0,GHANAUR
32913,Mirpur (192),FATEHGARH SAHIB,30.666666,76.2281342,32913,1903.546447902995,1904.1839599609375,0.5623924063944449,0.2351587327929675,1.5290088787779452,-0.5412181220551104,-0.1466946459457902,902.1861970664404,22.79858139500488,1.0,102.0,20,25,110,115.0,KHAMANO
37343,Talwandi Bhagwan (269),AMRITSAR,31.8378372,74.76184,37343,1905.5214704063,1904.182373046875,0.5461390946911836,0.195759377364971,1.349063312849032,-0.5334991995342191,-0.1121132955166492,994.0184595992464,22.46817550702201,1.0,110.0,185,150,225,124.0,AJNALA
29070,Bassi (12),KAPURTHALA,31.60196,75.4475861,29070,1904.35112292572,1904.1817626953125,0.5467603187580464,0.2445514557263962,1.609560293233044,-0.5253228020868828,-0.1539082430706895,786.1698511054414,22.39146673789071,1.0,300.0,110,120,360,301.0,NADALA
32326,Raksan (240),Shahid Bhagat Singh Nagar,31.1171169,76.10348,32326,1903.9693011892552,1904.1768798828125,0.462617141868826,0.1252177354656487,1.2473562945340484,-0.4708559948780411,-0.0479635602752751,847.6109044143911,22.624871886402254,1.0,140.0,22,17,116,163.0,NAWANSHAHR
37353,Sallodin (292),AMRITSAR,31.7864437,74.7529144,37353,1905.6841187613568,1904.17529296875,0.5183321255270971,0.1607348570465545,1.1919368940445745,-0.5197645335403622,-0.0734572706377039,956.3934597184556,22.49043735746289,1.0,88.0,150,42,135,101.0,HARSHE CHHINA
32610,Behrampur (82),FATEHGARH SAHIB,30.666666,76.4166641,32610,1899.9313169440777,1904.175048828125,0.5281219365467908,0.2091137675624474,1.389475502159038,-0.5096359791453232,-0.1254505777105828,936.571517865886,22.854862821640893,1.0,102.0,60,60,120,273.0,BASSI PATHANA
29053,Chak Deom (27),KAPURTHALA,31.6016369,75.44676,29053,1907.312606665308,1904.1695556640625,0.2821897142437592,0.1183222161265286,0.7093526207187143,-0.2887539646161237,-0.0150118082727714,800.9889596826132,22.437274494070124,0.72219684713335,1.0,1,0,1,146.0,NADALA
28869,Bhode - di - Khui (OG),GURDASPUR,0.0,0.0,28869,1905.598931254518,1904.1693115234375,0.515502980981438,0.180884466258982,1.5318177102463697,-0.4899719949121642,-0.1058221845265554,1016.9852915217774,22.08910482218068,0.8580347793074058,356.0,81,80,155,0.0,BATALA
28794,Kotla Bhama (272),GURDASPUR,31.8378372,75.01635,28794,1903.2210702743616,1904.1676025390625,0.555129257847144,0.2471961715765851,1.7112503406914,-0.524282206845663,-0.1622836240388538,1047.5752594878572,22.056767351109784,1.0,350.0,100,75,150,69.0,FATEHGARH CHURIAN
39109,Basian (53),S.A.S Nagar,30.81081,76.59401,39109,1901.0234000068176,1904.1634521484375,0.5060583859935379,0.1724737989265545,1.9175982184146267,-0.4932202381777618,-0.0941462286011541,893.1311163117783,22.78422345302016,1.0,1.0,25,50,50,129.0,KHARAR
28464,Kotkhan Mohammad (544),GURDASPUR,32.05776,75.40644,28464,1904.884569669618,1904.162109375,0.5880495499003854,0.2318631808781231,1.7851719487220934,-0.5468548876668368,-0.1555836829327424,1031.3100907018083,22.178079881455176,1.0,137.0,123,123,145,155.0,KAHNUWAN
36914,Nathu Majra (106),PATIALA,30.3423424,76.41278,36914,1905.2696201682136,1904.1611328125,0.361973306238036,0.1405868790275398,1.0322119129008611,-0.4021230987052662,-0.0418586004371395,862.1720783524262,22.939015304502977,1.0,132.0,40,40,112,147.0,GHANAUR
30287,Daroli Kalan &amp; Daroli Khurd (65),JALANDHAR,31.4234238,75.717514,30287,1903.8425004896703,1904.1585693359375,0.5008670525776336,0.126329957594414,1.458663007765426,-0.487622901266626,-0.0614949822752663,754.4301402856997,22.66801194376369,0.943107907872939,986.0,18,28,1124,1212.0,ADAMPUR
33066,Chhaurian (282),LUDHIANA,30.8648643,76.3223,33066,1903.150609898295,1904.155517578125,0.5016336723820889,0.2021119931618649,1.2600834666505314,-0.517136349974979,-0.1029379972613214,905.756378453006,22.8861820471202,1.0,154.0,0,15,134,170.0,MACHHIWARA
28473,Hambowal (554),GURDASPUR,31.90991,75.43588,28473,1905.287685536663,1904.155029296875,0.6097781461313085,0.2702421934066337,1.953768010280364,-0.5628357965512913,-0.1898788916591079,1031.3100907018083,22.178079881455176,1.0,148.0,85,81,147,271.0,KAHNUWAN
37445,Kotla Majhewala (307),AMRITSAR,31.7657661,74.95786,37445,1906.10850134662,1904.154541015625,0.4650693385209325,0.1163468244833882,1.2057684956056296,-0.4624666066388324,-0.041439830840033,1002.4769100358384,22.25821241457089,1.0,79.0,17,4,73,79.0,MAJITHA
36776,Alipur Sikhan (305),PATIALA,30.1621628,76.5228348,36776,1904.7205324244285,1904.1534423828125,0.3835154669117714,0.1171338279880414,1.0505129928152208,-0.4270065090936269,-0.0285464178890267,953.2359185626404,22.819398500379805,1.0,124.0,48,42,99,133.0,BHUNER HERI
39206,Kurara (276),S.A.S Nagar,30.81081,76.61499,39206,1904.246171099983,1904.1483154296875,0.3579447453402666,0.0805781629931956,0.8791241468540711,-0.4024442284019505,0.0083796988615552,809.8476621320145,22.86854183890836,1.0,195.0,120,120,135,238.0,KHARAR
36845,Rampur (394),PATIALA,30.3563671,76.72409,36845,1902.511687908384,1904.145751953125,0.3422991114511133,0.1392350494853739,0.9623084728445764,-0.391806682468294,-0.0352910821192779,930.369684379329,23.05397686465227,1.0,130.0,150,100,249,366.0,GHANAUR
37776,Ballowali (186),AMRITSAR,31.6396389,75.17347,37776,1904.6637206080648,1904.143798828125,0.4451201604806132,0.1180936927493264,1.365270468528989,-0.4366389928232347,-0.0508270661330335,1021.9273785571344,22.203062541985823,1.0,98.0,36,36,65,119.0,TARSIKKA
31935,Moranwali (118),HOSHIARPUR,31.2432442,76.09955,31935,1902.927487429504,1904.1436767578125,0.5246847255966054,0.2010771267777771,1.3686893196946683,-0.5326533870712006,-0.1092895573849865,814.7199549947585,22.58845693960048,0.995711872147581,1000.0,200,168,769,1089.0,GARHSHANKAR
38886,Samrauli (228),RUPNAGAR,30.9369373,76.52683,38886,1902.1740880609025,1904.1436767578125,0.5208329400466747,0.2107359244457985,1.2989374383574968,-0.523455564178988,-0.1107341044726151,903.4168812444108,22.62808539330217,1.0,65.0,26,26,64,118.0,MORINDA
39297,Tarrak (188),S.A.S Nagar,30.64865,76.61186,39297,1906.548151370885,1904.138427734375,0.3217900950138973,0.065332125068866,0.7939861451352561,-0.3759036808734933,0.0218563156134491,784.1068896462815,22.79214443029321,1.0,208.0,25,141,190,208.0,DERA BASSI
38858,Dehar (154),RUPNAGAR,30.9009018,76.41402,38858,1899.80408287704,1904.1383056640625,0.5594041761696288,0.2047573249449676,1.465826220861706,-0.5428846139178961,-0.1208933989796022,914.8540574067846,22.79430044805685,1.0,109.0,31,58,225,217.0,CHAMKAUR SAHIB
28470,Shinbhatti (551),GURDASPUR,32.0552979,75.40515,28470,1905.3560386120764,1904.1370849609375,0.548908407284401,0.1954454713230222,1.5503158756036195,-0.5313316398501396,-0.1160953038749994,1031.3100907018083,22.178079881455176,1.0,135.0,138,138,170,206.0,KAHNUWAN
39272,Untala (173),S.A.S Nagar,30.6897526,76.57741,39272,1904.6185526127845,1904.136962890625,0.4277092102641617,0.0995427411673196,1.317973020145084,-0.4339940603615225,-0.0299095857554616,879.953721444835,22.7014883934649,1.0,394.0,50,175,251,400.0,DERA BASSI
39108,Dharak Khurd (55),S.A.S Nagar,30.6126118,76.37398,39108,1901.8466315621752,1904.1343994140625,0.4403814974104533,0.1266057870396773,1.147983712896115,-0.46415110254247,-0.0387335711808161,893.1311163117783,22.78422345302016,1.0,1.0,35,25,105,144.0,KHARAR
39306,Rampur bahal (195),S.A.S Nagar,30.666666,76.6261444,39306,1904.992994240465,1904.13330078125,0.3363513610953575,0.027895818249627,0.8622522452634873,-0.3893781146596103,0.041064320997151,784.1068896462815,22.79214443029321,1.0,164.0,18,50,115,164.0,DERA BASSI
32994,Dupana (460),LUDHIANA,30.81081,76.34226,32994,1902.248099206817,1904.130126953125,0.4519717974377318,0.149950943594341,1.049114425426043,-0.48526656148953,-0.0542935764604573,855.2991542031663,22.66896286104054,1.0,93.0,0,0,15,98.0,MACHHIWARA
28950,Malewal (350),GURDASPUR,32.0360374,75.0294952,28950,1905.3827581651,1904.1285400390625,0.5484818437997373,0.2087608124057706,1.3429561134723915,-0.5345683953552238,-0.1187120340268388,1039.6224948575396,22.301412025466675,1.0,230.0,100,100,200,247.0,DERA BABA NANAK
28795,Marar (299),GURDASPUR,31.8204823,75.19994,28795,1903.209310584472,1904.12548828125,0.5162998099678777,0.1943175860292701,1.511788817704469,-0.4998077843177071,-0.1131563222650285,1047.5752594878572,22.056767351109784,1.0,50.0,100,100,250,777.0,FATEHGARH CHURIAN
30391,Chomon (CT),JALANDHAR,31.4234238,75.717514,30391,1903.561160646963,1904.1240234375,0.4497170818438061,0.0558775520702412,1.2532769199022766,-0.4573647552422851,-0.0015208718982291,779.8563668460358,22.589694345147496,0.9835782275726014,30.0,0,30,285,0.0,ADAMPUR
36751,Sampurangarh (281),PATIALA,30.1981983,76.50913,36751,1905.392381324383,1904.12255859375,0.3546976434320553,0.1615599927407765,0.994313579285879,-0.393018626041122,-0.0513745521060736,950.322343927874,22.82604083226573,1.0,258.0,40,36,67,272.0,BHUNER HERI
32328,Majhoor (238),Shahid Bhagat Singh Nagar,31.1531525,76.1113358,32328,1904.788123362245,1904.1221923828125,0.4332808258514961,0.1203733807313957,1.0932491353417435,-0.4579222492461129,-0.0356512649936499,847.3308450330742,22.61529097552922,1.0,340.0,19,0,151,364.0,NAWANSHAHR
32408,Fatehgarh Alias Sudha Majra (199),Shahid Bhagat Singh Nagar,31.0450459,76.31918,32408,1901.310476590512,1904.119873046875,0.5315514355000581,0.1033108406255497,1.5565424395801502,-0.5158280390472173,-0.0476447509159229,852.8996167766021,22.62626205406833,1.0,334.0,30,30,287,378.0,BALACHAUR
36822,Khalaspur (326),PATIALA,30.3063068,76.28033,36822,1905.8462940340848,1904.11669921875,0.344063679918149,0.1483070283583111,1.0102031950065782,-0.3800114897899455,-0.0492746710942655,895.9456476380723,22.91402532560585,1.0,146.0,72,72,251,163.0,BHUNER HERI
30604,Sondha Chak (94),JALANDHAR,31.5135136,75.6636047,30604,1903.881842125479,1904.114013671875,0.5938164354542248,0.2374455489088167,1.976963320100125,-0.5547184310153048,-0.1633702932595302,762.588733713855,22.406507616634823,1.0,185.0,38,35,120,92.0,BHOGPUR
39351,Fatehpur Jattan (32),S.A.S Nagar,30.3603611,76.42685,39351,1901.1965861704607,1904.1112060546875,0.36424508300413,0.0462759585345612,1.1562625586724318,-0.3923522371883096,0.0129166240118815,796.313727181186,22.73863612910958,1.0,87.0,56,91,135,85.0,DERA BASSI
32202,Poonian (99),Shahid Bhagat Singh Nagar,31.1857414,75.98812,32202,1905.2348734451664,1904.110595703125,0.4612990345865594,0.1039073890267655,1.2196828524854184,-0.4702017924759962,-0.0365352387398001,795.2970954587357,22.747902170555847,0.979111396041452,152.0,10,0,220,196.0,BANGA
30595,Kohja (28),JALANDHAR,31.5315323,75.65707,30595,1901.9570462216177,1904.0997314453125,0.5653262111838565,0.2246889744613573,1.8031952590059888,-0.5309116123661058,-0.1465115941821224,762.588733713855,22.406507616634823,1.0,310.0,120,59,220,303.0,BHOGPUR
32991,Chakli Kasab (450),LUDHIANA,30.8468475,76.11909,32991,1902.916097650501,1904.096435546875,0.5195085783418169,0.1999743983666562,1.2892586676219304,-0.5247050411883394,-0.1054704438703867,855.2991542031663,22.66896286104054,1.0,92.0,0,0,11,117.0,MACHHIWARA
28075,Godharpur (446),GURDASPUR,32.1261253,75.33752,28075,1907.1800350795395,1904.095947265625,0.5789896987321016,0.2474431319071078,1.7766718307076126,-0.5400432618887577,-0.1650459133404669,1117.527732532253,22.07571790967114,1.0,84.0,75,70,103,104.0,DHARIWAL
37469,Borewal Kang (301),AMRITSAR,31.7657661,74.93667,37469,1905.985125815135,1904.09423828125,0.4749471814460388,0.1546873582138433,1.3945443663720274,-0.4608687078147388,-0.0788233994009452,1002.4769100358384,22.25821241457089,1.0,337.0,15,30,230,337.0,MAJITHA
32682,Bhagrana (247),FATEHGARH SAHIB,30.5976048,76.40587,32682,1900.5867618866264,1904.0875244140625,0.3993144845143456,0.1130672345208407,1.1028679010218558,-0.4239438312294347,-0.0264245540614331,868.2293090035813,22.92007999424692,1.0,485.0,200,200,514,464.0,KHERA
33632,Khark (120),LUDHIANA,30.7147827,76.20283,33632,1912.133993423956,1904.086669921875,0.4336045282502369,0.087752012885202,1.2267448283181557,-0.444133913174487,-0.0226943190341266,846.9622078349488,22.80621523879904,1.0,452.0,14,15,169,593.0,LUDHIANA-1
30288,Dumunda (64),JALANDHAR,31.4234238,75.717514,30288,1903.9439367767225,1904.0865478515625,0.4824641467600243,0.0970046586327592,1.37545093860775,-0.4799105214302406,-0.0365431848330501,759.8745597491504,22.651242099554324,0.9539175078675672,370.0,21,28,455,397.0,ADAMPUR
32242,Karnana (93),Shahid Bhagat Singh Nagar,31.18919,75.99287,32242,1905.39146486824,1904.0814208984375,0.5296942582703542,0.1754388447059898,1.3450559426515425,-0.532717123577732,-0.0935739818715957,820.6862090207167,22.63890291799089,1.0,160.0,0,269,799,520.0,BANGA
39152,Chapar Chiri Khurd (194),S.A.S Nagar,30.7567558,76.5719452,39152,1902.9831378830145,1904.0789794921875,0.3944173844665929,0.0351223447847611,1.02387164354578,-0.4261497540402274,0.0283936799774522,814.3875989129441,22.74644426539641,0.7940096184032053,160.0,25,10,165,255.0,KHARAR
29590,Wahid (29),KAPURTHALA,31.3873882,75.39295,29590,1902.7915003688288,1904.0787353515625,0.5563345782234932,0.2382340105632594,1.496572690926787,-0.5444226646679162,-0.1449887833659865,758.6326393296616,22.882709852809228,1.0,456.0,95,60,192,274.0,PHAGWARA
36912,Rao Majra (101),PATIALA,30.3423424,76.41278,36912,1905.945688087217,1904.07763671875,0.3311505493024602,0.0951384825383841,0.9357706350953297,-0.3738548978721098,-0.0077316671400044,870.3448864629166,22.86558953724557,1.0,145.0,40,35,85,158.0,GHANAUR
30634,Mokal (74),JALANDHAR,31.6396389,75.7237244,30634,1901.4309115206404,1904.0758056640625,0.604490664831117,0.2825736814722911,1.8230691643434305,-0.564655175414562,-0.1932746207940205,786.1698511054414,22.39146673789071,1.0,134.0,45,0,110,147.0,BHOGPUR
39280,Jaula Khurd (179),S.A.S Nagar,30.4925747,76.79776,39280,1905.1573278998503,1904.074951171875,0.341620184934271,0.0540028142595387,0.9522529557982976,-0.3863647109679481,0.0208194852884179,784.1068896462815,22.79214443029321,1.0,165.0,0,0,166,312.0,DERA BASSI
33365,Laton Dana (214),LUDHIANA,30.8828831,75.853775,33365,1907.572067159376,1904.0745849609375,0.4575547008285779,0.1672112562506691,1.348439343520649,-0.459368617227445,-0.0803105969668089,859.6591405266338,22.65398200448506,1.0,15.0,30,50,127,157.0,LUDHIANA-2
32327,Muzaffarpur (239),Shahid Bhagat Singh Nagar,31.1171169,76.10348,32327,1904.22503273388,1904.0714111328125,0.4068243749188434,0.0736776462246787,1.0482135127083732,-0.4274872022334416,-0.002388139570366,842.2559441491878,22.44167717678843,1.0,257.0,14,0,166,265.0,NAWANSHAHR
39311,Mushepur (202),S.A.S Nagar,30.492239,76.80309,39311,1902.8868594538897,1904.0643310546875,0.3500698757001296,0.044340479690963,0.9097057826179442,-0.406685702087028,0.0341854763713367,776.6454461028474,22.8950439547636,1.0,158.0,0,0,1,161.0,DERA BASSI
37016,Bhatehri (36),PATIALA,30.4864864,76.58844,37016,1904.86155392386,1904.063232421875,0.310660573424578,0.0461974098916115,0.8370436579748597,-0.36482862690857,0.0291124649278231,828.8671615531342,22.97204433731389,1.0,208.0,135,145,285,210.0,RAJPURA
38779,Chupki (88),RUPNAGAR,30.9189186,76.53342,38779,1902.0479186060968,1904.05810546875,0.5618476832309172,0.2484964661981258,1.4420059626871635,-0.5523036475017693,-0.1487778028911186,844.7756114413636,22.646918597549643,1.0,38.0,18,24,35,41.0,CHAMKAUR SAHIB
36534,Saifdipur (79),PATIALA,30.3603611,76.40597,36534,1909.896021099499,1904.0550537109375,0.4547187545729386,0.1925758813605275,1.1885503803140762,-0.4770949361202574,-0.0897319435503414,854.4484948769311,22.8931539895481,0.9945335810265644,230.0,30,90,115,230.0,SANOUR
31798,Chak Musa (92),HOSHIARPUR,31.3189316,75.94398,31798,1902.3837816223324,1904.0548095703125,0.6011209691671268,0.2925359572553984,1.5953678562086115,-0.5793510217385391,-0.1926070182369358,761.3146043546195,22.8570352664807,0.9997965557377282,146.0,7,22,50,163.0,MAHILPUR
39213,Gudana (285),S.A.S Nagar,30.72072,76.71098,39213,1903.950165648082,1904.0545654296875,0.3847022003444417,0.0773108529840759,0.991531693115626,-0.4211894383224381,0.0011890369478197,809.8476621320145,22.86854183890836,1.0,320.0,55,130,248,226.0,KHARAR
32543,Khanpur Behlan (302),FATEHGARH SAHIB,30.594595,76.48536,32543,1901.164972090349,1904.0528564453125,0.4688772590333889,0.1655868044997224,1.200391486867784,-0.4825974687983132,-0.0734485463861839,889.9265440875425,22.906784604541844,1.0,1.0,0,2,70,326.0,BASSI PATHANA
31444,Shahbudin (518),HOSHIARPUR,31.52743,75.9236145,31444,1894.041437176823,1904.05029296875,0.5044382374032782,0.1342184689511146,1.4708413019964397,-0.4944337872185715,-0.0697603373440176,846.6854783704179,22.501385909822545,1.0,1.0,8,0,158,108.0,BHUNGA
28788,Aliwal arian (270),GURDASPUR,31.8378372,75.01635,28788,1902.526500562254,1904.049560546875,0.57801031683396,0.2573376578597351,1.865197862728689,-0.5334814138553502,-0.1761664924205956,1047.5752594878572,22.056767351109784,1.0,120.0,40,40,50,215.0,FATEHGARH CHURIAN
39247,Budhanpur (228),PATIALA,30.3603611,76.46861,39247,1904.2571384976704,1904.048583984375,0.3318532167681673,0.0733280909316401,0.9318452634725086,-0.3839641719105178,0.0074046430012248,780.687967438043,22.93860831638028,1.0,489.0,112,112,245,381.0,RAJPURA
37769,Bathu Chak (197),AMRITSAR,31.6576576,74.9763641,37769,1903.754178213251,1904.047119140625,0.4749018681436877,0.1604208865949498,1.4484493922382058,-0.4699881036785428,-0.0828959821412222,1010.3204640557664,22.236575219337794,1.0,35.0,71,45,135,153.0,TARSIKKA
30295,masanian (51),JALANDHAR,31.585125,75.67006,30295,1902.6549185424049,1904.04345703125,0.5216624340263137,0.1592798874341895,1.584141244482756,-0.4956438034642772,-0.0911739682108604,786.7017208281812,22.420508173806606,1.0,84.0,5,8,180,145.0,ADAMPUR
28796,Riali Khurd (300),GURDASPUR,31.8560562,74.94935,28796,1903.8078529028664,1904.0426025390625,0.538069316231908,0.2107186304912597,1.555739412974945,-0.5141996064555626,-0.1284433402998491,1047.5752594878572,22.056767351109784,1.0,142.0,65,41,194,183.0,FATEHGARH CHURIAN
37778,Boparai (185),AMRITSAR,25.783783,87.48457,37778,1905.8143787693737,1904.04052734375,0.4601999790644378,0.1541427377834015,1.445090678182692,-0.4493645141341053,-0.0777086393184775,1023.4375950843222,22.19870208949889,1.0,34.0,68,0,234,198.0,TARSIKKA
30304,Khurdpur (54),JALANDHAR,31.5855846,75.6586151,30304,1903.1444294979297,1904.0399169921875,0.5304792641188285,0.1471123008032756,1.5890979700881571,-0.5091333687909085,-0.0801197270381046,782.3155942986496,22.5485763196748,0.870833976765836,207.0,30,30,800,236.0,ADAMPUR
30303,Kariana (55),JALANDHAR,31.54955,75.67167,30303,1904.081400501229,1904.03857421875,0.5519629062030007,0.1881302265431529,1.6820101549469957,-0.5198715477244671,-0.1171245387392021,773.1803949022917,22.48278653398252,0.9741689053287784,370.0,30,30,300,412.0,ADAMPUR
28494,Bhaini Khadar (542),GURDASPUR,31.8918915,75.42112,28494,1903.6749376845871,1904.0357666015625,0.6064138323202174,0.2509384810503923,1.8113619887323589,-0.5590257613141706,-0.1710241215128914,1031.3100907018083,22.178079881455176,1.0,607.0,50,60,157,246.0,KAHNUWAN
39380,Dafarpur (360),S.A.S Nagar,30.666666,76.6051941,39380,1903.2383230712053,1904.0343017578125,0.3522180003682532,0.0213146319622593,1.0966644443436773,-0.3664957028654719,0.0258689227645944,878.3628436734574,22.225765400318323,0.0,295.0,30,0,65,101.0,DERA BASSI
39100,Bajheri (70),S.A.S Nagar,30.7567558,76.63484,39100,1900.492369730028,1904.033447265625,0.459663724357603,0.1215973133030818,1.284664964489527,-0.4698966631264774,-0.0452093806268882,893.1311163117783,22.78422345302016,1.0,149.0,37,37,299,388.0,KHARAR
30306,Chhatowali (143),JALANDHAR,31.5854721,75.66745,30306,1904.0913922819984,1904.0316162109375,0.526204798947149,0.146993667398751,1.5901294886672117,-0.5007414305889446,-0.0825339189362572,785.577917378177,22.57207088470267,0.92933074074557,118.0,0,0,100,130.0,ADAMPUR
29072,Lamaa (138),KAPURTHALA,31.5423145,75.4361,29072,1904.111152325589,1904.0301513671875,0.546517141667874,0.2436155812460071,1.6265274484554102,-0.5200695897786488,-0.1581898920728537,786.1698511054414,22.39146673789071,1.0,198.0,150,195,295,210.0,NADALA
29576,Balrampur (23),KAPURTHALA,31.3873882,75.39295,29576,1902.9833625997453,1904.0301513671875,0.518590838756584,0.1476341967666284,1.4098632102919817,-0.507209103724918,-0.0744796351339243,828.8790526797669,22.39218518476929,1.0,2.0,0,0,7,27.0,PHAGWARA
32763,Mahmadi Pur (287),FATEHGARH SAHIB,30.45045,76.4556046,32763,1907.175768150207,1904.0263671875,0.4170096784528644,0.1376832896861804,1.065340755543574,-0.4445910861675686,-0.0440634455266629,854.3460759332078,22.88706598896545,1.0,668.0,102,114,172,365.0,SIRHIND
30736,Kotli (481),HOSHIARPUR,31.6140671,75.65602,30736,1903.748301638505,1904.02294921875,0.3936141128151546,0.2329153041358331,1.2923273491518,-0.3422596162179124,-0.1216200372086921,1073.0177256276506,22.24859892509784,1.0,0.1,21,21,71,71.0,TANDA
28798,Bharthwal (302),GURDASPUR,31.8738747,74.96081,28798,1903.7470941214272,1904.0203857421875,0.5499209340561814,0.2254344167774144,1.5555147513255834,-0.5224841336301697,-0.1400888472663433,1047.5752594878572,22.056767351109784,1.0,250.0,90,85,190,187.0,FATEHGARH CHURIAN
30809,Bhagaotipur (74),HOSHIARPUR,31.54955,75.90424,30809,1900.2467011732624,1904.0201416015625,0.5678132785189787,0.1744407322994026,1.8234812391931148,-0.5277049385489719,-0.1146599834215756,934.2723046038268,22.419249129885024,1.0,0.1,0,0,1,59.0,TANDA
28481,Phero Chechi (546),GURDASPUR,31.9066772,75.4398041,28481,1904.992324253771,1904.0196533203125,0.5694620344135134,0.2257365820573042,1.6523858675201435,-0.5390774508214322,-0.1424568986299454,1036.8105050583918,22.1722945630204,1.0,226.0,158,158,240,326.0,KAHNUWAN
39242,Paragpur (234),PATIALA,30.64865,76.38148,39242,1903.6509145682528,1904.0184326171875,0.3292314229572048,0.0664365813753625,1.032074274735802,-0.3684538736965962,0.0059448978124367,776.6454461028474,22.8950439547636,0.9998818946847504,129.0,0,0,21,145.0,RAJPURA
32409,Lohat (466),Shahid Bhagat Singh Nagar,31.0630627,76.31261,32409,1901.654781281432,1904.0174560546875,0.4213052597512026,0.0664705724477616,1.1558559018589385,-0.4381945799413002,-0.0068023319379539,855.2991542031663,22.66896286104054,1.0,92.0,60,60,170,93.0,BALACHAUR
38871,Pipal Majra (302),RUPNAGAR,30.8828831,76.39964,38871,1900.534432529251,1904.0146484375,0.5548126028203936,0.2083190569902044,1.5460679320980384,-0.5291514018573502,-0.1282534474737535,916.721189301242,22.821435243015912,1.0,2.46,6,0,256,171.0,CHAMKAUR SAHIB
32940,Barwali Khurd (115),FATEHGARH SAHIB,30.666666,76.2490845,32940,1901.896876018252,1904.0076904296875,0.4987929913771773,0.1728505284558792,1.3450147679511124,-0.4958361400908092,-0.0901388704596293,923.9367487838166,22.858995408648013,1.0,283.0,200,140,237,352.0,KHAMANO
38813,Fatehgarh Viran (122),RUPNAGAR,31.7477474,75.76962,38813,1900.489279820326,1904.0076904296875,0.5277411794085679,0.2087052292416685,1.3869456137790857,-0.5308507779562021,-0.1160810895832554,855.2991542031663,22.66896286104054,1.0,118.0,5,5,40,123.0,CHAMKAUR SAHIB
37259,Sultan Mahal (102),AMRITSAR,31.8378372,74.76184,37259,1904.0979807210583,1903.9967041015625,0.5332603323201189,0.2201719221408866,1.2570443055855527,-0.5308883742522537,-0.1194870123016143,953.765833657016,22.6391379412903,1.0,140.0,65,0,98,157.0,AJNALA
33034,Aslana (5),LUDHIANA,30.8468475,76.11909,33034,1904.357469944008,1903.9959716796875,0.5006003081562255,0.1691336883121067,1.2475371241010786,-0.5117999644888555,-0.0794133393376158,855.2991542031663,22.66896286104054,1.0,60.0,0,0,10,67.0,MACHHIWARA
38642,Mianpur Raian (37),RUPNAGAR,31.0270271,76.62014,38642,1899.3790100939536,1903.9949951171875,0.5789430340489742,0.1649681342279809,1.546278283678978,-0.5539041143943955,-0.0958520223703296,831.6264393737214,22.690114987082723,0.9376707090117748,1.0,1,5,20,31.0,RUPNAGAR
37788,Arjan Manga (109),AMRITSAR,25.7657661,87.47129,37788,1903.433729717637,1903.99462890625,0.4842007806036454,0.1528630465983043,1.5256774728803906,-0.4646171064711673,-0.0825421709202715,1040.6461003234283,22.149015923229683,1.0,122.0,60,200,300,344.0,TARSIKKA
32345,Auliapur (459),Shahid Bhagat Singh Nagar,31.0824451,76.24694,32345,1902.4270961046427,1903.989990234375,0.3504372303413265,0.1429188439119585,0.5081644012852394,-0.3699110423400101,-0.0405776665626064,855.2991542031663,22.66896286104054,0.8709830548663751,168.0,13,20,74,259.0,BALACHAUR
37039,Urdan (265),PATIALA,30.3063068,76.4264145,37039,1902.0964953342905,1903.9852294921875,0.3666288419984248,0.090775882851804,1.0596969755321766,-0.401802558670594,-0.0115494176874204,833.4513549037124,22.96306188957766,1.0,429.0,109,109,430,429.0,RAJPURA
38621,Alampur (33),RUPNAGAR,30.9729729,76.53469,38621,1899.5683515414928,1903.9844970703125,0.2714707528315325,0.1646618076314558,1.09568926175099,-0.2282662741830466,-0.0885968976782776,831.6264393737214,22.690114987082723,0.963143243865866,60.0,60,50,100,121.0,RUPNAGAR
28906,Rai Mall (379),GURDASPUR,32.0180168,75.03599,28906,1906.7287796201945,1903.9837646484375,0.5523742660291684,0.2168312121146016,1.5257180294947923,-0.5300577322158642,-0.1326495571682865,1039.8551947336944,22.300715494007527,1.0,2.47,90,10,103,126.0,DERA BABA NANAK
32189,Lakhpur (75),Shahid Bhagat Singh Nagar,31.18919,75.9718,32189,1905.150068571844,1903.98046875,0.5332700677697352,0.1696121636590385,1.4738795591588918,-0.5271029596862935,-0.0925648806943232,794.1639390546381,22.670257935516844,1.0,40.0,75,75,211,122.0,BANGA
30314,Dolike Sunderpur (128),JALANDHAR,31.4234238,75.717514,30314,1905.9373131079449,1903.9766845703125,0.5581773715524639,0.2031963177204269,1.7877626854003303,-0.5242142893850348,-0.1312330262676716,762.588733713855,22.406507616634823,1.0,339.0,20,14,500,359.0,ADAMPUR
36859,Jasso Majra (331),PATIALA,30.18018,76.53683,36859,1902.7747629043056,1903.974609375,0.3384643397910476,0.1358653428172708,0.9034941670881482,-0.3945219074739204,-0.0309470737637896,895.9456476380723,22.91402532560585,1.0,1.0,0,0,1,54.0,GHANAUR
32104,Sujjon (107),Shahid Bhagat Singh Nagar,31.1272316,76.1765,32104,1902.80968960216,1903.9737548828125,0.4206376429737155,0.0862212951887698,1.0703532756377023,-0.4452355724149963,-0.0122125806290362,824.7937652280228,22.51144758387028,0.9116542904558655,2.47,92,65,395,324.0,NAWANSHAHR
28846,Malakwal (323),GURDASPUR,31.8540668,74.95159,28846,1903.948390096879,1903.9736328125,0.5110421207400265,0.1727035086734078,1.407561054230129,-0.4923083854328665,-0.0944357177199286,1054.8774402802076,22.25574999259387,1.0,40.0,30,30,217,258.0,FATEHGARH CHURIAN
36910,Shahpur Afghanan (104),PATIALA,30.3243237,76.60746,36910,1904.7478513045032,1903.9678955078125,0.3909156802911455,0.1874882463837942,0.9759806282079164,-0.4446529655949839,-0.066010209017631,870.3448864629166,22.86558953724557,1.0,77.0,25,12,30,84.0,GHANAUR
30319,Kishanpur (120),JALANDHAR,31.6036034,75.67325,30319,1905.7081079971035,1903.9671630859375,0.5507764657679705,0.1923985180826911,1.7551167234909577,-0.5210597582642552,-0.1225646482656126,762.588733713855,22.406507616634823,1.0,214.0,20,15,200,230.0,ADAMPUR
32874,Haibatpur (35),FATEHGARH SAHIB,30.5444832,76.1054459,32874,1906.7984177927265,1903.9649658203125,0.4876037363616249,0.1780747210523825,1.3560529126223098,-0.4777194029288199,-0.0914711437691139,859.5636877229111,22.88169449138212,1.0,130.0,80,60,121,131.0,AMLOH
36854,Chamaru (372),PATIALA,30.3423424,76.60068,36854,1903.065141410819,1903.9635009765625,0.3352712523140104,0.1491731533488421,0.923971518427705,-0.3899765348146319,-0.038875252147718,906.8838146154756,23.005986652000622,1.0,599.0,192,180,500,425.0,GHANAUR
28077,Chuhar Chak (469),GURDASPUR,31.9639645,75.3316,28077,1906.3417719231047,1903.9620361328125,0.4830353880550816,0.1641898874331309,1.4920506681020498,-0.464760615369315,-0.0940595060281256,1117.527732532253,22.07571790967114,1.0,2.47,50,0,110,233.0,DINANAGAR
39102,Sotal (370),S.A.S Nagar,30.6846848,76.68234,39102,1900.717786034366,1903.9581298828125,0.5220274307457182,0.1513802956021906,1.4426274523084652,-0.5070373434383598,-0.0798206863039857,893.1311163117783,22.78422345302016,1.0,196.0,11,12,166,299.0,KHARAR
32337,Alowal (249),Shahid Bhagat Singh Nagar,31.1531525,76.1113358,32337,1904.5255475645524,1903.9530029296875,0.4377518208848281,0.176625971153344,1.0391775749457712,-0.4814135150936728,-0.0674599361044694,851.0235640218156,22.741619939577788,1.0,52.0,16,0,51,55.0,NAWANSHAHR
37759,Taharpur (113),AMRITSAR,25.7657661,87.47129,37759,1905.761875177539,1903.9515380859375,0.4501124619533528,0.1384181869205761,1.3937921956203358,-0.4432077276771656,-0.0640206990048412,1021.9892050558362,22.20288403015993,1.0,27.0,54,0,220,344.0,TARSIKKA
36988,Chandu Khurd (28),PATIALA,30.3063068,76.4264145,36988,1903.7140801884784,1903.9498291015625,0.3370608900324697,0.0515408511952369,0.922536627301415,-0.3628748685917441,0.0194070865331407,854.3460759332078,22.88706598896545,1.0,112.0,65,15,108,188.0,RAJPURA
36778,Chirwi (306),PATIALA,0.0,0.0,36778,1904.5068310743816,1903.946533203125,0.3987724598476419,0.1633265529883879,1.0668224421422117,-0.4463242934907309,-0.0589094308339983,953.2359185626404,22.819398500379805,1.0,100.0,65,70,165,102.0,BHUNER HERI
39281,Malakpur (220),S.A.S Nagar,30.6897526,76.57741,39281,1904.164625622436,1903.9464111328125,0.3211349250319834,0.041266386530175,0.8603828789498306,-0.3684700001757036,0.0327754446116026,782.712705948408,22.811371385331974,1.0,573.0,26,214,332,573.0,DERA BASSI
29597,Malikpur (27),KAPURTHALA,31.3873882,75.39295,29597,1903.7649391809264,1903.9453125,0.5711115162999135,0.2425287902102419,1.5482597826779332,-0.5503376965977439,-0.1530040153949435,750.7296239223001,22.874611236255017,1.0,760.0,250,0,304,450.0,PHAGWARA
29603,Rampur Sunra (44),KAPURTHALA,31.3873882,75.39295,29603,1902.7658763997383,1903.9437255859375,0.5972635929256468,0.2361155972809117,1.7740262320319675,-0.5573580490151744,-0.1587625803040942,746.0230234076874,22.86978814647381,1.0,992.0,170,0,311,643.0,PHAGWARA
29602,Dug (5),KAPURTHALA,31.3873882,75.39295,29602,1902.8432644930945,1903.9427490234375,0.5807780552080379,0.208842391924363,1.7885431020603293,-0.5436788551473379,-0.1387170097606905,746.2096707728808,22.8690294760532,1.0,577.0,106,0,144,338.0,PHAGWARA
39305,Bijanpur (7),S.A.S Nagar,30.6897526,76.57741,39305,1904.254983856623,1903.94140625,0.3751836120861643,0.043415840434956,1.1323235740180295,-0.417617546734173,0.0242394119937405,784.1363844170448,22.79294292910212,1.0,411.0,45,152,210,416.0,DERA BASSI
29075,Tandi Dakhli (135),KAPURTHALA,31.6011333,75.44704,29075,1905.1852088040075,1903.94091796875,0.5469829939412219,0.2408814609803916,1.5656520794517856,-0.530549769291234,-0.1480871336416243,786.1698511054414,22.39146673789071,1.0,245.0,160,150,440,249.0,NADALA
28446,Bhaini Bangar (530),GURDASPUR,31.81982,75.3834,28446,1905.352076543176,1903.940673828125,0.5822159296249838,0.2555623915041766,1.8386919769933456,-0.5359004722568427,-0.1741068885416292,1016.9852915217774,22.08910482218068,1.0,301.0,34,34,325,304.0,KAHNUWAN
28808,Kotli Dhadian (314),GURDASPUR,31.8204823,75.19994,28808,1905.4576859739927,1903.938720703125,0.5140454017245077,0.168394567691891,1.4016991598719106,-0.5001716347932798,-0.091200249762177,1002.4769100358384,22.25821241457089,1.0,182.0,60,60,155,129.0,FATEHGARH CHURIAN
30286,Khiala (66),JALANDHAR,31.5855846,75.6586151,30286,1902.8440101345227,1903.9385986328125,0.4626640536702963,0.0853161213949942,1.375610005462488,-0.460361190484256,-0.0255357969027273,752.1953674962418,22.674895467667,1.0,173.0,6,6,50,251.0,ADAMPUR
36754,Ratta Khera (295),PATIALA,30.1981983,76.50913,36754,1906.1610996160207,1903.9375,0.3693980174314837,0.161544380755221,1.0114520778202496,-0.4067372629691285,-0.0527998399405814,930.71743952234,22.8707358540114,1.0,273.0,75,75,180,302.0,BHUNER HERI
28453,Ghot Khurd (524),GURDASPUR,31.90991,75.4571152,28453,1904.9043409869664,1903.93505859375,0.5790922183379836,0.2582770558424254,1.7467158229748834,-0.5464783665417157,-0.170502425286415,1022.8983831290928,22.101982572899274,1.0,94.0,80,80,148,109.0,KAHNUWAN
28694,Sherpur (188),GURDASPUR,31.81982,75.21376,28694,1906.7619523631777,1903.934814453125,0.5864234363072762,0.2475378156567721,1.790931262008423,-0.5412370249176595,-0.1675435578206556,1065.3177556556898,22.07036281266831,1.0,76.0,82,75,90,86.0,QADIAN
37768,Bala Chak (194),AMRITSAR,25.783783,87.48457,37768,1903.658258520123,1903.9271240234375,0.4803102642024061,0.1753083361644494,1.4623721626217283,-0.4703091433037462,-0.0951259454015044,1010.3204640557664,22.236575219337794,1.0,12.0,24,0,86,110.0,TARSIKKA
29588,Nasirabad (26),KAPURTHALA,31.2954254,75.57134,29588,1903.4498309729088,1903.922607421875,0.5436534212095039,0.182550532080624,1.4895629195613893,-0.5254517444136964,-0.1066528003857021,758.3712069378821,22.88244194991723,1.0,277.0,156,8,236,183.0,PHAGWARA
30586,Mahaddipur (42),JALANDHAR,31.4234238,75.717514,30586,1901.8859577398905,1903.920654296875,0.5456519983479139,0.1896687236701063,1.7545742484400808,-0.5098696363453099,-0.1232099644070283,762.588733713855,22.406507616634823,1.0,110.0,17,26,180,117.0,ADAMPUR
38786,Farid (94),RUPNAGAR,30.9265652,76.4605942,38786,1897.7632794377896,1903.919921875,0.5418934078921235,0.2034084335806792,1.413775901944017,-0.5405728803813664,-0.1138029592498385,872.0179856741356,22.712999764829696,1.0,70.0,11,10,41,80.0,CHAMKAUR SAHIB
37784,Kaler Bala Pa (202),AMRITSAR,31.6576576,74.9763641,37784,1902.6583084089848,1903.919921875,0.4323644592206131,0.1207331829116559,1.2524381540477003,-0.4337488505991053,-0.0459282178955057,1040.6461003234283,22.149015923229683,1.0,17.0,17,0,234,129.0,TARSIKKA
29080,Bajaj (133),KAPURTHALA,31.5421772,75.43597,29080,1904.180227921568,1903.9185791015625,0.5760048297216337,0.2422367352810147,1.717181445479716,-0.5413783474525825,-0.1593232626357398,786.1698511054414,22.39146673789071,1.0,280.0,125,150,300,314.0,NADALA
28905,Bam (376),GURDASPUR,32.0360374,75.0294952,28905,1906.6361876151784,1903.9149169921875,0.5682083424972075,0.2268448744568699,1.5929693161011855,-0.5374445069050943,-0.1440565765938614,1039.6224948575396,22.301412025466675,1.0,42.0,10,60,265,55.0,DERA BABA NANAK
36903,Ghungran (113),PATIALA,30.3603611,76.4894943,36903,1901.600016847676,1903.9146728515625,0.3539048175357255,0.1538531716071219,0.8938237056430668,-0.3966937463894138,-0.0489307085026139,852.713057677974,23.02399660360237,1.0,160.0,6,15,47,176.0,GHANAUR
38883,Dulchi Majra (226),RUPNAGAR,30.9729729,76.51368,38883,1901.5101897967093,1903.9136962890625,0.480788486395343,0.1388421983629729,1.2567252190827145,-0.4867113833538594,-0.0576026583651492,903.4168812444108,22.62808539330217,1.0,134.0,160,100,201,186.0,RUPNAGAR
28336,Rajada (514),GURDASPUR,31.8918915,75.29379,28336,1904.9587517906973,1903.9127197265625,0.6005611327462805,0.2695816663838735,1.8038757564040888,-0.5548968460177515,-0.1851408946977359,1016.9852915217774,22.08910482218068,0.8351367983189111,233.0,80,152,264,259.0,KAHNUWAN
28790,Khokhar (273),GURDASPUR,31.86158,74.96758,28790,1903.5275564154297,1903.9073486328125,0.5182994062924274,0.1885663562443271,1.5176243210360585,-0.5111100214075995,-0.1073550573424851,1047.5752594878572,22.056767351109784,1.0,100.0,55,50,50,84.0,FATEHGARH CHURIAN
37116,Thoba (98),AMRITSAR,31.8378372,74.76184,37116,1905.209623988528,1903.9000244140625,0.509216556811401,0.1847267343945038,1.2096398414034697,-0.5096653480692918,-0.0930590564780075,961.348704254173,22.606931694227715,1.0,283.0,20,290,514,397.0,AJNALA
39171,Dhol (293),S.A.S Nagar,30.1261253,76.20324,39171,1905.6675130290284,1903.896240234375,0.4237542944178187,0.0295068525682686,1.0704435697088184,-0.4515461127164662,0.0325125420481608,814.3875989129441,22.74644426539641,1.0,34.0,0,0,64,71.0,KHARAR
30602,Dhamooli (92),JALANDHAR,31.5315323,75.65707,30602,1901.880099690333,1903.89404296875,0.5556746267062371,0.2141483682561282,1.687743304474124,-0.5311649024033385,-0.132568222523829,762.588733713855,22.406507616634823,1.0,160.0,26,43,126,180.0,BHOGPUR
30712,Jaja (41),HOSHIARPUR,31.54955,75.90424,30712,1901.2259689039888,1903.89013671875,0.5195592412598453,0.1711169117685252,1.62268078476693,-0.4941205557404683,-0.1048828288076115,959.276372473468,22.438470679153,1.0,0.81,43,95,790,384.0,TANDA
37462,Talwandi Ghuman (217),AMRITSAR,31.7477474,74.96446,37462,1904.040943832657,1903.8887939453125,0.4813081997630182,0.1426301114728217,1.3500366806605366,-0.4713714858805187,-0.0690829565699648,1047.5752594878572,22.056767351109784,1.0,209.0,121,0,384,242.0,MAJITHA
30307,Udesian (144),JALANDHAR,31.5855846,75.6586151,30307,1903.565644858439,1903.8880615234375,0.5322044499231567,0.178398823348997,1.6356367984532971,-0.5071027407331042,-0.1074927096958177,785.577917378177,22.57207088470267,1.0,140.0,30,30,400,154.0,ADAMPUR
37787,Athwal (203),AMRITSAR,25.7657661,87.47129,37787,1902.984817834657,1903.88720703125,0.4695532871144836,0.1399897652050772,1.4305491873809908,-0.4546892810491593,-0.0697120824905311,1040.6461003234283,22.149015923229683,1.0,88.0,15,0,180,99.0,TARSIKKA
36883,Majri Faqiran (365),PATIALA,30.3423424,76.41278,36883,1902.018389354501,1903.8870849609375,0.2832193474272131,0.1015478254707241,0.699127108996421,-0.3629590215315726,0.0057109534029287,854.577230296752,23.01925468447432,1.0,125.0,20,22,92,140.0,GHANAUR
28495,Paswal (720),GURDASPUR,31.90991,75.43588,28495,1904.0935445965035,1903.885498046875,0.5805959419975932,0.2469327383891524,1.7799595815840432,-0.5167855811263127,-0.1682506545211307,1048.3870040285162,22.2069534341833,0.9344590185465615,188.0,10,0,90,205.0,KAHNUWAN
32723,Reona Ucha (268),FATEHGARH SAHIB,30.6447029,76.3852844,32723,1900.237942100969,1903.884033203125,0.4942494624814084,0.1858688003227591,1.3123514236098073,-0.4975798876786638,-0.0936209599698849,876.084799560742,22.89492059927991,1.0,281.0,60,50,200,315.0,SIRHIND
30282,Kalra (68),JALANDHAR,31.5855846,75.67976,30282,1903.558281627306,1903.8756103515625,0.4866332976830188,0.1277643539918044,1.4224660574264525,-0.4757962691597582,-0.0590333102811397,752.1953674962418,22.674895467667,1.0,429.0,30,40,500,466.0,ADAMPUR
36824,Naurangwala Urf Naraingarh (328),PATIALA,30.3063068,76.28033,36824,1906.4513187832115,1903.87451171875,0.3929502340021872,0.2112252818859288,1.1817884407490706,-0.4230573468630392,-0.0949849869368712,895.9456476380723,22.91402532560585,1.0,1201.0,14,14,67,314.0,BHUNER HERI
30597,Darawan (125),JALANDHAR,31.54955,75.62938,30597,1904.574154213961,1903.8682861328125,0.5734898614810271,0.2091861937567777,1.8229926280074584,-0.5382264775709085,-0.1376243839209892,762.588733713855,22.406507616634823,1.0,193.0,25,82,182,242.0,BHOGPUR
37798,Mehta (68),AMRITSAR,31.6036034,75.2078247,37798,1903.7131814009729,1903.8680419921875,0.4527427914186069,0.12786637751574,1.428108050293165,-0.4408361101825784,-0.0619814031413079,1016.3259839323014,22.14709830626098,0.9443034917429608,582.0,170,170,760,727.0,RAYYA
32536,Pawala (243),FATEHGARH SAHIB,30.5765762,76.49207,32536,1901.0030431163784,1903.8673095703125,0.441424526102518,0.1225815070480716,1.1826700927975988,-0.467808458897835,-0.0367812632014712,868.3765591477003,22.919276643108656,1.0,1660.0,150,175,411,657.0,KHERA
31785,Panjaur (54),HOSHIARPUR,31.3196812,75.94421,31785,1901.5006924169404,1903.8668212890625,0.5782693824445929,0.2388020430801265,1.562133696203062,-0.5522436896007545,-0.1528689237175413,758.6326393296616,22.882709852809228,1.0,343.0,446,450,601,630.0,MAHILPUR
30621,Laroya (8),JALANDHAR,31.54955,75.65053,30621,1904.4977850873715,1903.864990234375,0.5695625472390903,0.1751255484810033,1.7639603931245356,-0.5320522520458368,-0.112392091367702,786.1698511054414,22.39146673789071,1.0,2.47,110,100,440,170.0,BHOGPUR
36821,Sirkapra (329),PATIALA,30.3063068,76.30119,36821,1905.0663748968625,1903.8621826171875,0.3671300247929057,0.1603353990603912,1.0995747289937257,-0.4001735530868234,-0.0583438581047735,895.9456476380723,22.91402532560585,1.0,2000.0,76,76,165,234.0,BHUNER HERI
30626,Patial (77),JALANDHAR,31.5865765,75.6696243,30626,1901.4274958058545,1903.862060546875,0.5476338807825717,0.215396092387422,1.5478217958937288,-0.5271370728234577,-0.1341557557185901,786.1698511054414,22.39146673789071,1.0,133.6,10,8,225,149.0,BHOGPUR
31786,Pandori Ganga Singh (81),HOSHIARPUR,31.3193264,75.94392,31786,1901.880773635464,1903.8587646484375,0.5873864126601192,0.2635621942070231,1.5575646086692922,-0.5674786384427871,-0.1694586539902739,758.6326393296616,22.882709852809228,1.0,273.0,116,118,220,296.0,MAHILPUR
30592,Kotli Araian (32),JALANDHAR,31.4234238,75.717514,30592,1904.237176697984,1903.85546875,0.539379681973382,0.1797904012504772,1.6873880180019425,-0.5127753977937638,-0.1077511808286728,762.588733713855,22.406507616634823,1.0,160.0,15,20,185,175.0,ADAMPUR
39142,Gidarpur (301),S.A.S Nagar,30.6126118,76.37398,39142,1904.798591579605,1903.8509521484375,0.4664790103489534,0.1326667907871911,1.2614774922589769,-0.4776696826440676,-0.0513309207476488,889.3219461642309,22.803477379151804,1.0,61.0,30,25,90,200.0,KHARAR
30611,Sikandarpur (20),JALANDHAR,31.54955,75.65053,30611,1903.752428067548,1903.850830078125,0.5900021793039204,0.2114444048855518,1.8313339904131227,-0.5499660187371957,-0.1407909117224908,809.747228305568,22.345829776931225,1.0,136.8,50,12,24,157.0,BHOGPUR
39366,Shatabgarh (41),S.A.S Nagar,30.4924316,76.79797,39366,1904.004321381856,1903.84765625,0.341505985169298,0.0409677502436053,1.0114673681034088,-0.3756035137828741,0.0218705375794983,796.313727181186,22.73863612910958,0.9753854345528894,211.0,27,77,118,211.0,DERA BASSI
32706,Saddo Majra (123),FATEHGARH SAHIB,30.6707668,76.4182739,32706,1901.4759373792413,1903.845703125,0.5057452374538332,0.2021374663141484,1.304120028484748,-0.5084653514968921,-0.1063099669458126,888.7562545945542,22.84437835799872,1.0,300.0,0,50,60,261.0,KHERA
32325,Charan (241),Shahid Bhagat Singh Nagar,31.1171169,76.10348,32325,1903.4854468957649,1903.8387451171875,0.4481597940774282,0.1389598705861511,1.1872869868060698,-0.4625314109505296,-0.0527909322717879,850.0165073028943,22.627502148514548,1.0,342.0,15,0,217,362.0,NAWANSHAHR
32727,Barkatpur (151),FATEHGARH SAHIB,30.7027035,76.2985,32727,1902.5734568731907,1903.8382568359375,0.4653210600105627,0.1783746818529226,1.2274067093354764,-0.4795960551144215,-0.082062958579095,875.1744353300766,22.855938716001138,1.0,464.0,78,46,164,274.0,SIRHIND
36999,Ugana (27),PATIALA,30.63063,76.36725,36999,1902.7945596235893,1903.8365478515625,0.3627176412285965,0.0644254957044255,0.9966934334927972,-0.3776557487212252,0.0058671259947039,854.3460759332078,22.88706598896545,1.0,66.0,34,34,70,66.0,RAJPURA
28651,Vero Nangal (118),GURDASPUR,0.0,0.0,28651,1902.70992834304,1903.8319091796875,0.4977593903652682,0.1681263729559645,1.546833178079539,-0.4775018618872308,-0.0945912709550852,1040.6461003234283,22.149015923229683,1.0,331.0,147,135,205,369.0,BATALA
37036,Hadaitpura (270),PATIALA,30.4864864,76.60935,37036,1901.836780268863,1903.8291015625,0.3361950549788566,0.0429993377223501,0.9411647220580842,-0.3838636809667567,0.0263083654378254,857.3293410764545,22.910457719606104,1.0,200.0,21,21,163,201.0,RAJPURA
38854,Talapur (159),RUPNAGAR,30.8468475,76.49685,38854,1901.6717632178468,1903.8270263671875,0.500039711100873,0.1299200916803541,1.4513706204338974,-0.4956983539522964,-0.0599387583713316,903.4168812444108,22.62808539330217,1.0,47.4,212,87,110,106.0,CHAMKAUR SAHIB
37453,Pakhar Pura (214),AMRITSAR,0.0,0.0,37453,1904.239449088972,1903.824951171875,0.4709477140430044,0.1397942752159498,1.3356810607071306,-0.4646272952314229,-0.0656516431765061,1047.5752594878572,22.056767351109784,1.0,357.0,120,0,864,384.0,MAJITHA
36766,Faridpur (198),PATIALA,30.3423424,76.35014,36766,1903.742128566107,1903.82470703125,0.3317829199670253,0.1197319867081567,0.8659781833362742,-0.3838115369006061,-0.0178181684673553,953.2359185626404,22.819398500379805,1.0,222.0,15,22,48,240.0,BHUNER HERI
28827,Jhanjhian Khurd (356),GURDASPUR,31.8918915,75.0179138,28827,1909.1261195020147,1903.81982421875,0.5416673301276713,0.1850953161899194,1.3042696874050512,-0.5297042552885919,-0.0995881064401632,1039.6224948575396,22.301412025466675,1.0,50.0,28,50,131,85.0,FATEHGARH CHURIAN
30291,Manko (61),JALANDHAR,31.4234238,75.717514,30291,1903.415073377001,1903.8192138671875,0.4988366320445642,0.089115168420166,1.4998811965540406,-0.4844984059389699,-0.0356224882970708,752.1953674962418,22.674895467667,1.0,222.0,27,26,462,364.0,ADAMPUR
30601,Sandham (93),JALANDHAR,31.54955,75.62938,30601,1901.562690082019,1903.8162841796875,0.5671308956313167,0.2146733137436554,1.7555526874252363,-0.5391197000393602,-0.136484334155832,762.588733713855,22.406507616634823,1.0,112.0,22,18,72,139.0,BHOGPUR
28785,Qadian Rajputan (269),GURDASPUR,31.8204823,75.19994,28785,1903.8917197332987,1903.8160400390625,0.494867049044585,0.1688599487472589,1.3378793812556395,-0.4891463335185273,-0.0863432075252102,1057.0163502563075,22.082487865983467,1.0,375.0,88,70,208,96.0,FATEHGARH CHURIAN
32243,Rasulpur (114),Shahid Bhagat Singh Nagar,31.1171169,76.12452,32243,1905.5177880567576,1903.8154296875,0.4905385502774423,0.133107847434162,1.2927658292345392,-0.4946999544254217,-0.0598530898915471,831.2941893353022,22.593361275795104,1.0,247.0,39,42,265,185.0,NAWANSHAHR
37239,Kotla Suraj Lohar (138),AMRITSAR,31.6756763,74.8427048,37239,1907.4067216961785,1903.814453125,0.4695736162953864,0.145580813260981,1.105059717568353,-0.4803681885485281,-0.0552246336098677,890.6723353078263,22.813989407574297,1.0,91.0,97,26,106,91.0,HARSHE CHHINA
32667,Balahri Kalan (165),FATEHGARH SAHIB,30.594595,76.46443,32667,1902.9399223568817,1903.810546875,0.491381788919338,0.181304974856964,1.240239272089122,-0.5038543869748928,-0.0842238540728761,894.6060481479066,22.901650064587727,1.0,200.0,30,150,355,459.0,KHERA
38890,Oind (294),RUPNAGAR,30.94174,76.41448,38890,1902.256541312816,1903.810302734375,0.4971009165051547,0.1884858148262637,1.2762633236736491,-0.49824577934736,-0.096286893934359,956.0048874194214,22.782469305736708,1.0,124.29,80,80,311,375.0,MORINDA
38921,Dholan Majra (277),RUPNAGAR,30.9394474,76.53307,38921,1902.1392324861145,1903.8077392578125,0.3993928680170652,0.1024546484550767,1.005021147714192,-0.4288205070336118,-0.0162938564738144,962.4367746522324,22.798003492737337,0.4895119724237209,80.0,85,80,105,123.0,MORINDA
28072,Rajuwal (443),GURDASPUR,32.0,75.48866,28072,1906.105632733144,1903.8056640625,0.5782935317129715,0.2432779691838754,1.7347719480246018,-0.5403559461802265,-0.1638703958408223,1108.1613841464418,22.105158846297684,1.0,91.0,55,30,70,101.0,DHARIWAL
39358,Mukandpur (22),S.A.S Nagar,30.738739,76.72533,39358,1901.780390301902,1903.802001953125,0.3096112729488341,0.0798633867016246,0.883322546537891,-0.3692095392798086,0.0034060210258791,783.819640895654,22.837992695230884,1.0,200.0,0,0,1,283.0,DERA BASSI
29049,Hassianpur (30),KAPURTHALA,31.6016369,75.44676,29049,1906.404205366772,1903.797607421875,0.4486620622017614,0.1668064838876599,1.3141890352208356,-0.4497585825296874,-0.0812565649638056,800.9258451869385,22.437382947828382,1.0,100.0,70,70,80,35.0,NADALA
36768,Tajalpur (299),PATIALA,30.1621628,76.5228348,36768,1904.397093061929,1903.794921875,0.3687421865175559,0.1642034031026666,0.9560502871993484,-0.4183736116588089,-0.0525574102161399,953.2359185626404,22.819398500379805,1.0,343.0,73,73,158,367.0,BHUNER HERI
36820,Malikpur Jattan (324),PATIALA,30.3539352,76.3571548,36820,1903.776887144671,1903.7938232421875,0.3665172667658604,0.1464361224010902,1.0813179619666389,-0.4091947674224547,-0.0478611192542218,895.9456476380723,22.91402532560585,1.0,152.0,159,50,108,187.0,SANOUR
39364,Paragpur (34),S.A.S Nagar,30.738739,76.72533,39364,1902.0510440159,1903.7904052734375,0.3015377258309415,0.0276478071028469,0.8565350683093351,-0.3529268098337152,0.0363092640167795,796.313727181186,22.73863612910958,1.0,119.0,51,51,266,165.0,DERA BASSI
39235,Khizargarh (282),PATIALA,30.64865,76.38148,39235,1902.678712471258,1903.7840576171875,0.3469680927919349,0.0839243706438169,0.9963960899151684,-0.3914922912538559,-0.0033385549140167,796.313727181186,22.73863612910958,1.0,607.0,140,281,352,274.0,RAJPURA
30598,Lohar (124),JALANDHAR,31.405405,75.68186,30598,1904.0093558846,1903.7738037109375,0.5270169081797029,0.161789387284552,1.714524295001344,-0.5039527664681291,-0.0963147090234059,762.588733713855,22.406507616634823,1.0,2.47,15,0,173,96.0,BHOGPUR
38811,Phassa (120),RUPNAGAR,31.7477474,75.76962,38811,1901.437534648976,1903.7735595703125,0.3862576251438914,0.1435241504703259,0.5803345780320754,-0.3893726701488994,-0.0523672345739241,855.2991542031663,22.66896286104054,0.8071890097492568,283.0,5,5,50,336.0,CHAMKAUR SAHIB
39276,Handesra (175),S.A.S Nagar,30.6897526,76.57741,39276,1906.19688599428,1903.7734375,0.4022843165123995,0.0920628651512655,1.1715098193172893,-0.4246133333611507,-0.0182690284466148,879.953721444835,22.7014883934649,1.0,414.0,120,316,366,486.0,DERA BASSI
38738,Goslan (225),RUPNAGAR,30.9729729,76.53469,38738,1900.7505743771503,1903.76708984375,0.5038324383863635,0.1672266764865889,1.336027812191399,-0.5048663456501177,-0.0828673184522978,903.4168812444108,22.62808539330217,1.0,8.6,18,16,180,143.0,RUPNAGAR
31742,Ahrana (269),HOSHIARPUR,31.392271,75.81487,31742,1902.991905718157,1903.76513671875,0.4857654474619071,0.1102066543361099,1.4622787945977784,-0.47048775318721,-0.0494361947994854,767.2668305861462,22.61933139841868,0.9681645542031172,423.8,380,35,558,1118.0,HOSHIARPUR-II
30590,Khojkipur (33),JALANDHAR,31.405405,75.68186,30590,1901.853192340724,1903.7646484375,0.5462792625131623,0.2057178086093759,1.7216743850137848,-0.5192435535452702,-0.1281568698568024,762.588733713855,22.406507616634823,1.0,318.0,13,100,214,196.0,BHOGPUR
37450,Bhangali (302),AMRITSAR,31.7477474,74.96446,37450,1904.3136052102025,1903.7645263671875,0.472064239244101,0.1390260403554712,1.289591789073216,-0.4675797866196794,-0.0626835930793946,1037.07165630179,22.103684789023323,1.0,820.0,52,152,417,912.0,MAJITHA
30577,Mansurpur (130),JALANDHAR,31.58515,75.6698151,30577,1905.094856762173,1903.7596435546875,0.5633883890692799,0.2077168183327964,1.7572897662149327,-0.5252149089704923,-0.1358598416800277,762.588733713855,22.406507616634823,1.0,145.0,30,25,145,158.0,ADAMPUR
32996,Shergarh (456),LUDHIANA,30.81081,76.34226,32996,1902.9603604166548,1903.752197265625,0.5006213818694184,0.179690207854256,1.2232934365251855,-0.5163524636179815,-0.0859308485115825,855.2991542031663,22.66896286104054,1.0,105.0,12,10,42,118.0,MACHHIWARA
39111,Pannuan (386),S.A.S Nagar,30.738739,76.64147,39111,1900.593656858776,1903.7510986328125,0.3948624169099874,0.1166178878228444,1.039895485494838,-0.4284066933870082,-0.0272658167109416,893.1311163117783,22.78422345302016,1.0,88.0,55,66,130,110.0,KHARAR
28833,Teja Kalan (328),GURDASPUR,31.8918915,75.0179138,28833,1906.82939100529,1903.7489013671875,0.5301088123546386,0.1834599650394355,1.471074285630685,-0.508259027770528,-0.1051341451832875,1039.6224948575396,22.301412025466675,1.0,50.0,100,50,220,151.0,FATEHGARH CHURIAN
28444,Khara (528),GURDASPUR,31.81982,75.3834,28444,1904.103849909464,1903.744384765625,0.5792528286569603,0.2598164735330981,1.7676942514392502,-0.5340834680158191,-0.1749404311392716,1016.9852915217774,22.08910482218068,1.0,214.0,152,152,212,217.0,KAHNUWAN
39133,Sawara (45),S.A.S Nagar,30.64865,76.6328049,39133,1904.8575707594632,1903.74365234375,0.4589338649752134,0.081594613711154,1.2097710256673486,-0.4710657937252519,-0.0150979061135085,874.4788981035251,22.775274581106448,0.9970751278763608,1.0,80,40,370,373.0,KHARAR
32060,Nai Mazara (145),Shahid Bhagat Singh Nagar,31.1711712,76.10476,32060,1903.8661917334089,1903.7425537109375,0.3883653442976402,0.0450769426347973,1.0273730840948212,-0.4086729242810746,0.017004662435189,839.7951963355439,22.357494296089783,1.0,80.0,16,0,19,99.0,NAWANSHAHR
28750,Udhowal (229),GURDASPUR,31.8378372,75.14361,28750,1908.3276967705056,1903.7423095703125,0.567007417631777,0.2387040133354509,1.7266142028965914,-0.5312016318380486,-0.1576894523466917,1117.527732532253,22.07571790967114,1.0,135.0,122,170,220,151.0,BATALA
37523,Akalgarh (167),AMRITSAR,31.6576576,74.9763641,37523,1909.2252342450952,1903.740478515625,0.39750542399119,0.0763774270784462,1.1621473365575188,-0.4050624864386786,-0.0111531918914761,994.1840314186238,22.3241537073618,1.0,553.0,268,268,657,599.0,TARSIKKA
30603,Behram Srishta (26),JALANDHAR,31.54955,75.65053,30603,1902.73858673091,1903.739501953125,0.548296997841152,0.1852750339584504,1.7380516371512849,-0.5153387680141098,-0.1169468082650036,779.9126224752212,22.384217334588804,1.0,578.15,90,70,596,649.0,BHOGPUR
30640,Talwandi Dadian (549),HOSHIARPUR,31.72973,75.79725,30640,1904.3130527971207,1903.7344970703125,0.5710797022497451,0.2680222282145492,1.629148526445774,-0.5467410336318668,-0.1734790009530609,786.1698511054414,22.39146673789071,1.0,9.72,0,320,560,607.0,TANDA
37773,Uchoke Kalan (206),AMRITSAR,31.6396389,75.17347,37773,1902.701598512194,1903.7340087890625,0.5074717162365117,0.1955764763917559,1.4823214721364657,-0.4929716181625486,-0.1112951069872633,1040.6461003234283,22.149015923229683,1.0,9.0,17,0,570,423.0,TARSIKKA
38910,Sotal (224),RUPNAGAR,30.9369373,76.52683,38910,1901.4781360918628,1903.732421875,0.4887474910002383,0.1340309305064635,1.3283968524025178,-0.4920978244361197,-0.056529974833724,900.9369270290284,22.56557439795448,1.0,258.0,214,205,328,362.0,MORINDA
39134,Chuhar Majra (239),S.A.S Nagar,30.8288288,76.67133,39134,1904.6118692922803,1903.730224609375,0.4095487639688881,0.1091935283585648,0.984551243474698,-0.4553457148016619,-0.0175533027723142,893.1311163117783,22.78422345302016,1.0,74.0,18,18,84,158.0,MAJRI
32307,Chahar Mazara (231),Shahid Bhagat Singh Nagar,31.1236458,76.123024,32307,1906.651855797984,1903.728515625,0.5064109157296429,0.1429352154995853,1.4149813848371864,-0.5008365865064988,-0.0705252731400734,848.0617633894122,22.6402958998248,1.0,141.0,8,27,100,156.0,NAWANSHAHR
37021,Gadomajra (41),PATIALA,30.4864864,76.60935,37021,1902.5607246085583,1903.727294921875,0.3328829042507249,0.0852544081977836,0.889267958054319,-0.3856936324978832,0.0025158746686558,828.8671615531342,22.97204433731389,1.0,250.0,5,75,190,250.0,RAJPURA
32724,Dalo Majra (153),FATEHGARH SAHIB,30.63063,76.38819,32724,1900.2715912451613,1903.724609375,0.4923799240201762,0.2041420188342728,1.2913187320410977,-0.4999927978957984,-0.1049479788740844,894.5421015488203,22.90102400302988,1.0,340.0,39,25,120,206.0,SIRHIND
28801,Sarchur (305),GURDASPUR,31.6756763,74.90622,28801,1904.7027941221115,1903.720703125,0.5502703944396075,0.2165039016574492,1.5029947708382625,-0.530321834350132,-0.1325521134595524,1022.7395089137448,22.167703547474083,1.0,489.0,175,175,333,536.0,FATEHGARH CHURIAN
29071,Jaid (139),KAPURTHALA,31.5160732,75.22186,29071,1904.099587194896,1903.720458984375,0.5659043701788049,0.2726715506814446,1.6594597530568502,-0.5439894541756896,-0.176791398224981,786.1698511054414,22.39146673789071,1.0,441.0,160,160,360,501.0,NADALA
28443,Malia (517),GURDASPUR,31.81982,75.3834,28443,1903.5323644136245,1903.716796875,0.5706672789446611,0.2403681251291827,1.8115190570061093,-0.5280215042737474,-0.1623467020193206,1016.9852915217774,22.08910482218068,1.0,118.0,80,100,131,131.0,KAHNUWAN
30305,Fatehpur (53),JALANDHAR,31.5855846,75.67976,30305,1902.9902121600608,1903.71435546875,0.4837080921432626,0.1203045798946677,1.4391311730220564,-0.4773305309775844,-0.0529973500255546,785.2926512518698,22.5706006067676,0.8513812899335729,47.0,8,10,200,58.0,ADAMPUR
32912,Raipur (193),FATEHGARH SAHIB,30.7217712,76.39646,32912,1902.833716768042,1903.7100830078125,0.5457343565226798,0.2264046227671425,1.5281683571390468,-0.5252191767380808,-0.1390998275857905,901.8612000157732,22.79804944424137,1.0,207.0,76,75,160,202.0,KHAMANO
32657,Mirpur (112),FATEHGARH SAHIB,30.666666,76.4166641,32657,1901.1192487389785,1903.7093505859375,0.536638343925467,0.249675322786282,1.3655278024923228,-0.5365269609127112,-0.1438839875032754,935.5633805405936,22.854641767139107,1.0,161.94,38,46,100,208.0,BASSI PATHANA
39264,Kasauli (163),S.A.S Nagar,30.4324322,76.88031,39264,1905.1648183889763,1903.7066650390625,0.3190098884432797,0.0424759555203005,0.8611577917988013,-0.3692956124012647,0.032001392697513,858.9698676065378,22.918264456983938,1.0,128.0,45,58,88,129.0,DERA BASSI
36992,Basantpura (22),PATIALA,30.63063,76.36725,36992,1900.838251436804,1903.7060546875,0.4210760525704047,0.1364222194822043,1.0780952076218295,-0.4436562238228695,-0.0463606142129455,854.3460759332078,22.88706598896545,1.0,312.0,45,45,248,308.0,RAJPURA
32340,Janian (243),Shahid Bhagat Singh Nagar,31.2252254,76.27467,32340,1903.979993918119,1903.7052001953125,0.4372027675188323,0.1327934917718551,1.0934962428800483,-0.4673310992439936,-0.0442030579521506,851.0235640218156,22.741619939577788,1.0,58.0,22,12,131,64.0,NAWANSHAHR
28797,Riali Kalan (301),GURDASPUR,31.8540668,74.95159,28797,1903.6760849930995,1903.70458984375,0.5324046004995562,0.208578501547008,1.552761342952348,-0.5062235248528842,-0.1276634528394416,1047.5752594878572,22.056767351109784,1.0,40.0,55,58,247,283.0,FATEHGARH CHURIAN
31548,Badla (286),HOSHIARPUR,31.36937,75.82165,31548,1902.8459058850565,1903.7010498046875,0.4136954541917579,0.0385626042892254,1.0961178191529208,-0.435600160074427,0.0203231555549598,828.8790526797669,22.39218518476929,1.0,23.0,23,23,124,950.0,HOSHIARPUR-II
32102,Palli Jhikki (109),Shahid Bhagat Singh Nagar,31.12357,76.12323,32102,1903.189290841018,1903.696044921875,0.4672920531393084,0.1108043328376285,1.260102604399407,-0.4759694133207908,-0.0406368112653043,824.7937652280228,22.51144758387028,1.0,2.47,45,56,415,420.0,NAWANSHAHR
30290,Kandola (62),JALANDHAR,31.5855846,75.6586151,30290,1903.331177770691,1903.696044921875,0.4717991662211907,0.0505707251954839,1.3581585016285396,-0.4687104587759555,-0.0027494792797538,761.552614458519,22.646073372890545,1.0,450.0,7,7,500,484.0,ADAMPUR
38768,Ramgarh (79),RUPNAGAR,30.9189186,76.51241,38768,1902.4125125435608,1903.6951904296875,0.5171183904163313,0.1898965050599619,1.301451501678876,-0.5314635225283926,-0.0958933529127319,833.2992015254692,22.68461979049315,1.0,90.0,20,10,30,97.0,CHAMKAUR SAHIB
36844,Sonta (395),PATIALA,30.3563671,76.72409,36844,1902.752706910914,1903.69482421875,0.3296621319022843,0.1446334588785502,0.9365982735342884,-0.3791438397441025,-0.0366675382985172,930.369684379329,23.05397686465227,1.0,282.0,0,34,162,318.0,GHANAUR
36819,Nagar (332),PATIALA,30.3514118,76.4298,36819,1903.125810531585,1903.6927490234375,0.3976293691050821,0.1575158184290804,1.1427897102514686,-0.4316470505153165,-0.0599814170152705,895.9456476380723,22.91402532560585,1.0,53.0,58,15,60,59.0,SANOUR
33177,Kotla Bhari (175),LUDHIANA,30.594595,76.35977,33177,1903.915542312085,1903.69189453125,0.5257726560752518,0.2180158684863408,1.422809955916255,-0.5111189139280434,-0.1281835077476871,923.9312190636998,22.85898014225004,1.0,370.0,40,40,405,372.0,SAMRALA
32730,Nabipur (149),FATEHGARH SAHIB,30.6445656,76.3853455,32730,1901.6142994176555,1903.6827392578125,0.4302415079770455,0.1348094790324149,1.1540330505434064,-0.4488902295462171,-0.0498293322113885,888.7562545945542,22.84437835799872,1.0,320.0,84,64,264,229.0,SIRHIND
30301,Dhepur (48),JALANDHAR,31.5855846,75.67976,30301,1903.0249642234844,1903.6826171875,0.5657007430610708,0.1891718989280074,1.7406352170237247,-0.5320330832771645,-0.1188139396392751,784.4382724955638,22.41919396343442,1.0,110.0,20,50,200,118.0,ADAMPUR
39236,Karala (281),PATIALA,30.5765762,76.76414,39236,1902.0155254015533,1903.67626953125,0.3719656879358268,0.0830433622235771,1.0746539447690522,-0.4065057278925387,-0.0081698534567141,798.8541029229546,22.763019969809186,1.0,318.0,148,150,311,369.0,RAJPURA
39225,Hulka (277),PATIALA,30.3063068,76.4264145,39225,1902.2321097357712,1903.6741943359375,0.3938445462057563,0.0975540269513433,1.1803859816925435,-0.4180490819183845,-0.0219235905382069,814.1388993359202,22.87233005766221,1.0,655.0,72,72,181,208.0,RAJPURA
37013,Nalas Khurd (10),PATIALA,30.4864864,76.60935,37013,1901.7798313669844,1903.6724853515625,0.3623901726391498,0.0726596106861557,0.9976377431132402,-0.3951934341937761,0.005769579492007,831.9757483454821,22.967940504545773,0.998151025500875,210.0,0,135,201,231.0,RAJPURA
39262,Ramgarh Rurki (155),S.A.S Nagar,30.4324322,76.88031,39262,1904.6528341591188,1903.6689453125,0.3180866296526836,0.0454106719514649,0.8473965869250789,-0.3749807182302013,0.0317582572256388,821.5924725829854,22.963963285665496,1.0,159.0,16,146,228,177.0,DERA BASSI
39327,Bir Kheri (6/1),S.A.S Nagar,30.666666,76.6051941,39327,1903.4099961680745,1903.668212890625,0.4537178377853524,0.0895596547796515,1.4262917466116685,-0.4661121702318535,-0.0259167149637003,878.3628436734574,22.225765400318323,1.0,12.0,0,0,1,76.0,DERA BASSI
32070,Gorakhpur (157),Shahid Bhagat Singh Nagar,31.1531525,76.13239,32070,1904.6611280452128,1903.66455078125,0.4616830671438947,0.1150177548471075,1.279753902544217,-0.4702661032672513,-0.0435394848868518,836.6990141352513,22.416519563457857,1.0,40.0,22,0,234,49.0,NAWANSHAHR
36995,Sarai Banjara (17),PATIALA,30.63063,76.38819,36995,1900.7689997698628,1903.66357421875,0.4177346650408985,0.1464070807508955,1.149983185657557,-0.4350385055266677,-0.0561436930704131,854.3460759332078,22.88706598896545,1.0,195.0,40,50,100,64.0,RAJPURA
30807,Korala Kalan (64),HOSHIARPUR,31.5315323,75.889595,30807,1901.6166556965943,1903.6602783203125,0.6039625183605976,0.2178666404820115,2.000368280705411,-0.5488448599618161,-0.155736607347884,928.5261276175872,22.425879731414227,1.0,1.01,0,0,56,351.0,TANDA
30302,Kupur (49),JALANDHAR,31.5855846,75.67976,30302,1903.228682053459,1903.6595458984375,0.4955327559975194,0.1372245726053585,1.4906427524531762,-0.4795316333769716,-0.0723638802792825,782.2712103546453,22.41793571711035,1.0,95.0,15,10,350,110.0,ADAMPUR
39360,Amlala (25),S.A.S Nagar,30.738739,76.72533,39360,1901.247115480548,1903.6522216796875,0.3314749403026338,0.073296590342118,0.9741158301866116,-0.3759990719797394,0.0040512487515713,793.7128357449933,22.75931916555201,1.0,466.0,35,416,578,471.0,DERA BASSI
31801,Kot Fatuhi (89),HOSHIARPUR,31.3221779,75.97668,31801,1901.2874261310403,1903.6441650390625,0.5621738694375229,0.2021517707079513,1.613178713365887,-0.5357058442032979,-0.1285816753686438,790.2334722688096,22.580193486697112,0.9845406520469424,180.0,60,80,730,233.0,MAHILPUR
28508,Kathana (from Distt.HSP) (455),GURDASPUR,0.0,0.0,28508,1903.9985982378807,1903.643310546875,0.1379527585307005,0.2488953583586125,0.3046413737289325,-0.0867175782795965,-0.0781907108601361,1073.0177256276506,22.24859892509784,0.5169397270228516,240.0,50,50,58,291.0,QADIAN
32971,Rattangarh (309),FATEHGARH SAHIB,30.8288288,76.29364,32971,1899.948861791164,1903.642822265625,0.5626011430503748,0.2197146225226511,1.516073119363985,-0.5419346801105296,-0.1357473896133482,923.397637659666,22.8328531822958,1.0,310.0,321,75,308,367.0,KHAMANO
31782,Todarpur Urf Theh Pachrali(1),HOSHIARPUR,31.319437,75.94364,31782,1902.8032573363969,1903.640380859375,0.597846784766887,0.2703683578300764,1.595873809398448,-0.5742246691402909,-0.1762967025712191,758.6326393296616,22.882709852809228,1.0,836.0,170,165,455,903.0,MAHILPUR
32990,Tandi (454),LUDHIANA,30.81081,76.34226,32990,1902.801257485344,1903.6370849609375,0.5011178717769469,0.1759123030233498,1.2383461143346346,-0.5174489997920926,-0.0826519190595956,855.2991542031663,22.66896286104054,1.0,67.0,20,20,38,72.0,MACHHIWARA
39284,Dharamgarh (223),S.A.S Nagar,30.4324322,76.88031,39284,1904.568027574167,1903.6363525390625,0.321426209592181,0.0406504326444316,0.8095788859563543,-0.3784977465168248,0.0368898578539792,776.6454461028474,22.8950439547636,1.0,310.0,180,362,535,310.0,DERA BASSI
37040,Mirzapur (40),PATIALA,30.3783779,76.37828,37040,1901.855000362698,1903.632568359375,0.3775992669124671,0.0701612274952887,1.0316276022189483,-0.4149082590377042,0.0035784716048305,831.8624447158603,22.96809008349563,1.0,319.0,100,110,250,318.0,RAJPURA
38947,Behdala (118),RUPNAGAR,30.9369373,76.52683,38947,1900.946800719836,1903.62841796875,0.4473801034090543,0.0962690531139236,1.1085317436003432,-0.4790616436412909,-0.0176515179119275,898.6496882909531,22.39113007183602,0.940837676801514,59.0,5,5,8,63.0,MORINDA
39365,Bakkarpur (40),S.A.S Nagar,30.738739,76.72533,39365,1902.9462173222348,1903.625244140625,0.3657566137500386,0.0901646551773438,1.0403241997047208,-0.3884849829563755,-0.0190597031482006,796.313727181186,22.73863612910958,1.0,164.0,0,61,74,220.0,DERA BASSI
31986,Darapur (148),HOSHIARPUR,31.2432442,76.09955,31986,1899.1904060107468,1903.6229248046875,0.5134109081009697,0.1882857918186852,1.314180346059204,-0.5149284809997419,-0.0978947641703195,824.7937652280228,22.51144758387028,1.0,116.0,21,23,52,136.0,GARHSHANKAR
37022,Kotla (4),PATIALA,30.3423424,76.45454,37022,1902.269631626974,1903.6226806640625,0.3625310061811435,0.0807268390992166,0.98675140760678,-0.4008460347780613,-0.0015361165317719,831.5715452661022,22.968474117390763,1.0,212.0,150,150,250,213.0,RAJPURA
31774,Muggo Patti (56),HOSHIARPUR,31.3196545,75.9444046,31774,1901.674369986405,1903.619873046875,0.5835627516428932,0.2052025474680995,1.6676631598853844,-0.5569397572086928,-0.1310368231949906,763.9820817918605,22.831499370558024,1.0,53.0,32,42,70,77.0,MAHILPUR
36864,Hari Majra (348),PATIALA,30.3243237,76.60746,36864,1902.085513574327,1903.6187744140625,0.3425703251732634,0.1111788985109615,0.8994486821552978,-0.400123847010696,-0.0140468930721523,895.9456476380723,22.91402532560585,1.0,185.0,214,280,358,204.0,GHANAUR
38836,Bir Guru (133),RUPNAGAR,30.9369373,76.4218,38836,1899.214906572355,1903.6187744140625,0.5962661183859479,0.3019830281207873,1.624951390363265,-0.5642601880673852,-0.2011488533576031,916.721189301242,22.821435243015912,1.0,65.0,5,9,10,69.0,CHAMKAUR SAHIB
32666,Bambe Majra (167),FATEHGARH SAHIB,30.594595,76.46443,32666,1902.24396352486,1903.6109619140625,0.4953714218243294,0.1924557057434258,1.271635147913179,-0.5043719091275038,-0.0949852100445347,894.6060481479066,22.901650064587727,1.0,2.47,0,0,35,113.0,KHERA
39060,Lakhnaur (97),S.A.S Nagar,30.8288288,76.5874,39060,1901.9114655033543,1903.610107421875,0.4145764135332191,0.0849816659636926,1.149251276551763,-0.4354271679534731,-0.0130082429666605,899.1409334351914,22.399942850440937,1.0,126.0,90,40,184,155.0,MAJRI
32659,Mandofal (124),FATEHGARH SAHIB,30.63063,76.38819,32659,1901.713930679066,1903.6058349609375,0.5333450210039331,0.2025508687526058,1.4362575990046351,-0.5220275715698738,-0.1159893205530633,888.7562545945542,22.84437835799872,1.0,250.0,12,80,281,318.0,KHERA
28730,Chak Khasa (186),GURDASPUR,31.81982,75.19255,28730,1903.815397085384,1903.6051025390625,0.5510315668665664,0.2230448883692913,1.7301590886151257,-0.5198051853934046,-0.1434402716220203,1051.561122240371,22.047406259980832,1.0,38.0,9,11,16,48.0,BATALA
28463,Dhaker (540),GURDASPUR,32.0571976,75.40952,28463,1904.407494813182,1903.6015625,0.5768119783389958,0.2092045217942368,1.7084423628420442,-0.5437315929642701,-0.1335604927596534,1031.3100907018083,22.178079881455176,1.0,76.0,40,40,45,112.0,KAHNUWAN
39140,Bharatpur (43),S.A.S Nagar,30.35963,76.3640442,39140,1904.4908713165748,1903.6009521484375,0.4152890875848792,0.0889761136117958,1.0830664601064586,-0.4459321854550541,-0.0116576771967627,820.135214113232,22.749201828688413,1.0,2.47,2,6,60,104.0,KHARAR
33073,Nurpur (63),LUDHIANA,30.8468475,76.11909,33073,1904.650274663795,1903.5968017578125,0.4811113471152817,0.1486028903326201,1.2875356446584598,-0.4799145359867549,-0.0705736964159959,895.2483511046387,22.86488638221046,1.0,389.0,0,15,79,406.0,MACHHIWARA
36753,Alipur Wazir Sahib (293),PATIALA,30.1981983,76.50913,36753,1905.155710630272,1903.5926513671875,0.3690995985185926,0.169238599773064,0.9970945835449652,-0.4078397169516463,-0.0569855455964947,946.4559797856648,22.834855322040085,1.0,368.0,85,82,111,396.0,BHUNER HERI
32653,Harlalpur (72),FATEHGARH SAHIB,30.7027035,76.3823242,32653,1905.4675361096376,1903.5919189453125,0.4989132982227889,0.1942819498137745,1.2938667799289472,-0.5059603531139815,-0.0980454129527161,925.4399587168726,22.852422002135985,0.7351163633067601,222.0,38,112,175,168.0,BASSI PATHANA
30798,Kaluwal Kotla (502),HOSHIARPUR,0.0,0.0,30798,1902.2104181976088,1903.589599609375,0.5258440733280028,0.2052592382031292,1.5126365876300445,-0.5080274327609452,-0.1194625804184205,928.5261276175872,22.425879731414227,1.0,0.1,20,48,148,121.0,TANDA
39227,Balongi (CT),S.A.S Nagar,30.72072,76.71098,39227,1900.3386123070493,1903.5894775390625,0.3204916954591327,0.0130570575068336,0.9013959083024234,-0.3510420391710846,0.0393548729430624,814.3875989129441,22.74644426539641,0.0,800.0,38,180,762,0.0,KHARAR
28642,Bhamboi (146),GURDASPUR,31.6936932,75.47134,28642,1904.849234766621,1903.5892333984375,0.528259467252215,0.2196947649452861,1.5306017628079112,-0.506537329472867,-0.1312739560136208,973.7182202746766,22.143738726509184,1.0,380.0,205,0,453,433.0,SRI HARGOBINDPUR
28805,Ghanie Ke Bangar (310),GURDASPUR,31.8617477,74.96767,28805,1903.914710604168,1903.5831298828125,0.5389604080842452,0.2072997111782917,1.4966358153382473,-0.5162934914781324,-0.1240246397887506,1065.5049869742757,22.223938971770583,1.0,60.0,300,350,1194,902.0,FATEHGARH CHURIAN
36885,Rurka (360),PATIALA,30.18018,76.53683,36885,1901.788018671245,1903.58203125,0.3484173175794637,0.1977736378417246,0.9131850227681354,-0.4129058979531088,-0.0672652977936404,895.9456476380723,22.91402532560585,0.9610546427308364,87.0,42,141,151,229.0,GHANAUR
36758,Magar (292),PATIALA,29.8558559,76.1830444,36758,1905.05961964095,1903.5810546875,0.4019590367116307,0.1494123912243977,1.0619461582346683,-0.433107054550924,-0.0489008846594133,953.2359185626404,22.819398500379805,1.0,279.0,153,153,188,307.0,BHUNER HERI
30625,Rajpur (78),JALANDHAR,31.54955,75.65053,30625,1901.8575848251423,1903.5780029296875,0.5678007238705713,0.2082929181426577,1.65388240964059,-0.5411563899843304,-0.130632607652484,786.1698511054414,22.39146673789071,1.0,101.82,25,25,252,118.0,BHOGPUR
30281,Jalpot (71),JALANDHAR,31.5855846,75.67976,30281,1904.1030941112213,1903.5771484375,0.5404590580609507,0.1961749415953906,1.5843352422157144,-0.5184222621290895,-0.1174523858694613,757.7161635526974,22.65789036907066,1.0,244.0,15,12,120,259.0,ADAMPUR
36782,Tauran (308),PATIALA,30.1621628,76.5228348,36782,1904.010228033343,1903.5682373046875,0.3325125864295762,0.1211813483856125,0.8549784346585725,-0.3893805356097394,-0.0181753227005299,953.2359185626404,22.819398500379805,1.0,113.0,6,60,67,121.0,BHUNER HERI
38774,Khalilpur (82),RUPNAGAR,30.9189186,76.53342,38774,1901.15476278183,1903.564697265625,0.5373288207627307,0.1334228945360827,1.4211527056171265,-0.5365995338773736,-0.0628606123834501,899.2612837725694,22.67490973338656,1.0,41.0,9,8,20,66.0,CHAMKAUR SAHIB
31789,Makhsoospur (80),HOSHIARPUR,31.3197269,75.94398,31789,1902.1197455307088,1903.5557861328125,0.5438284884417962,0.1957676146281048,1.5454491333670042,-0.519620917415732,-0.1230159949166572,758.6326393296616,22.882709852809228,1.0,108.0,95,110,237,120.0,MAHILPUR
30714,Urmar (47),HOSHIARPUR,31.6936932,75.5984,30714,1902.232788789688,1903.554443359375,0.5371109553419356,0.1858934962711662,1.6002771513823086,-0.5112469226928169,-0.1148545710645085,928.5261276175872,22.425879731414227,0.9114839616069774,0.01,0,0,78,801.0,TANDA
28856,Chandu Manj (393),GURDASPUR,31.8558559,75.13707,28856,1903.476321536358,1903.553955078125,0.5628794949135854,0.2321715445303192,1.746783697799841,-0.5253359932358426,-0.1515398042656794,1086.2000080754656,22.16199337264419,1.0,225.0,185,180,250,194.0,BATALA
38878,Dugri (164),RUPNAGAR,30.9009018,76.41402,38878,1901.6316678737933,1903.550048828125,0.5112731388272053,0.1481389704685883,1.3966873401635378,-0.5028284132544624,-0.0756568786635632,903.4168812444108,22.62808539330217,1.0,108.0,78,37,173,152.0,CHAMKAUR SAHIB
29615,BaJindowal (72),KAPURTHALA,31.3873882,75.39295,29615,1907.3974923573703,1903.549560546875,0.5345740026322342,0.1749111786166233,1.509888327997987,-0.5200326214196402,-0.0988459122475154,789.2529609610932,22.57912219385276,1.0,110.0,25,0,102,72.0,PHAGWARA
28649,Bure Nangal (116),GURDASPUR,31.8558559,75.13707,28649,1901.98019802848,1903.548583984375,0.5005621294512461,0.1866881621415652,1.5590484757613858,-0.4780617776434752,-0.1074876861286712,1040.2006851590515,22.14898080268696,1.0,112.0,155,142,197,112.0,BATALA
30587,Sarobad (40),JALANDHAR,31.4988842,75.728096,30587,1902.1602903506555,1903.546875,0.5238901829700634,0.1687567483342762,1.6691998043730198,-0.4930585757011409,-0.1022502919152602,762.588733713855,22.406507616634823,1.0,95.0,10,12,200,102.0,ADAMPUR
36767,Jalbehra (298),PATIALA,30.3423424,76.35014,36767,1904.095497660383,1903.5455322265625,0.3521900568160081,0.13538044126668,0.8772644687364782,-0.4066060204969835,-0.0276635588724642,953.2359185626404,22.819398500379805,1.0,148.0,105,73,181,164.0,BHUNER HERI
32616,Khudadadpur (90),FATEHGARH SAHIB,30.6194553,76.34883,32616,1899.7081553460705,1903.54443359375,0.5617704624155956,0.2390306102177913,1.562314042023586,-0.5406717665390091,-0.150331079280426,955.8912752321924,22.88840001050898,1.0,60.0,20,17,43,96.0,BASSI PATHANA
30789,Basoya (493),HOSHIARPUR,31.6576576,75.8230743,30789,1901.6751770144183,1903.5416259765625,0.5609946028708813,0.2451776268929157,1.697338192532624,-0.5264921717233693,-0.1578132981883471,1037.251331226418,22.29248172053993,1.0,123.0,40,0,108,140.0,DASUYA
36780,Mahewan (308),PATIALA,30.3423424,76.35014,36780,1904.4600782252933,1903.54150390625,0.3643682342683684,0.1470788515644082,0.9018105999526442,-0.4233068589864811,-0.037854889583315,953.2359185626404,22.819398500379805,1.0,95.0,6,21,25,104.0,BHUNER HERI
28955,Sarfkot (342),GURDASPUR,32.06507,75.4522247,28955,1906.430144297428,1903.5330810546875,0.4992096906757222,0.1460602924574412,1.216187770288405,-0.4956247902780469,-0.0661065340668231,1039.6224948575396,22.301412025466675,1.0,160.0,102,102,185,169.0,DERA BABA NANAK
39138,Chudiala (299),S.A.S Nagar,30.7504787,76.639595,39138,1904.334639269754,1903.5325927734375,0.371802083406704,0.0881310865854859,0.9148058414404836,-0.4189402962942436,0.0016053946609328,834.0089884320806,22.882314209070536,1.0,50.0,50,60,280,205.0,KHARAR
38829,Kotla Sarmukh Singh (128),RUPNAGAR,30.9009018,76.41402,38829,1901.9184114494367,1903.529541015625,0.5666038236453905,0.2233963736792998,1.5974003921178708,-0.5370302371334595,-0.1426284367847058,905.756378453006,22.8861820471202,1.0,204.0,124,56,101,204.0,CHAMKAUR SAHIB
36858,Majoli (330),PATIALA,30.18018,76.53683,36858,1901.9282377866,1903.5286865234375,0.3078128856667596,0.1164692428090441,0.871478521670012,-0.3641877959085958,-0.0163888972134718,895.9456476380723,22.91402532560585,1.0,176.0,205,303,389,459.0,GHANAUR
39283,Jastana Kalan (222),S.A.S Nagar,30.6897526,76.57741,39283,1905.466266811156,1903.5286865234375,0.2991774698118581,0.0341765034426314,0.7872573087418724,-0.3576802798401362,0.0413064605560588,783.0507332085514,22.90486547436352,1.0,220.0,35,113,259,339.0,DERA BASSI
28335,Tatley (513),GURDASPUR,32.05761,75.40627,28335,1904.6860131988,1903.526611328125,0.6087315690322421,0.2849089415111955,1.8510613907033504,-0.5565205282885717,-0.2002739157142217,1058.1122752361966,22.072088699618696,1.0,247.0,160,160,260,295.0,KAHNUWAN
31547,Harta (285),HOSHIARPUR,31.36937,75.82165,31547,1903.238413669681,1903.525146484375,0.4085687199158928,0.0412709924671877,1.0405524509433806,-0.4380147474763335,0.0224218982915569,828.8790526797669,22.39218518476929,1.0,238.0,243,235,507,881.0,HOSHIARPUR-II
33175,Manupur (173),LUDHIANA,30.7567558,76.29937,33175,1904.211605789236,1903.524658203125,0.5189845261116286,0.1992668663176472,1.415659030713318,-0.5082471716753376,-0.1139322182197307,923.3028611666408,22.857205302717663,1.0,648.0,40,50,476,717.0,SAMRALA
39135,Machhli Khurd (240),S.A.S Nagar,30.7805424,76.7944641,39135,1903.5535895936189,1903.52294921875,0.432554507496839,0.1483502024148666,1.081162807972142,-0.4702896272701953,-0.0498964810757886,889.9657334560695,22.801492800627244,1.0,230.0,45,30,50,191.0,KHARAR
38665,Dargah Shah Khalid Binwalid (351),RUPNAGAR,30.9909916,76.54914,38665,1901.8763354811265,1903.5211181640625,0.6862523170710875,0.1962012845398396,2.109797231148064,-0.6171426443943311,-0.14980791218816,822.4493323029412,22.421444844853724,0.9823704075200714,4.0,2,2,103,212.0,RUPNAGAR
32086,Mubarkpur (130),Shahid Bhagat Singh Nagar,31.1531525,76.15345,32086,1902.362219712372,1903.5191650390625,0.4888302394112944,0.1494356479235894,1.3146494624941751,-0.4883942485762649,-0.0715984782966314,824.5614109278359,22.52502572536405,1.0,200.0,52,59,362,184.0,NAWANSHAHR
33059,Hedon Bet (272),LUDHIANA,30.8468475,76.11909,33059,1904.6322743058893,1903.51904296875,0.4828394899853012,0.1642175453576295,1.2272129936792842,-0.493597311635467,-0.0759928727427789,903.7687424747146,22.877625241314504,1.0,272.0,5,15,235,292.0,MACHHIWARA
29079,Fatehpur (134),KAPURTHALA,31.5160732,75.22186,29079,1904.600350223288,1903.5118408203125,0.5788423800306107,0.2511074284023727,1.7358149372252307,-0.5439912232008489,-0.1675620686566812,786.1698511054414,22.39146673789071,1.0,52.0,20,30,60,57.0,NADALA
37770,Kazikot (209),AMRITSAR,25.7657661,87.47129,37770,1903.707239971077,1903.51171875,0.4993572346847104,0.1793702732739425,1.5128914729530951,-0.4881447917450676,-0.0994225967647421,1010.3204640557664,22.236575219337794,1.0,10.0,12,0,73,85.0,TARSIKKA
30297,Mander (470,JALANDHAR,31.5675678,75.66514,30297,1901.982411644654,1903.50830078125,0.5190274000769831,0.1368121214318023,1.579632281940203,-0.4967669383053377,-0.073616366892248,788.4978595187562,22.42155105340902,1.0,90.0,15,15,270,103.0,ADAMPUR
30713,Rasulpur (42),HOSHIARPUR,31.5315323,75.889595,30713,1901.588211202141,1903.50537109375,0.4889403665549219,0.1239185195231244,1.4941854402419217,-0.4798406279828114,-0.0638497978878387,943.0760688252956,22.431837327856485,0.9071694982309556,0.1,8,25,100,106.0,TANDA
28817,Lodhi Nangal (332),GURDASPUR,31.6756763,74.90622,28817,1908.1332842213749,1903.504638671875,0.5957086321589327,0.2392465679213092,1.487306273242682,-0.5628351127875093,-0.1535038879944748,1039.6224948575396,22.301412025466675,1.0,45.0,55,37,131,160.0,FATEHGARH CHURIAN
37767,Khera (193),AMRITSAR,25.783783,87.48457,37767,1904.265471242206,1903.5001220703125,0.466810087423924,0.1563028676249908,1.4007755908914323,-0.4640967024459225,-0.0792937983198476,1010.3204640557664,22.236575219337794,1.0,20.0,47,0,195,140.0,TARSIKKA
32946,Bhambri (318),FATEHGARH SAHIB,30.666666,76.2490845,32946,1902.8706111516587,1903.4974365234375,0.5651185619358329,0.2367369766554385,1.543433814950719,-0.5417952809331749,-0.1489382811377996,923.9367487838166,22.858995408648013,0.9925736704047666,263.0,231,127,257,292.0,KHAMANO
36838,Sarala Khurd (351),PATIALA,30.35538,76.7248154,36838,1903.7868192871413,1903.4969482421875,0.3651964407041684,0.1842743641613674,1.032795196933988,-0.4079270896916732,-0.06837357407611,895.9456476380723,22.91402532560585,1.0,303.0,500,90,253,346.0,GHANAUR
28748,Malludawara (230),GURDASPUR,31.8378372,75.14361,28748,1907.6142143327072,1903.4967041015625,0.5843551406865983,0.241620839101733,1.7504984368835914,-0.5504587373059563,-0.1614108306549734,1110.2159448805098,22.098700812720512,1.0,72.0,70,70,95,83.0,BATALA
31900,Binjon (107),HOSHIARPUR,31.2432442,76.09955,31900,1902.0887129302005,1903.484130859375,0.5299449393522908,0.1821024227767446,1.5121556343719118,-0.5201419270764244,-0.1064119678422899,790.7067463442784,22.595868462759185,1.0,580.0,201,200,715,716.0,GARHSHANKAR
30643,Bahadurpur (548),HOSHIARPUR,31.6396389,75.6179047,30643,1904.9388231037087,1903.480712890625,0.5681650652722606,0.2685061028243014,1.6206449047354363,-0.5464983393150847,-0.1719543469058018,786.1698511054414,22.39146673789071,1.0,2.83,6,10,115,129.0,TANDA
39129,Naggal Faizgarh (190),S.A.S Nagar,30.1261253,76.18241,39129,1902.7871358392267,1903.479736328125,0.4128664395192209,0.0946446056322001,1.0388660072299207,-0.4513755212497595,-0.0112362901697656,893.1311163117783,22.78422345302016,1.0,85.0,55,55,100,105.0,KHARAR
28789,Bullowal (274),GURDASPUR,31.8615265,74.96767,28789,1903.146061282403,1903.4788818359375,0.5413229733512642,0.2207351012247346,1.6508787302426835,-0.5207024046382527,-0.1374112594165279,1047.5752594878572,22.056767351109784,1.0,500.0,20,100,200,176.0,FATEHGARH CHURIAN
39376,Pandwala (359),S.A.S Nagar,30.666666,76.6051941,39376,1904.5110371370265,1903.476806640625,0.3241369353365622,0.0373228182960909,0.8354248973716003,-0.3815807787096063,0.0366820079496895,878.3628436734574,22.225765400318323,1.0,266.0,368,363,480,266.0,DERA BASSI
30589,Najka (35),JALANDHAR,31.5855846,75.67976,30589,1902.918284975476,1903.475830078125,0.611001070538353,0.2402745279875142,2.034261708692822,-0.5542840844243677,-0.1695458583797564,762.588733713855,22.406507616634823,1.0,120.0,10,10,150,151.0,ADAMPUR
39059,Shahpur (98),S.A.S Nagar,30.8288288,76.5874,39059,1901.848940463649,1903.4749755859375,0.3840480614380093,0.0496763772467997,0.978574689830655,-0.4276033671640132,0.0217276012204276,899.1409334351914,22.399942850440937,1.0,138.0,70,30,175,144.0,MAJRI
30840,Khun Khun Kalan (69),HOSHIARPUR,31.6756763,75.62606,30840,1900.3855291197144,1903.4674072265625,0.4464439839272089,0.082662469122152,1.3236796417927164,-0.4515633966461418,-0.0253437932200132,959.276372473468,22.438470679153,1.0,0.1,70,45,578,256.0,TANDA
32359,Rakran Bet (467),Shahid Bhagat Singh Nagar,31.1171169,76.35603,32359,1901.9904249702995,1903.460205078125,0.4582766628572021,0.1052808594305315,1.2922922091123357,-0.465805821275472,-0.0389985511437219,855.2991542031663,22.66896286104054,1.0,169.0,71,54,177,171.0,BALACHAUR
29574,Galibwal (22),KAPURTHALA,31.2248821,75.76635,29574,1903.1159132489308,1903.4569091796875,0.3351122004048007,-0.0094709367306268,0.8455957844643386,-0.3798247503336976,0.0675697995558431,752.1953674962418,22.674895467667,0.9619827299186972,12.4,0,0,2,55.0,PHAGWARA
38909,Dhanauri (230),RUPNAGAR,30.9398174,76.41282,38909,1902.0227658448853,1903.455810546875,0.4899665105315308,0.161681147130626,1.298436259582572,-0.4930129902987302,-0.077243933039279,916.7544900271884,22.66648432973569,1.0,149.79,247,247,438,507.0,MORINDA
32373,Bhedian (429),Shahid Bhagat Singh Nagar,31.0630627,76.31261,32373,1899.416858182596,1903.4483642578125,0.5068780956176921,0.1677984443590205,1.379960621419399,-0.5089383167897595,-0.0849808038927891,844.7756114413636,22.646918597549643,1.0,115.0,37,37,67,127.0,BALACHAUR
37341,Hailar (267),AMRITSAR,31.8378372,74.76184,37341,1904.9634456499664,1903.44091796875,0.5489023399104528,0.2052675459221294,1.3349509674014888,-0.5337393745143367,-0.1165864432296775,994.0184595992464,22.46817550702201,1.0,60.72,30,30,153,55.0,AJNALA
29074,Bhatnura Kalan (136),KAPURTHALA,31.5422745,75.4361,29074,1904.2079210913785,1903.440185546875,0.5737103665143767,0.2629564012515021,1.6646139039056176,-0.5468430633478658,-0.1725719692060995,786.1698511054414,22.39146673789071,1.0,300.0,30,60,230,240.0,NADALA
33137,Sangatpura (116),LUDHIANA,30.7567558,76.29937,33137,1900.8867582022176,1903.4390869140625,0.5149095156328947,0.1714781098710815,1.4472797992903683,-0.5011050724490014,-0.0951493251191631,923.9367487838166,22.858995408648013,1.0,182.0,30,40,163,204.0,SAMRALA
32332,Dopalpur (234),Shahid Bhagat Singh Nagar,31.1531525,76.1113358,32332,1905.7106207070613,1903.4375,0.4271992630101033,0.1269311830132453,1.086101007209707,-0.4552502805012487,-0.0395435607988605,846.3653862227708,22.582262355775192,1.0,160.0,13,0,126,186.0,NAWANSHAHR
30644,Rani Pind (540),HOSHIARPUR,31.6936932,75.5984,30644,1907.10777896636,1903.4375,0.5469022094318999,0.2297267231705393,1.5126064923325917,-0.534057299898387,-0.1374627735239733,786.1698511054414,22.39146673789071,1.0,4.86,40,0,171,183.0,TANDA
28800,Kaluwal (304),GURDASPUR,31.8615074,74.96769,28800,1903.752871025566,1903.4373779296875,0.5182761528733906,0.1776221413398456,1.3825443856899178,-0.5050292401799533,-0.0974776249264555,1043.176646856812,22.076415050225087,1.0,82.0,35,40,60,84.0,FATEHGARH CHURIAN
39233,Rampur Kalan (284),PATIALA,30.3243237,76.41959,39233,1905.380933278401,1903.4356689453125,0.3757206762940099,0.0487550309634325,1.0808080445775914,-0.4063865642225915,0.0140592192299041,796.313727181186,22.73863612910958,1.0,471.0,147,147,318,465.0,RAJPURA
39132,Maggar (46),S.A.S Nagar,30.6126118,76.37398,39132,1903.69857559596,1903.43115234375,0.4592509610430225,0.1227978908291944,1.218535105421432,-0.4710883136918503,-0.0429943906805078,893.1311163117783,22.78422345302016,1.0,1.0,22,23,110,113.0,KHARAR
38799,Bara Daudpur (103),RUPNAGAR,30.9189186,76.51241,38799,1897.9719458385564,1903.430419921875,0.521364789253862,0.1855158599136297,1.326778745931158,-0.5291625956828132,-0.0961778631713832,884.068154125834,22.7422295665502,0.9476693107380636,198.0,28,7,76,62.0,CHAMKAUR SAHIB
39128,Gabbe Majra (48),S.A.S Nagar,30.7567558,76.63484,39128,1902.4667766640453,1903.4290771484375,0.4175099163247757,0.1069054975713421,1.0430461509568687,-0.4527355324036193,-0.0207353065063294,893.1311163117783,22.78422345302016,1.0,91.0,11,11,69,91.0,KHARAR
38619,Loudhi Majra (31),RUPNAGAR,31.0270271,76.62014,38619,1897.2862751913792,1903.4285888671875,0.4223750139333312,0.0889290229303766,1.1002532982522937,-0.4449248910050344,-0.0163697213603621,828.1081004620958,22.58711165406071,1.0,50.0,100,200,248,100.0,RUPNAGAR
38882,Salahpur (166),RUPNAGAR,30.9909916,76.54914,38882,1901.7005398113129,1903.427978515625,0.4643972220465103,0.129986621537033,1.14221480309352,-0.4763797231071107,-0.049714211081773,903.4168812444108,22.62808539330217,1.0,7.0,12,10,153,272.0,RUPNAGAR
36861,Katlaher (334),PATIALA,30.18018,76.51598,36861,1902.939517308084,1903.4246826171875,0.3232239863403261,0.1529734409215271,0.7292078457231355,-0.4174101684215942,-0.0244831361794106,896.2322131434598,22.90723496543716,1.0,42.0,20,41,43,117.0,GHANAUR
28482,Rajpura (543),GURDASPUR,31.9066772,75.4398041,28482,1904.461412010293,1903.4207763671875,0.5716059226316367,0.2185954240487154,1.6769573494100316,-0.5389290379065466,-0.1386923525013884,1051.8483564704286,22.156477798433315,1.0,154.0,60,60,90,166.0,KAHNUWAN
32389,Arazidarya Bramad Rail (420),Shahid Bhagat Singh Nagar,31.0630627,76.31261,32389,1902.109583867496,1903.41650390625,0.2862513304676935,0.1457827726472089,0.9145292900472164,-0.2900424658942345,-0.0473188200916219,838.5727599471885,22.667295605925787,0.5765966102218787,345.0,40,40,148,620.0,BALACHAUR
37781,Dharmu Chak (101),AMRITSAR,25.7657661,87.47129,37781,1904.4714756487367,1903.4161376953125,0.4461812330114737,0.1362512311744378,1.4058185126319638,-0.4388586467006451,-0.0629744014297593,1040.4735514826784,22.149877814553697,1.0,17.0,34,0,244,206.0,TARSIKKA
37264,Kotli Jamait Singh (96),AMRITSAR,31.8558559,74.734024,37264,1904.1279089470795,1903.41064453125,0.5032321300466557,0.165444311703704,1.262428797257883,-0.4940287645893809,-0.0817956844326722,994.0184595992464,22.46817550702201,1.0,71.0,40,40,49,77.0,AJNALA
38620,Bahadarpur (32),RUPNAGAR,31.0270271,76.59911,38620,1898.0452892326807,1903.409423828125,0.4277608634209185,0.1454352113904694,1.2313938857571958,-0.4181532648727979,-0.0682449757317962,831.6264393737214,22.690114987082723,0.9306971756106098,50.0,50,50,85,68.0,RUPNAGAR
38771,Chhota Surtanpur (72),RUPNAGAR,30.9189186,76.51241,38771,1901.4036175534927,1903.408935546875,0.4666243876927325,0.1106891518788276,1.131229054216968,-0.4946795604167148,-0.028529961727728,841.4954263580481,22.68158781775895,1.0,99.0,25,25,73,114.0,CHAMKAUR SAHIB
39352,Sheikhpur Kalan (31),S.A.S Nagar,30.666666,76.6051941,39352,1901.101779030852,1903.3978271484375,0.3971472111217478,0.0726281461849095,1.2751768732749564,-0.4156922008393423,-0.0096499582841838,796.313727181186,22.73863612910958,1.0,118.0,6,100,123,118.0,DERA BASSI
39362,Bahora (29),S.A.S Nagar,30.5765762,76.8478546,39362,1901.851859816639,1903.397216796875,0.2617524404931125,0.0285451759103802,0.7550077632630177,-0.3155414151955351,0.0386646666986306,796.313727181186,22.73863612910958,1.0,523.0,51,51,55,83.0,DERA BASSI
28500,Phulara (725),GURDASPUR,31.8962746,75.52804,28500,1905.377744968595,1903.3848876953125,0.631753728052313,0.2464921790093405,2.028363726340292,-0.5659220811597854,-0.1774126773033947,1044.3546051129006,22.20013547589772,1.0,399.0,135,135,171,429.0,KAHNUWAN
30808,Bagol Kalan (66),HOSHIARPUR,0.0,0.0,30808,1901.1748683377623,1903.3819580078125,0.5978059604002285,0.2044947557151306,1.9211346538424936,-0.5475005636045395,-0.1399862657946078,940.6529465692709,22.43084515996213,1.0,0.4,15,7,68,121.0,TANDA
31807,Kalewal (73),HOSHIARPUR,31.3221779,75.97668,31807,1902.0643341094687,1903.3787841796875,0.5492007509597352,0.1888028320336353,1.5212254186021608,-0.5383653023271652,-0.1097582258512571,790.2334722688096,22.580193486697112,0.8350053091961569,71.0,26,30,80,82.0,MAHILPUR
28695,Harsian (226),GURDASPUR,31.8558559,75.13707,28695,1906.8768234799084,1903.3770751953125,0.5687718190030776,0.245879354476636,1.6855526110633003,-0.5373362094806685,-0.1603489508623766,1117.527732532253,22.07571790967114,1.0,130.0,135,130,201,145.0,BATALA
39323,Mukandpur (201),S.A.S Nagar,30.666666,76.6051941,39323,1903.350416683947,1903.3720703125,0.3687813615843129,0.0468474678461964,0.985419695453512,-0.4155460696830056,0.0250803692098838,800.6264207070287,22.71290244625521,1.0,65.0,0,260,370,65.0,DERA BASSI
30619,Sanaura (7),JALANDHAR,31.5865765,75.6696243,30619,1902.805114837515,1903.36767578125,0.5580308671724782,0.2023355547733148,1.7584525364077566,-0.5260355704434347,-0.1303914407481185,794.4562869999256,22.375427305337126,1.0,159.8,10,18,215,180.0,BHOGPUR
38900,Kotli (272),RUPNAGAR,30.9394474,76.53307,38900,1903.1189044065416,1903.3607177734375,0.5139876991059142,0.1799420585068888,1.38504144523788,-0.4960555584258954,-0.1010679608355376,956.793064158191,22.8899654269361,1.0,32.0,90,60,133,106.0,MORINDA
31754,Phuglana (274),HOSHIARPUR,31.392313,75.81494,31754,1903.1187510445704,1903.359130859375,0.4247108034426383,0.0596115320278718,1.1519740356740618,-0.4411775088726697,0.0030099742245515,790.1357733155875,22.535020305998504,0.9739818065709388,291.4,315,213,615,782.0,HOSHIARPUR-II
38892,Lutheri (291),RUPNAGAR,30.9340172,76.52524,38892,1902.8294863810795,1903.3587646484375,0.5385044559637826,0.199169431506448,1.483075650331764,-0.5154284846103241,-0.1204594502982326,956.892572212964,22.88834398423512,1.0,172.0,140,150,246,226.0,MORINDA
36900,Bahawalpur (110),PATIALA,30.3243237,76.60746,36900,1902.203756481449,1903.3538818359375,0.3548818780866958,0.1636960563227671,0.9063093374085296,-0.4159285141698791,-0.0478959355921856,852.713057677974,23.02399660360237,1.0,283.0,25,22,44,222.0,GHANAUR
39378,Sundran (363),S.A.S Nagar,30.666666,76.6051941,39378,1905.385781392484,1903.350341796875,0.4101200203664353,0.0619713869332319,1.159265469062439,-0.429839865236123,0.0040440862630439,878.3628436734574,22.225765400318323,0.9506624589697344,656.0,19,375,584,649.0,DERA BASSI
38865,Chuhar Majra (307),RUPNAGAR,30.8468475,76.49685,38865,1900.6865773484144,1903.3470458984375,0.5587250122719137,0.2268763900678272,1.541714182090458,-0.5336796606432171,-0.1405170938038184,927.854385193063,22.840475030019007,1.0,157.0,142,129,256,318.0,CHAMKAUR SAHIB
39379,Morthikari (361),S.A.S Nagar,30.666666,76.6051941,39379,1903.4523397401088,1903.3453369140625,0.4059384855042708,0.0515339037406619,1.1652274576212014,-0.4173705590565367,0.0074526418217082,878.3628436734574,22.225765400318323,0.2827524657828921,35.0,0,20,73,84.0,DERA BASSI
30277,Kotli Jamiat Singh (174),JALANDHAR,31.3153152,75.58828,30277,1903.078675184476,1903.343994140625,0.538176524937006,0.1643771525488125,1.6181074366364077,-0.5065534359635792,-0.0969767830812412,752.1953674962418,22.674895467667,1.0,2.02,20,20,126,144.0,JALANDHAR-EAST
30593,Dhurial (31),JALANDHAR,31.5855846,75.67976,30593,1901.791635433772,1903.3392333984375,0.608897896340885,0.236164780681033,2.071595920410273,-0.5537463411160795,-0.1689638208824606,762.588733713855,22.406507616634823,1.0,150.0,20,10,300,167.0,ADAMPUR
30583,Pandori Nijran (38),JALANDHAR,31.5854721,75.66745,30583,1902.910719549237,1903.3385009765625,0.521906636563302,0.1664899993500927,1.6036118501022083,-0.4988461862679584,-0.0960927992811466,762.588733713855,22.406507616634823,1.0,463.0,30,47,700,511.0,ADAMPUR
32916,Kheri Naudh Singh (185),FATEHGARH SAHIB,30.6917763,76.3961,32916,1902.88336960132,1903.337158203125,0.5922317823242632,0.2632315188847903,1.6707911345119064,-0.5592857558329268,-0.1756676011196883,936.571517865886,22.854862821640893,1.0,143.0,117,117,243,155.0,KHAMANO
32157,Bahar Mazara (6),Shahid Bhagat Singh Nagar,31.18919,75.9718,32157,1908.88458485224,1903.3319091796875,0.5072263111231283,0.1115623293225387,1.4415640696320826,-0.4983934883298677,-0.0516686946141285,789.2529609610932,22.57912219385276,1.0,88.0,50,90,220,111.0,BANGA
38942,Man Kheri (247),RUPNAGAR,30.94006,76.41391,38942,1900.643465535302,1903.32470703125,0.4376904686783833,0.1247688895279122,1.1232811549087194,-0.4651136104374198,-0.0383271378269851,932.9010648407104,22.61225663493074,0.9846554902920964,77.2,30,30,125,215.0,MORINDA
38804,Malana (110),RUPNAGAR,30.9189186,76.51241,38804,1899.0248091833444,1903.31982421875,0.4041543145140484,0.1508866368343584,0.8983707598836929,-0.406774482274145,-0.063456475114998,845.9714266582205,22.64981925755505,0.8027008493105409,138.0,1,1,1,138.0,CHAMKAUR SAHIB
37026,Dhuman (5),PATIALA,30.4864864,76.60935,37026,1901.364001637135,1903.310791015625,0.3404819985643476,0.087997834091652,0.8751731165439113,-0.3810658908169845,0.0033956339663163,868.2293090035813,22.92007999424692,1.0,206.0,30,30,130,233.0,RAJPURA
39356,Hansala (291),S.A.S Nagar,30.738739,76.72533,39356,1902.835915177596,1903.3037109375,0.3882267451352648,0.1191214403364093,1.2453978049228085,-0.4185927966549646,-0.0382178436663846,776.6454461028474,22.8950439547636,1.0,291.0,12,45,85,291.0,DERA BASSI
30285,Padhiana (67),JALANDHAR,31.58504,75.6703339,30285,1903.741125435752,1903.301513671875,0.4327447565375326,0.0728096104239848,1.23201863261015,-0.4423345021054776,-0.0111336923871845,752.1953674962418,22.674895467667,1.0,748.0,20,28,698,889.0,ADAMPUR
39288,Ballopur (219),S.A.S Nagar,30.6897526,76.57741,39288,1904.3620479878844,1903.300048828125,0.3053838157557347,0.0135365716021328,0.8206309147124733,-0.3559197418003009,0.0529858238746836,776.6454461028474,22.8950439547636,1.0,244.0,75,205,395,247.0,DERA BASSI
36911,Lakho Majra (102),PATIALA,30.3783779,76.52448,36911,1905.325510797648,1903.294189453125,0.3458283798207126,0.1231124454065746,0.8836911019468635,-0.4005441480722264,-0.0202142023100262,870.3448864629166,22.86558953724557,1.0,137.0,45,42,182,151.0,GHANAUR
28821,Dadu Jodh (337),GURDASPUR,31.8558559,74.96737,28821,1907.488823541816,1903.2918701171875,0.5320944648377219,0.1819409126847771,1.3178967879729828,-0.5192282610203673,-0.0992081864323558,1038.9729584971665,22.303787230736173,0.9846818488600552,55.0,55,67,178,155.0,FATEHGARH CHURIAN
33070,Chuharpur (71),LUDHIANA,30.9009018,76.18303,33070,1902.6164305382624,1903.290771484375,0.5165129685800673,0.1649409774466782,1.4395013273510295,-0.4988582293442989,-0.0926563656264039,905.756378453006,22.8861820471202,1.0,198.0,0,15,146,245.0,MACHHIWARA
28908,Udhowal Kalan (373),GURDASPUR,32.0180168,75.03599,28908,1906.2127371939623,1903.289306640625,0.5576026999942291,0.1987983153725962,1.5447207974083283,-0.5338799915637351,-0.1217793977989847,1063.5922158159476,22.27923309328425,1.0,2.47,50,25,220,199.0,DERA BABA NANAK
31797,Kalupur (91),HOSHIARPUR,31.3195724,75.94395,31797,1902.1677375174213,1903.2889404296875,0.6029949329404158,0.2661556754906323,1.7374794243712357,-0.5682278510626957,-0.1819631698033498,790.2334722688096,22.580193486697112,0.4976808308884173,16.0,4,4,107,21.0,MAHILPUR
37031,Gurditpura (268),PATIALA,30.3423424,76.45454,37031,1901.263184788619,1903.2889404296875,0.3101769562823117,0.0369945571871656,0.7708118519262004,-0.3717321567952916,0.0414721112019039,868.2293090035813,22.92007999424692,1.0,266.0,280,280,350,305.0,RAJPURA
28734,Mulianwali (283),GURDASPUR,31.8558559,75.13707,28734,1903.4251903576164,1903.2840576171875,0.4945892161910975,0.1678093207723231,1.5674671462348064,-0.479154893365066,-0.0941327555062612,1069.3987423226554,22.00551330041616,1.0,198.0,222,130,230,211.0,BATALA
31779,Nangal (5),HOSHIARPUR,31.2432442,76.09955,31779,1902.617850446828,1903.2833251953125,0.4775192782803162,0.1341403570117315,1.2301904401012718,-0.4866387974837791,-0.0547470465199198,758.6326393296616,22.882709852809228,1.0,102.0,22,27,143,102.0,GARHSHANKAR
28806,Kotli Thablan (311),GURDASPUR,31.8204823,75.19994,28806,1904.2729645795223,1903.281982421875,0.5335176013057189,0.2030345439883821,1.4238216898889795,-0.5175428929469819,-0.1161014132771717,1027.299578035998,22.21954064180604,1.0,162.0,47,65,112,115.0,FATEHGARH CHURIAN
38691,Bara (175),RUPNAGAR,30.9549541,76.52025,38691,1901.5110257520787,1903.281982421875,0.5408279460451408,0.1580056921003998,1.5351977362473468,-0.519980585175181,-0.0888756381554675,903.4168812444108,22.62808539330217,1.0,50.0247,55,1,115,73.0,RUPNAGAR
32349,BANGA(470),Shahid Bhagat Singh Nagar,31.0630627,76.31261,32349,1902.7186507723284,1903.2724609375,0.4258222709883815,0.1169829616869851,1.0077073784461643,-0.4571252542578296,-0.0315924028109499,855.2991542031663,22.66896286104054,0.9494240351150238,153.0,40,40,102,170.0,BALACHAUR
28728,Hasanpur Khurd (125),GURDASPUR,0.0,0.0,28728,1903.55939915402,1903.2701416015625,0.5108130163482012,0.1766741202707503,1.5992619217332953,-0.4886970985473512,-0.1032971608653828,1072.168001811733,21.9990094913166,1.0,211.0,122,220,300,225.0,BATALA
31792,Bhana (77),HOSHIARPUR,31.3344727,75.92673,31792,1901.885682934858,1903.2625732421875,0.5633013467612297,0.2211670473104577,1.5342886024143545,-0.5435720602773961,-0.1359153268375312,759.6999654570498,22.87249228600928,1.0,67.0,25,30,74,82.0,MAHILPUR
37028,Wazirabad (266),PATIALA,30.3063068,76.44729,37028,1901.1790224674628,1903.2520751953125,0.3386534603257737,0.0474866114158984,0.941593725222433,-0.3767577773763875,0.0215686853314966,866.2364082067719,22.92271094269469,1.0,118.0,45,45,60,119.0,RAJPURA
38807,Makowal (116),RUPNAGAR,30.7747746,76.56531,38807,1898.585437555693,1903.25146484375,0.5274362423294098,0.2080911929325367,1.369250024174201,-0.533743526150378,-0.1148529218126018,858.5467919855147,22.67905682147428,0.998782984079116,317.0,27,0,300,356.0,CHAMKAUR SAHIB
39329,Kheri gujran (6),S.A.S Nagar,30.666666,76.6051941,39329,1903.49247935294,1903.2498779296875,0.3656250198737659,0.0371455825801815,0.960231795030688,-0.4066681667488748,0.0312126136764292,877.7406354372279,22.229504216618945,1.0,197.0,30,190,360,200.0,DERA BASSI
37030,Urna (2),PATIALA,30.3423424,76.45454,37030,1901.019478273248,1903.24658203125,0.3382694102836652,0.060393317701594,0.9149474209217004,-0.3820264299266458,0.0168509141160156,868.2293090035813,22.92007999424692,1.0,197.0,180,180,213,197.0,RAJPURA
37260,Samrai (104),AMRITSAR,31.6576576,74.91286,37260,1904.428358332857,1903.2420654296875,0.5191186849171815,0.2052191831505742,1.2197232795903246,-0.520244724010281,-0.1073858147730409,953.765833657016,22.6391379412903,1.0,27.5,69,0,59,46.0,AJNALA
28319,Theh Gulam Nabi (467),GURDASPUR,32.1261253,75.33752,28319,1904.474238139048,1903.2413330078125,0.5970335594544829,0.2724519499047375,1.7534326903143844,-0.5546120947846397,-0.1840349726362702,1117.527732532253,22.07571790967114,1.0,95.0,65,55,140,110.0,DHARIWAL
31549,Harmoa (290),HOSHIARPUR,31.36937,75.82165,31549,1901.415926076756,1903.240478515625,0.3607973536794874,-0.0127513033647437,0.867599357223645,-0.4094657143253772,0.0703780973459388,828.8790526797669,22.39218518476929,1.0,150.0,101,97,250,455.0,HOSHIARPUR-II
39244,Salempur (232),PATIALA,30.4684677,76.59517,39244,1904.2121927741744,1903.231689453125,0.3436984132193817,0.0513846585940229,1.0424808373598555,-0.3883756351886099,0.0170616742570874,776.6454461028474,22.8950439547636,1.0,256.0,55,55,253,115.0,RAJPURA
29658,Hradaspur (85),KAPURTHALA,31.3873882,75.39295,29658,1909.3268982782984,1903.224365234375,0.4990294392490316,0.1383520538592463,1.59045146275361,-0.4802026562487842,-0.0779907358052892,795.5981929007132,22.608108182714147,0.9531995934697028,404.0,130,0,328,240.0,PHAGWARA
32671,Bibipur (224),FATEHGARH SAHIB,30.6265678,76.3819962,32671,1903.043803573068,1903.220458984375,0.4766185325752851,0.1910977005672649,1.1546415628875613,-0.4965049357118073,-0.0846249250592326,894.6060481479066,22.901650064587727,1.0,200.0,158,70,156,239.0,KHERA
38736,Asmanpur (218),RUPNAGAR,30.9549541,76.52025,38736,1901.429925168528,1903.2135009765625,0.4688768339530536,0.1334475689176641,1.2650601868613476,-0.469197064219932,-0.0570857161265883,903.4168812444108,22.62808539330217,1.0,2.47,20,15,65,72.0,RUPNAGAR
36769,Sahnipur Urf Tanda (290),PATIALA,30.3423424,76.35014,36769,1903.612177537168,1903.2132568359375,0.3923049496740565,0.1770826434374805,1.0194247300625123,-0.4274288332778664,-0.0637665609496588,953.2359185626404,22.819398500379805,1.0,199.0,55,55,106,224.0,BHUNER HERI
32963,Lakhanpur (296),FATEHGARH SAHIB,30.8288288,76.33561,32963,1902.2197311070224,1903.210693359375,0.5555455011098531,0.2239398329306863,1.5154043991156454,-0.532003519897554,-0.1388886142894638,923.9367487838166,22.858995408648013,1.0,1200.0,456,150,305,476.0,KHAMANO
36752,Kachhwa (294),PATIALA,29.8378372,76.1693,36752,1905.0389952155804,1903.204833984375,0.3519344742641813,0.171270627932548,0.9529124782342026,-0.3924711890746615,-0.055949701333126,953.2359185626404,22.819398500379805,1.0,143.0,51,53,182,154.0,BHUNER HERI
33067,Sharbatgarh (283),LUDHIANA,30.8468475,76.11909,33067,1902.8299685558964,1903.202880859375,0.511639371390215,0.2412357344548833,1.1686741049116047,-0.5368053815950558,-0.1236961493501153,905.756378453006,22.8861820471202,1.0,63.0,0,15,62,71.0,MACHHIWARA
38918,Saheri (240),RUPNAGAR,30.9418182,76.41404,38918,1902.4669695416424,1903.20263671875,0.4431008080989272,0.1329997155864976,1.1635510536867302,-0.4607883323054094,-0.0483019303458735,962.4367746522324,22.798003492737337,0.9396023909828736,93.52,70,70,330,266.0,MORINDA
28707,Bahadar Husain (206),GURDASPUR,0.0,0.0,28707,1903.1839566517783,1903.19921875,0.5075482937906466,0.1917135538695304,1.5538739975497595,-0.4897134539659297,-0.1109170169958274,1056.533934724761,22.018896852365376,1.0,261.0,302,300,430,290.0,BATALA
28738,Ahmedabad (238),GURDASPUR,31.8378372,75.1224,28738,1903.25871594491,1903.197509765625,0.5740143917361042,0.2323789913349402,1.7647784853843789,-0.5399199486522898,-0.1549155508852652,1100.6631929232433,22.08304566575527,1.0,88.0,75,70,130,86.0,BATALA
38940,Kishanpur (207),RUPNAGAR,30.8288288,76.56642,38940,1902.16219637913,1903.196533203125,0.4157649590732559,0.0786794066910005,1.0843458975898137,-0.4444380427593973,-0.0052903965244989,962.4367746522324,22.798003492737337,1.0,2.47,41,15,150,82.0,RUPNAGAR
37774,Bagga (207),AMRITSAR,31.6396389,75.13114,37774,1903.327235838615,1903.1937255859375,0.4836246015543193,0.1630739381619338,1.4386820168872692,-0.4737910462589788,-0.0859145328024506,1027.7257795993785,22.18632080211552,1.0,380.0,155,155,367,434.0,TARSIKKA
28322,Bahbal Chak (468),GURDASPUR,32.1261253,75.33752,28322,1905.8962391881887,1903.1927490234375,0.557167607873909,0.2211606733536722,1.6272837320785751,-0.5240478538719934,-0.1403973130700275,1117.527732532253,22.07571790967114,1.0,211.0,42,40,60,233.0,DHARIWAL
33072,Kaunke (64),LUDHIANA,30.8468475,76.11909,33072,1902.914574310668,1903.1878662109375,0.5059719037043221,0.1869831443602268,1.276442788128677,-0.511553790652745,-0.0947379211536253,905.756378453006,22.8861820471202,1.0,141.0,0,15,213,150.0,MACHHIWARA
38847,Suleman Shikoh (69),RUPNAGAR,30.81081,76.51009,38847,1899.0699869855705,1903.1806640625,0.5317080611881582,0.1361166129031266,1.429306430279431,-0.5322135771348679,-0.066952405311262,911.8773300659382,22.751040040860577,1.0,141.0,125,49,120,156.0,CHAMKAUR SAHIB
32093,Jabbowal (122),Shahid Bhagat Singh Nagar,31.1272316,76.1765,32093,1903.1457584682664,1903.177978515625,0.4925696618345606,0.158984979468571,1.3232636987879296,-0.4896030321281258,-0.0795688248544595,824.7937652280228,22.51144758387028,0.8932980981674827,252.0,69,40,390,301.0,NAWANSHAHR
28884,Dhianpur (383),GURDASPUR,32.0360374,75.0294952,28884,1905.2175777492275,1903.1761474609375,0.5506446000069913,0.2115725259329115,1.5746231359567109,-0.5203267677096749,-0.1332580406758118,1086.2000080754656,22.16199337264419,1.0,210.0,50,50,50,212.0,DERA BABA NANAK
32068,Ramraipur (155),Shahid Bhagat Singh Nagar,31.0990982,76.06799,32068,1904.7404495494272,1903.1690673828125,0.433402172360373,0.1040369675770228,1.1964513591307795,-0.4505261041336505,-0.031443865410607,839.7951963355439,22.357494296089783,1.0,120.0,21,0,305,140.0,NAWANSHAHR
28650,Adowali (117),GURDASPUR,31.83695,75.15436,28650,1903.0056636094896,1903.168701171875,0.4874716474977693,0.1853253130052406,1.4888923745083518,-0.472522632332554,-0.1028282117737425,1039.7308656056186,22.148943757883107,0.927870861147987,204.0,70,72,110,124.0,BATALA
38703,Bheora (183),RUPNAGAR,30.9549541,76.52025,38703,1901.1570422528928,1903.168212890625,0.5615671423167494,0.1629356218915326,1.677464974629136,-0.5294188871917664,-0.1033136110987192,903.4168812444108,22.62808539330217,0.9481720350415892,45.0,100,98,155,121.0,RUPNAGAR
28078,Chak Bhangwan (447),GURDASPUR,32.0,75.50991,28078,1905.8214889462265,1903.1663818359375,0.598384519455601,0.2461227672151497,1.842086885075224,-0.5543844275951667,-0.1691174754479703,1116.7456678994563,22.07817614785972,1.0,47.0,14,12,20,49.0,DHARIWAL
31663,Patti Mustfabad (117),HOSHIARPUR,31.54955,75.9888153,31663,1900.4410111196028,1903.162109375,0.5339280751769176,0.166854335042645,1.5803280511864846,-0.5191230286458437,-0.0959175319069174,846.6854783704179,22.501385909822545,1.0,1.0,0,0,1,49.0,HOSHIARPUR-I
32711,Kotla Suleman (145),FATEHGARH SAHIB,30.63063,76.38819,32711,1901.252383592904,1903.162109375,0.4949157784321441,0.1876960757319816,1.2490002041195256,-0.5094776855014914,-0.0915650516823074,888.7562545945542,22.84437835799872,1.0,266.0,39,22,67,142.0,SIRHIND
36880,Bur Majra (368),PATIALA,30.3243237,76.60746,36880,1902.8301851609071,1903.1617431640625,0.2794757600547826,0.0931774180067486,0.7076729728416041,-0.3556176152964873,0.0100414288643757,852.713057677974,23.02399660360237,1.0,82.0,20,2,10,89.0,GHANAUR
39055,Dau Majra (76),S.A.S Nagar,30.35963,76.3640442,39055,1901.628848540928,1903.160888671875,0.3601119852185582,0.0247848393578955,0.9579015052974416,-0.3922568719454556,0.0348697625326527,899.1409334351914,22.399942850440937,0.9597104881284106,121.0,0,4,200,153.0,KHARAR
38831,Kotla Bet (284),RUPNAGAR,30.8828831,76.42063,38831,1900.85601062852,1903.159912109375,0.5938270680993015,0.2627685450633685,1.6576459953351368,-0.558765086887464,-0.1757996110898012,906.247140394957,22.883284115933872,1.0,103.0,17,11,40,129.0,CHAMKAUR SAHIB
39313,Aganpur (211),S.A.S Nagar,30.428091,76.86943,39313,1902.9378079259484,1903.158447265625,0.3331700721734595,0.0380568040667056,0.8384720244848702,-0.3818851353230508,0.0374733403467802,776.6454461028474,22.8950439547636,1.0,82.0,35,124,185,114.0,DERA BASSI
29073,Bhatnura Khurd (137),KAPURTHALA,31.60196,75.4475861,29073,1904.0555343053536,1903.15625,0.5562614780344546,0.2619476112199364,1.5206341056993942,-0.5431543175060949,-0.160996189023261,786.1698511054414,22.39146673789071,1.0,122.0,120,120,180,130.0,NADALA
31781,Jalwehra (2),HOSHIARPUR,31.3195724,75.94395,31781,1902.742860233543,1903.154052734375,0.5897819844485319,0.2576032591114535,1.6258017109676102,-0.5595062737524018,-0.1687672111922906,758.6326393296616,22.882709852809228,1.0,126.0,65,65,150,134.0,MAHILPUR
32945,Bir Ramgarh (319),FATEHGARH SAHIB,30.7927933,76.3699,32945,1902.2182051505297,1903.1519775390625,0.5682423699429074,0.233407258541486,1.719827564198812,-0.5445349703444786,-0.144997356712557,923.9367487838166,22.858995408648013,1.0,71.0,0,0,27,79.0,KHAMANO
30618,Kureshian (76),JALANDHAR,31.5855846,75.63746,30618,1901.657511275324,1903.1505126953125,0.5756834111335408,0.2223986364144407,1.8130800487563976,-0.5414168725700059,-0.1489796907058922,787.9867537384156,22.387949895715664,1.0,79.8,70,70,83,98.0,BHOGPUR
28739,Shampur (237),GURDASPUR,0.0,0.0,28739,1904.0014400553152,1903.14501953125,0.55707740368711,0.2335396189225676,1.7060162777050412,-0.5315682215783121,-0.1508713062567069,1108.1613841464418,22.105158846297684,1.0,123.0,85,86,126,133.0,BATALA
32972,Maneli (310),FATEHGARH SAHIB,30.81081,76.36324,32972,1900.5854295540944,1903.144775390625,0.5784998192614228,0.2430175363755336,1.5312195643327953,-0.553851959268268,-0.1552365600708111,922.3292428717416,22.84197539814005,1.0,241.0,321,65,168,242.0,KHAMANO
28850,Seehra (387),GURDASPUR,31.8615265,74.96767,28850,1903.7330427328764,1903.1380615234375,0.5635814276965011,0.2364635210652834,1.6234181088181368,-0.5284878065990395,-0.1523314017966035,1086.2000080754656,22.16199337264419,1.0,141.0,55,110,110,281.0,FATEHGARH CHURIAN
32980,Billon (70),LUDHIANA,30.8468475,76.11909,32980,1902.977863032037,1903.1370849609375,0.5234916237587609,0.1831396701604022,1.451022817209708,-0.5149758707459721,-0.1022626951793752,905.756378453006,22.8861820471202,1.0,236.0,5,15,34,338.0,MACHHIWARA
31723,Rehsiwal (209),HOSHIARPUR,31.5315323,75.889595,31723,1901.30379963966,1903.1339111328125,0.5890315687390956,0.1844642404221012,1.8815236677822644,-0.5441038449270719,-0.1247246563738156,787.3083599215602,22.429852221234626,1.0,90.0,0,35,90,28.0,HOSHIARPUR-I
32713,Mathi (158),FATEHGARH SAHIB,30.55856,76.5197144,32713,1900.953203292332,1903.129150390625,0.505382807411084,0.1993496818843283,1.310382611743496,-0.5114881117741115,-0.102365204726975,890.3564149211829,22.860044536965457,1.0,256.0,50,100,194,283.0,KHERA
28098,Athwal (458),GURDASPUR,32.10811,75.34392,28098,1903.3537312191847,1903.121826171875,0.5982016988237805,0.2688813283762553,1.819508129412292,-0.5488996852205181,-0.1848006454762919,1117.527732532253,22.07571790967114,1.0,80.0,111,0,760,229.0,DHARIWAL
32722,Reona Bhola (267),FATEHGARH SAHIB,30.4864864,76.40026,32722,1900.2723093820791,1903.1185302734375,0.463801905937432,0.1699241300305423,1.195194168489367,-0.4775602017102653,-0.0752226868435718,873.7064682952133,22.89407924334001,1.0,485.8,40,50,150,305.0,SIRHIND
32069,Gohlron (156),Shahid Bhagat Singh Nagar,31.1531525,76.15345,32069,1904.821330529984,1903.1185302734375,0.4887161513990333,0.150763914985725,1.366136295195745,-0.4911409959800999,-0.0725087979100694,839.7951963355439,22.357494296089783,1.0,125.0,15,0,85,139.0,NAWANSHAHR
37790,Suro Padda (108),AMRITSAR,31.6396389,75.17347,37790,1904.0703356637089,1903.1181640625,0.4763918806481289,0.1454774166685606,1.455856059809624,-0.4596381327661689,-0.0740933387725266,1040.6461003234283,22.149015923229683,1.0,120.0,57,57,172,139.0,TARSIKKA
38791,Bela (141),RUPNAGAR,30.9189186,76.51241,38791,1897.6363867293885,1903.1148681640625,0.5219809859151705,0.1949674962310082,1.3741667020955082,-0.5243354987956518,-0.1075567475839533,916.721189301242,22.821435243015912,1.0,344.0,160,160,430,348.0,CHAMKAUR SAHIB
28949,Alawalwal (351),GURDASPUR,32.0180168,75.01474,28949,1906.1692725877704,1903.1123046875,0.5632350233586755,0.2043624296456385,1.396813784883013,-0.5442029801137334,-0.1188597467385635,1039.6224948575396,22.301412025466675,0.9998855335213096,159.0,100,0,83,113.0,DERA BABA NANAK
28764,Taragarh(245),GURDASPUR,31.8378372,75.14361,28764,1902.875848735224,1903.112060546875,0.5581427578382177,0.2223117913134659,1.6766109221493888,-0.5289827616608295,-0.1430505279717783,1103.9799583552258,22.09282725582512,1.0,178.0,178,175,325,210.0,BATALA
36893,Bhat Majra (339),PATIALA,30.3243237,76.60746,36893,1903.2947245330308,1903.1058349609375,0.3731540070019362,0.1576304812282086,0.9569596763456022,-0.4190109875929401,-0.0479328821125582,882.3843566715124,22.86407759173626,1.0,117.0,28,285,305,311.0,GHANAUR
32712,Saidpura (146),FATEHGARH SAHIB,30.6281567,76.38407,32712,1901.5649004016152,1903.103759765625,0.4814883381074954,0.1621716543837266,1.3028372842650808,-0.4858092082042149,-0.0766483214693983,888.7562545945542,22.84437835799872,1.0,114.0,50,40,143,140.0,SIRHIND
31780,Thandal (4),HOSHIARPUR,31.3196583,75.94441,31780,1901.9952194044383,1903.0963134765625,0.5161078963826412,0.1724533689885785,1.3750685214280716,-0.5020445816412604,-0.091691671886053,758.6326393296616,22.882709852809228,1.0,36.0,20,22,52,42.0,MAHILPUR
38852,Bhaku Majra (160),RUPNAGAR,30.9729729,76.53469,38852,1900.88988733957,1903.09521484375,0.569156402417584,0.1783738291866348,1.5693518704822629,-0.5510087587732848,-0.1071089144168347,903.4168812444108,22.62808539330217,1.0,25.0,50,150,204,133.0,RUPNAGAR
30740,Saidowal (466),HOSHIARPUR,31.8738747,75.59733,30740,1903.3139061881675,1903.094482421875,0.5009076804403771,0.2456618694772179,1.92846694759434,-0.4268115024740286,-0.1544825250510212,1073.0177256276506,22.24859892509784,0.8972491937785602,65.0,0,0,2,95.0,DASUYA
28860,Nangal (397),GURDASPUR,31.81982,75.19255,28860,1901.545275618461,1903.0860595703125,0.6353349585707062,0.2996605444494081,1.9421410283126184,-0.5810295371505995,-0.2207510327720394,1086.2000080754656,22.16199337264419,1.0,164.0,155,150,259,183.0,BATALA
32728,Longo Majri (150),FATEHGARH SAHIB,30.55856,76.41509,32728,1901.7691244603795,1903.0859375,0.5108300211465654,0.1885281775159431,1.4938160150870128,-0.4900229254897149,-0.1075027358003498,888.7562545945542,22.84437835799872,1.0,66.0,21,20,66,42.0,SIRHIND
39127,Rasanheri (47),S.A.S Nagar,30.7567558,76.63484,39127,1904.1339218813007,1903.085205078125,0.4605719384161114,0.1052223452636268,1.198025771319527,-0.4752443590251068,-0.0307330043207102,893.1311163117783,22.78422345302016,1.0,202.0,50,30,180,191.0,KHARAR
38870,Rurkee (301),RUPNAGAR,30.8468475,76.49685,38870,1902.1066509368768,1903.0831298828125,0.5474501610474208,0.2194462711884478,1.496887162875836,-0.528514398523622,-0.1318116008266991,935.4949268689824,22.853541743971302,1.0,277.2,232,149,292,440.0,CHAMKAUR SAHIB
32685,Dadu Majra (246),FATEHGARH SAHIB,30.62672,76.54527,32685,1900.4783922907168,1903.0809326171875,0.3638119575889869,0.094158594031668,0.9358286049715132,-0.4033047106617488,-0.0051405979277046,868.2293090035813,22.92007999424692,1.0,290.0,70,70,223,321.0,KHERA
38773,Muajudinpur (70),RUPNAGAR,30.9189186,76.51241,38773,1900.1597380988208,1903.0784912109375,0.5620760028434021,0.153026507148846,1.5717204715758233,-0.5509067500010647,-0.0874606261802658,908.5406000800044,22.7025477601222,1.0,97.0,15,20,90,130.0,CHAMKAUR SAHIB
38683,Chhota Phool (74),RUPNAGAR,30.9729729,76.51368,38683,1903.0656464210745,1903.077392578125,0.4339595945961155,0.0938111730232549,1.0449827998974168,-0.4705603134348292,-0.0135663089041607,831.6264393737214,22.690114987082723,1.0,50.0,20,50,141,164.0,RUPNAGAR
32539,Mehdudan (237),FATEHGARH SAHIB,30.6661758,76.39101,32539,1901.7860221368007,1903.07568359375,0.4553711411327562,0.12522412892337,1.2186760690747358,-0.4736814506892954,-0.0414768848511755,893.1311163117783,22.78422345302016,1.0,61.0,25,19,59,183.0,BASSI PATHANA
32647,Malakpur (133),FATEHGARH SAHIB,30.63063,76.38819,32647,1905.9610406052664,1903.074951171875,0.4323904010875464,0.1414371510932268,1.1803596131079557,-0.4462521258622255,-0.0554489595901367,888.7562545945542,22.84437835799872,1.0,155.0,22,60,112,185.0,SIRHIND
38907,Fatehgarh (236),RUPNAGAR,30.93925,76.41864,38907,1902.3669406547533,1903.0709228515625,0.4798750707892948,0.162969687738342,1.2812751301843035,-0.4828312608719348,-0.0761491551702681,962.4367746522324,22.798003492737337,1.0,45.34,70,70,250,125.0,MORINDA
28775,Choranwali (276),GURDASPUR,31.8558559,75.13707,28775,1901.77775116848,1903.0694580078125,0.5984010467237147,0.2728141583069062,1.8923751337017107,-0.5496654177316889,-0.190831759855808,1089.099400511653,22.12957793533556,1.0,116.0,85,80,120,131.0,BATALA
37035,Uncha Khera (271),PATIALA,30.3063068,76.4264145,37035,1904.7244946151063,1903.06396484375,0.3023477380392697,0.0495403046910489,0.8046777097321032,-0.3627682779294123,0.0282913578749072,813.5353730892871,22.87179727670929,1.0,126.0,10,10,160,126.0,RAJPURA
28096,Sochanian (455),GURDASPUR,32.1261253,75.33752,28096,1905.0492794444888,1903.0611572265625,0.5750065073324822,0.2240343909215298,1.845890871027591,-0.5319629129459095,-0.1518813953374105,1117.527732532253,22.07571790967114,1.0,199.0,172,180,383,231.0,DHARIWAL
39331,Behra (198),S.A.S Nagar,30.738739,76.72533,39331,1903.897897228368,1903.058349609375,0.3706866886241083,0.0453226950018482,1.0418387504951148,-0.3967428179303187,0.0176215256070173,878.3628436734574,22.225765400318323,0.9997221613772508,84.0,11,25,425,529.0,DERA BASSI
39353,Karkaur (30),S.A.S Nagar,30.7567558,76.71871,39353,1901.288652732832,1903.0560302734375,0.2866369717682662,0.0426965103129797,0.7847436236614208,-0.3415631969549553,0.0329427100234877,796.313727181186,22.73863612910958,1.0,193.0,12,200,259,193.0,DERA BASSI
28718,Talwandi Bakhtan (122),GURDASPUR,0.0,0.0,28718,1902.8767573842,1903.028076171875,0.5420314059448633,0.2160479742146548,1.6713364027281563,-0.5107969790449186,-0.1355452187416249,1061.6795380181718,22.04892199518389,1.0,278.0,70,70,130,299.0,BATALA
36860,Haripur Jhungian (333),PATIALA,30.18018,76.53683,36860,1903.0121541916385,1903.027587890625,0.3447726227066649,0.1429539333258098,0.9468838834610512,-0.4029570628159087,-0.0368029170374507,895.9456476380723,22.91402532560585,1.0,299.0,33,158,199,251.0,GHANAUR
32607,Nogawan (95),FATEHGARH SAHIB,30.4684677,76.40703,32607,1899.358309875537,1903.027099609375,0.5115025582634571,0.2077283832691046,1.4055348568331183,-0.5020961931019902,-0.1183132829021226,938.5245787561324,22.86776609893008,1.0,76.11,68,68,233,224.0,BASSI PATHANA
28324,Arjanpur (476),GURDASPUR,32.10811,75.34392,28324,1905.952887423472,1903.024169921875,0.5851910228841929,0.2656564279311599,1.7547112514950127,-0.5355369093774673,-0.1824340525064763,1117.527732532253,22.07571790967114,1.0,65.0,48,50,103,71.0,DHARIWAL
32094,Bhin (123),Shahid Bhagat Singh Nagar,31.1171169,76.10348,32094,1902.4520075932824,1903.0225830078125,0.4871869637882159,0.1490678012757646,1.3308319000554414,-0.4850410143501888,-0.0716060702214828,824.7937652280228,22.51144758387028,0.9559100116978662,437.0,60,39,425,488.0,NAWANSHAHR
28858,Ogrewal (395),GURDASPUR,0.0,0.0,28858,1902.36319784866,1903.0220947265625,0.5987262541221894,0.256898824673569,1.82973908852006,-0.5547187667769313,-0.1786556303465263,1086.2000080754656,22.16199337264419,1.0,106.0,186,185,190,118.0,BATALA
38801,Malewal (107),RUPNAGAR,30.9369373,76.50583,38801,1898.4199170652887,1903.0213623046875,0.4629902009391127,0.1451036542077229,1.232302721659264,-0.4561171929570756,-0.0634532442444773,844.7756114413636,22.646918597549643,0.8647174122513802,160.0,28,25,47,164.0,CHAMKAUR SAHIB
28859,Sarwali (396),GURDASPUR,31.8378372,75.14361,28859,1900.88124307302,1903.019775390625,0.566064400284263,0.2375623845790188,1.6856042462224674,-0.5320517980853368,-0.1553064860322349,1086.2000080754656,22.16199337264419,1.0,281.0,210,305,405,311.0,BATALA
36862,Harigarh (344),PATIALA,30.3243237,76.60746,36862,1902.5995307842784,1903.015869140625,0.3590625114962824,0.1769950507100224,0.9345222165648048,-0.4256682050193417,-0.0563865856001133,895.9456476380723,22.91402532560585,1.0,140.0,50,94,133,154.0,GHANAUR
31784,Nadalon (53),HOSHIARPUR,31.3331985,75.92897,31784,1901.590722391001,1903.0078125,0.5449330284941662,0.2017673237248361,1.4733089002131388,-0.527467243947673,-0.1198409378919947,758.6326393296616,22.882709852809228,1.0,602.0,338,338,630,675.0,MAHILPUR
28743,Kala Nangal (235),GURDASPUR,0.0,0.0,28743,1904.9760164328384,1903.000732421875,0.5522902642567822,0.2087567526653033,1.7805165879946547,-0.5161626332837247,-0.1368183150074451,1108.1613841464418,22.105158846297684,1.0,153.0,182,175,320,166.0,BATALA
30845,Harsi Pind (49),HOSHIARPUR,31.72973,75.79725,30845,1900.970428754286,1903.0006103515625,0.50992476319439,0.1406093903732037,1.5525921564579293,-0.4898577549306103,-0.0767130471371389,953.5367417106072,22.436120538809853,1.0,2.02,0,250,700,430.0,TANDA
39062,Nanheri (100),S.A.S Nagar,30.8288288,76.5874,39062,1902.2786759428136,1902.99853515625,0.4242347754144395,0.097106633316365,1.1293820039703326,-0.4496278421670694,-0.0179145197463894,899.1409334351914,22.399942850440937,1.0,48.0,55,34,90,79.0,MAJRI
32508,Jainpur (165),Shahid Bhagat Singh Nagar,31.1789913,76.22937,32508,1900.4665580324856,1902.997314453125,0.483004648868801,0.1569883579537956,1.26659084203353,-0.4876926057297711,-0.0735789206038205,839.7951963355439,22.357494296089783,1.0,30.2,200,200,372,253.0,SAROYA
28766,Khan Fatta (255),GURDASPUR,32.0360374,75.41209,28766,1901.880846724414,1902.9947509765625,0.6193494751365745,0.2719618453632001,1.9387853273935336,-0.5642213397781,-0.19643748089053,1108.1613841464418,22.105158846297684,1.0,285.0,92,90,110,329.0,BATALA
39255,Sitarpur (154),S.A.S Nagar,30.4651146,76.8092346,39255,1905.0479222691044,1902.9927978515625,0.3280295576212871,0.0423710268678735,0.9295951323659796,-0.3801208391043684,0.0310257220997551,784.3495518260792,22.906857012338133,1.0,166.0,35,57,101,166.0,DERA BASSI
28073,Doburji (444),GURDASPUR,31.9639645,75.3103561,28073,1907.140181000419,1902.9925537109375,0.5433891605105008,0.2082323340555563,1.6286941720865056,-0.5171359582379428,-0.1295142199003228,1108.1613841464418,22.105158846297684,1.0,2.47,51,0,170,91.0,DINANAGAR
28499,Munan (724),GURDASPUR,31.9066257,75.43976,28499,1905.891943989453,1902.989013671875,0.6148469622893054,0.2384025000618884,1.9025253956838128,-0.5591720634195586,-0.1660419018119464,1045.2167041318685,22.20159310825739,1.0,125.0,80,80,123,163.0,KAHNUWAN
32683,Bhua Kheri (230),FATEHGARH SAHIB,30.63063,76.4091339,32683,1900.7102821493504,1902.988525390625,0.3963997236871363,0.1221943869826509,1.0105024486582033,-0.4298961258890614,-0.028106020259536,868.2293090035813,22.92007999424692,1.0,60.0,50,25,80,126.0,KHERA
33176,Goslan (174),LUDHIANA,30.594595,76.35977,33176,1903.6430034277007,1902.988525390625,0.5402959562878202,0.2293972544833682,1.4867517444109482,-0.5291399063859251,-0.1369490245247837,923.9367487838166,22.858995408648013,1.0,371.0,40,40,375,405.0,SAMRALA
32103,Surapur (108),Shahid Bhagat Singh Nagar,31.1272316,76.1765,32103,1902.8451893099384,1902.97705078125,0.3944598959659363,0.044984467480042,1.022276656896545,-0.4218948868474482,0.0167568888623973,824.7937652280228,22.51144758387028,1.0,296.4,42,38,365,208.0,NAWANSHAHR
32758,Behlolpur (314),FATEHGARH SAHIB,30.6265545,76.38196,32758,1901.8731546443803,1902.974853515625,0.4622370962976935,0.16509125099665,1.1878833489681602,-0.476409304472054,-0.0714150070764368,854.3460759332078,22.88706598896545,1.0,384.0,50,68,170,216.0,SIRHIND
39124,Machhli Kalan (238),S.A.S Nagar,30.81081,76.61499,39124,1901.8812294097152,1902.9710693359375,0.3965404566862556,0.097179372554358,0.9683200994310932,-0.4428736187679712,-0.0070378890318175,889.3688060393329,22.804749451568583,1.0,800.0,350,350,714,674.0,KHARAR
28448,Kot Todar Mal (527),GURDASPUR,31.90991,75.4571152,28448,1903.7641266628427,1902.968017578125,0.5582385401609566,0.2247069721558021,1.6796754034242187,-0.527196482468285,-0.1423461808591839,1017.677176054004,22.088867820974794,1.0,227.0,0,210,375,331.0,KAHNUWAN
28492,Mulianwala (719),GURDASPUR,31.8918915,75.4423447,28492,1903.0688999194315,1902.9659423828125,0.5650580886359651,0.2259816646540669,1.6566266010581596,-0.534862548292974,-0.1435160151093304,1033.7779503951874,22.182252525282955,1.0,215.0,120,100,162,239.0,KAHNUWAN
30733,Mohla (486),HOSHIARPUR,31.81982,75.61665,30733,1903.909647243053,1902.96435546875,0.4159289405297655,0.2060811194733333,1.3227352665963064,-0.3794364442855517,-0.1028729822508109,1073.0177256276506,22.24859892509784,0.7959346815629491,34.0,1,0,2,90.0,DASUYA
38856,Bara Gadhram (157),RUPNAGAR,30.8468475,76.49685,38856,1901.9257179721856,1902.96337890625,0.5199981728121785,0.1530913749551033,1.194278430645796,-0.5122343770821431,-0.078740955030574,903.4168812444108,22.62808539330217,1.0,2.47,41,19,50,74.0,CHAMKAUR SAHIB
38670,Arazi Ropar (46),RUPNAGAR,31.0990982,76.5730057,38670,1903.5371627600184,1902.9559326171875,0.5027433586631829,0.0936975891131238,1.2817475820141992,-0.5063068091360204,-0.0267943532692383,831.6264393737214,22.690114987082723,0.96983003971372,30.0,1,1,36,39.0,RUPNAGAR
39013,Chatauli (125),S.A.S Nagar,31.0990982,76.55196,39013,1901.8953831040303,1902.949951171875,0.4557947547446018,0.1071489671209196,1.238610761567038,-0.4682508972949555,-0.034350476496693,884.4000491311448,22.16996411897884,1.0,70.0,15,15,108,127.0,MAJRI
32720,Jiwanpura (265),FATEHGARH SAHIB,30.6446171,76.3853455,32720,1899.8713544831928,1902.9459228515625,0.4577102817471598,0.1918832016064717,1.133299714430154,-0.4777753046500398,-0.0843688102430666,871.2384945428925,22.89318522593681,1.0,475.0,30,31,67,282.0,SIRHIND
28886,Kotli Surat Malli (415),GURDASPUR,32.0360374,75.0294952,28886,1905.180229370362,1902.943115234375,0.569055623574151,0.2318996620315073,1.6319406088189286,-0.5377691797618002,-0.1494755466731156,1099.800751385962,22.16206129581977,1.0,686.0,101,50,50,774.0,DERA BABA NANAK
39078,Bhajauli (93),S.A.S Nagar,30.9729729,76.51368,39078,1901.0419858490952,1902.942626953125,0.4061142220890602,0.0538518161903114,1.0312550119291868,-0.4455237024698976,0.0161554665579752,893.1570159843518,22.40262141851374,1.0,127.0,85,38,248,145.0,MAJRI
32532,Naraina (245),FATEHGARH SAHIB,30.55856,76.4987946,32532,1900.889045540853,1902.9404296875,0.3384441436286952,0.0656295336147167,0.8177538653032114,-0.3941940109457998,0.022351488535395,868.2293090035813,22.92007999424692,1.0,102.0,35,35,104,394.0,KHERA
28325,Danianwali (479),GURDASPUR,32.1261253,75.33752,28325,1903.526167038742,1902.9390869140625,0.6029337374396001,0.2715874661583219,1.7752428761867292,-0.5541869603374503,-0.1850427364103064,1117.527732532253,22.07571790967114,1.0,95.0,72,50,196,109.0,DHARIWAL
32800,Mahadian (109),FATEHGARH SAHIB,30.666666,76.4166641,32800,1903.0290318837992,1902.9351806640625,0.4824272651464391,0.1270418957544059,1.2846440717724266,-0.4851772274108463,-0.0536328685818239,921.9104701732203,22.851648090381182,0.9511789993717704,121.46,90,90,284,396.0,BASSI PATHANA
32537,Bhagatpura (235),FATEHGARH SAHIB,30.64865,76.42336,32537,1901.495307686817,1902.9346923828125,0.4333654812252396,0.1504184629008646,1.1128080620352958,-0.4608461468926321,-0.0524128561141791,868.2293090035813,22.92007999424692,1.0,320.0,30,30,103,233.0,KHERA
32538,Basian (236),FATEHGARH SAHIB,30.594595,76.75748,32538,1901.913978133164,1902.9296875,0.4539573526986206,0.152554566576739,1.185932400637362,-0.4668057205234417,-0.0624215243272957,871.5987977683071,22.901697108073595,1.0,365.0,18,115,188,154.0,KHERA
28460,Sunch (536),GURDASPUR,31.6216221,74.86267,28460,1906.690281031956,1902.927001953125,0.5419363810054323,0.2025168995258043,1.5629126649640126,-0.5210178557175085,-0.1186060927146944,1031.3100907018083,22.178079881455176,1.0,97.0,70,65,119,151.0,KAHNUWAN
28758,Kot Karam Chand (251),GURDASPUR,0.0,0.0,28758,1901.7339702728823,1902.9263916015625,0.5914697983566237,0.2544160120575781,1.821171933893284,-0.5462619383239652,-0.1765924001709272,1108.1613841464418,22.105158846297684,1.0,110.0,85,80,131,136.0,BATALA
28320,Naushehra Majja Singh (470),GURDASPUR,32.1261253,75.33752,28320,1906.526418913913,1902.92578125,0.5880596999238966,0.2572422594831153,1.7731050934826464,-0.546259298526566,-0.1739876037514093,1117.527732532253,22.07571790967114,1.0,80.0,128,450,504,291.0,DHARIWAL
32757,Mianpur (266),FATEHGARH SAHIB,30.63063,76.38819,32757,1901.2105881670016,1902.9180908203125,0.4550033437660872,0.1749279656663317,1.0601921405467074,-0.4718452325208911,-0.0753317659295247,854.3460759332078,22.88706598896545,1.0,280.0,25,40,130,309.0,SIRHIND
36886,Rurki (346),PATIALA,30.3603611,76.4894943,36886,1902.5361403420504,1902.9161376953125,0.3306049353444857,0.1502096795743548,0.8194405765986545,-0.4001563233371971,-0.0324847082358538,895.9456476380723,22.91402532560585,1.0,285.0,15,94,155,317.0,GHANAUR
38737,Solkhian (217),RUPNAGAR,30.9729729,76.51368,38737,1901.172104669785,1902.907958984375,0.4328336632239214,0.1234406392944899,1.0822669878755486,-0.4563629309810787,-0.0366745249112541,902.3694579699004,22.602852647781976,1.0,2.5,50,30,358,215.0,RUPNAGAR
32390,Asron (418),Shahid Bhagat Singh Nagar,31.0630627,76.31261,32390,1902.0254380984293,1902.9066162109375,0.509227251325737,0.1432636696335155,1.6651894098727076,-0.4733583154260365,-0.0869854568415532,831.6264393737214,22.690114987082723,0.0304069402665565,22.0,40,40,423,632.0,BALACHAUR
30615,Bhattian (3),JALANDHAR,31.54955,75.65053,30615,1901.6587444027905,1902.9063720703125,0.6435766325114866,0.2747579065321529,2.0564559087788257,-0.5818965178632571,-0.2029414501690161,809.747228305568,22.345829776931225,1.0,2.47,2,10,76,98.0,BHOGPUR
32482,Majari (169),Shahid Bhagat Singh Nagar,31.1711712,76.23111,32482,1900.2215274265168,1902.9031982421875,0.4716646644913386,0.1369611856356902,1.2747848297725046,-0.4754984711694198,-0.0609216804205466,839.7951963355439,22.357494296089783,1.0,13.8,126,70,213,158.0,SAROYA
30294,Dianatpur (52),JALANDHAR,31.4234238,75.717514,30294,1902.7591686613173,1902.9027099609375,0.5309304151675065,0.123944586637049,1.6177745653469031,-0.5041157239491153,-0.0673071040627274,781.5727631176137,22.469050210495865,1.0,105.0,6,10,90,118.0,ADAMPUR
36774,Abdulpur (302),PATIALA,30.216217,76.46059,36774,1905.4565641642548,1902.9014892578125,0.4015635009822763,0.1746057102856723,1.0519576853681227,-0.4432415594034367,-0.0652123070573449,932.0581879765122,22.854377937175894,1.0,153.0,30,23,48,175.0,BHUNER HERI
32410,Gahun (198),Shahid Bhagat Singh Nagar,31.067255,76.3065948,32410,1902.2173430559767,1902.90087890625,0.4928006809399219,0.121881655871242,1.395941908039824,-0.4910572413685081,-0.0526097553474331,844.8792194388246,22.48353561239252,1.0,310.0,42,45,232,351.0,BALACHAUR
28772,Nawan Pind Barkiwala (261),GURDASPUR,0.0,0.0,28772,1900.9017702017093,1902.8995361328125,0.572044582358494,0.2381866924151176,1.7377147422002743,-0.5346939050688255,-0.1578959509170544,1086.2000080754656,22.16199337264419,1.0,69.0,88,80,95,76.0,BATALA
38815,Rampur (124),RUPNAGAR,30.7567558,76.63484,38815,1901.3400870936816,1902.8955078125,0.5128146593180768,0.2042979623969498,1.3297158265718985,-0.5225816479960069,-0.1100618883872005,884.3059120079263,22.793837433807653,1.0,77.0,5,10,130,91.0,CHAMKAUR SAHIB
31979,Rasoolpur (137),HOSHIARPUR,31.2432442,76.12062,31979,1901.0127551724192,1902.890869140625,0.489486627933237,0.1475823676922209,1.2737079322201783,-0.4907413015497277,-0.0682162325543582,824.7937652280228,22.51144758387028,1.0,70.0,311,21,108,66.0,GARHSHANKAR
31783,Chahar (3),HOSHIARPUR,31.319479,75.94394,31783,1902.7180365873023,1902.886962890625,0.5063086177136452,0.1725517188988261,1.3355383955940363,-0.5040813925684479,-0.088667960822256,758.6326393296616,22.882709852809228,1.0,39.0,20,20,49,42.0,MAHILPUR
30710,Jhawan (37),HOSHIARPUR,31.6756687,75.636116,30710,1901.1420121511867,1902.877197265625,0.5686632421723493,0.1895532303532466,1.7542441668061712,-0.5333631109073614,-0.1229291285987338,959.276372473468,22.438470679153,1.0,1.62,282,208,489,423.0,TANDA
32933,Hargana (179),FATEHGARH SAHIB,30.666666,76.2490845,32933,1902.0705489119173,1902.8751220703125,0.5747880702893562,0.2476767104636148,1.5870372467042286,-0.5470109418854738,-0.1601132008165555,937.6202091645632,22.85673268677841,1.0,283.0,200,150,279,417.0,KHAMANO
32684,Mehtabgarh (231),FATEHGARH SAHIB,30.594595,76.59002,32684,1900.935550560894,1902.8673095703125,0.4111948545326503,0.0914341342635122,1.1133130197251362,-0.4417071059244756,-0.0127261914662863,868.2293090035813,22.92007999424692,1.0,565.0,30,30,88,158.0,KHERA
32392,BANA (416),Shahid Bhagat Singh Nagar,31.0630627,76.31261,32392,1897.7012863682487,1902.8646240234375,0.599135768130055,0.157675153264094,1.861586841120352,-0.5539970223629825,-0.1045124181615299,835.6387349812796,22.67693418124251,0.7000063469836455,125.0,40,40,468,634.0,BALACHAUR
31767,Kukowal (6),HOSHIARPUR,31.261261,76.2827,31767,1903.097602677578,1902.860595703125,0.4714476559283063,0.0913922814335355,1.237357537725179,-0.4794209032890341,-0.0241516995688869,760.5911092212467,22.86903402585192,1.0,36.0,128,0,200,73.0,GARHSHANKAR
39047,Bibipur (376),S.A.S Nagar,30.81081,76.61499,39047,1899.6961169602907,1902.8597412109375,0.458661971284364,0.1320682331340475,1.2284094013980245,-0.4725323921099915,-0.050564175821995,893.1590961966212,22.782434359147786,1.0,135.0,12,18,71,163.0,KHARAR
39335,Bahadurgarh (2),S.A.S Nagar,30.738739,76.72533,39335,1906.0529926296729,1902.8541259765625,0.409016817787342,0.0897679918343577,1.1741655150892378,-0.434953349844627,-0.0180328526338231,878.3628436734574,22.225765400318323,1.0,65.0,12,46,60,79.0,DERA BASSI
37084,Arazi Sahran (75),AMRITSAR,31.6936932,74.89958,37084,1905.6156825269225,1902.852294921875,0.4607156329153379,0.1620899650201068,1.1198397579635095,-0.4644423905837223,-0.0659154416392397,1069.9230631309474,22.31199716966574,0.9515364573542764,95.0,1,1,1,184.0,AJNALA
28049,Laluwal (409),GURDASPUR,31.9459457,75.33805,28049,1902.425765717148,1902.849853515625,0.6032985056355316,0.263377077510439,1.8794486061303035,-0.5540006279502381,-0.1840069074663045,1117.522377304599,22.075734742582647,1.0,99.0,70,90,148,118.0,DHARIWAL
32319,Mazara Kalan (151),Shahid Bhagat Singh Nagar,31.1397457,76.10173,32319,1904.2470969185208,1902.847900390625,0.4415669964371557,0.1051626120066217,1.165374575397366,-0.4545328807964148,-0.0308075999500576,839.7951963355439,22.357494296089783,1.0,85.0,14,0,167,96.0,NAWANSHAHR
28865,Mir Kachana (402),GURDASPUR,31.81982,75.19255,28865,1901.6539973086624,1902.8470458984375,0.576705291292046,0.2348538381318763,1.7501671821908673,-0.5371059354577723,-0.1556733841838457,1108.1613841464418,22.105158846297684,1.0,74.0,47,46,58,84.0,BATALA
33094,Herian (97),LUDHIANA,30.8468475,76.11909,33094,1903.6157806348524,1902.8447265625,0.5334873016849916,0.1800888573511027,1.5101133416983108,-0.5165404279013768,-0.1058927352283376,905.756378453006,22.8861820471202,1.0,315.0,5,15,192,338.0,MACHHIWARA
30275,Chak Jethpur (177),JALANDHAR,31.333334,75.58166,30275,1903.676401551188,1902.8438720703125,0.5693828584944496,0.1864832780358381,1.7730317556644777,-0.530454084340866,-0.1196069969999925,752.2125964660011,22.677122987389428,1.0,0.1,2,2,6,53.0,JALANDHAR-EAST
32391,Taunsa (417),Shahid Bhagat Singh Nagar,31.0630627,76.31261,32391,1898.9264110145464,1902.841552734375,0.5446055056776067,0.1249015479813271,1.6591207175182103,-0.5184852398036109,-0.07078546828456,835.976968962328,22.67582304764991,0.6682077117998434,46.0,35,30,45,798.0,BALACHAUR
28069,Johal Nangal (440),GURDASPUR,32.1261253,75.33752,28069,1902.9205030700257,1902.8377685546875,0.5719327060133743,0.2324605601531712,1.72827520883034,-0.5402271315530117,-0.1515258825705687,1108.1613841464418,22.105158846297684,1.0,114.0,52,50,107,130.0,DHARIWAL
28881,Mamman (408),GURDASPUR,32.0360374,75.0294952,28881,1904.144447475356,1902.8358154296875,0.5823376625303732,0.2533581613346128,1.7777517136440084,-0.5415076944723247,-0.171402912809589,1086.2000080754656,22.16199337264419,1.0,2.47,100,100,273,229.0,DERA BABA NANAK
38834,Bassi Gujjran (287),RUPNAGAR,30.9009018,76.41402,38834,1899.326330624573,1902.832275390625,0.4665530765097905,0.1712626240029369,1.2089645022033406,-0.4688694775729949,-0.0778575163849496,916.1920581393796,22.82455974303372,1.0,382.0,127,174,334,550.0,CHAMKAUR SAHIB
28469,Lakhanpur (550),GURDASPUR,31.90991,75.4571152,28469,1906.3507106162087,1902.8319091796875,0.5765097972280733,0.2116931942647437,1.7566066396084394,-0.5423726882543447,-0.1381403138570468,1031.3100907018083,22.178079881455176,1.0,136.0,70,31,131,175.0,KAHNUWAN
30677,Bassi Jajal Khan (26),HOSHIARPUR,31.6756763,75.64723,30677,1900.851250904339,1902.8287353515625,0.5648223168502765,0.1941550363513388,1.777950196890531,-0.526170565326471,-0.1263096676256669,840.9445702649581,22.36515811537744,1.0,9.31,121,150,350,230.0,TANDA
32708,Kotla Bhaika (140),FATEHGARH SAHIB,30.6435585,76.38361,32708,1902.290136987391,1902.82421875,0.5195062136021967,0.2226848116740924,1.3603273996866423,-0.5218926218647633,-0.1224236401958731,888.7562545945542,22.84437835799872,1.0,150.0,30,30,95,131.0,KHERA
28076,Chhina (454),GURDASPUR,32.1261253,75.33752,28076,1905.95799206723,1902.8238525390625,0.5634070145380919,0.2167483949422419,1.72943292619612,-0.5299474797622313,-0.1410814772217653,1117.527732532253,22.07571790967114,1.0,140.0,66,107,280,151.0,DHARIWAL
32324,Mirpur Jattan (149),Shahid Bhagat Singh Nagar,31.1531525,76.1113358,32324,1903.8880398875065,1902.8233642578125,0.3832367662440885,0.0520895665852721,1.012247541892236,-0.4048283620206039,0.0136690615886654,839.7951963355439,22.357494296089783,1.0,195.0,28,0,466,242.0,NAWANSHAHR
28879,Raichak (406),GURDASPUR,32.03277,75.0280762,28879,1903.9194122570543,1902.8201904296875,0.5718878744227972,0.2410495453119954,1.675573802188008,-0.5365697882036824,-0.1570373505736466,1086.2000080754656,22.16199337264419,1.0,2.47,100,30,350,332.0,DERA BABA NANAK
39318,Bair Majra (26),S.A.S Nagar,30.738739,76.72533,39318,1902.8974693047503,1902.8155517578125,0.418782982256123,0.0638816305848455,1.174525637213533,-0.4400027965114983,0.0019576440066969,776.6454461028474,22.8950439547636,1.0,285.0,23,128,177,285.0,DERA BASSI
39319,Issapur jangi (208),S.A.S Nagar,30.3603611,76.42685,39319,1902.133803741988,1902.810302734375,0.4780197911159697,0.0904784680965338,1.515221142161578,-0.4798559675514294,-0.0320261000081094,784.1046579196433,22.8357261579156,1.0,10.0,0,0,71,196.0,DERA BASSI
36888,Rasulpur (342),PATIALA,30.18018,76.53683,36888,1902.875554046238,1902.8046875,0.3075993887320026,0.1191249764334921,0.7140908077864829,-0.3954955043930082,-0.0048758204608768,896.0166667823859,22.912342479765705,1.0,105.0,20,51,54,117.0,GHANAUR
32948,Bilaspur (317),FATEHGARH SAHIB,30.8288288,76.29364,32948,1901.9402650801408,1902.7987060546875,0.5554192650072373,0.2317904223042432,1.4986588142886046,-0.5366247906499703,-0.1423899311768647,952.4954442878002,22.885914535517,1.0,200.0,160,80,160,166.0,KHAMANO
38843,Fatehgarh (63),RUPNAGAR,30.8468475,76.49685,38843,1897.7262909867136,1902.79736328125,0.5708275268266669,0.2354350556194695,1.5270217578915728,-0.5546992634129972,-0.1444142696462892,916.721189301242,22.821435243015912,1.0,65.0,27,8,15,76.0,CHAMKAUR SAHIB
28314,Chaudharpur (461),GURDASPUR,32.10811,75.34392,28314,1902.525535371101,1902.797119140625,0.6055453654217873,0.2899668700637577,1.7565525851302408,-0.5612069405165682,-0.1984775001367944,1117.527732532253,22.07571790967114,1.0,120.0,155,0,196,139.0,DHARIWAL
32914,Kalewal (191),FATEHGARH SAHIB,30.81081,76.34226,32914,1903.1495186058944,1902.797119140625,0.5126694345899493,0.1832978912664168,1.4102232350953947,-0.510347905416887,-0.0999966133566017,926.6393534362028,22.83860598963453,1.0,145.0,96,94,140,159.0,KHAMANO
36889,Balheri (345),PATIALA,30.1441441,76.44635,36889,1902.638872373364,1902.796875,0.3728565407704505,0.1683043726476869,1.0024001529738031,-0.4315700373981195,-0.0551257419389522,895.9456476380723,22.91402532560585,1.0,72.0,18,52,62,82.0,GHANAUR
28757,Jaura Singha (249),GURDASPUR,31.8378372,75.14361,28757,1901.9796579269653,1902.7965087890625,0.5689579229221,0.2292945401216477,1.765207853870425,-0.5321185249077254,-0.1512969398004818,1108.1613841464418,22.105158846297684,1.0,343.0,305,305,405,382.0,BATALA
28316,Mallian(Faqiran) (464),GURDASPUR,32.1261253,75.33752,28316,1902.6393041523063,1902.7943115234375,0.6232292594496072,0.2981650245798712,1.911678258582828,-0.5671289480358472,-0.2115142426913423,1117.527732532253,22.07571790967114,1.0,202.0,72,80,137,219.0,DHARIWAL
32095,Palli Uchi (110),Shahid Bhagat Singh Nagar,31.1531525,76.09029,32095,1902.2697515691552,1902.7867431640625,0.4537627494382645,0.1050628020821188,1.2195845291228944,-0.4647936163729743,-0.0332730003837328,824.7937652280228,22.51144758387028,1.0,2.47,35,35,290,261.0,NAWANSHAHR
38895,Chhoti Rauni (282),RUPNAGAR,30.859602,76.5362549,38895,1902.641318941659,1902.785888671875,0.4769221758357,0.1475270402851869,1.4515427221289718,-0.4696712435186794,-0.0732264391635176,956.793064158191,22.8899654269361,1.0,21.86,25,25,35,73.0,MORINDA
32481,Rakran Dhahan (168),Shahid Bhagat Singh Nagar,31.1742554,76.22443,32481,1901.4050410731136,1902.784912109375,0.4476028560152119,0.1280396518689869,1.1791616224887802,-0.46131665463693,-0.0482158827471275,839.7951963355439,22.357494296089783,1.0,23.1,348,262,452,264.0,SAROYA
38872,Chhota Makrauna (300),RUPNAGAR,30.9009018,76.41402,38872,1900.726528916948,1902.78369140625,0.5589341667850921,0.2191555306115863,1.5226902598478111,-0.5353437484021177,-0.1347770539596002,916.721189301242,22.821435243015912,1.0,155.0,81,85,200,176.0,CHAMKAUR SAHIB
36773,Sheikhpur jagir (301),PATIALA,30.1981983,76.50913,36773,1904.1374904303816,1902.7828369140625,0.4267130134832238,0.2285996285860516,1.069120946718898,-0.4693977799252654,-0.1010093192746545,953.2359185626404,22.819398500379805,1.0,98.0,80,53,74,111.0,BHUNER HERI
30732,Kawan (496),HOSHIARPUR,31.81982,75.6378555,30732,1903.0885036663483,1902.78271484375,0.5149755087619853,0.2033250221667729,1.6041823802059962,-0.4815514043450864,-0.1213962012089162,1073.0177256276506,22.24859892509784,0.9993041530595472,45.0,28,25,127,140.0,DASUYA
39090,Malakpur (84),S.A.S Nagar,30.7146225,76.73624,39090,1900.9540891069776,1902.7779541015625,0.4046371145055183,0.0649911777505608,0.9748002464312424,-0.4430982917391925,0.0129956040041582,814.0134456565278,22.43804828433952,1.0,4.47,60,60,100,112.0,MAJRI
32363,Mahmudpur (447),Shahid Bhagat Singh Nagar,31.0630627,76.31261,32363,1900.702665170894,1902.77490234375,0.5030529083767662,0.1160133155754189,1.3882992287409182,-0.5067272656411169,-0.0481415607397051,855.2991542031663,22.66896286104054,1.0,150.0,47,45,147,147.0,BALACHAUR
30623,Charar (10),JALANDHAR,31.6396389,75.7237244,30623,1903.7114566066905,1902.7723388671875,0.5331294911187842,0.1757872381536151,1.633799823582925,-0.5130840035976714,-0.1035959454342536,786.1698511054414,22.39146673789071,1.0,76.0,27,0,92,86.0,BHOGPUR
32631,Bagh Sikandar (77),FATEHGARH SAHIB,30.6659374,76.39105,32631,1904.1563218296856,1902.7706298828125,0.5330631385235799,0.2191411778234274,1.4321469525804476,-0.5211850626808905,-0.1285715769081345,924.7869500636034,22.83557400092264,1.0,445.0,58,89,324,415.0,BASSI PATHANA
31689,Kana (161),HOSHIARPUR,31.5315323,75.82618,31689,1901.1095143691225,1902.768798828125,0.554631531409049,0.1846135399543047,1.7107153378518969,-0.5284789118125145,-0.1140884065693315,763.1491183902855,22.40683298891921,1.0,27.11,20,20,85,76.0,HOSHIARPUR-I
39248,Jhajon (229),PATIALA,30.3423424,76.45454,39248,1904.2149043650447,1902.767333984375,0.4064313387428819,0.1259844179382089,1.1949185924166186,-0.4344180151298704,-0.0397784826595734,776.6454461028474,22.8950439547636,1.0,344.0,31,31,144,255.0,RAJPURA
30614,Rastgo (4),JALANDHAR,31.5135136,76.1074448,30614,1902.828789803856,1902.76708984375,0.5923910520864188,0.2288333866459444,1.8484570760696093,-0.5522412179160909,-0.1557078651548016,809.747228305568,22.345829776931225,1.0,258.1,20,0,252,288.0,BHOGPUR
28472,Bagol (553),GURDASPUR,31.90991,75.47834,28472,1904.8978027498783,1902.76220703125,0.5223725191177266,0.1799278794172119,1.5137688030153105,-0.506294039687269,-0.1020299786479525,1031.9321854229545,22.177425564194703,1.0,195.0,180,180,219,356.0,KAHNUWAN
32927,Khant (271),FATEHGARH SAHIB,30.81081,76.30031,32927,1902.2163503499391,1902.761962890625,0.5212877217431473,0.1934210092340091,1.4079399905407892,-0.5090212177597754,-0.1102692988236342,956.793064158191,22.8899654269361,1.0,101.0,101,150,318,399.0,KHAMANO
30609,Jandir (22),JALANDHAR,31.6216221,75.73022,30609,1904.68698452062,1902.761962890625,0.526187108300428,0.1638774913945454,1.6721433927185732,-0.5013998761555634,-0.097791400462375,809.747228305568,22.345829776931225,1.0,149.79,22,0,235,177.0,BHOGPUR
36887,Salempur Jattan (343),PATIALA,30.18018,76.51598,36887,1903.09721155515,1902.7608642578125,0.3422261680494729,0.1538491254860323,0.8106618572527275,-0.4189162591478474,-0.031782822909807,895.9456476380723,22.91402532560585,1.0,57.0,56,74,132,160.0,GHANAUR
32982,Fatehgarh (68),LUDHIANA,30.9009018,76.18303,32982,1902.339920182897,1902.75634765625,0.4946101073297504,0.1989858908301887,1.215920449247765,-0.5129575321771268,-0.0995081756852972,905.756378453006,22.8861820471202,1.0,157.0,20,15,135,168.0,MACHHIWARA
32542,Rasoolpur (234),FATEHGARH SAHIB,30.594595,76.48536,32542,1901.5714914398568,1902.7557373046875,0.3981024899698496,0.1242692892150354,0.9922027620074726,-0.4359963525678005,-0.0278287794640595,868.2293090035813,22.92007999424692,1.0,164.0,113,113,248,231.0,KHERA
39337,Haibatpur (358),S.A.S Nagar,30.666666,76.6051941,39337,1904.560782627217,1902.7535400390625,0.3374396784131027,0.06831547328674,0.9018339205303584,-0.385115924544444,0.0157551410263271,878.3628436734574,22.225765400318323,0.9895970868806854,214.0,10,260,319,212.0,DERA BASSI
38879,Balsanda (167),RUPNAGAR,31.0990982,76.55196,38879,1901.154913641374,1902.7515869140625,0.5215194303816083,0.1611961799273365,1.3880098481114178,-0.5106853739621751,-0.0855885987536382,903.4168812444108,22.62808539330217,1.0,25.0,325,175,242,473.0,RUPNAGAR
28496,Fattu Barkat (721),GURDASPUR,31.8962631,75.52804,28496,1904.0955369656988,1902.7509765625,0.454934168664,0.2246114318730361,1.2559496890760156,-0.4004393608931281,-0.1271322783794443,1054.8949659865527,22.21795706107713,0.8841999991037872,300.0,120,130,172,420.0,KAHNUWAN
38884,Mehpalon (165),RUPNAGAR,30.81081,76.51009,38884,1901.5137131371248,1902.747314453125,0.4974594757273522,0.1609636571619524,1.300543027808831,-0.5030590198169026,-0.0765290421246357,903.4168812444108,22.62808539330217,1.0,1.0,0,0,1,97.0,CHAMKAUR SAHIB
32669,Badali Ala Singh (222),FATEHGARH SAHIB,30.594595,76.46443,32669,1902.150632577647,1902.74658203125,0.4694966771641524,0.1580281951298034,1.1880287538838212,-0.4825014051230037,-0.0673241502018099,894.6060481479066,22.901650064587727,1.0,251.0,105,105,359,251.0,KHERA
32744,Sangatpura (306),FATEHGARH SAHIB,30.63063,76.38819,32744,1903.4721857776883,1902.74365234375,0.4627024484944066,0.1924268387124696,1.1767783508660634,-0.482962246767195,-0.0883502239579717,888.7562545945542,22.84437835799872,1.0,364.0,25,38,306,301.0,SIRHIND
39103,Ghoga Kheri (374),S.A.S Nagar,30.81081,76.61499,39103,1900.638289571675,1902.73779296875,0.4745836098581329,0.1296916683531407,1.31253485679086,-0.4762400687174113,-0.0531934016437268,900.5061924381057,22.803056953844912,1.0,120.0,37,37,162,113.0,KHARAR
28315,Sidhwan (463),GURDASPUR,32.0,75.50991,28315,1902.925376922516,1902.7366943359375,0.596457025111591,0.2650434696313325,1.8293272689029207,-0.5492671267999859,-0.1818070978138753,1117.527732532253,22.07571790967114,1.0,90.0,75,110,180,115.0,DHARIWAL
28074,Bulewal (445),GURDASPUR,32.0,75.50991,28074,1907.7459160496512,1902.7344970703125,0.5650648856302101,0.2126359426382462,1.6874100203810338,-0.5331743985187305,-0.1366746867481934,1116.4380076177974,22.079143206363263,1.0,84.0,25,15,138,102.0,DHARIWAL
31791,Alawalpur (78),HOSHIARPUR,31.3092651,75.5046844,31791,1901.8532475641027,1902.7327880859375,0.574248270139359,0.2412709240782966,1.6263223630507464,-0.5549490457763189,-0.1530129445391553,758.6326393296616,22.882709852809228,1.0,76.0,46,45,145,132.0,MAHILPUR
32680,Jhampur (229),FATEHGARH SAHIB,30.6266861,76.5134,32680,1900.6409394615173,1902.730224609375,0.3734912651394815,0.147385494391619,0.8871961456367083,-0.4229973754999709,-0.0351713657232497,868.2293090035813,22.92007999424692,1.0,286.0,132,106,266,365.0,KHERA
28330,Peroshah (473),GURDASPUR,32.1261253,75.33752,28330,1906.069186423088,1902.72802734375,0.5958933046300101,0.2604816614984393,1.8354189659688047,-0.5479977666967919,-0.1795292943992877,1080.46395600551,22.071916335135445,1.0,94.0,51,50,110,102.0,DHARIWAL
28062,Gajju Gazi (436),GURDASPUR,32.1261253,75.33752,28062,1900.983015685956,1902.7275390625,0.5980004625767111,0.2787539961824272,1.857647824921231,-0.5453753006338705,-0.1956339586539761,1108.1613841464418,22.105158846297684,1.0,182.0,103,113,215,230.0,DHARIWAL
28863,Ror Khehra (401),GURDASPUR,0.0,0.0,28863,1903.698965914684,1902.722900390625,0.5646197800963132,0.227216418447449,1.6745002785535514,-0.5294780504081156,-0.147138809042711,1103.4233040685567,22.117420670699968,1.0,170.0,195,190,317,193.0,BATALA
39312,Toganpur (210),S.A.S Nagar,30.666666,76.6261444,39312,1903.341324713636,1902.71630859375,0.3491910950245714,0.0507397936891309,0.9097991872396504,-0.3940163660476055,0.0261026802923544,776.6454461028474,22.8950439547636,1.0,195.0,0,0,307,198.0,DERA BASSI
32681,Timberpur (242),FATEHGARH SAHIB,30.6293163,76.54534,32681,1900.23522830832,1902.716064453125,0.325475594364999,0.100195357625027,0.7920662141536042,-0.3802798330236597,0.0021621268170094,872.6436796816886,22.916995589437672,1.0,214.0,49,49,166,226.0,KHERA
32535,Daulatpur (232),FATEHGARH SAHIB,30.7027035,76.6966553,32535,1901.014681930469,1902.7152099609375,0.4055327478249312,0.1256779648341732,1.10315791863681,-0.4326382738689198,-0.0338189505943149,868.2293090035813,22.92007999424692,1.0,56.0,26,17,35,63.0,KHERA
28321,Satkoha (471),GURDASPUR,32.1261253,75.33752,28321,1907.4462632385776,1902.7093505859375,0.5954542987647014,0.257710561177817,1.796566403445495,-0.5511518890716998,-0.176463837632365,1117.527732532253,22.07571790967114,1.0,411.0,52,0,703,465.0,DHARIWAL
30855,Dehriwala (30),HOSHIARPUR,31.6936932,75.81015,30855,1900.54726568586,1902.7091064453125,0.6127542102202463,0.2251847825151172,2.0031131634691506,-0.5580092845129171,-0.159692946863819,959.276372473468,22.438470679153,1.0,3.64,200,200,423,96.0,TANDA
32358,Garlon Bet (464),Shahid Bhagat Singh Nagar,31.1171169,76.35603,32358,1901.3047022972337,1902.7080078125,0.4584182824801139,0.1385194607122381,1.1417597300466893,-0.4918903587050984,-0.0466463628204952,855.2991542031663,22.66896286104054,1.0,118.0,60,60,155,135.0,BALACHAUR
38666,Hussainpur (42),RUPNAGAR,31.0270271,76.62014,38666,1901.5955175813435,1902.7056884765625,0.4636703328312495,0.1083745056909501,1.1856255500500787,-0.4620993246185319,-0.041588677819032,830.3946548055271,22.65405310695125,0.849481370587067,50.0,50,50,250,113.0,RUPNAGAR
32357,Thathiala (451),Shahid Bhagat Singh Nagar,31.1171169,76.35603,32357,1901.6607677522543,1902.7054443359375,0.4094037908263315,0.1437056726789697,0.8896178283306253,-0.4377041131514771,-0.0481439138922914,855.2991542031663,22.66896286104054,0.8768724274729137,169.0,40,40,115,200.0,BALACHAUR
38956,Morinda ( R ) (254),RUPNAGAR,30.9340172,76.52524,38956,1901.059554927012,1902.7044677734375,0.4199851867161827,0.096516136279434,1.0548529190816651,-0.4502864064879078,-0.0171247011796102,962.4367746522324,22.798003492737337,0.9669187940359856,44.0,125,110,165,8.0,MORINDA
32690,Harna (253),FATEHGARH SAHIB,30.6266861,76.5134,32690,1899.769095142005,1902.69970703125,0.3410661350191226,0.072769098795814,0.8622551290726677,-0.3838853480201644,0.0121822651504475,882.3256542949999,22.91023060950144,1.0,5000.0,70,70,125,257.0,KHERA
30613,Madhopur (21),JALANDHAR,31.5864658,75.66977,30613,1903.126810298873,1902.697998046875,0.5595832006662221,0.1946156657421172,1.78014845346445,-0.5228305283214137,-0.1259431800090313,809.747228305568,22.345829776931225,1.0,129.0,20,20,255,152.0,BHOGPUR
28848,Chandu Suja (322),GURDASPUR,31.8558559,74.96737,28848,1904.4802636944617,1902.6971435546875,0.5762765114987976,0.2236201156292779,1.6779988018340444,-0.5386025467255082,-0.1456064759604087,1086.2000080754656,22.16199337264419,1.0,40.0,50,50,161,160.0,FATEHGARH CHURIAN
28080,Ghuman Khurd (449),GURDASPUR,31.9639645,75.3103561,28080,1903.9915347983124,1902.693359375,0.5516184509444205,0.2108386581089052,1.7224197525185585,-0.5176237479836074,-0.137586807214765,1112.3999245940522,22.09183598069732,1.0,140.0,128,200,552,382.0,DHARIWAL
28769,Mirzajan (258),GURDASPUR,31.81982,75.19255,28769,1901.5685184226509,1902.685791015625,0.585175993245463,0.2466312962463062,1.8208919236530048,-0.5415160130766548,-0.1673524298934495,1086.2000080754656,22.16199337264419,1.0,479.0,150,150,302,514.0,BATALA
37025,Kehargarh (1),PATIALA,30.3423424,76.45454,37025,1901.145603972108,1902.684326171875,0.3244619970128755,0.0889559364058802,0.7678485506788515,-0.3822707493220608,0.0112707185293149,868.2293090035813,22.92007999424692,1.0,235.0,2,2,36,255.0,RAJPURA
32702,Randhawa (122),FATEHGARH SAHIB,30.5993156,76.48161,32702,1899.9189861755303,1902.6842041015625,0.4959550083395472,0.2036663663092363,1.1994946582432395,-0.5174199453601165,-0.0985162538960521,889.7691127225481,22.85429462478619,1.0,178.0,30,25,175,193.0,KHERA
28337,Buttar Kalan (515),GURDASPUR,32.0847244,75.4667,28337,1904.2636626662263,1902.678955078125,0.6089097591213437,0.2888377100471189,1.8486982849852565,-0.5567583083352955,-0.2031264289326711,1072.555953169739,22.07006940043304,1.0,200.0,254,254,335,385.0,KAHNUWAN
36855,Lachhru Khurd alias Ramnagar (357),PATIALA,30.3603611,76.4894943,36855,1902.8975030802576,1902.6768798828125,0.4007798582166515,0.1989678142758816,1.3524197260750794,-0.4171302942612181,-0.0949336134571938,895.9456476380723,22.91402532560585,1.0,302.0,20,20,67,384.0,GHANAUR
28011,Nano Harni (120),GURDASPUR,31.8558559,75.2219238,28011,1900.9794686061764,1902.674560546875,0.5815196307676194,0.259056770546322,1.779868331608109,-0.5385203382549106,-0.1744359014290444,1139.3258067777056,22.056743376335533,1.0,170.0,50,100,168,168.0,KALANAUR
28756,Winjhwan (248),GURDASPUR,31.8378372,75.14361,28756,1902.6619817359333,1902.669921875,0.5775918791296437,0.2438094257628489,1.8369446110933845,-0.5338372584369846,-0.1668644854953581,1108.1613841464418,22.105158846297684,1.0,198.0,150,150,250,221.0,BATALA
38850,Chaunta Kalan (67),RUPNAGAR,31.0990982,76.53092,38850,1899.3378319918083,1902.6640625,0.598454721069791,0.1901712148817668,1.700836462287039,-0.5689580224269872,-0.1219541382193364,903.4168812444108,22.62808539330217,1.0,145.0,1,22,42,187.0,RUPNAGAR
28749,Dialgarh (227),GURDASPUR,31.8378372,75.1224,28749,1907.3070547311668,1902.660888671875,0.5804565241848032,0.2674496641642653,1.8300528400442568,-0.5431027865441641,-0.1819198735139367,1095.680285456381,22.074552877877625,1.0,452.0,222,250,330,453.0,BATALA
28056,Athwal (419),GURDASPUR,31.8558559,75.2219238,28056,1900.908018506208,1902.658447265625,0.5980212790026328,0.2666171725664944,1.8450247974349003,-0.5496698351507857,-0.1852522772102343,1125.1264861551897,22.078802722314965,1.0,52.0,25,20,55,195.0,KALANAUR
32553,Mukrampur (221),FATEHGARH SAHIB,30.85642,76.352356,32553,1902.5465298375088,1902.6572265625,0.4775199748152998,0.1589850744629149,1.251910509283232,-0.4866342044267312,-0.0711355176338141,894.6153951907522,22.90165336103511,1.0,153.0,35,54,132,169.0,KHERA
32533,Tajpura (233),FATEHGARH SAHIB,30.85642,76.352356,32533,1900.9442667560024,1902.6533203125,0.4018854141494261,0.1395875753504275,1.0277677369420344,-0.4444790713584806,-0.036328573307491,868.2293090035813,22.92007999424692,1.0,300.0,32,32,74,178.0,KHERA
38806,Sultanpur (111),RUPNAGAR,30.9009018,76.43501,38806,1898.7928030395497,1902.652587890625,0.4708462047728122,0.1979402517807713,1.1078399876918077,-0.4637532771863713,-0.1037060707070423,845.1451327052666,22.64781493632864,0.9966774457727664,163.0,5,5,70,184.0,CHAMKAUR SAHIB
32606,Rampur Kaleran (94),FATEHGARH SAHIB,30.4684677,76.40703,32606,1899.5655810034327,1902.6456298828125,0.5524804149860366,0.249547393025115,1.5260032225303637,-0.5369799035230572,-0.1541266597734571,944.4335457962724,22.90449619808719,1.0,48.58,18,18,68,136.0,BASSI PATHANA
28093,Kailey Kalan (451),GURDASPUR,32.1261253,75.33752,28093,1903.060461650521,1902.6419677734375,0.5985654516253854,0.260257802744614,1.850603336034648,-0.5516055044355779,-0.1799812621161982,1117.527732532253,22.07571790967114,1.0,196.0,72,60,277,221.0,DHARIWAL
32675,Baras (256),FATEHGARH SAHIB,30.6846848,76.40997,32675,1901.112516355927,1902.64111328125,0.4100038844419277,0.161272030661215,0.9836521207014656,-0.4495109134341181,-0.0513968574622167,891.7537682649981,22.903643006827508,1.0,369.0,128,128,428,840.0,KHERA
31434,Mirzapur (59),HOSHIARPUR,31.6576576,75.78074,31434,1898.5490673894085,1902.638427734375,0.5038374879840308,0.1308924874750014,1.5253910829638802,-0.48752060395128,-0.0697753623893034,888.58354651635,22.39467288164832,1.0,81.0,46,45,113,96.0,BHUNGA
30854,Shekhupur Kalan (29),HOSHIARPUR,31.6576576,75.78074,30854,1900.6507454796524,1902.6375732421875,0.5562590508230326,0.1821611296063253,1.749913205217891,-0.5243006068169653,-0.1147796628235929,959.276372473468,22.438470679153,1.0,75.0,0,0,35,81.0,BHUNGA
30842,Darga Heri (63),HOSHIARPUR,31.54955,75.90424,30842,1900.9037594103784,1902.6324462890625,0.6208694048748967,0.2196173995376039,2.0287159519625244,-0.5583396436264504,-0.1572076501061521,958.9035395780284,22.43831801957153,1.0,1.21,7,7,54,93.0,TANDA
38682,Budha Bhora (73),RUPNAGAR,30.9729729,76.53469,38682,1901.6816594796,1902.6307373046875,0.5128181866622042,0.1333347638962327,1.3743706527649993,-0.5151512816674624,-0.0612045853831632,894.9202966223966,22.635426756286048,1.0,107.0,28,25,96,145.0,RUPNAGAR
32578,Mulanpur(312),FATEHGARH SAHIB,30.666666,76.39572,32578,1899.4918532597687,1902.630126953125,0.4450128882791291,0.1435605399039187,1.1366534978440932,-0.4685065176186453,-0.052351949862041,946.2463649918932,22.919862199345346,1.0,2.47,0,0,200,183.0,BASSI PATHANA
28097,Sochetgarh (457),GURDASPUR,32.1261253,75.33752,28097,1903.865733211789,1902.62939453125,0.5312374822804447,0.2114495519645971,1.5913768443376457,-0.5077964613334753,-0.1307629861411348,1117.527732532253,22.07571790967114,1.0,190.0,18,40,304,185.0,DHARIWAL
32456,Mehmudpur Gadrian (191),Shahid Bhagat Singh Nagar,31.0824451,76.24694,32456,1903.7405933327184,1902.6253662109375,0.4170319867088062,0.0527260081671542,1.102025899364647,-0.4404587847298405,0.0084948451918486,829.65313636998,22.21258087467285,1.0,155.0,55,21,71,188.0,BALACHAUR
36994,Balsuan (20),PATIALA,30.63063,76.38819,36994,1900.0683686541688,1902.62451171875,0.4184744545856175,0.1421941409394527,1.1324424301322022,-0.4358510280742142,-0.050113241674754,886.4351777679801,22.89869018694756,1.0,168.0,30,60,175,169.0,RAJPURA
28471,Ghorewah (552),GURDASPUR,31.90991,75.4571152,28471,1904.865181090532,1902.62353515625,0.5437051977695236,0.2107618227657415,1.5847401867042556,-0.5201046291283997,-0.1287078269223434,1031.3100907018083,22.178079881455176,1.0,219.0,120,120,181,280.0,KAHNUWAN
39066,Suhali (90),S.A.S Nagar,30.8288288,76.5874,39066,1900.6854781201764,1902.6153564453125,0.4835117554181378,0.1049128338942607,1.3689962532719089,-0.4858391117067211,-0.0379698393861356,899.1409334351914,22.399942850440937,1.0,206.0,28,50,275,233.0,MAJRI
28770,Kot Mazlas (259),GURDASPUR,31.8378372,75.01635,28770,1902.059787603316,1902.6112060546875,0.543052255432166,0.2144739527272428,1.6888797130762931,-0.5112107734354432,-0.1357429766144362,1086.2000080754656,22.16199337264419,1.0,450.0,150,150,320,217.0,FATEHGARH CHURIAN
28313,Zafarwal (462),GURDASPUR,32.1261253,75.33752,28313,1901.9397766469003,1902.61083984375,0.590435578845376,0.2747490047771855,1.7051051659387129,-0.5484675884517295,-0.1850502062359895,1121.5564828203817,22.06833882799696,1.0,680.0,460,485,987,749.0,DHARIWAL
39330,Fatehpur (197),S.A.S Nagar,30.738739,76.72533,39330,1903.862576478608,1902.610107421875,0.3534134668842993,0.0426103454320431,0.9775384037299388,-0.391692314852301,0.0248318498807988,856.9420665112516,22.35448171448332,1.0,294.0,112,185,240,152.0,DERA BASSI
32350,Jatpur (471),Shahid Bhagat Singh Nagar,31.0630627,76.29157,32350,1903.0684967952368,1902.609130859375,0.5004700215668368,0.1279013330710322,1.3533463552212104,-0.5027529329895254,-0.055859993842997,855.2991542031663,22.66896286104054,1.0,82.0,40,40,126,90.0,BALACHAUR
32688,Badali Maiki (249),FATEHGARH SAHIB,30.62922,76.54541,32688,1900.3915548870968,1902.6085205078125,0.3632782902771283,0.0794026620982358,0.9783870342092904,-0.3949287394868786,0.0006406224035156,868.2293090035813,22.92007999424692,1.0,255.0,40,40,152,281.0,KHERA
32320,Mazara Khurd (150),Shahid Bhagat Singh Nagar,31.1531525,76.1113358,32320,1904.485874141773,1902.6055908203125,0.4386738702478452,0.0966073617351589,1.193217601890148,-0.4502972855547876,-0.0255675791619463,839.7951963355439,22.357494296089783,1.0,61.0,21,0,119,72.0,NAWANSHAHR
28016,Lakhan Kalan (123),GURDASPUR,31.8558559,75.2219238,28016,1903.269047865696,1902.6033935546875,0.6068994014430017,0.2627643004746412,1.8641166461444227,-0.5532087994826588,-0.1833269773826663,1139.3258067777056,22.056743376335533,1.0,310.0,55,100,213,238.0,KALANAUR
28318,Bazid Chak (466),GURDASPUR,32.1261253,75.33752,28318,1904.15493975796,1902.6033935546875,0.6187429722957315,0.279719994434114,1.8862062803852253,-0.5637366900553532,-0.1974497725016324,1117.527732532253,22.07571790967114,1.0,122.0,40,40,127,135.0,DHARIWAL
38989,Devi Nagar (161),S.A.S Nagar,30.8288288,76.67133,38989,1898.989613178704,1902.6014404296875,0.3058596696919704,-0.0110997391824743,0.7601692945317998,-0.3563448894171176,0.0694665505580344,814.0134456565278,22.43804828433952,0.0,117.0,10,3,15,117.0,MAJRI
28885,Khehra Sultan (382),GURDASPUR,32.0180168,75.03599,28885,1905.929357277947,1902.60009765625,0.6030159419985109,0.2610378781246753,1.6993714759512863,-0.5582099227171454,-0.1775490558154408,1086.2000080754656,22.16199337264419,1.0,120.0,20,30,30,138.0,DERA BABA NANAK
32717,Rajindergarh (263),FATEHGARH SAHIB,30.6126118,76.47865,32717,1899.907103256746,1902.5965576171875,0.4362454128990564,0.1895840608305203,1.0009913884173791,-0.4817068588896794,-0.0724296612401308,894.6060481479066,22.901650064587727,1.0,531.0,80,80,165,609.0,KHERA
28755,Talwandi Jheuran (236),GURDASPUR,0.0,0.0,28755,1904.14363315803,1902.5963134765625,0.5848285107032609,0.2465755509012602,1.9357543949037213,-0.5393804324438329,-0.1724999254439578,1108.1613841464418,22.105158846297684,1.0,250.0,144,60,241,113.0,BATALA
32709,Madhopur (141),FATEHGARH SAHIB,30.63063,76.38819,32709,1902.5056051101617,1902.5953369140625,0.4633001003812876,0.1717858397277986,1.2182525979877306,-0.4780246804647912,-0.0796757258552562,888.7562545945542,22.84437835799872,1.0,227.0,0,0,199,293.0,SIRHIND
32421,Kathgarh (203),Shahid Bhagat Singh Nagar,31.0450459,76.34022,32421,1899.6475276812405,1902.5943603515625,0.4913736896247734,0.0704513994066457,1.3433771425480383,-0.4928549537878557,-0.0162920108502008,844.756392192381,22.64665628350411,0.92873813116524,477.0,6,112,469,484.0,BALACHAUR
32590,Bassi (103),FATEHGARH SAHIB,30.679493,76.40183,32590,1902.334482600524,1902.5928955078125,0.5555819445104354,0.2399652129358433,1.4180873849663589,-0.5335008653574025,-0.1503595150454799,936.571517865886,22.854862821640893,0.987741617009588,404.85,60,50,120,1446.0,BASSI PATHANA
37097,Arzi Sanghoke (69),AMRITSAR,31.8378372,74.71943,37097,1902.41489333637,1902.5924072265625,0.4182188404222904,0.1459155412941619,1.0593040189474556,-0.4216044508998747,-0.041657026726101,1068.6945858409304,22.313068289678824,1.0,2.0,0,1,1,18.0,AJNALA
32365,Hedon (448),Shahid Bhagat Singh Nagar,31.0630627,76.31261,32365,1901.261694786372,1902.5882568359375,0.5087784607094344,0.1289259012204325,1.3785668934622726,-0.5161781119460109,-0.0565737868057477,855.2991542031663,22.66896286104054,1.0,115.0,40,40,121,115.0,BALACHAUR
28857,Umarwala (394),GURDASPUR,0.0,0.0,28857,1902.805193933228,1902.5880126953125,0.5858751623659407,0.2483331299126934,1.753591703827597,-0.550118457240098,-0.1669806733065957,1086.2000080754656,22.16199337264419,1.0,139.0,120,120,190,152.0,BATALA
39057,Radiala (77),S.A.S Nagar,30.35963,76.3640442,39057,1900.6952827074945,1902.5849609375,0.3746102476583031,0.0498323065989661,0.9358045770651636,-0.4226124630694548,0.0243247713082137,899.1409334351914,22.399942850440937,1.0,215.0,32,75,210,267.0,KHARAR
32710,Bhat Majra (144),FATEHGARH SAHIB,30.63063,76.38819,32710,1901.82438427132,1902.5830078125,0.4610441521661376,0.1551929303103028,1.22438075055105,-0.4793173902918806,-0.0666596936517819,888.7562545945542,22.84437835799872,1.0,257.0,28,35,138,177.0,SIRHIND
36857,Ghanauri Khera (349),PATIALA,30.3243237,76.60746,36857,1901.4796082174896,1902.5828857421875,0.3370253927977657,0.1477752384712513,0.9060850280636542,-0.3919270297363015,-0.0378219164620401,895.9456476380723,22.91402532560585,1.0,53.0,50,100,220,153.0,GHANAUR
31693,Sandhar (130),HOSHIARPUR,31.52739,75.923584,31693,1897.90766751655,1902.580810546875,0.4826593033773051,0.1146940707087643,1.4038762161420977,-0.4799738777781522,-0.0501888765009416,834.4248974413541,22.48456408866408,1.0,119.0,60,0,101,130.0,BHUNGA
39332,Bhagwanpur (199),S.A.S Nagar,30.738739,76.72533,39332,1904.5514897895007,1902.580078125,0.4015013272502322,0.0541047681213541,1.1174411858869342,-0.4086460697176284,-0.0006707375318152,878.3628436734574,22.225765400318323,0.9521697905818456,275.0,15,14,260,278.0,DERA BASSI
28763,Ballewal (247),GURDASPUR,0.0,0.0,28763,1903.001782987996,1902.5787353515625,0.5764983513293062,0.2378386702804812,1.8116992796017173,-0.5380094354355973,-0.1611184690970835,1108.1613841464418,22.105158846297684,1.0,80.0,25,35,46,63.0,BATALA
32935,Bhamian (313),FATEHGARH SAHIB,30.7747746,76.3556,32935,1902.360432780065,1902.5743408203125,0.5949860367593027,0.2779285984798279,1.6517484535846108,-0.5587072953580101,-0.1859340961973545,936.5369421419434,22.87087221876162,0.9309998185056876,353.0,55,80,186,373.0,KHAMANO
32919,Sohavi (180),FATEHGARH SAHIB,30.7927933,76.3699,32919,1900.954104550636,1902.5706787109375,0.5782685687509459,0.2485082746741525,1.6289478772449877,-0.5459282408205745,-0.1623228678305247,951.7346673910648,22.88118455021191,1.0,141.0,102,120,200,243.0,KHAMANO
28729,Hardo Jhanda (288),GURDASPUR,0.0,0.0,28729,1903.5244510580524,1902.5693359375,0.5251364286550686,0.2002952999435274,1.6452214082457643,-0.5008043757789417,-0.1225862995968603,1062.223433900689,22.02236503872021,1.0,262.0,166,160,255,307.0,BATALA
39030,Baraudi (105),S.A.S Nagar,30.9729729,76.51368,39030,1900.3850456294545,1902.5682373046875,0.4269970837525478,0.0916743892396931,1.1606771400514155,-0.4529241363908109,-0.0175030629035643,899.1409334351914,22.399942850440937,1.0,111.0,60,122,260,203.0,MAJRI
32081,Chuharpur (133),Shahid Bhagat Singh Nagar,31.1894264,76.09247,32081,1901.987393834378,1902.565673828125,0.4499398367220325,0.1079106499246368,1.1538227051440684,-0.4645932653123582,-0.0324121780268332,831.8347363630348,22.501993109321585,1.0,2.47,70,75,315,193.0,NAWANSHAHR
28852,Akarpura (391),GURDASPUR,31.8378372,75.16482,28852,1902.7023041350444,1902.5638427734375,0.5490586397090516,0.2127100832290261,1.521356461020792,-0.5254281444735216,-0.1285532845641909,1086.2000080754656,22.16199337264419,1.0,110.0,60,56,73,320.0,BATALA
32704,Rashidpura (119),FATEHGARH SAHIB,30.6209373,76.41635,32704,1900.6215919739525,1902.56103515625,0.4957792162243419,0.2103909857231252,1.1724996076625471,-0.5177498533685567,-0.1008335817773152,890.043553192921,22.85698150150301,1.0,166.0,60,62,92,178.0,KHERA
38800,Chhota Daudpur (104),RUPNAGAR,30.9189186,76.51241,38800,1897.956931840188,1902.560302734375,0.5790243895589784,0.2225577638545182,1.5625833032759515,-0.565047056452918,-0.1366441480142549,902.4355170267736,22.78678283382404,1.0,27.0,12,10,52,32.0,CHAMKAUR SAHIB
30296,Kathar (50),JALANDHAR,31.5855846,75.6586151,30296,1902.240201124524,1902.5596923828125,0.5194624414486865,0.1463332048041548,1.6880090561763708,-0.4843879608368302,-0.0895670462639883,788.4978595187562,22.42155105340902,1.0,152.0,20,10,300,190.0,ADAMPUR
31763,Thakerwal (9),HOSHIARPUR,31.3458538,75.99372,31763,1904.471595102178,1902.557861328125,0.3441020093102583,-0.0140460182999282,0.7983514593187907,-0.3955371998601091,0.0754831439219436,828.8790526797669,22.39218518476929,1.0,92.0,80,140,250,107.0,MAHILPUR
28761,Qila Lal Singh (254),GURDASPUR,31.81982,75.19255,28761,1902.020008020452,1902.5537109375,0.5314981235704304,0.2079817425114112,1.5958027735731874,-0.5006808890445023,-0.1349800795874083,1108.1613841464418,22.105158846297684,1.0,112.0,225,225,422,89.0,BATALA
32506,Hyatpur Rurki (166),Shahid Bhagat Singh Nagar,31.1711712,76.23111,32506,1899.4103251982283,1902.548095703125,0.4879751063030133,0.1524544540275468,1.3817931941480572,-0.4846958396651371,-0.0763345114382857,846.0459690646696,22.19689067075351,1.0,2.47,52,30,116,145.0,SAROYA
30668,Zahura (2),HOSHIARPUR,31.6756763,75.60489,30668,1901.4192708317044,1902.5474853515625,0.6150025131959104,0.2566131944733519,1.8500989208334289,-0.5700229273117637,-0.1796379092663864,786.1698511054414,22.39146673789071,1.0,4.86,216,104,835,1303.0,TANDA
32689,Sindhran (252),FATEHGARH SAHIB,30.594595,76.5062943,32689,1900.2443446121065,1902.5421142578125,0.3416097612176929,0.0630812292927019,0.8841510674705219,-0.3785747516083761,0.0167747315991248,868.2293090035813,22.92007999424692,1.0,300.0,40,40,91,181.0,KHERA
39157,Sihanpur (176),S.A.S Nagar,30.713665,76.736,39157,1899.789454187608,1902.5401611328125,0.4297184409218609,0.0632896184381849,1.1516837897871264,-0.450078414643742,0.0004289239838157,814.0134456565278,22.43804828433952,0.5899624111001159,1.0,0,0,8,33.0,MAJRI
28486,Khanian (715),GURDASPUR,31.90991,75.43588,28486,1902.2663333564328,1902.536865234375,0.4765783467926524,0.2449655249727758,1.455550164440492,-0.4389544408269575,-0.1369138402489175,1187.6022311856646,22.08084163640433,1.0,12.0,7,12,16,131.0,KAHNUWAN
38827,Rokali Mangarh (130),RUPNAGAR,30.9009018,76.43501,38827,1901.134224970856,1902.5364990234375,0.5581640198246185,0.2378848968305565,1.469140579910499,-0.542380828663031,-0.1451076156390931,905.756378453006,22.8861820471202,1.0,309.0,52,46,130,352.0,CHAMKAUR SAHIB
32691,Chorti Kheri (254),FATEHGARH SAHIB,30.62672,76.54527,32691,1900.522209142164,1902.536376953125,0.4276846263853234,0.1609052344219083,1.1084134922471842,-0.4546279190214296,-0.060462487847613,894.6060481479066,22.901650064587727,1.0,350.0,70,65,75,233.0,KHERA
32470,Ghamour (216),Shahid Bhagat Singh Nagar,31.1789913,76.22937,32470,1901.3697201185955,1902.53515625,0.4874814645514585,0.1279570605466165,1.3075512734987762,-0.4934066974339838,-0.0546343676096479,828.9379867722886,22.1998544780825,1.0,209.0,176,203,330,250.0,SAROYA
32152,Muna (14),Shahid Bhagat Singh Nagar,31.18919,75.9718,32152,1906.6858053006167,1902.5347900390625,0.5675409403162723,0.1800939537660359,1.5643095088516976,-0.5518726305477168,-0.1087437081658959,794.1594812085526,22.669952482494125,1.0,148.0,186,68,152,162.0,BANGA
29577,Maio Patti (24),KAPURTHALA,0.0,0.0,29577,1902.902574284883,1902.53173828125,0.4150711495736292,0.0569611034660543,1.0618242123704682,-0.4375976988781849,0.0094277458494136,758.6326393296616,22.882709852809228,1.0,186.0,121,0,157,112.0,PHAGWARA
30734,Rajpur (487),HOSHIARPUR,31.81982,75.8074951,30734,1904.1349802554744,1902.5303955078125,0.4339734200616744,0.2232849429778167,1.2776379846169512,-0.3908492473060547,-0.1171493258812371,1073.0177256276506,22.24859892509784,0.9669658991680368,0.4,36,68,168,114.0,TANDA
28717,Nathwal (124),GURDASPUR,0.0,0.0,28717,1903.0830061431093,1902.529296875,0.5460834034319723,0.2231602265809784,1.7268629855992297,-0.5141977504793386,-0.1435287990756969,1072.168001811733,21.9990094913166,1.0,168.0,122,150,220,186.0,BATALA
28085,Gagowali (425),GURDASPUR,32.1261253,75.33752,28085,1901.082501899216,1902.527099609375,0.6057104245751281,0.2944196539614138,1.907133185349791,-0.551360094683523,-0.206509343513017,1108.1613841464418,22.105158846297684,1.0,192.0,74,70,152,214.0,DHARIWAL
28329,Taragarh (472),GURDASPUR,32.0,75.48866,28329,1906.825151189479,1902.5264892578125,0.5911384936825902,0.2602279350263948,1.738715475100885,-0.5494824006152201,-0.1753817554714009,1117.527732532253,22.07571790967114,1.0,129.0,65,30,152,140.0,DHARIWAL
30671,Khakh (21),HOSHIARPUR,31.6756763,75.60489,30671,1901.3085159060336,1902.5230712890625,0.5681503587738833,0.2074322316903485,1.7742338092596743,-0.5282368077471374,-0.1384138356985312,807.1415717681423,22.37807779454919,1.0,0.1,26,22,297,189.0,TANDA
30853,Khanpur (28),HOSHIARPUR,31.6829662,75.87912,30853,1900.4789525914423,1902.522705078125,0.5978240258500875,0.2023875930280165,1.991555875329749,-0.545431103197058,-0.1407860529762582,959.276372473468,22.438470679153,1.0,92.8,12,11,115,103.0,BHUNGA
28317,Faizulla Chak (465),GURDASPUR,32.1261253,75.33752,28317,1903.0244806440703,1902.5137939453125,0.6163581460099721,0.2721803743959684,1.899846591838677,-0.5620793785289597,-0.1931359586413465,1117.527732532253,22.07571790967114,1.0,50.0,75,200,260,263.0,DHARIWAL
39126,Jhanjheri (50),S.A.S Nagar,30.55856,76.70803,39126,1903.0257572664227,1902.5123291015625,0.4630648163800166,0.0972030602980363,1.2129181604954502,-0.4753098979619441,-0.0266932046368227,893.1311163117783,22.78422345302016,1.0,502.0,6,67,930,508.0,KHARAR
31964,Wahidpur (126),HOSHIARPUR,31.5135136,75.7481461,31964,1899.850699476528,1902.5115966796875,0.4837032642601722,0.1393154075352358,1.2546628581061148,-0.4910880114378171,-0.0597960093667913,824.7937652280228,22.51144758387028,1.0,175.0,142,115,205,308.0,GARHSHANKAR
28875,Dargabad (410),GURDASPUR,32.0180168,75.03599,28875,1904.0890783146208,1902.511474609375,0.5629256532008023,0.2298617777498186,1.7412616134876913,-0.5225784083825001,-0.1512230896004128,1086.9612709929334,22.161997174451688,1.0,2.47,100,170,300,160.0,DERA BABA NANAK
32725,Jalbehra (154),FATEHGARH SAHIB,30.63063,76.38819,32725,1900.114701062643,1902.5072021484375,0.5105917994525121,0.2155117376411202,1.3234088352045523,-0.5117165706827108,-0.1160618069994544,892.7429677801014,22.883409798293783,1.0,533.0,58,65,212,322.0,SIRHIND
32400,Ramgarh (208),Shahid Bhagat Singh Nagar,31.1171169,76.35603,32400,1899.313753464679,1902.50634765625,0.5267454008156636,0.1605694063683347,1.518841648624942,-0.5095229964282398,-0.0898390281420705,844.7756114413636,22.646918597549643,1.0,79.0,30,30,70,100.0,BALACHAUR
28490,Abha (718),GURDASPUR,31.90991,75.43588,28490,1902.1739940985244,1902.506103515625,0.4688401874309414,0.2532900441017846,1.542962220546198,-0.4128529853479037,-0.1392409521961783,1187.6022311856646,22.08084163640433,0.9369990864867538,54.0,1,0,1,61.0,KAHNUWAN
31762,Moujo Mazara (8),HOSHIARPUR,31.353857,75.9905548,31762,1904.051212232579,1902.50341796875,0.3804301796669218,0.0182176915938851,0.937785787897734,-0.4181590304699867,0.044164672291099,828.8790526797669,22.39218518476929,1.0,180.0,23,45,140,212.0,MAHILPUR
28095,Kotla Chahlan (453),GURDASPUR,32.1261253,75.33752,28095,1904.3522697377016,1902.5030517578125,0.6381752951765195,0.2756917915373356,2.0435548562466246,-0.5746930345179219,-0.2004621836374761,1117.527732532253,22.07571790967114,1.0,118.0,135,130,277,134.0,DHARIWAL
31962,Jiwanpur Gujjran (122),HOSHIARPUR,31.2432442,76.078476,31962,1900.106709798706,1902.5028076171875,0.4442079073940409,0.1099232799451765,1.0943047560932304,-0.4701703464003887,-0.0291324532574888,828.4419384049435,22.418118056118377,1.0,20.24,30,13,72,109.0,GARHSHANKAR
32351,Sojowal (468),Shahid Bhagat Singh Nagar,31.1171169,76.35603,32351,1902.4687149173,1902.5020751953125,0.5240049988847469,0.125218416355104,1.5112775570860566,-0.5160340172242953,-0.062626486670808,855.2991542031663,22.66896286104054,1.0,104.0,40,58,158,119.0,BALACHAUR
28754,Bhullar (234),GURDASPUR,0.0,0.0,28754,1904.149626307252,1902.5018310546875,0.588904532224145,0.2510550871035624,1.843012485416445,-0.550486378508992,-0.1709486697102696,1108.1613841464418,22.105158846297684,1.0,256.0,245,241,461,288.0,BATALA
32687,Loha Kheri (250),FATEHGARH SAHIB,30.582901,76.57577,32687,1900.5184883956624,1902.5013427734375,0.3468297562553976,0.0994331103296355,0.8884794535410311,-0.3895370038000192,-0.0055921437141499,868.2293090035813,22.92007999424692,1.0,400.0,45,45,100,193.0,KHERA
32321,Jadla (146),Shahid Bhagat Singh Nagar,31.1432228,76.10119,32321,1902.8493419878,1902.5010986328125,0.4026194340507892,0.0712214362722841,1.0601280411642593,-0.4265173182047563,-0.0021965510717226,839.7951963355439,22.357494296089783,1.0,810.0,27,0,896,909.0,NAWANSHAHR
38911,Kakrali (231),RUPNAGAR,30.93925,76.41864,38911,1902.0998257115243,1902.50048828125,0.4383911169054267,0.1186389153686157,1.1161409799025137,-0.4603294671275806,-0.0345307123419494,962.4367746522324,22.798003492737337,1.0,142.1,150,150,309,382.0,MORINDA
37100,Panjgrianwala (65),AMRITSAR,31.8378372,74.76184,37100,1903.6235826573168,1902.49951171875,0.5578121267109989,0.1929296853031595,1.394978241285716,-0.539944519526219,-0.1115260627823659,1047.4052871772965,22.38311450282373,0.9810406763178712,403.0,63,63,97,435.0,AJNALA
28880,Chaine Wal (407),GURDASPUR,32.0360374,75.0294952,28880,1903.506412475909,1902.4964599609375,0.5252852188371184,0.194656818204859,1.590546348713399,-0.5048752753026887,-0.1164092345005221,1086.2000080754656,22.16199337264419,1.0,2.47,100,100,195,135.0,DERA BABA NANAK
32356,Dugri (452),Shahid Bhagat Singh Nagar,31.0450459,76.31918,32356,1902.16087411209,1902.495361328125,0.3765203536565347,0.1467462152787209,0.781025697771803,-0.3866998425832298,-0.0519310407301868,855.2991542031663,22.66896286104054,0.8202795033328211,112.0,15,0,45,134.0,BALACHAUR
28397,Raju Bela (590),GURDASPUR,32.0812149,75.46473,28397,1902.120319347574,1902.493896484375,0.5636505773942769,0.2243264041241184,1.7274904364218313,-0.5280254919319503,-0.1464346911017044,1149.1040381600756,22.05418457981392,1.0,296.0,207,207,400,275.0,KAHNUWAN
31430,Goraya (513),HOSHIARPUR,31.8777676,75.73786,31430,1893.8078077109487,1902.4927978515625,0.4501178401900837,0.0794403941563692,1.21934296419774,-0.4622958741416044,-0.0163404493505587,953.0768577258556,22.28793945804562,1.0,31.7,50,0,169,131.0,BHUNGA
39336,Haripur Hinduan (3),S.A.S Nagar,30.5765762,76.8478546,39336,1904.997670711414,1902.4912109375,0.365343337465675,0.0708319847094278,0.846700216607762,-0.4052548407943926,0.0082357691044942,878.3628436734574,22.225765400318323,0.9715912853676404,185.0,50,220,290,186.0,DERA BASSI
38770,Taprian Gharispur (78),RUPNAGAR,30.9189186,76.51241,38770,1901.4859826704967,1902.4910888671875,0.4492688858859157,0.117682692006127,1.111263180944993,-0.4816819774623985,-0.0331561536241263,831.6264393737214,22.690114987082723,0.8876051386289324,88.0,25,30,75,96.0,CHAMKAUR SAHIB
38749,Bhago Majra (210),RUPNAGAR,30.8288288,76.56642,38749,1901.124996041773,1902.4910888671875,0.4647117116477999,0.1373307401901411,1.2656527857800453,-0.4665040207154705,-0.0589940501658458,884.4000491311448,22.16996411897884,1.0,2.5,106,11,205,224.0,RUPNAGAR
36863,Jogi Majra (347),PATIALA,30.12714,76.37546,36863,1902.3805238263508,1902.4910888671875,0.3288062413954331,0.1260626289692273,0.966495380891958,-0.3796282531808447,-0.026900418762325,895.9456476380723,22.91402532560585,1.0,60.0,10,9,13,50.0,GHANAUR
28746,Bahadarpur (222),GURDASPUR,0.0,0.0,28746,1905.908696609965,1902.489013671875,0.4855394350577909,0.1486134759608431,1.5010732040535617,-0.4692095429229512,-0.0794983223570027,1108.2207015331708,22.104972395894883,1.0,101.0,113,127,212,114.0,BATALA
32315,Soheta (228),Shahid Bhagat Singh Nagar,31.1531525,76.30083,32315,1906.068874572432,1902.489013671875,0.4425140084374989,0.1184001911958559,1.1491231504041493,-0.4661004332188274,-0.0365748347432466,839.7951963355439,22.357494296089783,0.6945001082680494,201.0,17,0,200,228.0,NAWANSHAHR
28459,Beri (535),GURDASPUR,31.8378372,75.37691,28459,1906.635960871163,1902.487548828125,0.5468280146791127,0.1763854021846682,1.612280729946942,-0.5226462705016601,-0.1046299880757606,1031.3100907018083,22.178079881455176,1.0,476.0,156,145,360,554.0,KAHNUWAN
28100,Kaler Khurd (456),GURDASPUR,32.1261253,75.33752,28100,1902.887097144541,1902.48291015625,0.5553026175223273,0.210807143869203,1.6626601514160633,-0.5249771985239052,-0.1341053552869428,1117.527732532253,22.07571790967114,1.0,300.0,0,0,97,341.0,DHARIWAL
32323,Uttal (148),Shahid Bhagat Singh Nagar,31.1587925,76.05787,32323,1902.9862913262773,1902.479736328125,0.373366794545883,0.0335191542462974,0.9408093280348576,-0.4122791141312729,0.0306970340234962,839.7951963355439,22.357494296089783,1.0,119.0,15,0,199,142.0,NAWANSHAHR
38926,Tajpur (261),RUPNAGAR,30.753336,76.47238,38926,1898.992037399999,1902.4779052734375,0.4754977018357049,0.1606525344207153,1.271640422744725,-0.4823089584052117,-0.0737097830994336,957.590939893157,22.83447614343394,1.0,150.0,80,80,148,134.0,MORINDA
32976,Chandiala (291),FATEHGARH SAHIB,30.81081,76.36324,32976,1902.4106701553324,1902.4757080078125,0.5819783075974959,0.2457737144151058,1.5941657781765,-0.5480925006573463,-0.1615689113103031,905.756378453006,22.8861820471202,1.0,189.0,49,54,123,206.0,KHAMANO
38905,Mundian (278),RUPNAGAR,30.9400654,76.4133453,38905,1901.989533145519,1902.4752197265625,0.4489097880151621,0.1452638190664494,1.1465146379155855,-0.4679303225666363,-0.0555886388653505,962.4367746522324,22.798003492737337,0.8486989360327675,88.66,75,75,255,162.0,MORINDA
38923,Rampur Mehrab (264),RUPNAGAR,30.912756,76.4773254,38923,1900.8914235612056,1902.4747314453125,0.4142738225890459,0.1470760921259591,1.0356140375699834,-0.4522038737294015,-0.0482771680670127,962.4367746522324,22.798003492737337,1.0,50.0,15,15,21,138.0,MORINDA
38743,Santpur Alias Chupki (212),RUPNAGAR,30.8288288,76.56642,38743,1901.8745934093429,1902.47314453125,0.5078839335175283,0.1930291686336853,1.3244613295768637,-0.5063675474783047,-0.1004034277604912,884.4000491311448,22.16996411897884,1.0,2.0,25,2,36,58.0,RUPNAGAR
32941,Barwali Kalan (114),FATEHGARH SAHIB,30.7747746,76.39754,32941,1901.966473629876,1902.46923828125,0.489596607790369,0.1641386391465932,1.302277714808261,-0.4883965840558958,-0.0827858359857203,923.9367487838166,22.858995408648013,1.0,441.0,550,106,300,394.0,KHAMANO
36777,Chirwa (304),PATIALA,30.3063068,76.28033,36777,1904.7268202189744,1902.46875,0.4034943655927376,0.1261335860410333,1.1722208380723282,-0.4292991834805355,-0.0421717132470855,953.2359185626404,22.819398500379805,1.0,77.0,23,75,170,88.0,BHUNER HERI
28726,Kotla Sarf (291),GURDASPUR,0.0,0.0,28726,1903.268782755296,1902.4642333984375,0.5423129225337909,0.2235022331786388,1.5939826108057864,-0.523246123542973,-0.1392259674714018,1059.3151543836814,22.029195346554907,1.0,171.0,180,120,186,191.0,BATALA
32583,Ramgarh (187),FATEHGARH SAHIB,30.64865,76.42336,32583,1899.762754643975,1902.464111328125,0.4988305256324615,0.2141223615100509,1.221007191224559,-0.5169697190316219,-0.106265009935524,946.2463649918932,22.919862199345346,1.0,111.0,21,10,24,293.0,BASSI PATHANA
32548,Pamaur (214),FATEHGARH SAHIB,30.666666,76.4166641,32548,1902.414105682675,1902.4630126953125,0.4680132355651505,0.1442095347108903,1.1879554231008538,-0.4827763972421641,-0.0563232098278621,906.0919023144012,22.81732100614204,1.0,295.0,44,90,244,341.0,KHERA
38954,Fatehgarh (126),RUPNAGAR,30.8288288,76.56642,38954,1901.7131757351344,1902.462158203125,0.4705540103302253,0.1261261735615391,1.2451264397582191,-0.4756239569210585,-0.0493399315236437,884.4000491311448,22.16996411897884,1.0,2.47,8,11,155,112.0,RUPNAGAR
39105,Ghoga (371),S.A.S Nagar,30.81081,76.59401,39105,1901.270464662691,1902.4610595703125,0.4846622741892286,0.1455367558418096,1.2717846602052862,-0.4904723329753344,-0.0621002125068839,905.6018823037848,22.816069657394305,1.0,99.0,38,38,190,143.0,KHARAR
32981,Shatabgarh (67),LUDHIANA,30.9189186,76.19737,32981,1902.7100703939475,1902.4608154296875,0.4993424464516966,0.2177608651118836,1.1648799878252316,-0.5236743727629364,-0.1086860234322404,905.756378453006,22.8861820471202,1.0,173.0,10,98,291,186.0,MACHHIWARA
28079,Kotla Khurd (448),GURDASPUR,31.9819813,75.51632,28079,1904.599571333487,1902.456298828125,0.6309625203488113,0.2964939092253217,1.9736763897402472,-0.5755676483210506,-0.2139920934152307,1117.527732532253,22.07571790967114,1.0,30.0,40,35,52,40.0,DHARIWAL
39048,Shakrullapur (69),S.A.S Nagar,30.81081,76.61499,39048,1899.6439422195228,1902.4542236328125,0.4418703491147096,0.0969605430200776,1.180675227210428,-0.4660232537085307,-0.0230516855527146,896.1279557715251,22.59259910742776,1.0,165.0,54,54,370,221.0,KHARAR
32968,Badecha Chota (314),FATEHGARH SAHIB,30.8288288,76.29364,32968,1900.3859149910568,1902.4505615234375,0.6021145373698357,0.253016114334615,1.6634875833464784,-0.5646778859226388,-0.1712136022739446,956.793064158191,22.8899654269361,1.0,110.0,123,65,105,116.0,KHAMANO
32058,Barwa (142),Shahid Bhagat Singh Nagar,31.1894264,76.09247,32058,1901.7908432981349,1902.449951171875,0.531282410826395,0.2072905044096317,1.3618732604705124,-0.5339434964080572,-0.1155000998836424,839.7951963355439,22.357494296089783,1.0,2.47,42,28,265,319.0,NAWANSHAHR
38948,Paprali (117),RUPNAGAR,30.9369373,76.52683,38948,1901.3501198822544,1902.449951171875,0.4511404634369272,0.1159468230402596,1.135635671755546,-0.472361588165598,-0.0340146170494317,956.7818825474168,22.781367762938675,1.0,177.0,123,123,267,202.0,MORINDA
37463,Mago Soe (218),AMRITSAR,31.8558559,75.0097961,37463,1904.3363870823605,1902.441650390625,0.4801857448915575,0.150645947283436,1.3837620078690636,-0.4684339306880892,-0.0755168784809544,1047.5752594878572,22.056767351109784,1.0,77.0,80,80,159,91.0,MAJITHA
28768,Bijliwal (257),GURDASPUR,0.0,0.0,28768,1900.97350577808,1902.44140625,0.5841697682273662,0.2626623584439244,1.7760136499860344,-0.5441821562416139,-0.1779374281340804,1086.2000080754656,22.16199337264419,1.0,248.0,222,202,361,269.0,BATALA
28783,Dult (267),GURDASPUR,31.8918915,75.0179138,28783,1903.6176421514413,1902.44091796875,0.5675403834577059,0.2330280702696401,1.6539408650816898,-0.5328881485123557,-0.1505307660758462,1086.2000080754656,22.16199337264419,1.0,80.0,55,120,167,159.0,FATEHGARH CHURIAN
28762,Dharamkot Bagga (250),GURDASPUR,0.0,0.0,28762,1902.0719685689303,1902.4384765625,0.5939805503537593,0.2423332402012823,1.8441036690582384,-0.549697446895866,-0.166443621234731,1108.1613841464418,22.105158846297684,1.0,185.0,53,52,92,222.0,BATALA
28338,Thikriwala (516),GURDASPUR,31.90991,75.43588,28338,1903.205700716587,1902.4344482421875,0.6013907280743274,0.2816325134442165,1.84917040204499,-0.5514400066122713,-0.1951666377951448,1097.4179200097371,22.06155307166774,1.0,48.0,150,120,130,424.0,KAHNUWAN
32067,Langroya (137),Shahid Bhagat Singh Nagar,31.1531525,76.15345,32067,1904.280228508425,1902.4324951171875,0.4211740530542212,0.0888527350284833,1.1479505511962786,-0.4372339980583452,-0.0196819052340343,839.7951963355439,22.357494296089783,1.0,437.0,13,0,895,500.0,NAWANSHAHR
28027,Maur (140),GURDASPUR,31.8378372,75.14361,28027,1903.40834700194,1902.4293212890625,0.5764565021898516,0.2528691957431151,1.6659982022088946,-0.5386737734875836,-0.1660548442215036,1139.3258067777056,22.056743376335533,1.0,130.0,48,100,165,142.0,KALANAUR
32673,Kheri Bhai Ki (258),FATEHGARH SAHIB,0.0,0.0,32673,1902.3488756372776,1902.42919921875,0.4839555742773853,0.2134647350541529,1.257180081458298,-0.4916843388515177,-0.107893786147863,894.6060481479066,22.901650064587727,1.0,700.0,6,45,150,191.0,KHERA
32714,Jalbehri Gehlan (157),FATEHGARH SAHIB,30.63063,76.38819,32714,1901.0716404931904,1902.4276123046875,0.4646320915593254,0.1822557854291052,1.1540337829482303,-0.4924941982943757,-0.0788596192263337,892.3389011653055,22.879453832259244,1.0,247.0,40,55,162,308.0,SIRHIND
28861,Dalam (398),GURDASPUR,32.0360374,75.41209,28861,1903.5317533784817,1902.4263916015625,0.5968665527452519,0.2632018118051609,1.834048089599004,-0.5554057782387463,-0.1829606138037235,1092.8056458102417,22.144898437853257,1.0,165.0,178,175,315,137.0,BATALA
28780,Kashtiwal (264),GURDASPUR,31.8553028,74.95321,28780,1902.2493807980293,1902.42626953125,0.5681471358880897,0.2359111977922832,1.8204894785794905,-0.524887814834453,-0.1580328283359288,1075.638142602452,22.13321951328432,1.0,40.0,50,70,294,410.0,FATEHGARH CHURIAN
31753,Pandori Kad (282),HOSHIARPUR,31.3922234,75.81511,31753,1902.7685834877773,1902.4261474609375,0.4312855308468138,0.0694520714911605,1.154116304937497,-0.4492632204048976,-0.0045470455856497,828.8790526797669,22.39218518476929,1.0,70.9,17,100,272,191.0,HOSHIARPUR-II
38937,Chhoti Mandauli (249),RUPNAGAR,30.7747746,76.5023956,38937,1899.76064230619,1902.425048828125,0.4348901012673156,0.1302430291071969,1.1054533713904393,-0.4599375705071556,-0.0435343596996911,962.4367746522324,22.798003492737337,1.0,181.0,137,137,185,200.0,MORINDA
28328,Dhariwal Bhoja (475),GURDASPUR,32.1261253,75.33752,28328,1905.820314786844,1902.419921875,0.60868641517794,0.2820383059804676,1.7921280964027142,-0.5594767543416752,-0.1964321953187884,1117.527732532253,22.07571790967114,1.0,181.0,14,25,218,201.0,DHARIWAL
30786,Gorsian (490),HOSHIARPUR,31.81982,75.6378555,30786,1901.7004520664889,1902.4095458984375,0.5112091157935639,0.221379382039514,1.5498554303759111,-0.4884710918987438,-0.130997550524444,1073.0177256276506,22.24859892509784,1.0,48.0,0,16,412,229.0,DASUYA
30641,Kalianpur (1),HOSHIARPUR,31.6396389,75.59674,30641,1901.6966577599887,1902.408447265625,0.5536369104914179,0.209845221811591,1.6467446618128236,-0.5298536649619243,-0.1361553938056523,786.1698511054414,22.39146673789071,1.0,3.64,18,20,180,162.0,TANDA
32085,Alachaur (131),Shahid Bhagat Singh Nagar,31.1171169,76.10348,32085,1901.7609182468968,1902.4063720703125,0.4158840742981902,0.0771285359102002,1.0950530692717106,-0.4394003408129935,-0.0082039669767911,824.7034478233916,22.51672548274432,1.0,116.0,30,30,260,139.0,NAWANSHAHR
28058,Daduwala (428),GURDASPUR,31.8558559,75.13707,28058,1901.6948456054847,1902.4046630859375,0.5981218616366342,0.2666209961936563,1.866646040760048,-0.5474553790653292,-0.1846622814402301,1108.1613841464418,22.105158846297684,1.0,111.0,48,50,92,122.0,KALANAUR
32469,Rurki Kalan (186),Shahid Bhagat Singh Nagar,31.1791782,76.2293854,32469,1901.528534848455,1902.404296875,0.4379359022342841,0.0901585880103275,1.179939224794987,-0.4527021372294042,-0.02113727420705,828.9379867722886,22.1998544780825,1.0,118.0,130,70,145,133.0,SAROYA
38913,Khairpur (242),RUPNAGAR,30.9400253,76.41413,38913,1902.2901291977453,1902.4002685546875,0.4074871556446259,0.0987196290616711,1.0400632369804756,-0.4397319974812102,-0.0172333718171404,962.4367746522324,22.798003492737337,0.9682262078295792,51.33,45,45,128,143.0,MORINDA
32983,Chak Lohat (1),LUDHIANA,30.81081,76.34226,32983,1901.3729854880123,1902.3980712890625,0.5004525194672638,0.2006247321768234,1.2188943047410146,-0.5197449676066427,-0.1002251471128377,905.756378453006,22.8861820471202,1.0,197.0,45,55,205,208.0,MACHHIWARA
38864,Sandhuan (308),RUPNAGAR,30.9009018,76.41402,38864,1899.4647601782665,1902.39794921875,0.5465404704644096,0.207067037474111,1.4332743352627026,-0.5329701669112926,-0.1213923808791249,916.721189301242,22.821435243015912,1.0,270.0,57,7,312,270.0,CHAMKAUR SAHIB
30847,Rajpur (58),HOSHIARPUR,31.5180626,75.92132,30847,1900.9887803400336,1902.3944091796875,0.5586137391595192,0.1762992213473764,1.7307466419720168,-0.525939875997685,-0.1103869544077893,959.276372473468,22.438470679153,1.0,52.0,75,0,165,62.0,BHUNGA
28327,Mundi Karal (478),GURDASPUR,32.10811,75.34392,28327,1904.859208650228,1902.3905029296875,0.5797584870352521,0.251574897722109,1.6485728483382758,-0.542012750330003,-0.1653103889222034,1117.527732532253,22.07571790967114,1.0,60.0,22,0,32,76.0,DHARIWAL
28699,Longowal (201),GURDASPUR,31.81982,75.23496,28699,1905.115008026888,1902.3856201171875,0.5585286692643789,0.2348349691985077,1.966905348830436,-0.515655317948286,-0.1587719546175464,1065.495327776769,22.00749748595988,1.0,133.0,85,80,122,152.0,BATALA
28667,Sandalpur (134),GURDASPUR,31.81982,75.19255,28667,1902.263487172496,1902.3837890625,0.5681290256878476,0.2475360859552345,1.6759020791278338,-0.5378263505631895,-0.1604309280981841,1053.0052486654631,22.023385527850905,1.0,184.0,122,175,255,207.0,BATALA
32062,Sajawalpur (154),Shahid Bhagat Singh Nagar,31.0990982,76.06799,32062,1904.482863118564,1902.380615234375,0.4215976434555668,0.0970822460029096,1.1331492415508464,-0.4418122793302598,-0.0232130125485534,839.7951963355439,22.357494296089783,1.0,119.0,14,0,223,132.0,NAWANSHAHR
32316,Usmanpur (229),Shahid Bhagat Singh Nagar,31.1531525,76.1113358,32316,1905.523589812664,1902.379150390625,0.458275007609753,0.1414554158133655,1.219580726010306,-0.4708066439471496,-0.0579084334796926,839.7951963355439,22.357494296089783,0.9759274004882929,343.0,32,0,479,395.0,NAWANSHAHR
28760,Bhagowal (256),GURDASPUR,31.8378372,75.14361,28760,1901.3388314868864,1902.3768310546875,0.6118151498874309,0.2697106386475764,1.874962600329799,-0.5609545594270473,-0.1904209045254201,1106.6903725770687,22.10896572276669,1.0,225.0,55,50,70,747.0,BATALA
28804,Nanak Chak (309),GURDASPUR,31.8378372,75.01635,28804,1903.6601106372625,1902.37646484375,0.57998101746826,0.2392450407547425,1.702687596300278,-0.5423109078421774,-0.1583012420918267,1074.5290592242418,22.13019801966399,1.0,40.0,50,20,67,96.0,FATEHGARH CHURIAN
32705,Anaitpura (118),FATEHGARH SAHIB,30.5993366,76.48158,32705,1900.6568423965905,1902.376220703125,0.465406754362116,0.1799585202206989,1.1595567845653263,-0.486258999325343,-0.0800103083923887,888.7562545945542,22.84437835799872,1.0,200.0,80,20,130,178.0,KHERA
30785,Kaira (489),HOSHIARPUR,31.6756763,75.81661,30785,1901.260462257084,1902.3729248046875,0.4699401834142289,0.1892523219137022,1.3642158334786645,-0.4616009701725085,-0.1001001593553531,1073.0177256276506,22.24859892509784,1.0,112.0,22,0,106,125.0,DASUYA
28070,Gadarian (441),GURDASPUR,32.0,75.48866,28070,1903.936700515547,1902.369140625,0.5965081739086313,0.2553686734503599,1.87451329844282,-0.5534352948912505,-0.178096708551001,1108.1613841464418,22.105158846297684,1.0,219.0,42,30,302,245.0,DHARIWAL
32530,Garolian (241),FATEHGARH SAHIB,30.594595,76.48536,32530,1900.9199292221056,1902.3690185546875,0.3817865965112229,0.0822993186656906,0.9114527778159194,-0.4340910357333508,0.0058316200799799,868.2293090035813,22.92007999424692,1.0,1000.0,22,53,150,330.0,KHERA
30612,Sohalpur (23),JALANDHAR,31.5519257,75.6436,30612,1903.662709938004,1902.3634033203125,0.5875655085766083,0.2120075830696466,1.902166704333632,-0.5421669268770672,-0.1442838633003054,809.747228305568,22.345829776931225,1.0,74.0,50,50,90,86.0,BHOGPUR
32703,Dhirpur (121),FATEHGARH SAHIB,30.64865,76.40242,32703,1900.4178550853053,1902.360595703125,0.4840983157018624,0.185828637396954,1.2063869731334045,-0.5018398663476684,-0.0865898552415736,889.4238780818071,22.85091464618223,1.0,160.0,20,20,152,197.0,KHERA
30745,Chhurian (454),HOSHIARPUR,31.8738747,75.59733,30745,1901.504769033718,1902.3603515625,0.4126422979314993,0.1819992669152078,1.2350792888270203,-0.3780484098761668,-0.0859304610294619,1187.3050274558573,22.08127675711788,0.7504753990429993,70.0,0,0,2,128.0,DASUYA
39052,Rurkee Pukhta (74),S.A.S Nagar,30.666666,76.6051941,39052,1900.9737816234297,1902.3602294921875,0.4232346326615351,0.0794460868576753,1.11604156440949,-0.4499814545113497,-0.0077208111517436,899.1409334351914,22.399942850440937,1.0,222.0,55,66,355,266.0,KHARAR
36765,Akbarpur Urf Murad Majra (296),PATIALA,30.1621628,76.5228348,36765,1904.8884004631493,1902.359375,0.3575930813719536,0.1427782250791193,0.9230264262782008,-0.4062813028042326,-0.0356620026604371,940.6697752009004,22.849307950516145,1.0,525.0,15,46,138,229.0,BHUNER HERI
37105,Ramdas(Rural) (84),AMRITSAR,31.0990982,74.97379,37105,1901.024061456773,1902.359130859375,0.5361487635706479,0.2150920259537137,1.315987334026232,-0.5269095190835874,-0.1198202362587524,1068.358757108565,22.318728846422967,1.0,20.0,10,15,25,1711.0,AJNALA
28716,Basarpura (126),GURDASPUR,0.0,0.0,28716,1902.8644675958544,1902.35595703125,0.5509972882134814,0.2090452084687586,1.6990646331694683,-0.5181547812189423,-0.1337065955353631,1072.168001811733,21.9990094913166,1.0,122.0,164,174,276,250.0,BATALA
28982,Shampur (487),GURDASPUR,32.02945,75.0287,28982,1899.56653802002,1902.3509521484375,0.5634403025980306,0.2507038057339778,1.3344303617920357,-0.5492483209112703,-0.1483378487111126,1068.6945858409304,22.313068289678824,1.0,475.0,61,70,100,535.0,DERA BABA NANAK
28375,Saidowal Khurd (604),GURDASPUR,31.906683,75.43977,28375,1899.260253230001,1902.3504638671875,0.5726693973333933,0.2420187759710779,1.8767313128359189,-0.5261717415986363,-0.1613465500949963,1135.595315973987,22.065727221775774,1.0,144.0,118,200,217,162.0,KAHNUWAN
30608,Giganwal (24),JALANDHAR,31.5855846,75.63746,30608,1904.0897872027351,1902.3482666015625,0.5527197939591427,0.1788207633160613,1.6930257276684242,-0.5269105689541271,-0.1098662519375653,809.747228305568,22.345829776931225,1.0,101.61,56,80,137,120.0,BHOGPUR
28008,Wadala Bangar (117),GURDASPUR,32.0180168,75.14224,28008,1902.9087708543764,1902.3480224609375,0.5487462389052604,0.2238045316719995,1.6744300866146435,-0.516330077207451,-0.1431599523894331,1130.897045671006,22.087202168141,1.0,210.0,200,241,483,247.0,KALANAUR
28404,Chhichhra (579),GURDASPUR,31.90991,75.43588,28404,1902.500980240464,1902.34521484375,0.5561425346325122,0.2118130360583911,1.6701686522662262,-0.5257432341244288,-0.1324128710829197,1149.1040381600756,22.05418457981392,1.0,110.0,100,100,150,201.0,KAHNUWAN
30607,Bhundian (25),JALANDHAR,31.54955,75.65053,30607,1904.4224638614592,1902.344970703125,0.5179044190499903,0.1607154583844025,1.6216313305470529,-0.4965650707778869,-0.0931323667693704,794.2808961088195,22.36572998014933,1.0,2.47,25,25,70,168.0,BHOGPUR
32943,Bhuttan (322),FATEHGARH SAHIB,30.81081,76.30031,32943,1902.4114785841384,1902.3310546875,0.5237693960842653,0.1946190279947331,1.4760900249677318,-0.5137504868940229,-0.1117108920043824,923.9367487838166,22.858995408648013,1.0,121.0,80,53,134,140.0,KHAMANO
28732,Dhir (285),GURDASPUR,31.8558559,75.13707,28732,1903.919406809224,1902.3294677734375,0.5118311878433874,0.1802774415618915,1.5954616492540084,-0.4953561392944985,-0.1049996243632257,1071.5357605294691,22.000494356357468,0.9226347923336404,213.0,202,200,350,238.0,BATALA
28735,Tawandi Lal Singh (281),GURDASPUR,31.81982,75.19255,28735,1903.0117757163364,1902.327392578125,0.5456670477300858,0.219109686701269,1.7356343030689243,-0.5136593039583676,-0.142260302721432,1055.863659839493,22.03730143473903,1.0,171.0,39,35,50,447.0,BATALA
30737,Bhoja (476),HOSHIARPUR,31.8738747,75.59733,30737,1903.0088726338447,1902.32373046875,0.3678387558378591,0.2155155593430393,0.9289843483136404,-0.3247658750378134,-0.1020748328573857,1073.0177256276506,22.24859892509784,0.956257149515,54.0,0,2,2,56.0,DASUYA
32509,Bakapur (164),Shahid Bhagat Singh Nagar,31.1711712,76.23111,32509,1899.512544900152,1902.3232421875,0.4449567723954789,0.1015703516061295,1.2243278226785743,-0.4522139178500406,-0.0317828272616644,847.1362159282049,22.16887851827485,1.0,156.0,90,90,212,192.0,SAROYA
30741,Nai Chak (463),HOSHIARPUR,31.8738747,75.59733,30741,1901.9026985098392,1902.3231201171875,0.5119523659251386,0.2314722860237591,2.287155744681999,-0.4618099666205962,-0.1440685191764665,1073.0177256276506,22.24859892509784,1.0,23.0,0,0,2,48.0,DASUYA
31684,Ahar (127),HOSHIARPUR,31.5855846,75.89128,31684,1900.724974253188,1902.322509765625,0.4791905485838825,0.1071526995951455,1.418073860342066,-0.4711286598603513,-0.0462213471975433,846.6854783704179,22.501385909822545,1.0,41.7,5,0,75,114.0,HOSHIARPUR-I
32361,Buthgarh (445),Shahid Bhagat Singh Nagar,31.1351357,76.34948,32361,1900.6193837868768,1902.3203125,0.5211777296089968,0.1249113750475767,1.5785702813040674,-0.5046411542840621,-0.066460120842492,855.2991542031663,22.66896286104054,1.0,55.0,70,80,136,138.0,BALACHAUR
31768,Rahalli (49),HOSHIARPUR,31.3196678,75.94441,31768,1903.1289345095413,1902.3192138671875,0.5128628886323036,0.1529576240319492,1.3862554700193888,-0.5064200081143562,-0.0774128907770821,778.2103260148135,22.746000549029223,1.0,146.0,125,130,229,161.0,MAHILPUR
28387,Bhuchh (585),GURDASPUR,32.07792,75.46197,28387,1901.0723456013363,1902.31787109375,0.5704923627130151,0.2437693847984321,1.6940431059281342,-0.5336810607255271,-0.157281792590298,1149.1040381600756,22.05418457981392,1.0,119.0,90,90,100,158.0,KAHNUWAN
28851,Chatha (388),GURDASPUR,31.8386,74.94152,28851,1903.6464046622148,1902.313720703125,0.5676058341372427,0.2233012245906821,1.6202382219369136,-0.5324371541947691,-0.1417182699870924,1086.2000080754656,22.16199337264419,1.0,500.0,120,100,190,241.0,FATEHGARH CHURIAN
31687,Laman (162),HOSHIARPUR,31.54955,75.9888153,31687,1901.03752926492,1902.3104248046875,0.5447584418700414,0.173842504766768,1.661918969716676,-0.5236445739598624,-0.1041440309744918,762.588733713855,22.406507616634823,1.0,147.0,70,40,74,154.0,HOSHIARPUR-I
38848,Chaunta Khurd (68),RUPNAGAR,31.0990982,76.55196,38848,1901.1345384670376,1902.3065185546875,0.511035125549551,0.1344177862809149,1.3832389017715554,-0.5123796662913939,-0.0648050653742364,903.4168812444108,22.62808539330217,1.0,51.0,1,20,58,86.0,RUPNAGAR
39130,Tirpari (191),S.A.S Nagar,30.81081,76.61499,39130,1902.9031850940744,1902.3065185546875,0.3739324032501912,0.0632099161732669,0.9453108363700312,-0.419018208554724,0.0148796286773469,893.1311163117783,22.78422345302016,1.0,1.0,50,36,61,176.0,KHARAR
28000,Bhangwan (109),GURDASPUR,32.0852928,75.46561,28000,1901.549477862324,1902.3057861328125,0.5873996646000439,0.2455231904740281,1.793068720725657,-0.544163603281443,-0.1655128053713778,1139.0642171867291,22.0660085771836,1.0,198.0,200,200,275,258.0,KAHNUWAN
28055,Kala Goray (418),GURDASPUR,31.8378372,75.14361,28055,1900.661031382646,1902.3004150390625,0.5695071384611381,0.2502216334090961,1.6585622262900557,-0.5384982663814852,-0.1621158004233101,1127.9333101252566,22.074442182630992,1.0,98.0,89,35,70,113.0,KALANAUR
32626,Udalpur (187),FATEHGARH SAHIB,30.72072,76.3546753,32626,1903.0556034531137,1902.295654296875,0.583908355173933,0.2720043221598526,1.5790221476716946,-0.5624442208262381,-0.1761371016187,936.571517865886,22.854862821640893,1.0,54.25,19,31,111,146.0,BASSI PATHANA
28394,Kishanpur (591),GURDASPUR,31.90991,75.43588,28394,1901.7083126710768,1902.29443359375,0.4606186983908152,0.2167023928822131,1.4310623922815124,-0.4247031646994155,-0.1133162259770849,1149.1040381600756,22.05418457981392,1.0,200.0,60,110,139,190.0,KAHNUWAN
31771,Gopalian (45),HOSHIARPUR,31.3400955,75.9951248,31771,1902.2023563526188,1902.293212890625,0.5552666402944629,0.2012883654576951,1.685843973602039,-0.5326710918423135,-0.1256539822598602,866.3417540806637,22.187304846840192,1.0,54.0,32,30,77,66.0,MAHILPUR
32662,Bhaironpur (114),FATEHGARH SAHIB,30.63063,76.43007,32662,1900.198313643172,1902.291015625,0.5210117734381886,0.2245469936221415,1.3524147020320092,-0.5243807921049332,-0.1243296350677329,892.4275709620764,22.880321943336945,1.0,150.0,20,20,111,162.0,KHERA
38825,Fatehpur (132),RUPNAGAR,30.9369373,76.400795,38825,1898.8292664618973,1902.2890625,0.5781057923288216,0.2612170597901941,1.5338255255928508,-0.5618241907633053,-0.1663734116051328,916.721189301242,22.821435243015912,1.0,152.0,119,36,201,152.0,CHAMKAUR SAHIB
32624,Abdullapur (80),FATEHGARH SAHIB,30.67428,76.35363,32624,1902.082811374864,1902.2877197265625,0.5377423038930564,0.2153089457995282,1.4954983755494902,-0.5198847556011126,-0.1281592427978795,936.571517865886,22.854862821640893,1.0,82.0,53,50,136,122.0,BASSI PATHANA
39031,Andheri (104),S.A.S Nagar,30.8288288,76.67133,39031,1900.542782694064,1902.286865234375,0.4243649625816963,0.0814817365488726,1.0951023341843522,-0.4597069438197042,-0.0058920590417167,899.1409334351914,22.399942850440937,1.0,78.0,45,42,99,98.0,MAJRI
28433,Duluwana (487),GURDASPUR,32.1261253,75.33752,28433,1900.229856121192,1902.28662109375,0.6213337112612718,0.2856095795524046,1.8610095978735304,-0.5685093672860527,-0.2011001060291936,1131.6664013078112,22.04982144446689,1.0,120.0,62,80,166,174.0,DHARIWAL
30683,Mohkamgarh (17),HOSHIARPUR,31.6396389,75.6179047,30683,1900.688267974787,1902.2847900390625,0.5521909050302912,0.18529113506464,1.683548494435683,-0.5227394137384036,-0.1152865759334102,809.747228305568,22.345829776931225,1.0,7.29,35,32,121,222.0,TANDA
32064,Kishanpura ( Bhakrodi) (141),Shahid Bhagat Singh Nagar,31.2091961,76.07336,32064,1903.7565072649709,1902.2845458984375,0.4369620623382973,0.1021070493527363,1.1744244555860488,-0.4463319351789296,-0.0303082713049948,839.7951963355439,22.357494296089783,1.0,25.91,25,40,271,83.0,NAWANSHAHR
28099,Bidhipur (459),GURDASPUR,32.1261253,75.33752,28099,1902.3553350662464,1902.2845458984375,0.5590596749981145,0.2340110998852417,1.6294529069980872,-0.5278147216492456,-0.1489679617423947,1117.527732532253,22.07571790967114,1.0,134.0,40,50,216,156.0,DHARIWAL
38867,Bhurara (303),RUPNAGAR,30.9009018,76.41402,38867,1899.8075151204675,1902.27978515625,0.530542378825797,0.1848740848622539,1.4005242489453944,-0.5170413264379601,-0.1024267481359535,916.721189301242,22.821435243015912,1.0,314.0,74,98,246,346.0,CHAMKAUR SAHIB
38893,Amrali (290),RUPNAGAR,30.9394474,76.53307,38893,1902.138998722218,1902.2781982421875,0.5226338294991907,0.2104223325817161,1.3225712482343193,-0.5204071637671062,-0.1151704259539239,956.793064158191,22.8899654269361,1.0,166.0,150,200,367,446.0,MORINDA
31756,M ehtiana (271),HOSHIARPUR,31.4025345,75.80818,31756,1902.912178862404,1902.2772216796875,0.4534805256135237,0.0962484977230051,1.284760705823749,-0.4521091783345793,-0.0338060028336407,752.1953674962418,22.674895467667,1.0,121.8,110,82,332,325.0,HOSHIARPUR-II
32478,Gulpur (175),Shahid Bhagat Singh Nagar,31.1791782,76.22939,32478,1901.436875545049,1902.2763671875,0.4414456428294155,0.0897494807810005,1.2406179940089384,-0.4467722901251649,-0.0244149397063372,832.6972399024656,22.254436456612293,1.0,15.5,84,90,192,175.0,SAROYA
28414,Bhattian (559),GURDASPUR,31.90991,75.43588,28414,1903.457786309584,1902.2762451171875,0.5262367853633636,0.1569714358467576,1.558105229864438,-0.5082970428915868,-0.0887400690891238,1145.9913325791035,22.053405738285367,1.0,90.0,250,300,377,271.0,GURDASPUR
32551,Ghel (219),FATEHGARH SAHIB,30.599329,76.4816,32551,1902.152382608217,1902.276123046875,0.4922668099604105,0.1753762674700087,1.270214238551043,-0.4964991195686545,-0.0861279554272444,945.843791972046,22.91972022279285,1.0,356.0,80,80,226,381.0,KHERA
31680,Susana (124),HOSHIARPUR,31.54955,75.8831,31680,1901.305747471296,1902.2755126953125,0.5449843572524979,0.1790890372565732,1.670162517287738,-0.5139033426634728,-0.1102789971779858,775.8541667828839,22.389439263873733,1.0,77.73,30,30,124,212.0,HOSHIARPUR-I
31770,Kukkran (46),HOSHIARPUR,31.3538532,75.99063,31770,1902.292751875448,1902.275390625,0.5347429003733946,0.1506585066289364,1.5098167368199402,-0.5124222713624621,-0.0829164634782817,784.1026241914598,22.6928665027985,1.0,58.0,10,27,49,67.0,MAHILPUR
28088,Sukha Raju (422),GURDASPUR,0.0,0.0,28088,1900.8765453851545,1902.2750244140625,0.5947848293413105,0.261467438584333,1.7867054479709623,-0.548874765041511,-0.1795533643306136,1108.1613841464418,22.105158846297684,1.0,129.0,28,30,79,88.0,KALANAUR
31810,Sarhala Khurd (59),HOSHIARPUR,31.3458538,75.99372,31810,1901.0608547802403,1902.2718505859375,0.4447072407193594,0.0917394367544323,1.1483961403844516,-0.4641754440246512,-0.0197026882559119,790.2334722688096,22.580193486697112,1.0,94.0,60,60,260,140.0,MAHILPUR
28347,Talwandi (Bathungarh) (383),GURDASPUR,32.0360374,75.39083,28347,1900.8814223434488,1902.26953125,0.576836597903714,0.2478867078081284,1.705657647068293,-0.5380411480808354,-0.1644344620586072,1131.6664013078112,22.04982144446689,1.0,151.0,75,75,110,171.0,GURDASPUR
28396,Muglan (706),GURDASPUR,32.0812149,75.46473,28396,1902.5710785454376,1902.26806640625,0.536762379221425,0.2391376812949061,1.6353683136700925,-0.4804763750406249,-0.1483722004843063,1155.1923827814855,22.05840029318569,0.8209185255146866,13.0,3,3,3,64.0,KAHNUWAN
28744,Qila Darshan Singh (221),GURDASPUR,31.81982,75.19255,28744,1906.179445622765,1902.266845703125,0.5819029369422658,0.2114152861809596,1.8398925177658767,-0.5387524709817502,-0.142586690557688,1108.1613841464418,22.105158846297684,1.0,128.0,112,110,203,138.0,BATALA
30687,Sagran (15),HOSHIARPUR,31.6756763,75.62606,30687,1901.4019656151445,1902.2664794921875,0.5524336916828415,0.1742201340657883,1.7360081380632488,-0.5172487442613184,-0.1089473324472885,809.747228305568,22.345829776931225,1.0,1.43,0,1,1,97.0,TANDA
28711,Misharpura (129),GURDASPUR,0.0,0.0,28711,1902.7981791183104,1902.2664794921875,0.5153796918930099,0.1892376728019321,1.5122657047063266,-0.4986337073311504,-0.1103172603124867,1072.168001811733,21.9990094913166,1.0,206.0,96,90,130,238.0,BATALA
28068,Bhaika Pind (439),GURDASPUR,32.1261253,75.33752,28068,1901.9682978887524,1902.2587890625,0.5760982609657966,0.231088708413213,1.8493643436150755,-0.5333335588861838,-0.1552105262475174,1108.1613841464418,22.105158846297684,1.0,106.0,72,50,113,115.0,DHARIWAL
28700,Dhupsari (203),GURDASPUR,31.8558559,75.13707,28700,1904.663152025788,1902.2557373046875,0.5348983207395346,0.1948952014972854,1.7868682584168942,-0.5037684005275143,-0.1237325324903242,1072.168001811733,21.9990094913166,0.978342688807576,71.0,177,150,250,133.0,BATALA
28753,Kotla Shaian (233),GURDASPUR,31.81982,75.19255,28753,1905.9500837467388,1902.252685546875,0.5809671745730506,0.222853819662017,1.7921317224709248,-0.5447116302885426,-0.1496674318862346,1108.1613841464418,22.105158846297684,1.0,131.0,144,180,250,144.0,BATALA
31734,Tajowal (287),HOSHIARPUR,31.5333385,75.90261,31734,1901.4519696587736,1902.252685546875,0.3575089783132859,0.0073599937478167,0.8842507451428696,-0.39961464306912,0.0549073226928683,828.8790526797669,22.39218518476929,1.0,44.53,6,10,42,124.0,HOSHIARPUR-I
32632,Dera Mir Miran (76),FATEHGARH SAHIB,30.6195183,76.3487244,32632,1904.7516372387508,1902.25,0.5163004400793503,0.2076872752955441,1.3878291428744671,-0.5111517269465269,-0.1176094390243552,936.571517865886,22.854862821640893,1.0,76.9,38,48,166,214.0,BASSI PATHANA
32376,Mandher (435),Shahid Bhagat Singh Nagar,31.1171169,76.35603,32376,1901.20393148184,1902.2464599609375,0.4533101978097053,0.1331965266626902,1.1780309862006582,-0.4748076286171901,-0.0489093888412846,844.7769289210157,22.64692135734902,1.0,133.0,20,0,25,140.0,BALACHAUR
28467,Khushalpur (548),GURDASPUR,31.90991,75.4571152,28467,1906.8172730098709,1902.244384765625,0.5758822914188932,0.1972293806994436,1.7060623445461298,-0.5462283992963446,-0.124836404337755,1031.3100907018083,22.178079881455176,1.0,108.0,40,40,66,138.0,KAHNUWAN
28669,Sallo Chahal (208),GURDASPUR,31.8558559,75.13707,28669,1902.76775662389,1902.2435302734375,0.5205914766047635,0.2124517290345443,1.563179357323941,-0.4939223713844258,-0.1285186324526473,1062.1627890596058,22.011736651642234,1.0,125.0,122,100,150,129.0,BATALA
28326,Khan Piara (480),GURDASPUR,32.1261253,75.33752,28326,1904.7712042335008,1902.242431640625,0.6249147075305233,0.2956655388839009,1.8397743165381284,-0.5709058855812762,-0.2088083914247973,1117.527732532253,22.07571790967114,1.0,33.0,0,0,99,174.0,DHARIWAL
32975,Raipur Raian (290),FATEHGARH SAHIB,30.81081,76.32129,32975,1901.483129473684,1902.2418212890625,0.588631814396563,0.2598590999854705,1.558734911791993,-0.5629529119851915,-0.1702502234764021,905.756378453006,22.8861820471202,1.0,223.0,20,60,220,240.0,KHAMANO
28382,Chhawrian Bet (597),GURDASPUR,32.0847244,75.4667,28382,1900.477088776268,1902.236083984375,0.5695928322440746,0.2417168725374271,1.7377205341586075,-0.5303057789913201,-0.1574981600493285,1149.1040381600756,22.05418457981392,1.0,140.0,51,50,91,140.0,KAHNUWAN
28878,Kohali (405),GURDASPUR,32.0253448,75.0240555,28878,1903.854943163803,1902.234375,0.5964019373216964,0.2628829510955464,1.799772407659322,-0.5518155602005035,-0.1796459681177145,1086.2000080754656,22.16199337264419,1.0,2.47,45,0,66,105.0,DERA BABA NANAK
32569,Jodhpur (174),FATEHGARH SAHIB,30.666666,76.4166641,32569,1900.209310899216,1902.234375,0.5038873097771667,0.2276493021610103,1.224255735761057,-0.5192185593221388,-0.1179123586316044,936.59238684941,22.85500302756963,1.0,121.45,45,56,74,153.0,BASSI PATHANA
28403,Jhanda Labana (578),GURDASPUR,31.896244,75.52801,28403,1902.935718606276,1902.2320556640625,0.5533211502882392,0.2203859570058715,1.6660148908238928,-0.5210125253337298,-0.1404302473818031,1149.1040381600756,22.05418457981392,1.0,182.0,180,190,310,222.0,KAHNUWAN
32715,Jalbehri Dhumi (156),FATEHGARH SAHIB,30.63063,76.38819,32715,1900.3590454112395,1902.2291259765625,0.4601807844449168,0.1536029172861611,1.2278744969308273,-0.4667741914809998,-0.0692183800525245,892.4981532217906,22.88101297053826,1.0,440.0,23,18,32,77.0,SIRHIND
28713,Chuhewal (128),GURDASPUR,0.0,0.0,28713,1902.6615921621487,1902.22900390625,0.5555414517874885,0.2186151085876407,1.690648827953629,-0.5222531668393182,-0.1401210598452139,1072.168001811733,21.9990094913166,1.0,138.0,148,147,207,152.0,BATALA
38753,Kishanpur (243),RUPNAGAR,30.9400253,76.41413,38753,1901.113625329074,1902.2276611328125,0.4735090224612197,0.13176811140001,1.1923186798500762,-0.4899796837527583,-0.0486362878399952,884.4000491311448,22.16996411897884,1.0,24.29,2,2,2,138.0,MORINDA
28882,Shah Shamas (384),GURDASPUR,32.0360374,75.0294952,28882,1904.2742904073432,1902.226318359375,0.6068012619090786,0.2614418557648422,1.7402800608992617,-0.5644276972438366,-0.1789575968952337,1086.2000080754656,22.16199337264419,1.0,120.0,20,20,20,193.0,DERA BABA NANAK
28059,Malianwala (429),GURDASPUR,31.8558559,75.13707,28059,1902.085183260796,1902.2239990234375,0.5793013356183447,0.2489312073520295,1.7506441034775184,-0.5404775413968524,-0.1669267921927306,1108.1613841464418,22.105158846297684,1.0,119.0,40,50,160,138.0,KALANAUR
32061,Sanawa (144),Shahid Bhagat Singh Nagar,31.0990982,76.06799,32061,1904.4680064677327,1902.2227783203125,0.4021797849914683,0.0726171548187058,1.0615269989887512,-0.4223813517365874,-0.0041678096419271,839.7951963355439,22.357494296089783,1.0,130.0,35,30,320,155.0,NAWANSHAHR
28050,Sahari (412),GURDASPUR,31.9639645,75.3316,28050,1901.8502887541608,1902.2186279296875,0.6159416623964207,0.2725176339723686,1.922218412057588,-0.559408364318696,-0.1946054593440488,1113.9973204557812,22.082541550005395,1.0,207.0,120,170,436,240.0,DHARIWAL
38828,Kahanpur (127),RUPNAGAR,30.9369373,76.400795,38828,1901.3259507119672,1902.2154541015625,0.5281379905570683,0.1808246472412971,1.4231296946632477,-0.5183599473415215,-0.1002682366425498,905.756378453006,22.8861820471202,1.0,119.0,17,29,70,119.0,CHAMKAUR SAHIB
31563,Punga (258),HOSHIARPUR,31.36937,75.82165,31563,1899.912671023715,1902.2135009765625,0.3999167863562533,0.021234497669023,1.077249393773989,-0.428899566744315,0.0347635645323337,890.0315853764909,22.315053295634414,1.0,14.0,11,4,15,42.0,HOSHIARPUR-II
28339,Thakar Sandhu (511),GURDASPUR,31.8918915,75.52723,28339,1903.7900236792384,1902.21240234375,0.6253701106806485,0.2818068318405541,1.9354848072421225,-0.568978624717505,-0.201217565233197,1131.6664013078112,22.04982144446689,1.0,208.0,113,0,268,244.0,KAHNUWAN
38917,Kotla (237),RUPNAGAR,30.94196,76.4143143,38917,1902.3177155203573,1902.2115478515625,0.4342844263300326,0.1274409994496531,1.1245630698454392,-0.4502666642681922,-0.0421234994974046,962.4367746522324,22.798003492737337,1.0,36.43,34,34,34,99.0,MORINDA
28048,Kaler Kalan (408),GURDASPUR,32.1261253,75.33752,28048,1903.2827013902545,1902.211181640625,0.5842120561842825,0.2468880756891357,1.7783963436860215,-0.5392749081568268,-0.1685972580285603,1117.4531554794005,22.07509326246679,1.0,651.0,405,0,854,768.0,DHARIWAL
28030,Kotla (146),GURDASPUR,31.8738747,75.215416,28030,1903.1638500873216,1902.210205078125,0.577690229265184,0.2373900747717125,1.748609845921395,-0.5366888251276202,-0.1568812727019493,1139.3258067777056,22.056743376335533,1.0,102.0,20,0,20,106.0,KALANAUR
28719,Purian Kalan (123),GURDASPUR,0.0,0.0,28719,1902.5681551020948,1902.2093505859375,0.5280437169412561,0.2132840956133159,1.6351529179463975,-0.5029700227061847,-0.1312607669913947,1066.9843991438663,22.02367722086265,1.0,294.0,250,305,482,328.0,BATALA
38920,Bangian (239),RUPNAGAR,30.9340172,76.52524,38920,1902.305390757372,1902.208251953125,0.4491531877298174,0.146035059102082,1.1460524560198273,-0.4676988149547978,-0.0566191130114369,962.4367746522324,22.798003492737337,0.8561046439828999,25.0,32,33,65,68.0,MORINDA
39042,Machhipur (387),S.A.S Nagar,30.6126118,76.37398,39042,1899.622240533208,1902.2078857421875,0.4403030073931268,0.1393356560845969,1.131631075405446,-0.4673368054038967,-0.0495131541068592,962.4360276933396,22.79799879519394,1.0,120.0,25,23,125,127.0,KHARAR
28017,Lakhan Khurd (124),GURDASPUR,31.8558559,75.13707,28017,1903.5926476019515,1902.207763671875,0.6175833765387692,0.2827252844336688,1.811709303066409,-0.5683766196521856,-0.1967902722986454,1139.3258067777056,22.056743376335533,1.0,43.0,35,30,43,49.0,KALANAUR
32477,Chankoya (217),Shahid Bhagat Singh Nagar,31.15722,76.30162,32477,1902.1766697414007,1902.205078125,0.4723320147036262,0.1299758993768084,1.3327678685901785,-0.4747227380919611,-0.0563985457521181,829.9814500031935,22.215004904427733,1.0,221.0,50,120,216,254.0,SAROYA
28701,Nawan Pind Mehmuwal (202),GURDASPUR,31.81982,75.19255,28701,1903.995801639397,1902.2044677734375,0.4696968273076314,0.1403937028480956,1.5999152455532129,-0.452028625261449,-0.0761073129586059,1072.000437626548,21.999222641831714,0.9156361954164068,84.0,166,45,77,97.0,BATALA
30877,Sarian (55),HOSHIARPUR,31.5315323,75.889595,30877,1897.0455904033809,1902.2039794921875,0.5690387990683248,0.1604562550786229,1.6523026231183455,-0.5445017815337637,-0.0978457400550804,963.877720868158,22.40312240250599,1.0,390.26,41,45,85,242.0,HOSHIARPUR-I
39116,Madan Heri (364),S.A.S Nagar,30.81081,76.59401,39116,1900.774982814784,1902.2037353515625,0.4261528568464376,0.1004345017157842,1.133097814878309,-0.4489502115140293,-0.0230307808099921,893.1311163117783,22.78422345302016,1.0,147.0,70,70,165,149.0,KHARAR
38769,Taprian Boothgarh (80),RUPNAGAR,30.9189186,76.51241,38769,1901.926624206068,1902.19970703125,0.4971773450503833,0.1637819747090896,1.2235662287952946,-0.5199252449299998,-0.072026603562783,831.6264393737214,22.690114987082723,1.0,44.0,15,9,39,45.0,CHAMKAUR SAHIB
28409,Bhaini Mian Khan (566),GURDASPUR,31.90991,75.43588,28409,1904.0419838748887,1902.19775390625,0.5701257328675542,0.2152490210144717,1.7268727989869213,-0.5335688922889705,-0.139464617868581,1149.1040381600756,22.05418457981392,1.0,60.0,130,130,145,580.0,KAHNUWAN
28740,Qila Tek Singh (217),GURDASPUR,31.81982,75.19255,28740,1904.6071698391688,1902.1971435546875,0.4451193752087061,0.1046755951302188,1.5092296875227218,-0.4336705153374693,-0.0485573868647893,1072.168001811733,21.9990094913166,0.8701559924595895,99.0,88,116,200,130.0,BATALA
30280,Dhandaur (73),JALANDHAR,31.4234238,75.717514,30280,1904.890922104188,1902.19580078125,0.4290051721567703,0.0630652738631006,1.1445988000136569,-0.4573253127998091,0.0006853650455756,785.577917378177,22.57207088470267,1.0,300.0,20,20,250,471.0,ADAMPUR
31737,Harkhowal (264),HOSHIARPUR,31.36937,75.82165,31737,1900.3560052231053,1902.1925048828125,0.4475141488484114,0.0656756728048231,1.233443791596582,-0.4585708346257822,-0.0051440226190665,884.5468762523805,22.32197117715919,1.0,53.0,66,71,156,143.0,HOSHIARPUR-II
32347,Lalpur (474),Shahid Bhagat Singh Nagar,31.1171169,76.35603,32347,1902.8026053808828,1902.190673828125,0.5310889888543092,0.1450269765749009,1.5015255408832753,-0.519335428613561,-0.0763510696008172,855.2991542031663,22.66896286104054,1.0,64.0,40,40,92,71.0,BALACHAUR
38684,Gurdaspur (75),RUPNAGAR,30.9729729,76.51368,38684,1903.833032231204,1902.1884765625,0.4588608567588133,0.0834126426962204,1.1452821263990631,-0.4790685327522219,-0.0119517941335772,831.6264393737214,22.690114987082723,0.8723844238857604,25.0,25,20,90,119.0,RUPNAGAR
28323,Rai Chak (477),GURDASPUR,32.1261253,75.33752,28323,1904.632710665377,1902.1883544921875,0.583066953112655,0.2453163868845459,1.7305270381522226,-0.54037767773621,-0.1646304322348023,1117.527732532253,22.07571790967114,1.0,75.0,41,40,62,85.0,DHARIWAL
32507,Mehandpur (167),Shahid Bhagat Singh Nagar,31.1711712,76.23111,32507,1900.153421049415,1902.1806640625,0.5069504559051028,0.1386203938866613,1.438372431491697,-0.5005309758019926,-0.0697197558139622,839.7951963355439,22.357494296089783,1.0,27.6,305,170,430,314.0,SAROYA
37082,Kassowahala(76),AMRITSAR,31.8378372,74.76184,37082,1900.553443897428,1902.1795654296875,0.5248238301483737,0.2079746166530084,1.399716785284987,-0.5034060135088945,-0.1185740989821745,1068.723570247262,22.31304301792265,0.9797907747577712,85.0,1,1,1,489.0,AJNALA
28061,Shakri (432),GURDASPUR,32.0,75.50991,28061,1900.482873016764,1902.1787109375,0.5982607687335854,0.266983912057559,1.813364233463964,-0.5541148089617116,-0.1833855495619857,1108.1613841464418,22.105158846297684,1.0,89.0,25,105,145,102.0,DHARIWAL
38906,Dumna (295),RUPNAGAR,30.83028,76.4494247,38906,1902.166140073044,1902.175048828125,0.4454630557608054,0.1236257496688268,1.163131273410246,-0.4583382604584571,-0.0429569776713737,962.4367746522324,22.798003492737337,1.0,47.36,80,80,243,135.0,MORINDA
28089,Kunjar (423),GURDASPUR,32.1261253,75.33752,28089,1900.454975902831,1902.1739501953125,0.5852010518414786,0.2562454930579211,2.136332278487888,-0.5315388584304093,-0.1785156011590981,1108.1613841464418,22.105158846297684,1.0,103.0,70,65,132,119.0,DHARIWAL
32455,Mehindipur (192),Shahid Bhagat Singh Nagar,31.0630627,76.29157,32455,1903.4148941953904,1902.17333984375,0.5034140221316193,0.1131724001435172,1.4280535292218504,-0.499250150690314,-0.0500101361354743,828.9379867722886,22.1998544780825,0.5779596809246128,162.0,1,1,3,200.0,BALACHAUR
39089,Bahalpur (86),S.A.S Nagar,31.0990982,76.55196,39089,1900.0974778167256,1902.1715087890625,0.4323573100479401,0.0816363965188373,1.0393028277885787,-0.4664200105948776,-0.0035918018715336,814.0134456565278,22.43804828433952,0.984260630007186,74.0,15,30,45,120.0,MAJRI
37443,Hamja (314),AMRITSAR,31.7657661,74.95786,37443,1906.020374981436,1902.170166015625,0.4325817949852854,0.079850716255399,1.0751469339279769,-0.4469795381534054,-0.0065318810165703,1002.4769100358384,22.25821241457089,1.0,225.0,21,6,260,225.0,MAJITHA
31550,Patti (296),HOSHIARPUR,31.36937,75.82165,31550,1901.4812593848048,1902.169677734375,0.3880355626488112,0.0155835546301907,0.975216474464409,-0.4234012021296263,0.045312875753864,862.6667208405548,22.27651642786923,0.972417042965265,364.0,133,205,633,1181.0,HOSHIARPUR-II
32476,Kaulgarh (218),Shahid Bhagat Singh Nagar,31.1791019,76.2292557,32476,1901.5387831405828,1902.16748046875,0.4325102339252795,0.0877301291377532,1.206330964849499,-0.4430878760759197,-0.0212410722025927,828.9379867722886,22.1998544780825,1.0,137.0,159,121,266,163.0,SAROYA
28866,Fajlabad (403),GURDASPUR,31.8558559,75.13707,28866,1902.851673997993,1902.1619873046875,0.5843297661008146,0.2473031609653528,1.7807833429044977,-0.5420182455898254,-0.1659963284680338,1100.5481010845267,22.124863750137344,1.0,180.0,122,145,212,209.0,BATALA
28877,Dhesian (404),GURDASPUR,32.0180168,75.03599,28877,1903.333543659153,1902.1619873046875,0.5575486917310372,0.2231699416393824,1.6761745588368104,-0.5216648897502829,-0.1439817144705358,1086.2000080754656,22.16199337264419,1.0,2.47,80,55,165,144.0,DERA BABA NANAK
28398,Balwanda (580),GURDASPUR,31.90991,75.43588,28398,1902.291316748222,1902.16162109375,0.5701257607663226,0.2325405865839389,1.6735778370438663,-0.5386938071407723,-0.1473118250824009,1149.1040381600756,22.05418457981392,1.0,133.0,102,108,200,259.0,KAHNUWAN
32059,Daulatpur (143),Shahid Bhagat Singh Nagar,31.0657482,76.1795044,32059,1902.429477544032,1902.160400390625,0.4406677091539654,0.1014998070098804,1.1682071386930508,-0.4556652270766265,-0.0297976794597423,839.7951963355439,22.357494296089783,1.0,216.0,22,17,437,251.0,NAWANSHAHR
31670,Begumpur (99),HOSHIARPUR,31.5855846,75.89128,31670,1902.1520296205383,1902.159912109375,0.5566214021222365,0.1805120891102258,1.6545707769118403,-0.5280923260004031,-0.1101778050020774,809.747228305568,22.345829776931225,1.0,0.01802,0,5,127,161.0,HOSHIARPUR-I
28876,Bhagwanpur (409),GURDASPUR,32.0180168,75.03599,28876,1904.8619680719337,1902.1597900390625,0.5642633889636967,0.2306793917057373,1.7256573406224909,-0.5235287102287615,-0.1497288961009545,1099.3510663083273,22.16205905005735,1.0,2.47,20,0,36,236.0,DERA BABA NANAK
31996,Sadhowal (265),HOSHIARPUR,31.3846664,75.99182,31996,1899.595277627997,1902.15966796875,0.5126113456614368,0.1540485097974473,1.355172898927744,-0.5140560183437477,-0.0762285451726676,831.0258464183498,22.40540358951024,1.0,142.0,25,30,202,151.0,GARHSHANKAR
38775,Assarpur (83),RUPNAGAR,30.9189186,76.51241,38775,1899.799720082577,1902.157958984375,0.5471618521155754,0.1599626899289272,1.4814358006086603,-0.5440368142832194,-0.0864704254325916,916.1342782401292,22.819777001081416,1.0,198.0,40,40,62,96.0,CHAMKAUR SAHIB
39014,Neholka (128),S.A.S Nagar,30.81081,76.59401,39014,1902.002029849532,1902.15478515625,0.4365676593256106,0.0803110898377118,1.1052767438572115,-0.4625554632095523,-0.0069871268012478,899.1409334351914,22.399942850440937,1.0,85.0,31,31,232,140.0,MAJRI
31679,Kattowal (97),HOSHIARPUR,31.5855846,75.89128,31679,1901.605875832476,1902.1527099609375,0.5772187021122923,0.1914662175607507,1.8048056802633,-0.5378010726691991,-0.1266665960188507,809.747228305568,22.345829776931225,1.0,23.506,5,0,120,74.0,HOSHIARPUR-I
36772,Niamatpur (300),PATIALA,30.3423424,76.35014,36772,1903.2614112843448,1902.152587890625,0.4086502551831848,0.2223896066178338,0.9987316180572304,-0.4475781615712558,-0.0925933674530426,953.2359185626404,22.819398500379805,1.0,174.0,38,38,56,190.0,BHUNER HERI
32974,Shamshpur (289),FATEHGARH SAHIB,30.8288288,76.35659,32974,1900.782875800856,1902.152099609375,0.506893008061464,0.1922744930136924,1.2919789059657338,-0.5124525958994176,-0.1017826935633858,905.756378453006,22.8861820471202,1.0,170.0,110,70,236,198.0,KHAMANO
28399,Chak Sharif (581),GURDASPUR,32.0180168,75.4185,28399,1901.7134018449751,1902.151611328125,0.5234937398825652,0.2050883307791257,1.5443530935138894,-0.5030914183318904,-0.1223430300390647,1149.1040381600756,22.05418457981392,1.0,105.0,85,115,429,180.0,KAHNUWAN
39118,Cholta Kalan (189),S.A.S Nagar,30.738739,76.64147,39118,1902.0709336496564,1902.1488037109375,0.389805721743777,0.0722739113670813,0.9356877921433622,-0.4279948594466956,0.0043668952194664,893.1311163117783,22.78422345302016,1.0,65.0,50,55,230,180.0,KHARAR
28988,Mansoor (493),GURDASPUR,32.0180168,75.03599,28988,1899.862844356232,1902.14697265625,0.4151284555001769,0.167043713302703,1.1197031585959876,-0.4121669133987776,-0.0702609845806015,1068.6945858409304,22.313068289678824,0.8795541313367912,2.47,20,0,32,416.0,DERA BABA NANAK
37107,Mahammad Mundranwala (87),AMRITSAR,31.8378372,74.76184,37107,1900.1522992386288,1902.146484375,0.5691122710978291,0.2407695990354036,1.4165659599481326,-0.5477777468043071,-0.1464763078113186,1068.6945858409304,22.313068289678824,1.0,135.0,54,54,64,433.0,AJNALA
32938,Raya (321),FATEHGARH SAHIB,30.666666,76.2490845,32938,1902.17580669209,1902.1455078125,0.593684085193063,0.2592778950093892,1.626421738545238,-0.5604449522427336,-0.1723483459977344,923.9367487838166,22.858995408648013,0.9724676093900988,277.0,70,70,178,300.0,KHAMANO
30841,Korala Khurd (65),HOSHIARPUR,31.6756763,75.62606,30841,1901.10188014005,1902.14404296875,0.6124643162411724,0.212761766937599,2.040765479728832,-0.5520408102140276,-0.1520284385109569,938.8066100792056,22.43008916187666,1.0,0.1,10,30,45,135.0,TANDA
31772,Sarhala Kalan (57),HOSHIARPUR,31.3404465,75.9951248,31772,1901.4361353364063,1902.1424560546875,0.5393635167913747,0.1815083369545031,1.541309131894898,-0.5217999769639058,-0.1066250114590922,789.7253867477039,22.585057414992875,1.0,319.0,32,92,328,399.0,MAHILPUR
38903,Boothgarh (265),RUPNAGAR,30.912756,76.4773254,38903,1901.740884035377,1902.1416015625,0.4190237814837658,0.1516229736797693,1.079292539877823,-0.4478405237045804,-0.0559847827323031,962.4367746522324,22.798003492737337,1.0,28.0,30,20,37,79.0,MORINDA
32386,Aima (423),Shahid Bhagat Singh Nagar,31.1171169,76.35603,32386,1899.696436549799,1902.1414794921875,0.5031353752854427,0.1772555202468946,1.3205058566777317,-0.5041283108358863,-0.0881261907045186,844.7756114413636,22.646918597549643,1.0,104.0,15,15,35,113.0,BALACHAUR
28900,Rauwal (417),GURDASPUR,32.0180168,75.03599,28900,1906.626492189931,1902.141357421875,0.6051363846396669,0.2655264624510752,1.694151209792315,-0.5609105498073521,-0.1796161892275862,1098.2389133708778,22.16328750960122,1.0,2.47,120,180,230,320.0,DERA BABA NANAK
38826,Mahtot (131),RUPNAGAR,30.9009018,76.41402,38826,1899.7889667607792,1902.1351318359375,0.561317873020273,0.2485173331918891,1.4707828528087412,-0.5436286857443292,-0.155956623443192,911.7970253655452,22.85051224964592,1.0,378.0,121,62,210,378.0,CHAMKAUR SAHIB
28479,Gorsian (564),GURDASPUR,31.9066715,75.43981,28479,1904.996842124992,1902.134765625,0.5915401836599008,0.2297853541226862,1.7512700667826198,-0.5460320216507398,-0.1518641187749324,1149.1040381600756,22.05418457981392,1.0,100.0,60,60,92,144.0,KAHNUWAN
28696,Kotli Bhan Singh (223),GURDASPUR,31.6396389,74.85601,28696,1905.8242996792387,1902.1329345703125,0.573524368882336,0.2292567442568358,1.9195714931516528,-0.5294187550295423,-0.1576193601701944,1072.041628825613,22.0231662062114,1.0,127.0,111,150,200,141.0,BATALA
31469,Kotla Jhiri (361),HOSHIARPUR,31.5135136,75.9594955,31469,1896.42354860604,1902.132568359375,0.3797660057692711,0.0284972192843992,0.9882576479353992,-0.4122309374016141,0.0338653795299945,973.8319245609734,22.28324219111751,0.5583654048538695,91.0,0,0,1,98.0,HOSHIARPUR-I
32950,Ranwan (304),FATEHGARH SAHIB,30.8288288,76.35659,32950,1901.0701428883765,1902.13232421875,0.5538107247635509,0.2212376826811217,1.4874236702967576,-0.5341921694895727,-0.1359197416273481,956.793064158191,22.8899654269361,1.0,161.0,348,250,350,348.0,KHAMANO
32965,Mansoorpur (294),FATEHGARH SAHIB,30.8288288,76.35659,32965,1902.1821984802823,1902.1314697265625,0.5395356355359119,0.198870871394576,1.4885336601287769,-0.5163238597285591,-0.1186057310280987,923.9367487838166,22.858995408648013,1.0,101.0,227,129,227,287.0,KHAMANO
30784,Bhuchhan (488),HOSHIARPUR,31.8018017,75.6655045,30784,1900.7905380347725,1902.131103515625,0.5063866045774582,0.2026637798694937,1.522424550775553,-0.4883216465031598,-0.1177838039647118,1073.0177256276506,22.24859892509784,1.0,154.0,20,50,267,155.0,DASUYA
30679,Oharpur (40),HOSHIARPUR,31.54955,75.90424,30679,1900.986376496077,1902.12451171875,0.5728449739758447,0.190639987199533,1.8227494291340007,-0.5334031724431983,-0.1252453329085103,959.276372473468,22.438470679153,1.0,1.62,15,15,162,130.0,TANDA
28773,Saidpur (263),GURDASPUR,31.854311,74.95117,28773,1901.451416575217,1902.1231689453125,0.5605557727798803,0.2269018603729633,1.752488284574096,-0.5215109635599229,-0.1493218333175092,1086.1972632839943,22.16198589496552,1.0,220.0,116,120,240,229.0,FATEHGARH CHURIAN
38809,Panj Peda (117),RUPNAGAR,30.9009018,76.43501,38809,1899.3242534722988,1902.1231689453125,0.5325435685147618,0.202545922498281,1.338076687685094,-0.5501746506557503,-0.1082808200757469,855.2991542031663,22.66896286104054,1.0,54.0,5,2,20,58.0,CHAMKAUR SAHIB
30775,Daimpur (475),HOSHIARPUR,31.8738747,75.59733,30775,1902.555327733984,1902.1143798828125,0.4440801649237135,0.1820207920684959,0.9809256901712352,-0.4080310606840892,-0.095406827171975,1073.0177256276506,22.24859892509784,0.6889825843927516,19.0,0,0,1,74.0,DASUYA
38830,Kishanpura (129),RUPNAGAR,30.9369373,76.400795,38830,1901.6759740115049,1902.1138916015625,0.4990820166824412,0.1319762784669763,1.2862138331199215,-0.4974310530653439,-0.0595560788436884,905.756378453006,22.8861820471202,1.0,64.0,0,3,6,71.0,CHAMKAUR SAHIB
28745,Surjit Singhwala (220),GURDASPUR,0.0,0.0,28745,1904.636183587932,1902.1129150390625,0.5272130426653474,0.1720783173188231,1.7365589088251907,-0.4979784281151705,-0.1082933025916778,1106.4786040270387,22.10019610001784,1.0,32.0,77,80,95,51.0,BATALA
32679,Rampur (228),FATEHGARH SAHIB,30.6266842,76.54529,32679,1900.360680791905,1902.1107177734375,0.418577884387369,0.1458734931736016,1.051349214026485,-0.4505137558270365,-0.0460247594216922,884.5195079466779,22.90869772219982,1.0,159.0,105,105,205,205.0,KHERA
39122,Majat (60),S.A.S Nagar,30.6126118,76.37398,39122,1902.1157960517955,1902.102783203125,0.4435469469789387,0.0975238465179657,1.2065868315883257,-0.4682470110558251,-0.0203779984461541,893.1311163117783,22.78422345302016,1.0,255.0,80,90,250,254.0,KHARAR
28090,Bangowani (416),GURDASPUR,32.1261253,75.33752,28090,1900.9606778129848,1902.1002197265625,0.6011934372115337,0.2726065586577194,1.8322837499279048,-0.551582725593964,-0.190929721666454,1109.4352443057076,22.10317984161617,1.0,313.0,157,0,421,348.0,DHARIWAL
32063,Jaitpur (138),Shahid Bhagat Singh Nagar,31.2091961,76.07336,32063,1904.3506879547408,1902.098388671875,0.4466267926530485,0.1076089723114644,1.1653100226193616,-0.4587475267795083,-0.0318285738109374,839.7951963355439,22.357494296089783,1.0,46.0,0,0,1,51.0,NAWANSHAHR
32563,Nandpur (181),FATEHGARH SAHIB,30.666666,76.4166641,32563,1899.8847683929,1902.094970703125,0.4868295485884335,0.1873794774290874,1.1992606315704577,-0.5020303515594883,-0.0875669280789012,946.2463649918932,22.919862199345346,1.0,294.73,85,90,550,804.0,BASSI PATHANA
38706,Gandhon Khurd (187),RUPNAGAR,30.8288288,76.56642,38706,1900.6412010966608,1902.09423828125,0.5129195957315862,0.1513728609803642,1.2781997501373177,-0.489717991543985,-0.0879057047586593,903.4168812444108,22.62808539330217,1.0,2.47,10,5,46,59.0,RUPNAGAR
32317,Ramgarh (152),Shahid Bhagat Singh Nagar,31.1531525,76.1113358,32317,1904.7738959399744,1902.09375,0.4344271245193962,0.1044074628266903,1.1403327480908236,-0.45049139832502,-0.027799697130449,839.7951963355439,22.357494296089783,1.0,120.0,12,0,56,138.0,NAWANSHAHR
28710,Chahal Kalan (133),GURDASPUR,31.8378372,75.14361,28710,1902.062094922704,1902.0911865234375,0.5207375891928777,0.1893026174971327,1.5595264431180504,-0.4979967981343823,-0.111438516131738,1071.6411647948453,22.00151660343228,1.0,488.0,225,231,430,544.0,BATALA
31938,Aima Muglan (119),HOSHIARPUR,31.5135136,75.7481461,31938,1901.097913552603,1902.0848388671875,0.5056145862365916,0.1645542214130605,1.347414515572575,-0.503905882243562,-0.0835827122780016,824.7948527391569,22.51141976257593,1.0,40.42,25,17,132,69.0,GARHSHANKAR
32663,Balahra (117),FATEHGARH SAHIB,30.63063,76.4091339,32663,1900.626071985521,1902.082275390625,0.4581435854125978,0.2091413150750311,1.0791885642767869,-0.4908179260091452,-0.091971211901796,894.5777951929513,22.90137345739854,1.0,2.47,25,25,35,337.0,KHERA
32917,Baur (184),FATEHGARH SAHIB,30.8190556,76.351944,32917,1902.194872642498,1902.0767822265625,0.4973233053999974,0.1867647823543162,1.389554800312672,-0.4918437785923257,-0.1010407558060497,936.571517865886,22.854862821640893,1.0,141.0,70,74,155,198.0,KHAMANO
38787,Bhauwal (93),RUPNAGAR,31.7477474,75.76962,38787,1897.9048220586533,1902.075927734375,0.559522478650235,0.2193518258382132,1.519048281730324,-0.5542452797050873,-0.1308669269238913,844.7756114413636,22.646918597549643,1.0,24.0,3,0,38,30.0,CHAMKAUR SAHIB
31966,Golian (128),HOSHIARPUR,31.412899,75.98212,31966,1899.3834709280084,1902.07470703125,0.4404926432455019,0.0940425740931476,1.12455794859508,-0.4599130007085234,-0.0206786320054717,826.960615822821,22.45601404688831,1.0,115.0,35,17,205,131.0,GARHSHANKAR
31662,Machhariwal (116),HOSHIARPUR,31.5380878,75.89239,31662,1901.5372817644088,1902.072509765625,0.5229166886209979,0.1476506005303341,1.58504230734123,-0.5098528088965921,-0.0816987168244999,818.1809710216513,22.38134635934693,1.0,29.15,38,50,302,83.0,HOSHIARPUR-I
28086,Paniar (420),GURDASPUR,31.8558559,75.2219238,28086,1900.778194270036,1902.071533203125,0.6449299732194314,0.31773453379782,1.877774489150604,-0.5928035503655875,-0.2293641823559265,1108.1613841464418,22.105158846297684,1.0,35.0,10,18,22,39.0,KALANAUR
32065,Bhano Mazara (140),Shahid Bhagat Singh Nagar,31.1894264,76.09247,32065,1903.162182482256,1902.0697021484375,0.4692917281613745,0.1283588471171033,1.252244975032641,-0.4780983137908465,-0.0544347574314204,839.7951963355439,22.357494296089783,1.0,75.0,12,0,204,89.0,NAWANSHAHR
28057,Mustfapur (427),GURDASPUR,31.8378372,75.14361,28057,1901.3355385959408,1902.06884765625,0.5709728083435275,0.2506757054879125,1.7038033410826907,-0.5310378830288826,-0.164995227919703,1114.999624737026,22.094535301756768,1.0,279.0,122,176,326,315.0,KALANAUR
32314,Shahbazpur (227),Shahid Bhagat Singh Nagar,31.1531525,76.30083,32314,1906.474365137754,1902.0662841796875,0.5008953903866651,0.1729249416191778,1.3828459310520942,-0.5022146739512314,-0.0901950669199511,839.6083967589879,22.36105542209574,0.9872968431439112,72.87,16,47,205,243.0,NAWANSHAHR
28009,Shahpur (119),GURDASPUR,0.0,0.0,28009,1901.754171890807,1902.061767578125,0.5500379110664422,0.2221144546601169,1.6806628282222291,-0.5142002922708914,-0.1406181667760796,1130.003480168533,22.07122607121022,1.0,134.0,45,100,162,106.0,KALANAUR
31747,Hukran (278),HOSHIARPUR,31.3953114,75.82606,31747,1902.2138965436832,1902.060302734375,0.4314019163091516,0.0590110419170935,1.184876342252237,-0.4449588677213469,0.0034067293303723,828.8790526797669,22.39218518476929,1.0,64.7,44,45,208,172.0,HOSHIARPUR-II
39091,Shiamipur (83),S.A.S Nagar,31.0990982,76.55196,39091,1901.5237465751848,1902.0570068359375,0.4186858419361217,0.0527884408832325,1.0466160425044613,-0.4530191218123602,0.0162878212293985,814.0134456565278,22.43804828433952,1.0,1.0,0,0,15,95.0,MAJRI
28103,Lehal (386),GURDASPUR,32.1261253,75.33752,28103,1901.6647328839977,1902.0562744140625,0.5781520627254928,0.2348421016300733,1.6969099585455392,-0.5413693959010232,-0.1552774464425382,1117.527732532253,22.07571790967114,1.0,150.0,154,395,697,189.0,DHARIWAL
32554,Mehmadpur (170),FATEHGARH SAHIB,30.738739,76.36895,32554,1902.539471411264,1902.0562744140625,0.5040252731865026,0.174180566958456,1.329441766991634,-0.5027333783630511,-0.0876668141207942,937.3591308752192,22.916727913668545,1.0,40.0,150,28,400,213.0,BASSI PATHANA
31741,Ajram (240),HOSHIARPUR,31.5315323,75.80504,31741,1901.8040657799831,1902.0555419921875,0.5674441096509971,0.1720239546837785,1.7868530310936972,-0.5300178674901982,-0.1111111769341161,767.3436775346488,22.569320033138744,1.0,720.0,200,200,601,913.0,HOSHIARPUR-I
28862,Kotli Upplan (399),GURDASPUR,32.0360374,75.41209,28862,1903.7165534326464,1902.054443359375,0.5788399410097402,0.2402080816425048,1.744990899255452,-0.5376515783144821,-0.1585215425590104,1106.5404048045727,22.109353829016523,1.0,57.0,4,4,4,57.0,BATALA
30731,Lalewal (495),HOSHIARPUR,31.81982,75.6378555,30731,1904.022457292508,1902.0504150390625,0.5184193314965856,0.2029577006514968,1.5142573582750205,-0.5032051800483324,-0.115677158565136,1071.682955610493,22.25023659198127,1.0,52.0,25,25,129,229.0,DASUYA
39137,Patran (297),S.A.S Nagar,30.35963,76.3640442,39137,1903.7433296172417,1902.0491943359375,0.3785905272661439,0.0881610076458475,0.9330208245993836,-0.4234367722928462,-0.0004239309085418,868.2293090035813,22.92007999424692,1.0,235.0,50,45,105,170.0,KHARAR
38925,Doom Chheri (262),RUPNAGAR,30.9340172,76.52524,38925,1900.8823372306244,1902.0477294921875,0.4662001014540876,0.1769733747018722,1.2209680651279182,-0.4829623703192436,-0.081840545519998,961.3257126256487,22.816107456144284,1.0,170.0,120,110,270,515.0,MORINDA
30629,Sagranwali (12),JALANDHAR,31.5675678,75.6017,30629,1902.7512708768847,1902.0467529296875,0.6138552958411758,0.2333728336645216,1.9408514004500264,-0.5598072619087011,-0.1616711723714421,786.1698511054414,22.39146673789071,1.0,250.0,50,100,242,200.0,BHOGPUR
31537,Mughowal (303),HOSHIARPUR,31.5303,75.9034042,31537,1901.0934897604927,1902.0433349609375,0.3907716509506288,0.0281111643736544,0.9776790640987438,-0.4291615002301527,0.0369177180094639,903.97068290018,21.992633355513988,1.0,97.0,0,11,11,88.0,HOSHIARPUR-II
32571,Baher (178),FATEHGARH SAHIB,30.6846848,76.40997,32571,1899.900872214072,1902.0428466796875,0.4279547068150828,0.1660771236498748,1.0218415241286662,-0.4664602692014355,-0.0588618460842982,945.65354161534,22.915879381830948,1.0,239.0,250,301,503,259.0,BASSI PATHANA
28225,Bhattian (360),GURDASPUR,31.90991,75.43588,28225,1900.6025148667704,1902.0423583984375,0.6213725922284444,0.2697735930607062,1.870883330903388,-0.5683645497838521,-0.189570979617412,1135.595315973987,22.065727221775774,1.0,90.0,250,300,377,104.0,KAHNUWAN
28483,Bagrian (565),GURDASPUR,31.8962669,75.52801,28483,1904.473548168124,1902.042236328125,0.5858204940762665,0.2366772095062136,1.785169637111741,-0.5421410806984749,-0.1583779643740823,1127.868753508759,22.0765197850951,1.0,380.0,80,80,120,420.0,KAHNUWAN
39077,Alapur (92),S.A.S Nagar,30.6126118,76.37398,39077,1900.907502125228,1902.0413818359375,0.3689515396139617,0.0564276801085082,0.8702333006234044,-0.4298345945669372,0.0250403101257839,899.1409334351914,22.399942850440937,1.0,1.0,35,61,215,172.0,KHARAR
28731,Said Mubarak (297),GURDASPUR,31.8558559,75.13707,28731,1903.6828079956936,1902.041259765625,0.5163490499585739,0.1805571790478186,1.6728359022143695,-0.4911555447123347,-0.1108698939539774,1072.154556009165,21.99904106977092,1.0,43.0,55,55,90,140.0,BATALA
31738,Attowal (265),HOSHIARPUR,0.0,0.0,31738,1900.6427772683733,1902.039306640625,0.4526198337892264,0.0712148182939201,1.2739774294856554,-0.4615886954880333,-0.0123953346447922,890.0315853764909,22.315053295634414,1.0,20.64,153,148,310,179.0,HOSHIARPUR-II
36894,Nasirpur (340),PATIALA,30.3603611,76.4894943,36894,1903.4527863038013,1902.033935546875,0.3070884766333468,0.0981894684483815,0.7788812556543557,-0.3768111579929009,0.0020217137191613,894.5197709406921,22.902753947431915,1.0,81.0,12,15,50,92.0,GHANAUR
38932,Shahpur (259),RUPNAGAR,31.0090084,76.56361,38932,1898.6751813002168,1902.03173828125,0.445154789850764,0.1202244798036474,1.1500081020819275,-0.4567206731175672,-0.0384835329045007,962.4367746522324,22.798003492737337,1.0,18.0,2,1,50,125.0,RUPNAGAR
32394,Nangal (414),Shahid Bhagat Singh Nagar,31.0630627,76.31261,32394,1900.11640403284,1902.0267333984375,0.5367080653637069,0.1304171688304649,1.5541255307073545,-0.5197856937336423,-0.0714573797039967,844.7756114413636,22.646918597549643,1.0,74.0,40,40,102,180.0,BALACHAUR
39114,Nabipur (366),S.A.S Nagar,30.6126118,76.37398,39114,1900.157416072305,1902.0255126953125,0.4477537657808441,0.1241272834012272,1.473455040742666,-0.4422052791535762,-0.0539803248949865,893.1311163117783,22.78422345302016,1.0,1.0,60,65,105,130.0,KHARAR
28084,Malogil (426),GURDASPUR,32.1261253,75.33752,28084,1900.495022442968,1902.0255126953125,0.6134794170352399,0.2716120926984987,1.847485939826912,-0.5593146190323045,-0.1884343014404389,1108.1613841464418,22.105158846297684,1.0,91.0,45,40,85,101.0,DHARIWAL
28415,Jagowal Bangar (560),GURDASPUR,32.0803452,75.4648743,28415,1902.8722477922183,1902.0252685546875,0.5431884458649155,0.1762716574577173,1.627108584228622,-0.5261229082207063,-0.1039578267853455,1148.600838613439,22.05405867240219,1.0,46.0,205,210,305,263.0,KAHNUWAN
28053,Bhoj Raj (414),GURDASPUR,32.0,75.48866,28053,1902.0367878209752,1902.025146484375,0.5927585100347215,0.2537501090119622,1.7698822803904302,-0.5503030236706089,-0.171378768784567,1139.3258067777056,22.056743376335533,1.0,401.0,18,52,305,428.0,DHARIWAL
28727,Hasanpur Kalan (289),GURDASPUR,0.0,0.0,28727,1902.93416288148,1902.0250244140625,0.5459712877695866,0.2165261991047629,1.665613452834392,-0.518849046624886,-0.1360198850696455,1072.168001811733,21.9990094913166,1.0,199.0,225,200,302,226.0,BATALA
30772,Hamza (120),HOSHIARPUR,31.81982,75.6378555,30772,1901.114336343312,1902.0244140625,0.5869876428397837,0.2366483624307772,1.8199806327863048,-0.5403272820771319,-0.1593108396463687,1073.0177256276506,22.24859892509784,1.0,48.0,3,50,97,121.0,DASUYA
32475,Bachhauri (221),Shahid Bhagat Singh Nagar,31.2252254,76.2536,32475,1900.4973099936765,1902.024169921875,0.4908891345740584,0.109649751561664,1.341355918983682,-0.489656837159137,-0.0433511234976293,828.9379867722886,22.1998544780825,1.0,242.0,305,231,397,273.0,SAROYA
32692,Salempur (255),FATEHGARH SAHIB,30.5737934,76.53985,32692,1900.376961922547,1902.0172119140625,0.4032517417050419,0.1414639635301587,1.0635972862180556,-0.4272132396134034,-0.0461417681258248,890.4885060646378,22.904527069608854,1.0,510.0,150,75,125,246.0,KHERA
32480,Rurki Mughlan (177),Shahid Bhagat Singh Nagar,31.1571636,76.30146,32480,1901.562485537468,1902.01708984375,0.4715627108742393,0.1188981545114914,1.2617460120191828,-0.472856394857544,-0.0481264284049227,839.7951963355439,22.357494296089783,1.0,250.0,40,45,191,247.0,SAROYA
38866,Saidpur (304),RUPNAGAR,30.9009018,76.41402,38866,1899.856884842589,1902.0164794921875,0.5624821560017909,0.2165777438605768,1.5098761308624693,-0.5378821808203926,-0.1329501693149127,916.721189301242,22.821435243015912,1.0,139.0,141,70,74,152.0,CHAMKAUR SAHIB
39136,Soey Majra (298),S.A.S Nagar,30.35963,76.3640442,39136,1904.1729565978344,1902.0159912109375,0.430730974291272,0.1202405534727798,1.1021295688805246,-0.4608294521959248,-0.0343541308106651,868.2293090035813,22.92007999424692,1.0,180.0,47,47,64,145.0,KHARAR
28781,Gujjarpura (265),GURDASPUR,31.8918915,75.0179138,28781,1902.6758012942323,1902.0140380859375,0.5729210406930122,0.2224877671262923,1.6596887062008705,-0.5409807265401965,-0.1435471104186916,1081.4821518055562,22.149140441205844,1.0,50.0,46,55,285,359.0,FATEHGARH CHURIAN
32353,Saidgama (469),Shahid Bhagat Singh Nagar,31.0630627,76.29157,32353,1903.1178671812927,1902.0118408203125,0.4096640832312817,0.1270048265422212,0.93651168225571,-0.4434977554083891,-0.0327519195977881,855.2991542031663,22.66896286104054,0.9860756069045594,38.0,10,10,20,43.0,BALACHAUR
38702,Simbal Jhalian (182),RUPNAGAR,30.9549541,76.52025,38702,1901.3549331644367,1902.0091552734375,0.5540821333335774,0.1635369531501467,1.580480734227809,-0.5168889091848914,-0.1018950095358118,892.8505538643453,22.37353935032908,1.0,70.0,35,1,130,158.0,RUPNAGAR
32405,Chahal (202),Shahid Bhagat Singh Nagar,31.1171169,76.35603,32405,1899.464511991696,1902.008056640625,0.5020299901341915,0.0798952649230503,1.4359222979361757,-0.4939493018901716,-0.0278396510251852,844.7756114413636,22.646918597549643,1.0,154.0,40,40,125,155.0,BALACHAUR
30777,Safdarpur (478),HOSHIARPUR,31.6756763,75.81661,30777,1901.4566368852888,1902.0072021484375,0.5477764551135194,0.2313281211473197,1.6130906360310782,-0.5219312263212342,-0.143597969542009,1073.0177256276506,22.24859892509784,1.0,25.0,25,15,396,340.0,DASUYA
27996,Pindi Saidan (105),GURDASPUR,0.0,0.0,27996,1902.4517140090663,1902.0029296875,0.6049717222623813,0.264425686519978,1.915609816590249,-0.549881199129185,-0.1856753782301335,1139.3258067777056,22.056743376335533,1.0,82.0,20,40,42,91.0,KALANAUR
31975,Derron (140),HOSHIARPUR,31.2432442,76.09955,31975,1899.2698201396288,1901.9989013671875,0.4688606050202964,0.1444425407658611,1.2215727055268035,-0.4797700535466525,-0.0614512853244248,824.7937652280228,22.51144758387028,1.0,141.0,31,24,94,153.0,GARHSHANKAR
32511,Dial (240),Shahid Bhagat Singh Nagar,31.15724,76.3013153,32511,1899.559409977325,1901.996826171875,0.4815537565308644,0.1305260721803336,1.3216258791975497,-0.4809949726293054,-0.0578071409951255,851.3605253633928,22.052591967770912,1.0,99.0,125,150,300,323.0,SAROYA
28759,Nawan Pind Milkhiwala (252),GURDASPUR,0.0,0.0,28759,1901.67512886764,1901.9957275390625,0.6123528711884694,0.2742114885307714,2.041848597780431,-0.557815755389016,-0.1973201739993788,1108.1613841464418,22.105158846297684,1.0,67.0,101,70,141,76.0,BATALA
28705,Shahbad (204),GURDASPUR,31.9109459,75.2305,28705,1903.231080510046,1901.994873046875,0.504869147740437,0.1831248092096216,1.559689750213234,-0.4917508266383746,-0.1053086626422875,1072.168001811733,21.9990094913166,1.0,193.0,221,205,328,214.0,BATALA
31750,Mona Kalan (275),HOSHIARPUR,31.3923321,75.81485,31750,1902.535188634021,1901.9930419921875,0.4306626359788728,0.0531680271861157,1.1804311588097502,-0.4408778135074761,0.0068725009765301,828.4337278013352,22.393826967139443,0.96017650522503,555.0,230,45,369,595.0,HOSHIARPUR-II
38849,Bhaini (57),RUPNAGAR,31.0990982,76.55196,38849,1900.6252694092043,1901.992431640625,0.553201739714705,0.1878676253545316,1.5069003048053615,-0.5470206894598689,-0.1081422867721668,903.4168812444108,22.62808539330217,1.0,118.0,1,50,142,143.0,RUPNAGAR
31624,Galind (221),HOSHIARPUR,31.6084175,75.86644,31624,1898.978865247108,1901.9908447265625,0.5198757439611181,0.1114134061525746,1.4907787321542896,-0.5042234741859695,-0.0536848309641313,909.445512794592,22.38096189421045,0.9888251373096206,12.14,40,45,165,85.0,HOSHIARPUR-I
28334,Kohar (512),GURDASPUR,32.05338,75.39881,28334,1904.375064070616,1901.989501953125,0.6073369477094115,0.2740395186924942,1.836786807694066,-0.5572012461815553,-0.1916601909950707,1130.5735328882351,22.05182314840744,1.0,105.0,122,135,164,114.0,KAHNUWAN
32918,Kotla Masud (183),FATEHGARH SAHIB,30.666666,76.2490845,32918,1900.7930374403704,1901.9884033203125,0.5293907250577082,0.2037959367345664,1.463615534488821,-0.5131792901637603,-0.117589275092687,936.571517865886,22.854862821640893,1.0,81.0,36,30,47,168.0,KHAMANO
38915,Nathwalpur (233),RUPNAGAR,30.9417686,76.4142,38915,1902.334813335003,1901.9866943359375,0.4035573716341142,0.0880229942777157,1.0246332057117968,-0.4354192088371189,-0.0097179534722853,962.4367746522324,22.798003492737337,0.775216444547543,53.03,80,80,249,161.0,MORINDA
28013,Qazipur (144),GURDASPUR,0.0,0.0,28013,1902.277334904062,1901.986083984375,0.5787509442573873,0.2281697248182539,1.7751746948120155,-0.5343949365760569,-0.151246900819036,1139.3258067777056,22.056743376335533,1.0,100.0,25,40,65,111.0,KALANAUR
32678,Nandiali (227),FATEHGARH SAHIB,30.5765762,76.57578,32678,1901.262321413896,1901.9847412109375,0.4729619483349852,0.1727132267799627,1.1701997675687743,-0.4951887461614672,-0.0726195097521429,892.3851036713279,22.9032018807636,1.0,103.0,90,90,95,203.0,KHERA
32589,Shahidgarh (107),FATEHGARH SAHIB,30.4684677,76.40703,32589,1900.8345424877537,1901.98388671875,0.506901278271963,0.2045504456437407,1.3692695364820076,-0.5054813598892065,-0.111538580358886,936.571517865886,22.854862821640893,1.0,64.78,80,80,226,182.0,BASSI PATHANA
32547,Sampli (215),FATEHGARH SAHIB,30.5765762,76.513,32547,1902.547869342682,1901.9774169921875,0.4600123479899782,0.1267586686134888,1.2189309812180087,-0.4763967789287077,-0.0453054133057542,916.8041442594838,22.844676522756423,1.0,239.0,280,140,281,239.0,KHERA
38898,Sarhana (279),RUPNAGAR,30.9541,76.5257,38898,1901.9594605634625,1901.975830078125,0.4851350864131198,0.149856807986383,1.2504472061307386,-0.4937409146313622,-0.0665861061830416,962.4367746522324,22.798003492737337,1.0,277.0,145,50,180,330.0,MORINDA
28668,Khojewal (207),GURDASPUR,31.8558559,75.13707,28668,1902.7003790527829,1901.9730224609375,0.5100009972699535,0.1937055991312809,1.510236218789424,-0.4920017404194725,-0.1110294668562329,1060.6577882998886,22.013651092287905,1.0,138.0,133,100,150,147.0,BATALA
32385,Atari (432),Shahid Bhagat Singh Nagar,31.0630627,76.29157,32385,1898.925902649588,1901.9658203125,0.5347996093136056,0.1870266422798993,1.4899429528184691,-0.5267080915387182,-0.1043153159418471,844.7756114413636,22.646918597549643,1.0,30.0,0,0,3,45.0,BALACHAUR
28010,Amargarh (118),GURDASPUR,31.81982,75.19255,28010,1901.2087044257528,1901.964599609375,0.5534465359051062,0.2367001079553325,1.7199814571288006,-0.5103286834398677,-0.1519419460812389,1139.3258067777056,22.056743376335533,1.0,144.0,56,40,56,108.0,KALANAUR
30610,Moga (19),JALANDHAR,31.5135136,75.6636047,30610,1904.0425669331337,1901.9638671875,0.5260453626688164,0.1433967924703638,1.6467163095167543,-0.5063865838365629,-0.0809715969028659,809.3868252572656,22.34652738208464,0.9643271786772436,120.3,7,0,187,170.0,BHOGPUR
28799,Sundal (303),GURDASPUR,31.8378372,75.01635,28799,1903.4919331435924,1901.963623046875,0.4494313114740644,0.1141008024867732,1.1802579603532006,-0.4586039868390535,-0.0384062473942358,1047.5752594878572,22.056767351109784,1.0,40.0,50,50,107,73.0,FATEHGARH CHURIAN
27999,Hakimpur (108),GURDASPUR,31.8738747,75.215416,27999,1901.379637527752,1901.9593505859375,0.587241814348423,0.2442524059109598,1.829702770009089,-0.538476220570386,-0.1661572084313974,1139.3258067777056,22.056743376335533,1.0,150.0,70,50,200,298.0,DORANGLA
38930,Rambagh (257),RUPNAGAR,30.9369373,76.52683,38930,1899.7997033779573,1901.9530029296875,0.4207441582066836,0.1052409646592379,1.0134693460330717,-0.4558768442831024,-0.0187943957787067,962.4367746522324,22.798003492737337,1.0,35.0,15,4,10,56.0,MORINDA
28066,Waraich (437),GURDASPUR,32.0,75.50991,28066,1901.2827525652613,1901.9525146484375,0.5925832964886085,0.2664459756532661,1.7570960710916177,-0.5454152024679685,-0.1845450085122805,1108.1613841464418,22.105158846297684,1.0,30.0,50,0,95,223.0,KAHNUWAN
30674,Raipur (3),HOSHIARPUR,31.6140633,75.65601,30674,1900.412721751901,1901.9522705078125,0.611154188853237,0.2575689185352542,1.87546695154704,-0.5623120939765233,-0.1826643841626301,786.1698511054414,22.39146673789071,1.0,2.02,32,34,67,119.0,TANDA
32630,Ferozepur (78),FATEHGARH SAHIB,30.66604,76.39111,32630,1903.2330856477352,1901.951171875,0.4900165365192439,0.1883822432156232,1.3432929105867957,-0.4901489131493301,-0.0977677444571425,936.5621081998576,22.85484742002556,1.0,404.85,55,60,263,393.0,BASSI PATHANA
28714,Pulke (131),GURDASPUR,0.0,0.0,28714,1902.4922167009568,1901.947265625,0.53186833308982,0.2099746415032528,1.6172684268721909,-0.5049486091701582,-0.1290577044671881,1071.9264121448446,22.000159168277584,1.0,132.0,95,110,165,147.0,BATALA
28736,Rikhia (280),GURDASPUR,31.9459457,75.31682,28736,1902.8379729777896,1901.945556640625,0.5617297795608874,0.2424299761277829,1.7215688143265235,-0.5303774987126342,-0.1584341285153223,1070.0715027802544,22.00393327311896,1.0,104.0,85,82,152,113.0,BATALA
32665,Pir Jain (169),FATEHGARH SAHIB,30.64865,76.40242,32665,1901.8397328158933,1901.9375,0.4940491388230426,0.1749412883648787,1.2829772925952427,-0.5019024536436374,-0.0847683906094126,894.9240079580985,22.90176220036141,1.0,520.0,12,30,100,196.0,KHERA
28765,Othian (246),GURDASPUR,31.8378372,75.14361,28765,1902.3581916933365,1901.9366455078125,0.5413271490904442,0.2022890003934708,1.6593745783081106,-0.5097883205654703,-0.1324678760569657,1108.1613841464418,22.105158846297684,1.0,69.0,46,47,57,75.0,BATALA
39017,Mundhon Mastana (134),S.A.S Nagar,30.9549541,76.54126,39017,1900.6093261401625,1901.9364013671875,0.4476978612764167,0.0957436586817746,1.3240420595710929,-0.4555126298803328,-0.029045699463938,894.1027192092633,22.321339552793923,1.0,65.0,52,25,38,75.0,MAJRI
39063,Singhpur (101),S.A.S Nagar,30.8288288,76.5874,39063,1902.270738798362,1901.935791015625,0.4464606487792821,0.09523327170157,1.1529599437458558,-0.4655450707626035,-0.0193179993624491,899.1409334351914,22.399942850440937,1.0,1.0,0,0,1,104.0,MAJRI
32962,Jatana Uncha (298),FATEHGARH SAHIB,30.81081,76.27933,32962,1901.552137088241,1901.935302734375,0.5280305481902807,0.1906276992289063,1.471082852533223,-0.5099110689148939,-0.1115231337926185,923.9367487838166,22.858995408648013,1.0,281.0,120,150,270,314.0,KHAMANO
39112,Malikpur (367),S.A.S Nagar,30.6126118,76.37398,39112,1900.73157660682,1901.9315185546875,0.4921576474086728,0.1350585883398561,1.3947921330758757,-0.4747771684811379,-0.069767538182081,893.1311163117783,22.78422345302016,1.0,11.0,55,55,132,122.0,KHARAR
38704,Gurpura (185),RUPNAGAR,30.8288288,76.56642,38704,1901.114041971542,1901.9300537109375,0.4814167905204147,0.1173294882059652,1.2838153412971418,-0.4904292830958086,-0.0435524869212738,903.4168812444108,22.62808539330217,1.0,2.5,10,5,25,53.0,RUPNAGAR
28064,Bhekhowali (435),GURDASPUR,32.1261253,75.33752,28064,1900.2758623528607,1901.9276123046875,0.5952616916322017,0.2729343366687726,1.866531178129536,-0.5533266498974059,-0.1889581175098864,1108.1613841464418,22.105158846297684,1.0,406.0,115,110,207,128.0,DHARIWAL
28029,Sheikh Kabir (142),GURDASPUR,0.0,0.0,28029,1903.8731900969465,1901.9271240234375,0.5843106169506987,0.2337915932862329,1.791867978914096,-0.5400008097096165,-0.1564494587078679,1139.3258067777056,22.056743376335533,1.0,48.0,30,50,94,63.0,KALANAUR
28451,Waraich (521),GURDASPUR,32.0,75.50991,28451,1900.7959252320427,1901.921142578125,0.6134102810059391,0.2813766769506644,1.883731171026512,-0.5569921715771066,-0.1978602029650443,1131.6664013078112,22.04982144446689,1.0,214.0,150,100,262,238.0,DHARIWAL
39041,Gharuan (377),S.A.S Nagar,30.6126118,76.37398,39041,1899.863340036342,1901.9210205078125,0.4479676773576721,0.1131876482594691,1.2184545295682474,-0.4617805673100773,-0.0383569091420855,911.988138934683,22.523819655538624,0.9577015067766278,1022.0,610,490,1450,1429.0,KHARAR
28054,Urgo Khera (417),GURDASPUR,31.8558559,75.2219238,28054,1900.7001804424067,1901.918212890625,0.5954118335430274,0.2611375213570164,1.774423599388741,-0.5495573394547307,-0.1762176413193146,1125.816861184714,22.0777301906045,1.0,119.0,23,60,117,93.0,KALANAUR
38798,Zindanpur (108),RUPNAGAR,30.9189186,76.51241,38798,1898.1904253254304,1901.9161376953125,0.3969520936713893,0.1040067004106486,1.0627848059452465,-0.3999601956098376,-0.0264303866691803,844.7756114413636,22.646918597549643,0.7760883199311512,303.0,35,35,65,370.0,CHAMKAUR SAHIB
31678,Kaluwahar (96),HOSHIARPUR,31.5855846,75.89128,31678,1901.240698746932,1901.9144287109375,0.5493759449283433,0.18332137155923,1.2981523468020564,-0.5139274122994401,-0.1151238871586217,809.747228305568,22.345829776931225,1.0,44.534,5,0,159,122.0,HOSHIARPUR-I
28067,Dhindsa (438),GURDASPUR,32.1261253,75.33752,28067,1901.5532645585831,1901.9129638671875,0.6107353671604335,0.2615808429236253,1.9485315778306187,-0.560648069595011,-0.1860682932621964,1108.1613841464418,22.105158846297684,1.0,90.0,105,100,183,102.0,DHARIWAL
28771,Kane Gil (260),GURDASPUR,0.0,0.0,28771,1901.630096980217,1901.9111328125,0.561252109247257,0.2335611064887114,1.6979534138991603,-0.5315850918187515,-0.1506974589501444,1086.2000080754656,22.16199337264419,1.0,55.0,48,25,40,63.0,BATALA
32463,Garle Dhaha (180),Shahid Bhagat Singh Nagar,31.0810814,76.30603,32463,1902.132501150072,1901.90771484375,0.4231493669947815,0.1184400283037509,1.1856688980420294,-0.4394189575167734,-0.0418391727109952,839.7951963355439,22.357494296089783,1.0,182.0,30,40,137,202.0,BALACHAUR
32686,Haripur (251),FATEHGARH SAHIB,30.6266861,76.5134,32686,1900.5161658813613,1901.9073486328125,0.3252639272492353,0.0694507333315967,0.8036248102349148,-0.3713402428967973,0.0209592453927024,868.2293090035813,22.92007999424692,1.0,250.0,15,25,35,162.0,KHERA
28666,Kotla Baja Singh (135),GURDASPUR,0.0,0.0,28666,1901.519411635228,1901.9071044921875,0.5354583973642267,0.2228181285748508,1.6515370854205504,-0.5052733766731751,-0.1388030541622698,1047.3460115873593,22.030584377031584,1.0,51.0,32,32,52,114.0,BATALA
32348,Kangna (472),Shahid Bhagat Singh Nagar,31.0630627,76.29157,32348,1902.3077514656547,1901.904296875,0.4691159848200723,0.1527014542028747,1.1422787236021832,-0.500289299590162,-0.0596746122222379,855.2991542031663,22.66896286104054,1.0,211.0,40,40,376,280.0,BALACHAUR
39058,Ghataur (94),S.A.S Nagar,30.35963,76.3640442,39058,1901.800192782284,1901.9019775390625,0.4055604405313019,0.0712364334011252,1.0491761968402429,-0.4407950396947144,0.0033609222700769,899.1409334351914,22.399942850440937,1.0,1.0,45,48,142,200.0,KHARAR
32677,Manhera Jattan (226),FATEHGARH SAHIB,30.594595,76.56909,32677,1901.722901806069,1901.9005126953125,0.4845914460657701,0.1946689960756243,1.1421164677538769,-0.5066917277272063,-0.089081523925212,894.6060481479066,22.901650064587727,1.0,97.0,53,52,153,97.0,KHERA
39107,Dharak Kalan (56),S.A.S Nagar,30.6126118,76.37398,39107,1901.84695925794,1901.8995361328125,0.5185985231667766,0.1454835226242269,1.7056838495058215,-0.4982280647437065,-0.0783834105068934,893.1311163117783,22.78422345302016,1.0,1.0,50,0,220,168.0,KHARAR
32674,Naraingarh (257),FATEHGARH SAHIB,30.6209049,76.4164047,32674,1901.625936593719,1901.897705078125,0.4354281031733657,0.1992859802857604,1.0593656729547578,-0.4706647009292647,-0.0826266141860868,894.6060481479066,22.901650064587727,1.0,300.0,45,25,50,151.0,KHERA
30876,Sakrala (54),HOSHIARPUR,31.6576576,75.78074,30876,1898.7409469428296,1901.8968505859375,0.5302698290694772,0.1486951946551935,1.6000405314494073,-0.5088892564848588,-0.0845447527647115,959.276372473468,22.438470679153,1.0,218.0,0,48,152,280.0,BHUNGA
31904,Chak Sunni (112),HOSHIARPUR,31.2432442,76.09955,31904,1901.1129689597003,1901.8934326171875,0.545722525459157,0.1711022432143561,1.5385528359976766,-0.5267507253450148,-0.09945947874716,790.2334722688096,22.580193486697112,1.0,48.0,4,0,7,74.0,GARHSHANKAR
30769,Kotli Khurd (123),HOSHIARPUR,31.8378372,75.71625,30769,1899.1905781595144,1901.8924560546875,0.5639615652218986,0.2108569017095732,1.743872933971454,-0.5317707948383029,-0.1404605957448895,1073.0177256276506,22.24859892509784,0.94830509370183,30.0,12,30,200,166.0,DASUYA
39333,Rampur Sainian (200),S.A.S Nagar,30.738739,76.72533,39333,1905.1317508116483,1901.8897705078125,0.3987204370314858,0.0838986900183633,1.0589739185802969,-0.4350788802424791,-0.0051326018626154,878.3628436734574,22.225765400318323,1.0,281.0,24,309,415,285.0,DERA BASSI
38788,Lakhewal (92),RUPNAGAR,31.7477474,75.76962,38788,1897.2277140238068,1901.8861083984375,0.5179007496542075,0.2005994616016672,1.330923344966798,-0.5277076460130591,-0.1070513849849605,876.2048756983546,22.7231558025426,1.0,43.0,2,0,10,45.0,CHAMKAUR SAHIB
32544,Sirkapra (63),FATEHGARH SAHIB,30.6846848,76.40997,32544,1901.2819634023765,1901.883544921875,0.4555622905822942,0.1539058620261785,1.2052623070807644,-0.4710631196738241,-0.0641679141999537,886.3478664212333,22.89015379733024,1.0,156.0,44,44,116,153.0,KHERA
28060,Khanowala (430),GURDASPUR,31.8558559,75.2219238,28060,1900.8326306887805,1901.88134765625,0.6057929322577503,0.2734208663766312,2.038669338734967,-0.5470142892018985,-0.197185303784291,1108.1613841464418,22.105158846297684,1.0,116.0,51,90,140,132.0,KALANAUR
38844,Bhairon Majra (62),RUPNAGAR,30.8468475,76.49685,38844,1896.997602710864,1901.8743896484375,0.535602083157539,0.1958573677733724,1.4428294230699736,-0.5264864794110956,-0.11077930603646,916.721189301242,22.821435243015912,1.0,179.0,89,94,219,207.0,CHAMKAUR SAHIB
28947,Nikko Sarai (367),GURDASPUR,32.0360374,75.0294952,28947,1903.999890194322,1901.8734130859375,0.5373764384753406,0.2014320128299239,1.3929289379207312,-0.5221617629558065,-0.1148025109709482,1083.4201523919835,22.26088651088568,0.995079184743162,2.47,60,50,85,319.0,DERA BABA NANAK
39024,Labangarh (319),S.A.S Nagar,31.0990982,76.55196,39024,1900.564927787403,1901.865478515625,0.4023386902405723,0.038605933698832,0.9443636804296384,-0.4533511498371865,0.0336109759407694,882.7866945789601,22.16631589826072,1.0,1.0,30,5,172,229.0,MAJRI
28776,Karwalian (278),GURDASPUR,31.8558559,75.13707,28776,1902.510387430328,1901.864990234375,0.5881340241456189,0.2497440042501282,1.7758170270346836,-0.5475245349799607,-0.169843606621488,1107.8028641207648,22.104101522227733,1.0,114.0,105,102,155,130.0,BATALA
32668,Isher Hail (166),FATEHGARH SAHIB,30.63063,76.4091339,32668,1902.884108847692,1901.8642578125,0.4702628080353433,0.1689420363918729,1.1741303831584549,-0.4900241178536915,-0.0711448566125551,894.6060481479066,22.901650064587727,1.0,100.0,20,20,180,260.0,KHERA
28498,Budha Bala (723),GURDASPUR,31.8962345,75.52795,28498,1904.8165508756408,1901.8626708984375,0.63348424293208,0.2444102619922242,2.0517455215863065,-0.5671080747901328,-0.1775275324048572,1070.8429818595653,22.24492188009278,0.998054989687316,36.0,50,50,80,48.0,KAHNUWAN
28395,Moth Sarai (705),GURDASPUR,32.0812149,75.46473,28395,1901.7842140994644,1901.857666015625,0.2836240559354827,0.2891151542932684,0.900316028634185,-0.2340821663202514,-0.1214694443238858,1149.1040381600756,22.05418457981392,1.0,78.0,2,2,2,87.0,KAHNUWAN
30848,Malakpur Bodal (54),HOSHIARPUR,31.5315323,75.889595,30848,1900.8180930659355,1901.8555908203125,0.4728307412807002,0.1311005869323914,1.4679914630719124,-0.460965534699785,-0.0652763295821056,959.276372473468,22.438470679153,1.0,0.1,0,7,102,107.0,TANDA
31978,Basiala (136),HOSHIARPUR,31.2432442,76.09955,31978,1900.54676817667,1901.8525390625,0.4694774616156792,0.1398182804132015,1.2316675259300152,-0.4773561755774976,-0.0592043003715524,824.7937652280228,22.51144758387028,1.0,208.0,31,32,310,234.0,GARHSHANKAR
30766,Ghaian (121),HOSHIARPUR,31.8378372,75.71625,30766,1901.853085478125,1901.8509521484375,0.5414178888363251,0.1885001595265809,1.7340996889994391,-0.5096439338510009,-0.1232755898545378,1073.0177256276506,22.24859892509784,1.0,20.0,12,20,60,79.0,DASUYA
30755,Bhekhowal (457),HOSHIARPUR,31.8018017,75.5807,30755,1902.1415914751508,1901.8507080078125,0.4947131681034545,0.2208545494691688,1.5248586668367885,-0.4490827317305724,-0.1263184008003794,1082.9725364457267,22.229533842513664,0.9633193130905624,278.0,42,42,45,345.0,DASUYA
37024,Sadhraur (7),PATIALA,30.4864864,76.60935,37024,1900.8860533391628,1901.8505859375,0.3422768921181572,0.0884301300974474,0.8682326023744374,-0.388071882620272,0.0032939089972201,868.2293090035813,22.92007999424692,0.9868468151856276,206.0,30,30,35,307.0,RAJPURA
39050,Pir Sohana (72),S.A.S Nagar,30.81081,76.61499,39050,1901.1122236375647,1901.847900390625,0.4642077526823666,0.0971346954332842,1.2703921312460025,-0.4764585987920048,-0.0284374707545844,895.3481353889257,22.64246249600911,1.0,187.0,23,23,212,271.0,KHARAR
27991,Bishankot (127),GURDASPUR,0.0,0.0,27991,1900.829243026041,1901.84716796875,0.5733564685815831,0.2405452129807323,1.7528809605928806,-0.5358395656633929,-0.1586165917776893,1139.3258067777056,22.056743376335533,1.0,227.0,44,101,202,230.0,KALANAUR
39334,Nimbuan (1),S.A.S Nagar,30.738739,76.72533,39334,1905.960205777078,1901.843994140625,0.3986566658460803,0.060193137011186,1.1010731616670777,-0.4188927204485622,0.0037426104041631,878.3628436734574,22.225765400318323,0.9328839594566056,394.0,45,147,170,395.0,DERA BASSI
28778,Burj Araian (277),GURDASPUR,0.0,0.0,28778,1902.3544259967327,1901.837890625,0.5931495745522113,0.2532956960714629,1.862148930946418,-0.5491561634555427,-0.173439965776167,1097.3694781619042,22.07333205523253,1.0,112.0,122,100,151,124.0,BATALA
31814,Balim (13),HOSHIARPUR,31.3404465,75.9951248,31814,1902.569793605452,1901.8363037109375,0.3912061105159585,0.0476837110039053,1.0361029945343414,-0.420940934874426,0.0173249930388046,903.9141938309588,21.992933925775244,1.0,144.0,6,10,35,152.0,MAHILPUR
28488,Bagrian (714),GURDASPUR,31.90991,75.43588,28488,1903.118698006888,1901.833984375,0.5684201324764014,0.2155125157421784,1.7207508407416912,-0.5300205481432677,-0.1386580301837992,1164.9925826820609,22.065589853400937,1.0,314.0,160,126,220,358.0,KAHNUWAN
39023,Barsalpur (141),S.A.S Nagar,31.0990982,76.55196,39023,1900.924417791668,1901.83349609375,0.4126857233068799,0.0458213562977402,1.0110586880035293,-0.4605156232481294,0.0241369598028838,884.4000491311448,22.16996411897884,1.0,247.1,0,5,86,111.0,MAJRI
38943,Chatamala (246),RUPNAGAR,30.94006,76.41391,38943,1901.393391108248,1901.83251953125,0.4223843906005132,0.1226119751752137,1.0407400034210554,-0.4549470830827994,-0.0323215904591809,938.2599918767792,22.64595834260978,1.0,127.12,40,40,215,365.0,MORINDA
31529,Handowal Khurd (312),HOSHIARPUR,31.5099583,76.05055,31529,1899.182687062759,1901.831787109375,0.4429974342358261,0.0832038837516966,1.3217890857430126,-0.4582509513626931,-0.0190076976333458,903.97068290018,21.992633355513988,1.0,14.0,0,0,3,16.0,HOSHIARPUR-II
32936,Badla (177),FATEHGARH SAHIB,30.666666,76.2490845,32936,1902.1928922837385,1901.830810546875,0.5627389670860957,0.2365588617936213,1.557250764121463,-0.5345270071517549,-0.1485645362477382,923.5555472760046,22.857942991163085,1.0,243.0,200,123,234,428.0,KHAMANO
31442,Sandher (508),HOSHIARPUR,31.5315323,75.80504,31442,1897.48397114708,1901.8302001953125,0.5099044780739589,0.1278123112428237,1.4008792743629055,-0.5086493113290431,-0.0611477278297649,823.2349226985743,22.402629803400085,1.0,50.6,55,55,197,146.0,HOSHIARPUR-I
28019,Naranwali (131),GURDASPUR,31.8558559,75.2219238,28019,1903.158789586304,1901.8284912109375,0.5468658133099116,0.2088595053831204,1.639104700779922,-0.5157972066665562,-0.1320716943850055,1139.3258067777056,22.056743376335533,1.0,173.0,45,120,177,199.0,KALANAUR
32925,Bhattian (270),FATEHGARH SAHIB,30.8190956,76.351944,32925,1901.008508476488,1901.8270263671875,0.5416166662972687,0.2105556519461899,1.4616390757279738,-0.5280692647907645,-0.1232170012221829,956.793064158191,22.8899654269361,1.0,68.0,18,16,73,93.0,KHAMANO
28855,Sanghera (392),GURDASPUR,0.0,0.0,28855,1903.309549370012,1901.8238525390625,0.5556652139842271,0.2258597840401856,1.5315112425605295,-0.5305906089820921,-0.1401277027817527,1086.2000080754656,22.16199337264419,1.0,145.0,145,150,202,158.0,BATALA
38919,Aurnauli (238),RUPNAGAR,30.93984,76.41297,38919,1902.4771848554656,1901.823486328125,0.4934990008640135,0.1962593147585101,1.264610550793142,-0.4996320100755348,-0.098145622318572,962.4367746522324,22.798003492737337,0.9994722923487056,48.58,30,30,197,174.0,MORINDA
31804,Jhajj (96),HOSHIARPUR,31.3221779,75.97668,31804,1901.546817632172,1901.823486328125,0.5602896552672784,0.2004962407142931,1.5839662791830036,-0.541472532347352,-0.1233029138516289,790.2334722688096,22.580193486697112,1.0,66.0,15,18,45,91.0,MAHILPUR
31755,Khanaura (270),HOSHIARPUR,31.36937,75.82165,31755,1903.3262391865344,1901.8203125,0.4723021256538499,0.1122283347290019,1.3671545349472702,-0.4683616927796996,-0.0473226976972608,752.1953674962418,22.674895467667,0.9818384886227098,327.0,235,180,490,881.0,HOSHIARPUR-II
39117,Cholta Khurd (385),S.A.S Nagar,30.81081,76.61499,39117,1900.7098583088832,1901.8192138671875,0.4085569993505074,0.1124729714172726,1.050786863447693,-0.4411333177755439,-0.0244673786946132,893.1311163117783,22.78422345302016,1.0,244.0,72,38,323,275.0,KHARAR
30616,Kharal Kalan (2),JALANDHAR,31.5865765,75.66962,30616,1900.9050563607457,1901.818359375,0.5848380957167504,0.2387346530360654,1.7452836277977777,-0.5530991372482106,-0.159956402124882,800.4559269847413,22.36381425213552,1.0,2.47,15,5,190,210.0,BHOGPUR
32587,Mehmudpur (175),FATEHGARH SAHIB,30.85642,76.352356,32587,1899.9104520836777,1901.8148193359375,0.4839813787772667,0.2218800532417451,1.1723201437658273,-0.5061237276701528,-0.1095820446696626,936.571517865886,22.854862821640893,1.0,183.0,60,90,295,195.0,KHERA
30850,Jhajji Pind (60),HOSHIARPUR,31.72973,75.79725,30850,1900.773933644624,1901.814208984375,0.5933747193632883,0.2129530470635958,1.933938995526354,-0.5436495690960348,-0.1491622828791488,959.276372473468,22.438470679153,1.0,1.21,0,0,52,98.0,TANDA
28348,Lodhipur (382),GURDASPUR,32.0360374,75.39083,28348,1900.6380857310849,1901.81396484375,0.5936273454252489,0.2572272406551182,1.7421617208052096,-0.5525628879109997,-0.1736607406433334,1131.6664013078112,22.04982144446689,1.0,130.0,65,80,132,142.0,GURDASPUR
30642,Thakri (547),HOSHIARPUR,31.6936932,75.5984,30642,1903.4516785256403,1901.8125,0.5498127685043845,0.2734730046465714,1.488276255840128,-0.5405961581910002,-0.168400208686375,786.1698511054414,22.39146673789071,1.0,5.67,15,15,75,88.0,TANDA
28752,Kotli Phasi (232),GURDASPUR,31.8558559,75.13707,28752,1906.4226040259853,1901.812255859375,0.5846175653393737,0.2238537039382405,1.9033348666666927,-0.5429582250878101,-0.1538668704933461,1108.1613841464418,22.105158846297684,1.0,80.0,85,75,105,115.0,BATALA
38735,Behrampur Zimidara (219),RUPNAGAR,30.9729729,76.51368,38735,1900.7426704907864,1901.8114013671875,0.4848431245750517,0.1362665091683221,1.2989095750534172,-0.4803240258186089,-0.0618920870827676,903.3772273013908,22.6271301177416,1.0,150.0,250,251,345,309.0,RUPNAGAR
37108,Pandori (89),AMRITSAR,31.8378372,74.76184,37108,1901.6620947458723,1901.8087158203125,0.5840284641021736,0.2620453959112446,1.4625212993177448,-0.5596237138451581,-0.1660491900041542,1068.6945858409304,22.313068289678824,1.0,191.0,20,35,102,191.0,AJNALA
28720,Bal (290),GURDASPUR,0.0,0.0,28720,1902.861411695747,1901.8065185546875,0.5167028422652158,0.194096206194328,1.5245173091317592,-0.50345052210405,-0.1124174947550671,1067.2692098060388,22.01379135874223,1.0,361.0,308,300,474,382.0,BATALA
28102,Baroia (460),GURDASPUR,32.0360374,75.41209,28102,1901.8859923500515,1901.8065185546875,0.5231300698605186,0.1837718666530052,1.6242995762510613,-0.4936533893920246,-0.1126516185065653,1117.527732532253,22.07571790967114,1.0,53.0,111,0,175,62.0,DHARIWAL
38750,Chaklan (211),RUPNAGAR,30.9414024,76.41424,38750,1901.2167730341823,1901.804443359375,0.4896205235388953,0.163401995020638,1.3211820564628538,-0.4897400012224646,-0.0790966713147291,887.5097864633289,22.244878637911945,1.0,74.08,150,150,268,115.0,MORINDA
28402,Jhanda Gujjran (577),GURDASPUR,32.10811,75.47155,28402,1903.18672540372,1901.8016357421875,0.5701021393283431,0.2266071005660908,1.692268597877953,-0.5360634781568056,-0.1453875832927659,1149.1040381600756,22.05418457981392,1.0,153.0,10,16,21,227.0,KAHNUWAN
28312,Shahpur (385),GURDASPUR,32.0360374,75.39083,28312,1900.9903341023548,1901.8016357421875,0.5462000607888597,0.2118196858106201,1.6250908301323523,-0.5162993918334359,-0.1335664386509828,1117.527732532253,22.07571790967114,1.0,131.0,50,30,100,140.0,DINANAGAR
38938,Bari Mandauli (248),RUPNAGAR,30.9369373,76.54784,38938,1900.801386042124,1901.800537109375,0.4603332506361696,0.1500332002202507,1.2365311530767746,-0.4722761571603829,-0.0662594808095453,962.4367746522324,22.798003492737337,1.0,491.0,233,233,618,596.0,MORINDA
38817,Behrampur Bet (125),RUPNAGAR,30.9009018,76.41402,38817,1899.8677744441304,1901.795166015625,0.5259287702070786,0.2087612706362988,1.3429084591272311,-0.5293333390735525,-0.1157161548228306,906.241346924589,22.88331832616316,1.0,294.0,200,200,386,332.0,CHAMKAUR SAHIB
38949,Bhagowal (119),RUPNAGAR,30.9369373,76.52683,38949,1901.120462163021,1901.7945556640625,0.399874230819603,0.0672738588563746,1.024492416394424,-0.43567077454155,0.0058086953752784,894.7600954868807,22.33159555638964,0.6476543459821859,83.0,68,68,109,100.0,MORINDA
28948,Talwandi Rama (368),GURDASPUR,32.0180168,75.03599,28948,1903.0514960866624,1901.7894287109375,0.5412529497574565,0.1979896922041817,1.3542034859019805,-0.5244140816105785,-0.1118400671732418,1085.9924314274244,22.258506407989,0.9999982404272548,2.47,200,200,460,413.0,DERA BABA NANAK
32381,Bir Kathgarh (434),Shahid Bhagat Singh Nagar,31.0630627,76.29157,32381,1899.791420112963,1901.787109375,0.4880432097308517,0.1079179803460176,1.3859983005533243,-0.4830454144970266,-0.0429321035696309,844.7756114413636,22.646918597549643,1.0,60.0,60,42,98,68.0,BALACHAUR
32611,Bazidpur (88),FATEHGARH SAHIB,30.4684677,76.40703,32611,1898.82972976957,1901.7845458984375,0.5019820664802949,0.1863855286586686,1.2871574299373318,-0.4831001389275304,-0.1084329377931039,936.571517865886,22.854862821640893,1.0,93.93,45,55,195,274.0,BASSI PATHANA
32694,Bhaini Khurd (261),FATEHGARH SAHIB,30.6266861,76.5134,32694,1900.5841027317133,1901.7845458984375,0.4302355235651802,0.1733359728310533,1.0178884642224295,-0.4752589359518738,-0.0623736168403883,894.6060481479066,22.901650064587727,1.0,200.0,0,12,42,152.0,KHERA
38645,Khawaspur (39),RUPNAGAR,31.0270271,76.62014,38645,1900.943027951576,1901.782470703125,0.4162210789311037,0.0876089055067513,1.0637551827451452,-0.4345981644465201,-0.016682631494468,831.6264393737214,22.690114987082723,1.0,100.0,50,100,720,174.0,RUPNAGAR
39035,Singhpura (111),S.A.S Nagar,30.7567558,76.63484,39035,1902.475701401694,1901.782470703125,0.3638640105520163,0.0397587202968327,1.2805463304612363,-0.3922488207095541,0.0199901251880637,899.1409334351914,22.399942850440937,0.5844801971066725,101.0,40,102,232,136.0,KHARAR
38816,Taprian Amar Singh (126),RUPNAGAR,30.9009018,76.41402,38816,1900.6194082730503,1901.78076171875,0.491541466789762,0.1622051307660754,1.2584811229912172,-0.5037709687122026,-0.0772736376967852,905.756378453006,22.8861820471202,1.0,212.0,17,0,260,212.0,CHAMKAUR SAHIB
28961,Kathiala (369),GURDASPUR,32.0180168,75.03599,28961,1902.4261427812653,1901.77294921875,0.5524012738618982,0.2135633315316607,1.4007383109469072,-0.5306034015371809,-0.1243466580141266,1088.9915874972269,22.25573132023593,1.0,2.47,120,75,185,437.0,DERA BABA NANAK
32615,Gandwan Kalan (91),FATEHGARH SAHIB,30.6663818,76.3909,32615,1899.718164538469,1901.7701416015625,0.5585850258429139,0.2308179884891435,1.5692426734970704,-0.5313672387225318,-0.1452843104033466,956.4700537668411,22.88940471282808,1.0,100.0,54,49,163,134.0,BASSI PATHANA
38928,Chalaki (256),RUPNAGAR,30.912756,76.4773254,38928,1899.069643001374,1901.7691650390625,0.4487771273021382,0.1515292126943789,1.1295724274264587,-0.4698918061210969,-0.0589325968082304,962.4367746522324,22.798003492737337,1.0,51.0,55,15,51,147.0,MORINDA
28450,Kot Dhandal (520),GURDASPUR,31.9066925,75.43975,28450,1902.3211555104049,1901.7685546875,0.5954998843550888,0.2603853182009691,1.7921564064574311,-0.5511165792524779,-0.1780283009151149,1131.6664013078112,22.04982144446689,1.0,126.0,60,60,75,144.0,KAHNUWAN
28741,Kandiala (218),GURDASPUR,31.8558559,75.13707,28741,1904.877448390876,1901.765869140625,0.510179939766734,0.1562526686554471,1.6079421390583166,-0.4865713109981923,-0.0895907732848882,1072.168001811733,21.9990094913166,0.9641800732263048,107.0,122,150,205,124.0,BATALA
28015,Buche Nangal (143),GURDASPUR,31.8738747,75.215416,28015,1902.365121580631,1901.764892578125,0.6018136262278188,0.2481360564201031,1.7834583142502856,-0.5540364922552377,-0.1679567599203692,1139.3258067777056,22.056743376335533,1.0,140.0,45,100,185,152.0,KALANAUR
28087,Virk (421),GURDASPUR,32.0180168,75.14224,28087,1900.7394574753423,1901.7628173828125,0.6130459726135289,0.2780721017748269,1.8403609519588475,-0.5657864667029286,-0.1956122860433125,1108.1613841464418,22.105158846297684,1.0,100.0,32,40,102,127.0,KALANAUR
30779,Pandori Araian (118),HOSHIARPUR,31.81982,75.61665,30779,1901.0853446858912,1901.76025390625,0.5834810152591703,0.2373706589816188,1.8017212442752115,-0.5399880069071732,-0.1584920310128746,1073.0177256276506,22.24859892509784,1.0,239.0,85,11,300,268.0,DASUYA
28425,Bhakhari Harni (497),GURDASPUR,32.0360374,75.41209,28425,1899.895276356205,1901.758056640625,0.5835065446954505,0.2390399058492593,1.828852620826656,-0.5395771865785352,-0.1629968710572799,1131.6664013078112,22.04982144446689,1.0,118.0,125,80,110,158.0,KAHNUWAN
39038,Badarpur (378),S.A.S Nagar,30.7567558,76.63484,39038,1900.992463094544,1901.754638671875,0.4097461078857062,0.0943880512559761,0.9838930045515072,-0.4527204429440509,-0.0103226798137241,899.1409334351914,22.399942850440937,1.0,115.0,18,34,138,125.0,KHARAR
28737,Dhaulpur (279),GURDASPUR,0.0,0.0,28737,1904.0033577935624,1901.754150390625,0.5813449149658889,0.2521941305921226,1.7187058748118742,-0.5508658708970277,-0.1663923063637444,1072.168001811733,21.9990094913166,0.9925620324951996,184.0,202,198,314,192.0,BATALA
30684,Kharl Khurd (5),HOSHIARPUR,31.6756763,75.64723,30684,1900.8212274410764,1901.75048828125,0.5915064017361906,0.22784185664004,1.856767283071724,-0.5481636636963465,-0.1556106905702729,809.747228305568,22.345829776931225,1.0,0.1,75,23,226,280.0,TANDA
39345,Kakrali (13),S.A.S Nagar,30.666666,76.6051941,39345,1902.442984361321,1901.7471923828125,0.2730980854203041,-0.0006229073522326,0.9760494396160252,-0.2947230151755745,0.0372002835709166,807.8161706735054,22.66673692008712,0.0,168.0,100,170,227,168.0,DERA BASSI
31674,Manak Dheri (93),HOSHIARPUR,31.6036587,75.85126,31674,1902.7021651960013,1901.7469482421875,0.5065796350016485,0.1475999490921137,1.5535705703046685,-0.487598475339433,-0.083722949709327,809.747228305568,22.345829776931225,1.0,72.06,60,120,410,203.0,HOSHIARPUR-I
28332,Kot Budha (482),GURDASPUR,32.03949,75.3940659,28332,1904.57273158664,1901.745849609375,0.6013892453118267,0.2675324857125993,1.7970979174196042,-0.5510037991055035,-0.1840052742809999,1120.3425544728468,22.07056226598193,1.0,285.0,238,238,324,272.0,KAHNUWAN
30793,Rawan (72),HOSHIARPUR,31.9819813,75.68626,30793,1899.902704629324,1901.7454833984375,0.621133551766016,0.2364082899027898,2.027402313174052,-0.55929101718429,-0.1692693900229233,1040.5322853777673,22.28845622559476,1.0,261.0,35,25,171,293.0,DASUYA
31711,Badowal (201),HOSHIARPUR,31.54955,75.9888153,31711,1900.062738238146,1901.7442626953125,0.583716789897308,0.19451421097579,1.8615030712335,-0.5422130689900504,-0.1329436145265271,788.4978595187562,22.42155105340902,1.0,225.0,50,50,209,248.0,HOSHIARPUR-I
28012,Bhadal (121),GURDASPUR,0.0,0.0,28012,1900.941437892872,1901.7442626953125,0.571853954154327,0.2404689261546086,1.750298106674005,-0.5289465317251228,-0.1589208192657961,1139.3258067777056,22.056743376335533,1.0,272.0,153,105,285,304.0,KALANAUR
31667,Mudian Rangran (132),HOSHIARPUR,31.5315323,75.82618,31667,1899.301984383596,1901.7427978515625,0.5085374860669095,0.1425316971961491,1.5365710789712743,-0.4922039274872586,-0.0771192055295432,846.6854783704179,22.501385909822545,1.0,34.41,12,12,42,106.0,HOSHIARPUR-I
39076,Tirtha (91),S.A.S Nagar,30.8288288,76.5874,39076,1900.929062654932,1901.741455078125,0.4024414907383314,0.0432933980180544,0.9961865692817942,-0.4485803271507049,0.0268998820728813,881.9544434787734,22.40763600190209,1.0,5.0,0,0,275,86.0,MAJRI
32552,Kalemajra (220),FATEHGARH SAHIB,30.599329,76.4816,32552,1902.248408432268,1901.7396240234375,0.4895929689401458,0.1667444163225266,1.2338916379009566,-0.499685046616778,-0.0752581349546707,935.9557337889846,22.916232973698847,1.0,190.0,25,30,77,84.0,KHERA
28883,Basant Kot (385),GURDASPUR,32.0360374,75.0294952,28883,1904.196741216652,1901.73828125,0.5581594979675745,0.2217286905517824,1.564403154430854,-0.5311776453714188,-0.1386326238978243,1086.2000080754656,22.16199337264419,1.0,140.0,21,21,25,215.0,DERA BABA NANAK
28020,Chikri (129),GURDASPUR,32.10811,75.32265,28020,1901.901475100134,1901.736328125,0.5653725583282754,0.2532100302718966,1.6179193402596874,-0.5414242966942553,-0.1601603950002618,1139.3258067777056,22.056743376335533,1.0,123.0,47,0,48,134.0,DORANGLA
30620,Dhadda (6),JALANDHAR,31.5865765,75.66962,30620,1903.677065919863,1901.73388671875,0.5776310467400456,0.2337880230840449,1.8571204613838228,-0.5374293811641304,-0.1560955453187864,800.6323863327351,22.36347269300851,1.0,51.0,10,5,92,64.0,BHOGPUR
31898,Dhada (105),HOSHIARPUR,31.4128284,75.9821548,31898,1901.592732105632,1901.732666015625,0.5209618750253235,0.1596478759874003,1.4546586212187342,-0.5126115503351437,-0.0862970423510685,790.2334722688096,22.580193486697112,0.9620105420081628,422.0,180,183,276,662.0,GARHSHANKAR
32364,Bhaipur (449),Shahid Bhagat Singh Nagar,31.062048,76.3012543,32364,1901.9669412685464,1901.732421875,0.4127455600390263,0.1618623798706605,0.7281006845475104,-0.4247999258849941,-0.063577033472299,855.2991542031663,22.66896286104054,0.90586212505858,46.0,15,0,27,71.0,BALACHAUR
31980,Bakapur Guru (138),HOSHIARPUR,31.1984577,76.15718,31980,1899.5894954944936,1901.7296142578125,0.4640832982850053,0.1309895685687725,1.2278719771430509,-0.4722577179260712,-0.0528102960221253,824.7937652280228,22.51144758387028,1.0,93.0,49,70,127,118.0,GARHSHANKAR
28438,Dhesian (504),GURDASPUR,31.90708,75.4349747,28438,1900.47285394562,1901.726806640625,0.571377481331506,0.2335102479113007,1.7274212286937052,-0.5301809119412149,-0.1542375803224434,1131.6664013078112,22.04982144446689,1.0,48.0,80,80,121,56.0,KAHNUWAN
32701,Boran (120),FATEHGARH SAHIB,30.6126118,76.47865,32701,1900.415451506969,1901.7237548828125,0.4689764119866511,0.1697489612636866,1.1471304950926389,-0.4914661581100192,-0.0703291636061348,894.5579670257805,22.90117933209112,1.0,288.0,60,100,112,319.0,KHERA
29068,Bariar (1),KAPURTHALA,31.3873882,75.41406,29068,1907.539571010016,1901.7215576171875,0.526864409445044,0.2309483251563406,1.4582090903409246,-0.5147172339086535,-0.1361144344378654,786.1698511054414,22.39146673789071,1.0,244.0,2,0,279,263.0,NADALA
38916,Gopalpur (234),RUPNAGAR,30.94194,76.41434,38916,1902.3543958223268,1901.721435546875,0.4503329366431167,0.1278110654746921,1.185368813817041,-0.4636609022926312,-0.0470933369057539,962.4367746522324,22.798003492737337,1.0,47.77,59,59,169,138.0,MORINDA
31559,Pholahi (291),HOSHIARPUR,31.36937,75.82165,31559,1899.6558115622183,1901.7158203125,0.3964891100495031,0.0185454328923668,1.0531480987255444,-0.4204621121764217,0.0352442949483214,870.2415804069514,22.34001449351149,0.8430392419855675,81.0,81,81,212,361.0,HOSHIARPUR-II
37091,Kot Gurbaksh (83),AMRITSAR,0.0,0.0,37091,1899.28835813642,1901.71484375,0.55498875018128,0.2264249985670599,1.3404179711484845,-0.5400948896028916,-0.1299784336544684,1068.6945858409304,22.313068289678824,1.0,182.0,60,106,136,190.0,AJNALA
31683,Haji Khanpur (128),HOSHIARPUR,31.5855846,75.89128,31683,1901.2042207206373,1901.7144775390625,0.5620256901598162,0.1721034746784348,1.7929628074125978,-0.5277601139213981,-0.1093987603525973,812.8348761188653,22.35883262770821,1.0,30.3643,5,0,39,84.0,HOSHIARPUR-I
28484,Alman (711),GURDASPUR,31.90991,75.43588,28484,1903.106223324644,1901.7125244140625,0.5722202951081282,0.2107039784022369,1.7740070413318545,-0.5279053474594328,-0.138368689408324,1156.5380475828058,22.059332063223064,1.0,301.0,123,0,170,323.0,KAHNUWAN
28410,Mehre (567),GURDASPUR,31.9066257,75.43967,28410,1903.6049255581213,1901.7109375,0.4946046574442229,0.1726650310898108,1.3932737326584013,-0.4859488440642164,-0.0905719130739346,1149.1040381600756,22.05418457981392,1.0,260.0,108,90,150,222.0,KAHNUWAN
37464,Rangilpura (219),AMRITSAR,31.8558559,74.96737,37464,1904.4688996689488,1901.7081298828125,0.4785148650786328,0.1492698085788731,1.3005042578595791,-0.4749470842936464,-0.0694738607124971,1047.5752594878572,22.056767351109784,1.0,75.0,38,38,71,82.0,MAJITHA
38833,Kiri Afghana (286),RUPNAGAR,30.8828831,76.42063,38833,1900.3541154648333,1901.7073974609375,0.5441871606822148,0.251319364232623,1.4754451409741631,-0.5144943766263235,-0.1537890548597062,909.824234802206,22.862161505243048,1.0,488.0,87,147,210,628.0,CHAMKAUR SAHIB
28708,Partapgarh (210),GURDASPUR,31.91094,75.23041,28708,1902.590429992488,1901.704345703125,0.4766766284132039,0.166398738052111,1.3279024861518034,-0.4842483885452071,-0.082357752775336,1072.168001811733,21.9990094913166,1.0,99.0,95,90,125,106.0,BATALA
30780,Khokhar (117),HOSHIARPUR,31.81982,75.8074951,30780,1900.3945942770893,1901.7037353515625,0.5292239936580598,0.1926709198816697,1.5942790814315722,-0.5069879091362701,-0.1153949004904426,1073.0177256276506,22.24859892509784,1.0,0.1,12,10,44,123.0,TANDA
32693,Bhaini Kalan (260),FATEHGARH SAHIB,30.5992126,76.4815445,32693,1901.258136205555,1901.7025146484375,0.4280415278638927,0.1789232907825619,1.0157531421155157,-0.46813264576095,-0.0661049572623301,894.6060481479066,22.901650064587727,1.0,200.0,25,45,122,226.0,KHERA
28436,Kala Bala (501),GURDASPUR,0.0,0.0,28436,1900.205856720286,1901.6971435546875,0.5794439023503833,0.2374183620981625,1.6950152440972648,-0.5426406599438316,-0.156501548368892,1131.6664013078112,22.04982144446689,1.0,230.0,200,200,256,259.0,KAHNUWAN
38777,Ranga (81),RUPNAGAR,30.9189186,76.51241,38777,1901.9633640760767,1901.6964111328125,0.551079567087724,0.1582606712582949,1.4546320260992378,-0.5494068257331954,-0.083618506928777,842.2652563757324,22.65727915362612,1.0,53.0,15,25,45,69.0,CHAMKAUR SAHIB
28092,Buzurgwal (410),GURDASPUR,32.0,75.50991,28092,1901.7184885192155,1901.6943359375,0.5509772006856037,0.2275836965870836,1.6402784506803738,-0.5160108172657677,-0.1465703279837938,1109.5339256997595,22.10084458131137,1.0,167.0,55,30,185,204.0,DHARIWAL
38889,Chhota Samana (296),RUPNAGAR,30.9409,76.4141,38889,1903.1503105957893,1901.6932373046875,0.4931534009036614,0.1569305356373131,1.304317959767179,-0.4922770059060521,-0.0752034463852434,962.4367746522324,22.798003492737337,1.0,74.89,32,32,163,202.0,MORINDA
37110,Katla (90),AMRITSAR,31.8378372,74.76184,37110,1900.9578120750648,1901.69287109375,0.5502701844437293,0.2168732686790402,1.4166058842670322,-0.525823139579374,-0.1297666166915081,1068.6945858409304,22.313068289678824,1.0,61.0,132,80,140,216.0,AJNALA
30794,Jia Natha (70),HOSHIARPUR,31.72973,75.79725,30794,1901.276812163716,1901.6927490234375,0.582839354759905,0.1846692416056935,1.8513945451065728,-0.5410191926148824,-0.1221409633285177,932.2652398621284,22.421292109416434,1.0,0.1,65,30,75,68.0,TANDA
28715,Rangilpur (127),GURDASPUR,0.0,0.0,28715,1902.937713200656,1901.689453125,0.5490986081252516,0.2014836423295467,1.704994289352519,-0.5144460031298033,-0.1273533867001461,1072.168001811733,21.9990094913166,1.0,72.0,75,90,135,83.0,BATALA
39065,Sheikhpura (103),S.A.S Nagar,30.8288288,76.67133,39065,1900.4638778477915,1901.686767578125,0.4665946001464429,0.1178449527338728,1.2253644760193294,-0.4821557861135932,-0.0393096337693434,899.1409334351914,22.399942850440937,1.0,131.0,53,31,72,171.0,MAJRI
38931,Datarpur (258),RUPNAGAR,30.9369373,76.52683,38931,1899.618244917708,1901.6810302734375,0.4263139963625993,0.0904903415572031,1.0452230930523836,-0.4504388478591234,-0.0154619843865707,962.4367746522324,22.798003492737337,1.0,107.0,60,40,187,127.0,MORINDA
32949,Bathan Kalan (315),FATEHGARH SAHIB,30.81081,76.34226,32949,1901.33675239939,1901.671142578125,0.5773420161664164,0.2494257523619742,1.5516601948697768,-0.5544542756338938,-0.1591368122925986,956.793064158191,22.8899654269361,1.0,121.0,116,72,150,267.0,KHAMANO
28854,Dhawan (390),GURDASPUR,0.0,0.0,28854,1902.389502276264,1901.6685791015625,0.5404687067662043,0.2105803452351975,1.55140339108506,-0.5162376558395209,-0.1269206790344503,1086.2000080754656,22.16199337264419,1.0,100.0,122,125,176,118.0,BATALA
32318,Shahabpur (153),Shahid Bhagat Singh Nagar,31.0630627,76.0601959,32318,1904.996924459312,1901.6676025390625,0.4131769904299475,0.0917467247246239,1.0782464686319386,-0.4364759709808363,-0.0158915613090797,839.7951963355439,22.357494296089783,1.0,124.0,60,60,280,141.0,NAWANSHAHR
32460,Garhi Kanungoan (188),Shahid Bhagat Singh Nagar,31.0810814,76.2639542,32460,1902.3843603691485,1901.6644287109375,0.4423266063463671,0.1035250700721344,1.1774575219023689,-0.4589330227302759,-0.0318098932063086,828.9379867722886,22.1998544780825,1.0,243.0,48,48,458,316.0,BALACHAUR
31981,Golewal (153),HOSHIARPUR,31.1985474,76.1573,31981,1900.715193707001,1901.6641845703125,0.4598491999858505,0.1404488732519732,1.1846054354639142,-0.4703018037700827,-0.0568988870019494,824.7937652280228,22.51144758387028,1.0,135.0,39,50,101,141.0,GARHSHANKAR
39043,Fatehpur Ther I (388),S.A.S Nagar,30.35963,76.3640442,39043,1899.47361850478,1901.6639404296875,0.4485909803511306,0.1508372817237629,1.1421638712824822,-0.4725802028917891,-0.0580813571997014,957.1115467774434,22.83808434274869,1.0,111.0,50,50,98,126.0,KHARAR
31598,Bhagowal (85),HOSHIARPUR,31.6795025,75.81032,31598,1897.527054924925,1901.662353515625,0.47031952976502,0.1002670424236982,1.3425879356655834,-0.4753773681378704,-0.0375890317748001,846.6854783704179,22.501385909822545,1.0,10.02,40,40,150,127.0,BHUNGA
30746,Badhaya (447),HOSHIARPUR,31.8738747,75.59733,30746,1901.5094775822745,1901.66064453125,0.5468200989761625,0.2500051348055933,1.724518375795952,-0.4866238382553149,-0.1625592958941243,1187.6022311856646,22.08084163640433,0.9722822228990576,39.0,0,0,1,217.0,DASUYA
31937,Fatehpur Khurd (124),HOSHIARPUR,31.2252254,76.08504,31937,1901.396614945996,1901.659912109375,0.4923747266333368,0.1501154053371021,1.259283492551059,-0.5046617010235473,-0.0662872327363424,824.7937652280228,22.51144758387028,1.0,141.7,58,22,124,122.0,GARHSHANKAR
38467,Aulakh (413),RUPNAGAR,31.1711712,76.42063,38467,1895.2587101265249,1901.65869140625,0.4463085073824915,0.0735102147195479,1.137503903517329,-0.4680536037869338,-0.0078402256279138,802.2466841151612,22.41984541838633,1.0,255.0,0,120,160,91.0,NURPUR BEDI
28709,Chahal Khurd (209),GURDASPUR,0.0,0.0,28709,1902.3525891869108,1901.6572265625,0.5426639311769933,0.2291409185810539,1.668185047617546,-0.5133497389383437,-0.1436879119389986,1072.168001811733,21.9990094913166,1.0,74.0,85,55,66,82.0,BATALA
39015,Dosarna (107),S.A.S Nagar,30.8288288,76.67133,39015,1902.0495147916008,1901.656982421875,0.4729028088550143,0.1120162928395528,1.307486986119742,-0.4795541000999612,-0.040437306561132,899.1409334351914,22.399942850440937,1.0,165.0,60,37,215,276.0,MAJRI
31736,Pandori Bibi (277),HOSHIARPUR,31.39234,75.8148651,31736,1901.5357817436047,1901.6561279296875,0.3809283720114534,0.0193875121435534,1.0182181940695143,-0.4124519099275039,0.0367899211746554,828.8790526797669,22.39218518476929,1.0,111.3,80,80,302,330.0,HOSHIARPUR-II
30627,Cholang (1),JALANDHAR,31.6036034,75.65209,30627,1899.8670318934635,1901.6556396484375,0.5451393205087147,0.1996594464740548,1.5731510503727928,-0.5307658297352925,-0.1226997941582248,786.8084738387247,22.39023060375673,1.0,98.0,65,50,135,139.0,BHOGPUR
39159,Hasanpur (177),S.A.S Nagar,30.7567558,76.63484,39159,1900.0060975325189,1901.6485595703125,0.3654012094293845,0.0422715030845582,0.8450965709415543,-0.4206422844666689,0.0358836880690282,814.0134456565278,22.43804828433952,1.0,60.75,75,75,208,49.0,KHARAR
38616,Mado Majra (25),RUPNAGAR,31.0270271,76.62014,38616,1896.198271720088,1901.6466064453125,0.5072564222905317,0.2068955102269255,1.1934238374526922,-0.5277119964186852,-0.1007139722046693,831.1314132570926,22.67562254015588,1.0,50.0,20,30,50,120.0,RUPNAGAR
39120,Popna (51),S.A.S Nagar,30.81081,76.61499,39120,1901.0838616689896,1901.6446533203125,0.4282263301807769,0.1004602395779951,1.115410442989018,-0.4553756998993721,-0.0198427869615614,893.1311163117783,22.78422345302016,1.0,135.0,46,40,147,196.0,KHARAR
32939,Charri (323),FATEHGARH SAHIB,30.8288288,76.29364,32939,1903.285368931994,1901.6414794921875,0.5597577574813838,0.2293141924614683,1.5465420192052672,-0.538901156211137,-0.1439130745288691,923.9367487838166,22.858995408648013,1.0,388.0,155,200,396,392.0,KHAMANO
32407,Kamalpur (201),Shahid Bhagat Singh Nagar,31.0622044,76.3014,32407,1899.6762125528269,1901.6353759765625,0.5312169482461523,0.1023148392746239,1.55040297948946,-0.5148090346636811,-0.0473463122021587,845.3064290599773,22.648030531402807,1.0,46.0,40,19,49,43.0,BALACHAUR
31860,Khanpur (312),HOSHIARPUR,31.5135136,75.7481461,31860,1899.628363786908,1901.6353759765625,0.4344614089347698,0.0668399243149555,1.266733606262606,-0.4455005946872896,-0.0091157303879699,903.97068290018,21.992633355513988,0.6253865416825728,121.0,145,122,288,94.0,GARHSHANKAR
28007,Bhadwan (116),GURDASPUR,31.8558559,75.13707,28007,1902.2352102315667,1901.63525390625,0.5512850901838409,0.2214507228855181,1.596410098009524,-0.5250544588785697,-0.1368304980841869,1139.3258067777056,22.056743376335533,1.0,45.0,44,20,26,52.0,KALANAUR
28712,Chhapianwali (130),GURDASPUR,31.8378372,75.14361,28712,1902.558649404748,1901.633056640625,0.5266931467287082,0.2048441793679593,1.5339743220833606,-0.5045682607082663,-0.1220268992093698,1072.168001811733,21.9990094913166,1.0,79.0,44,33,63,81.0,BATALA
31778,Ajnoha (52),HOSHIARPUR,31.3157616,75.9339752,31778,1901.9075776225184,1901.6324462890625,0.5116422969046109,0.169159713012698,1.3419349690841418,-0.5102267216269861,-0.0872758300154572,758.6326393296616,22.882709852809228,1.0,568.0,400,410,640,568.0,MAHILPUR
27993,Jogowal (125),GURDASPUR,32.1261253,75.33752,27993,1901.8945751517376,1901.6318359375,0.6200295487392541,0.2790625782444212,1.9223359213818003,-0.5645274452406482,-0.1988223172602781,1139.3258067777056,22.056743376335533,1.0,91.0,55,60,108,98.0,DHARIWAL
31648,Pathralian (131),HOSHIARPUR,31.5315323,75.80504,31648,1899.02744267542,1901.630615234375,0.4419777792807672,0.0890030175230298,1.2827450881189395,-0.4472836614395841,-0.0285977551572025,846.6854783704179,22.501385909822545,1.0,49.79,55,55,155,144.0,HOSHIARPUR-I
28872,Lakmania (411),GURDASPUR,32.0180168,75.01474,28872,1904.090761701696,1901.6287841796875,0.5547635840264908,0.2162700359346235,1.6792549535226928,-0.5183816634156311,-0.1375893374080639,1124.943537582491,22.1621868608576,1.0,2.47,55,0,108,154.0,DERA BABA NANAK
31557,Mehmowal (255),HOSHIARPUR,31.36937,75.82165,31557,1899.0082474586625,1901.628662109375,0.3448484400750993,-0.0121268666831522,0.879286135162541,-0.392352674712533,0.0668551564232521,890.0315853764909,22.315053295634414,0.9414498336479544,81.0,57,51,255,292.0,HOSHIARPUR-II
28477,Nanowal Kalan (563),GURDASPUR,31.9066715,75.43974,28477,1904.5887297356355,1901.625244140625,0.555599807324811,0.2032341936319561,1.6453083438217648,-0.5185588830876968,-0.1251714801906775,1146.0025063951955,22.05744676112202,1.0,142.0,40,40,55,158.0,KAHNUWAN
38929,Sukho Majra (255),RUPNAGAR,30.9450779,76.52021,38929,1900.277740041648,1901.6239013671875,0.4607723318759649,0.1507242184651472,1.154695194576988,-0.4816596207453316,-0.0592155175921002,962.4367746522324,22.798003492737337,1.0,53.0,56,56,120,159.0,MORINDA
38863,Chak Amar Singh (147),RUPNAGAR,30.9369373,76.400795,38863,1899.862981181597,1901.6234130859375,0.5520995317588951,0.2009741688985409,1.3854254192354118,-0.5436904901458663,-0.1141772809619275,916.721189301242,22.821435243015912,1.0,45.0,0,0,1,47.0,CHAMKAUR SAHIB
38672,Khairabad (52),RUPNAGAR,28.9009018,77.11803,38672,1902.913868957759,1901.62158203125,0.4625262231450633,0.0848587174055414,1.2480791739904027,-0.4733761327291562,-0.0213896084625431,880.292588874056,22.648065636141897,0.8967460457186565,70.0,5,55,115,121.0,RUPNAGAR
32479,Karawar (176),Shahid Bhagat Singh Nagar,31.15724,76.3013153,32479,1900.895092858734,1901.619384765625,0.4749257828476337,0.1559345124042642,1.289580243787886,-0.4775208124331663,-0.0720765936364872,838.4566118832837,22.338058896209457,1.0,345.0,30,100,240,399.0,SAROYA
28094,Kot Faridi (452),GURDASPUR,32.1261253,75.33752,28094,1903.7377932899208,1901.6171875,0.6301684868708923,0.28760563561302,1.8911661971026128,-0.5744182551019484,-0.2036884272466613,1117.527732532253,22.07571790967114,1.0,23.0,12,10,25,26.0,DHARIWAL
31769,Rupowal (48),HOSHIARPUR,31.3411465,75.9951248,31769,1902.6942644632525,1901.615966796875,0.5038983935244089,0.1219064967943655,1.411104044886381,-0.4919558020524976,-0.0562696616803325,758.6326393296616,22.882709852809228,1.0,69.0,40,60,132,77.0,MAHILPUR
38991,Ferozepur Banger (341),S.A.S Nagar,30.8288288,76.67133,38991,1898.355863968344,1901.6146240234375,0.4032021582551754,0.0342040270124232,0.9770877880176309,-0.4328840660067031,0.0281458996313679,814.0134456565278,22.43804828433952,0.4323494223754104,65.0,41,41,250,103.0,MAJRI
38614,Jahangir (29),RUPNAGAR,30.9729729,76.51368,38614,1895.680494597318,1901.6121826171875,0.5134974347086997,0.1862591377949958,1.262734096484433,-0.5234363436095655,-0.0919482101122147,831.6264393737214,22.690114987082723,1.0,2.0,1,1,6,40.0,RUPNAGAR
28354,Mare (490),GURDASPUR,32.0360374,75.39083,28354,1899.7923234908053,1901.604248046875,0.5647816753542433,0.2132911019283565,1.6019998170490397,-0.5319137405894475,-0.1361056174690491,1131.6664013078112,22.04982144446689,1.0,93.0,50,60,99,103.0,GURDASPUR
32695,Dholan (259),FATEHGARH SAHIB,30.594595,76.46443,32695,1901.8682056943755,1901.6036376953125,0.4160998741637884,0.1683106209933067,0.932784742231157,-0.469039517218314,-0.0524344161012762,894.6060481479066,22.901650064587727,1.0,150.0,25,25,75,157.0,KHERA
28378,Darapur (600),GURDASPUR,32.0852928,75.46561,28378,1899.6321817444536,1901.60302734375,0.4978007142379305,0.174804628520835,1.544350030302476,-0.4752255366483084,-0.1006580423196607,1137.245882619768,22.064316881140115,1.0,99.0,112,40,150,255.0,KAHNUWAN
31664,Langrian (118),HOSHIARPUR,31.54955,75.9888153,31664,1899.131171949208,1901.602783203125,0.5008759561697832,0.1151862496891587,1.4631139630155217,-0.4858122853192189,-0.0538652626982375,846.6854783704179,22.501385909822545,1.0,5.0,3,3,3,45.0,HOSHIARPUR-I
32944,Thikriwala (320),FATEHGARH SAHIB,30.81081,76.30031,32944,1902.3234391381336,1901.601318359375,0.5245788014927342,0.195824546467474,1.3531903928223596,-0.5257539786625448,-0.1061752527613434,923.9367487838166,22.858995408648013,1.0,192.0,81,81,141,219.0,KHAMANO
28864,Sahan Pannu (400),GURDASPUR,31.8558559,75.13707,28864,1903.0127306407887,1901.596923828125,0.5784241980945241,0.247696113081302,1.783503828109095,-0.5362469086460449,-0.1655454369034593,1095.3751616764628,22.138248708039747,1.0,44.0,14,14,14,47.0,BATALA
31685,Phambian (129),HOSHIARPUR,31.5315323,75.80504,31685,1899.0775370276217,1901.5965576171875,0.4748478923926593,0.0918984990427345,1.3661968773122803,-0.4700672000481416,-0.0313724930255268,806.6712573247214,22.44648540599272,1.0,89.87,125,125,259,247.0,HOSHIARPUR-I
31776,Dandian (50),HOSHIARPUR,31.3193989,75.94393,31776,1902.3022908481275,1901.595703125,0.4845816967090848,0.1193358104955628,1.350160207815327,-0.476679818459284,-0.0509822157273582,758.6326393296616,22.882709852809228,1.0,112.0,50,57,167,124.0,MAHILPUR
31808,Achherwal (74),HOSHIARPUR,31.3092651,75.5046844,31808,1901.4062167311915,1901.5906982421875,0.5125455109208129,0.1528966245174036,1.3947787055235683,-0.5092106303763463,-0.0765509100513738,790.2334722688096,22.580193486697112,1.0,104.0,38,90,209,186.0,MAHILPUR
32580,Lullon (311),FATEHGARH SAHIB,30.64865,76.42336,32580,1899.2943699410887,1901.59033203125,0.476176066467209,0.1684972107050275,1.2616035116430264,-0.4872316783699525,-0.0766841491852673,946.2463649918932,22.919862199345346,1.0,285.0,125,125,225,309.0,BASSI PATHANA
32399,Jamiatgarh (209),Shahid Bhagat Singh Nagar,31.0090084,76.33237,32399,1900.961176716488,1901.589111328125,0.4920943583232074,0.1094080365007732,1.4100252948221124,-0.4884568262029298,-0.0451607052497842,844.7756114413636,22.646918597549643,1.0,76.0,22,25,88,121.0,BALACHAUR
32380,Makowal (443),Shahid Bhagat Singh Nagar,31.0672588,76.30645,32380,1899.7463661696693,1901.58837890625,0.5338907240441982,0.140026237568722,1.5481442826337468,-0.5162010471134939,-0.0732595054185185,845.4401502007605,22.64831064468168,1.0,67.0,40,40,101,18.0,BALACHAUR
38802,Ghurkewal (109),RUPNAGAR,30.9189186,76.53342,38802,1898.5868793334816,1901.5880126953125,0.5297148641009376,0.1609822498252428,1.403700471332716,-0.5210269680595626,-0.0826442933036912,844.7756114413636,22.646918597549643,1.0,67.0,45,29,76,74.0,CHAMKAUR SAHIB
32947,Nanglan (316),FATEHGARH SAHIB,30.7927933,76.3699,32947,1902.6132176528065,1901.5872802734375,0.5702781410256322,0.2416609896310243,1.5729482080945991,-0.5415713260997171,-0.1539755413854891,945.7361204650844,22.879543267771044,1.0,141.0,85,146,292,173.0,KHAMANO
32952,Kalewal (306),FATEHGARH SAHIB,30.81081,76.34226,32952,1902.021200572779,1901.5860595703125,0.4909404413425124,0.1712762633539286,1.2599059745705037,-0.4977190755160334,-0.0830092825022141,956.793064158191,22.8899654269361,1.0,182.0,102,100,250,158.0,KHAMANO
39377,Kheri (362),S.A.S Nagar,30.666666,76.6051941,39377,1904.6954938119443,1901.5823974609375,0.3498485828072101,0.050678657587752,0.8606550107332606,-0.3866433913958017,0.0178940952270558,878.3628436734574,22.225765400318323,0.9948423913831274,45.0,0,40,82,126.0,DERA BASSI
32977,Ramgarh (292),FATEHGARH SAHIB,30.7927933,76.43283,32977,1902.562983684761,1901.5809326171875,0.5442056859465105,0.228902716719456,1.466624962537068,-0.5265912902391987,-0.1387193988362501,909.1392877262414,22.88112329805685,1.0,101.0,45,40,132,110.0,KHAMANO
32156,Bir Sarangwal (13),Shahid Bhagat Singh Nagar,31.1863766,75.8913345,32156,1906.90751788738,1901.580810546875,0.4834450856274739,0.0218477270933108,1.2340711722309858,-0.5024201625579279,0.0287374820359657,790.529960263497,22.60276220946163,1.0,1.0,0,1,1,469.0,BANGA
28014,Bakhatpur (145),GURDASPUR,0.0,0.0,28014,1902.6800771264973,1901.572998046875,0.5933715181247006,0.2478548333837026,1.8088362034905647,-0.5445124510800258,-0.1681577033845519,1139.3258067777056,22.056743376335533,1.0,195.0,75,65,126,167.0,KALANAUR
28385,Jati Sarai (595),GURDASPUR,32.0852928,75.46561,28385,1900.983820943209,1901.5728759765625,0.5402226242814483,0.2124349140279516,1.7111265289876854,-0.5020624367733971,-0.1331020424523719,1149.1040381600756,22.05418457981392,1.0,25.0,9,11,25,32.0,KAHNUWAN
28412,Ghukla (561),GURDASPUR,32.0852928,75.46561,28412,1904.1055087803145,1901.5699462890625,0.536562225799751,0.2302355600816451,1.526409776470415,-0.5213755010941807,-0.1365999039459807,1149.1040381600756,22.05418457981392,1.0,750.0,60,66,86,241.0,KAHNUWAN
39006,Saini Majra (318),S.A.S Nagar,31.0990982,76.55196,39006,1900.6445126087065,1901.56884765625,0.4578416254592045,0.1004480784511782,1.2225775834105166,-0.4746689914486177,-0.0265987400587327,884.4000491311448,22.16996411897884,1.0,30.0,21,32,46,187.0,MAJRI
30742,Nandewal (464),HOSHIARPUR,31.8738747,75.59733,30742,1901.9381976395664,1901.568359375,0.5719287185451113,0.2355604698318151,1.6864638615182734,-0.506512865880597,-0.1600442165413108,1073.0177256276506,22.24859892509784,0.9598856074224128,25.0,0,0,2,46.0,DASUYA
32576,Kalaur (182),FATEHGARH SAHIB,30.64865,76.42336,32576,1898.746783984907,1901.5654296875,0.462657121314845,0.151705233194834,1.185326988808237,-0.476174889217302,-0.0638552768519304,946.2463649918932,22.919862199345346,1.0,116.0,45,75,445,324.0,BASSI PATHANA
28021,Gosal (132),GURDASPUR,31.8558559,75.13707,28021,1903.1212589334807,1901.5650634765625,0.5546159485553092,0.2104722250471813,1.5957980897773738,-0.5305103703961432,-0.1293905119772278,1139.3258067777056,22.056743376335533,1.0,151.0,72,70,130,170.0,KALANAUR
39045,Sil (390),S.A.S Nagar,30.81081,76.61499,39045,1899.9024391335008,1901.5650634765625,0.4791687063408795,0.1619623997660337,1.238445398200653,-0.4884106714124972,-0.0731706614865857,946.2463649918932,22.919862199345346,1.0,171.0,54,42,281,274.0,KHARAR
30768,Bala (122),HOSHIARPUR,31.6936932,75.5984,30768,1901.4059935392147,1901.5621337890625,0.5733803744046769,0.2235949286504125,1.8267589738422616,-0.5308097573033437,-0.1504736527829487,1073.0177256276506,22.24859892509784,1.0,2.83,0,15,60,134.0,TANDA
32362,Tej Palana (446),Shahid Bhagat Singh Nagar,31.0630627,76.31261,32362,1900.6068303135864,1901.56103515625,0.5364834268918235,0.1269224574793523,1.518823261945645,-0.5286994874241968,-0.0621664378411358,855.2991542031663,22.66896286104054,1.0,119.0,15,18,20,34.0,BALACHAUR
38838,Khanpur (135),RUPNAGAR,30.8828831,76.42063,38838,1898.8708015387303,1901.5604248046875,0.5619287042663369,0.2386651971218403,1.4951835124706794,-0.5453047484924289,-0.1489207002943327,916.721189301242,22.821435243015912,1.0,94.0,27,24,160,94.0,CHAMKAUR SAHIB
28340,Kalu Sohal (510),GURDASPUR,31.90991,75.43588,28340,1902.9807619905505,1901.5587158203125,0.6249222431910423,0.2915802541213949,1.9998048145286949,-0.5689482147008054,-0.2103029131060465,1131.6664013078112,22.04982144446689,1.0,155.0,85,85,158,214.0,KAHNUWAN
32355,Nanowal (453),Shahid Bhagat Singh Nagar,31.0630627,76.29157,32355,1902.360705167152,1901.557373046875,0.4647804866215666,0.1435948731940722,1.0794715765664629,-0.4939722730732976,-0.0529282551920085,855.2991542031663,22.66896286104054,1.0,46.0,30,30,35,205.0,BALACHAUR
28383,Jagowal Bet (593),GURDASPUR,32.0803452,75.4648743,28383,1901.180569243664,1901.5546875,0.5625488422350186,0.2062220576003566,1.7423671812153938,-0.5251538719894017,-0.1330454418568368,1149.1040381600756,22.05418457981392,1.0,139.0,190,200,238,236.0,KAHNUWAN
38924,Sangatpur (263),RUPNAGAR,30.9582939,76.52594,38924,1900.9305029380005,1901.552001953125,0.4698064528762595,0.1862980150966776,1.222119594313001,-0.4799393299163146,-0.0898579693334116,962.4367746522324,22.798003492737337,1.0,54.0,52,42,62,155.0,MORINDA
38690,Gobindpur (174),RUPNAGAR,30.9729729,76.51368,38690,1902.0309352116176,1901.55126953125,0.5545696094057951,0.1751703763954103,1.5741752495810593,-0.5307616563322408,-0.103959838379238,903.4168812444108,22.62808539330217,1.0,1.0,35,0,90,52.0,RUPNAGAR
31673,Birampur (92),HOSHIARPUR,31.6033821,75.850975,31673,1902.165883925292,1901.550048828125,0.562566609426464,0.1966927968472848,1.7619391618902691,-0.5318828653088056,-0.1260475226884891,809.747228305568,22.345829776931225,1.0,32.0,36,36,116,89.0,HOSHIARPUR-I
27995,Dewal (106),GURDASPUR,32.0412521,75.29456,27995,1900.880471579805,1901.546630859375,0.5973590184120117,0.2643690899801554,1.8088427463879224,-0.5494940389297029,-0.181267024654873,1139.3258067777056,22.056743376335533,1.0,75.0,100,45,88,81.0,GURDASPUR
28264,Ghot Pokhar (361),GURDASPUR,32.04126,75.40223,28264,1899.598926246873,1901.546142578125,0.5602086106219925,0.2301865512156916,1.6862516996681165,-0.5202696210973762,-0.1534683723605736,1135.291301731182,22.064528731441094,1.0,40.0,70,10,35,238.0,GURDASPUR
36895,Alamdipur (341),PATIALA,30.3423424,76.55892,36895,1902.867906040172,1901.5455322265625,0.2916940935680297,0.0927409860961227,0.6976055761204456,-0.3670588482582479,0.0113914227699593,895.9933284932522,22.91289549604278,1.0,188.0,115,100,209,204.0,GHANAUR
38818,Dalla (115),RUPNAGAR,30.9189186,76.4284058,38818,1898.6026746653,1901.54443359375,0.4641331070204277,0.1566584884706916,1.1556690237928973,-0.4873498420373314,-0.0666909030978427,908.1521016160724,22.86041140702297,1.0,136.0,27,29,137,136.0,CHAMKAUR SAHIB
28018,Kamalpur (130),GURDASPUR,31.8558559,75.2219238,28018,1903.1911747545585,1901.54443359375,0.5906880054608714,0.243229495154647,1.7730962473704592,-0.5505180947091776,-0.1626230298237661,1139.3258067777056,22.056743376335533,1.0,89.0,25,45,48,102.0,KALANAUR
28082,Narwan (424),GURDASPUR,32.0,75.50991,28082,1900.2304585090808,1901.5440673828125,0.5775007784816601,0.2372950986050452,1.8111053285597127,-0.5329117091352129,-0.15966998181944,1108.1613841464418,22.105158846297684,1.0,109.0,25,50,86,129.0,DHARIWAL
32458,Mahitpur (183),Shahid Bhagat Singh Nagar,31.0630627,76.31261,32458,1903.4921512946964,1901.5426025390625,0.4140619133877836,0.0875953697094442,1.0643028697650927,-0.4387809473605302,-0.013073753469255,836.0565062299086,22.316468312929004,1.0,210.0,150,150,535,504.0,BALACHAUR
28784,Doburji (268),GURDASPUR,31.8558559,74.96737,28784,1903.5567747266127,1901.5423583984375,0.5689313910273808,0.2311060698425635,1.602820110105461,-0.5405471382475243,-0.1462560231002585,1086.2000080754656,22.16199337264419,1.0,70.0,0,70,122,110.0,FATEHGARH CHURIAN
28849,Dala Chak (386),GURDASPUR,31.8520775,74.94663,28849,1903.3869115268044,1901.542236328125,0.5690912991149314,0.2290947634481495,1.584723887393402,-0.5389655617449121,-0.1451748922645453,1086.2000080754656,22.16199337264419,1.0,1570.0,150,150,470,624.0,FATEHGARH CHURIAN
31585,Sataur (178),HOSHIARPUR,31.6083431,75.86649,31585,1895.94728298449,1901.5421142578125,0.4321736353532681,0.052629128260424,1.194342225300681,-0.4467240360194207,0.0029562557720285,935.5591627766984,22.469599437629142,0.878971566968382,82.0,50,80,526,470.0,HOSHIARPUR-I
30676,Data (18),HOSHIARPUR,31.6936932,75.61957,30676,1900.819246643166,1901.541748046875,0.5805360677265098,0.2343261668599047,1.8239688029156755,-0.5387034083596082,-0.1578050742638717,809.747228305568,22.345829776931225,1.0,0.1,133,133,210,105.0,TANDA
28476,Beli (557),GURDASPUR,31.9066753,75.4398041,28476,1905.0647399423408,1901.541748046875,0.554589022573545,0.2389242539334631,1.678725652540536,-0.5313419488928767,-0.1488699217969784,1149.1040381600756,22.05418457981392,1.0,60.0,2,2,2,74.0,KAHNUWAN
28071,Bhangwan (442),GURDASPUR,31.9639645,75.3316,28071,1904.2368158563231,1901.5396728515625,0.5473670277269354,0.2174190014699834,1.6057253245124572,-0.5268288639390013,-0.1382286664179268,1108.1613841464418,22.105158846297684,1.0,2.0,32,0,310,63.0,GURDASPUR
32625,Mullanpur (186),FATEHGARH SAHIB,30.6846848,76.3890152,32625,1902.9893987582336,1901.5391845703125,0.5499212573552182,0.2356881423048641,1.4908481987593685,-0.532320741870084,-0.1436610444979397,936.571517865886,22.854862821640893,1.0,190.0,126,80,130,203.0,BASSI PATHANA
28422,Naino Kot (500),GURDASPUR,32.0394745,75.39403,28422,1901.3146900337829,1901.5364990234375,0.5971233145817243,0.2586931587032172,1.7265799419147354,-0.5567416749906352,-0.1765459625761868,1131.6664013078112,22.04982144446689,1.0,110.0,203,203,264,149.0,KAHNUWAN
32465,Simbal Majara (179),Shahid Bhagat Singh Nagar,31.1171169,76.16661,32465,1901.7932618686552,1901.5360107421875,0.4765757343616055,0.1206890168370578,1.3163045613589146,-0.480686624127439,-0.0502775897868312,839.7951963355439,22.357494296089783,1.0,141.0,40,40,276,168.0,BALACHAUR
28984,Panwan (489),GURDASPUR,32.0180168,75.03599,28984,1898.546116648108,1901.5347900390625,0.6084479009371958,0.2566870673347027,1.530210878245272,-0.5750078138331679,-0.1650809521254772,1068.7923765211203,22.312896493400736,1.0,2.47,100,40,76,194.0,DERA BABA NANAK
38497,Batarla (436),RUPNAGAR,31.0810814,76.55849,38497,1894.722044192442,1901.533447265625,0.437842257719459,0.185372082141548,1.2649206606993113,-0.410167876832858,-0.1019773675295228,793.4723773208607,22.10368198571837,1.0,75.0,78,70,88,379.0,NURPUR BEDI
30735,Aki Tunda (480),HOSHIARPUR,31.8378372,75.652626,30735,1902.5460657385304,1901.529541015625,0.5486677797010983,0.2209885959243576,1.6328933996699422,-0.5196802671808676,-0.1360237262230908,1073.0177256276506,22.24859892509784,1.0,30.0,0,12,29,89.0,DASUYA
32698,Hansali (160),FATEHGARH SAHIB,30.6126118,76.47865,32698,1900.6006945831416,1901.5294189453125,0.4581836734732671,0.1921847785092258,1.1282471787759487,-0.4871693528329658,-0.0833418195962587,894.6060481479066,22.901650064587727,1.0,200.0,0,50,142,278.0,KHERA
38908,Kainaur (235),RUPNAGAR,30.9369373,76.52683,38908,1902.4858949415263,1901.5291748046875,0.4736499206522571,0.1477892900654109,1.2803974494370682,-0.475116559536033,-0.066726005560891,962.4367746522324,22.798003492737337,1.0,287.0,40,40,629,339.0,MORINDA
32600,Bhateri (199),FATEHGARH SAHIB,30.6795673,76.40167,32600,1899.1695899993708,1901.5286865234375,0.4321474659303084,0.1123536665457968,1.1338533074162802,-0.456730602640279,-0.031478793726495,951.536747337825,22.88004361762478,1.0,174.0,250,250,450,154.0,BASSI PATHANA
31777,Baddon (51),HOSHIARPUR,31.3157616,75.9339752,31777,1902.8883231143443,1901.5281982421875,0.4402162660485425,0.0954022051349224,1.098717721374719,-0.4629441584072831,-0.0192547746143053,758.6326393296616,22.882709852809228,1.0,269.0,152,152,360,300.0,MAHILPUR
31888,Chambal Khurd (64),HOSHIARPUR,31.353756,75.99061,31888,1901.499450180081,1901.528076171875,0.4439111078130601,0.0748203133962274,1.18271214253472,-0.4664128594816602,-0.0046360129894795,903.97068290018,21.992633355513988,1.0,32.0,25,25,49,35.0,MAHILPUR
28345,Dehriwala (483),GURDASPUR,0.0,0.0,28345,1902.8704727502247,1901.5263671875,0.6102845348822613,0.272645368141653,1.8395021554530209,-0.5588094387037837,-0.190499067382583,1124.5593082512582,22.06283883605876,1.0,331.0,352,352,552,667.0,KAHNUWAN
28478,Nanowal Khurd (562),GURDASPUR,32.0563774,75.40843,28478,1904.1833392489343,1901.526123046875,0.5357656457482459,0.1947034487938897,1.5581598099548035,-0.5108987220753599,-0.1158189227037021,1149.1040381600756,22.05418457981392,1.0,200.0,120,160,201,149.0,KAHNUWAN
39101,Rora (369),S.A.S Nagar,30.81081,76.61499,39101,1900.361152844084,1901.524658203125,0.5159521111126075,0.1566482224923996,1.6317160695209636,-0.5035248673325939,-0.0842896866512521,893.3875046302074,22.784878183835943,1.0,160.0,35,35,160,196.0,KHARAR
30739,Kalewal (467),HOSHIARPUR,31.8738747,75.59733,30739,1902.6502364967828,1901.5191650390625,0.52927141582812,0.1916321175519997,1.403316083234572,-0.4761022519932166,-0.1186480670556687,1073.0177256276506,22.24859892509784,0.9416712157053032,57.0,0,0,1,70.0,DASUYA
39115,Deh Kalan (365),S.A.S Nagar,30.738739,76.64147,39115,1900.132879109526,1901.517578125,0.4108427217149646,0.1063565735303098,1.0473247899746974,-0.4476052234756673,-0.0201811224113072,893.1311163117783,22.78422345302016,1.0,1.0,50,20,76,148.0,KHARAR
37009,Gobindpura (19),PATIALA,30.4684677,76.59517,37009,1900.074070481941,1901.51318359375,0.3276197563373645,0.0692938316506264,0.8706235767377424,-0.3560062169337822,0.0125053148118093,894.6060481479066,22.901650064587727,1.0,400.0,359,340,444,60.0,RAJPURA
32932,Mohan Majra (311),FATEHGARH SAHIB,30.81081,76.36324,32932,1901.056441226479,1901.5130615234375,0.5801492604494208,0.2498323405203927,1.583658246749737,-0.5498143072691918,-0.1624967691781242,956.793064158191,22.8899654269361,1.0,64.0,90,90,183,223.0,KHAMANO
28023,Talwandi Raja Dina Nath (136),GURDASPUR,32.0180168,75.14224,28023,1902.7392844292208,1901.508056640625,0.6308197428301928,0.2762037589596124,1.9336020057674388,-0.5716195988694676,-0.1977986281330377,1138.2930449951352,22.05543599347824,1.0,80.0,21,40,105,91.0,KALANAUR
39113,Mehmudpur (368),S.A.S Nagar,30.6126118,76.37398,39113,1900.656443300262,1901.507568359375,0.4873823714531299,0.1605316188591674,1.3443174852105173,-0.4824322159650968,-0.0788730378130711,893.1311163117783,22.78422345302016,1.0,1.0,20,10,30,106.0,KHARAR
30838,Tur (80),HOSHIARPUR,32.0,75.6798859,30838,1900.446201709915,1901.5062255859375,0.531982435799416,0.1389887324282356,1.6227632534113852,-0.5096768175451778,-0.0775269636287992,1035.3511205123204,22.303654716921606,1.0,71.0,20,22,37,82.0,DASUYA
32973,Dhanaula (311),FATEHGARH SAHIB,30.81081,76.36324,32973,1901.6906828145209,1901.5032958984375,0.5868721188826097,0.2456258172342434,1.5698689237512164,-0.558359810969249,-0.1603913119014967,916.6931312723918,22.87589561302676,1.0,198.0,150,150,232,226.0,KHAMANO
37096,Dadra (68),AMRITSAR,31.8378372,74.76184,37096,1902.750249019158,1901.5009765625,0.5830613084681341,0.2218874521938433,1.4809726619549477,-0.5690377233065248,-0.1468905812645717,1068.6945858409304,22.313068289678824,1.0,1.0,0,1,1,67.0,AJNALA
30293,Chukhiara (59),JALANDHAR,31.4234238,75.717514,30293,1903.1724471878213,1901.50048828125,0.5208625946522757,0.0861223283629319,1.5494251816547304,-0.5002692657172539,-0.0336028555263784,754.5817104899173,22.65824188180355,1.0,160.0,23,32,285,232.0,ADAMPUR
39056,Bhukhri (78),S.A.S Nagar,30.7567558,76.63484,39056,1900.391398636396,1901.5,0.4328794581492161,0.0665681211572642,1.1242791137238233,-0.4532586852950078,0.0011647683925287,883.4195430875274,22.40698018252169,0.9947375451461022,83.0,25,50,248,122.0,KHARAR
39119,Rangian (49),S.A.S Nagar,30.738739,76.64147,39119,1901.8230867054497,1901.499267578125,0.459515777569828,0.1370662692455896,1.2091599815513474,-0.4767888822423255,-0.0504996895536319,893.1311163117783,22.78422345302016,1.0,22.0,33,2,105,175.0,KHARAR
30711,Randian (38),HOSHIARPUR,31.54955,75.90424,30711,1901.379043439303,1901.49609375,0.5972891648123233,0.2109740547486908,1.826482740408952,-0.5537906599680966,-0.1413977712393826,959.276372473468,22.438470679153,1.0,0.4,6,15,52,56.0,TANDA
31712,Chak Rajian (202),HOSHIARPUR,31.5315323,75.889595,31712,1899.8552480886228,1901.495361328125,0.521600499555823,0.1440402654427186,1.61773765732762,-0.4956860796078636,-0.0807192649728694,788.4978595187562,22.42155105340902,1.0,59.28,20,6,15,28.0,HOSHIARPUR-I
38899,Udhampur (280),RUPNAGAR,30.9574242,76.5263443,38899,1902.7159445585328,1901.4942626953125,0.4804826975223828,0.1955148089080675,1.142966112938231,-0.503739996670574,-0.089843890902714,961.1421139221868,22.81909945522458,1.0,45.0,5,21,40,52.0,MORINDA
32969,Hawara(kalan) (315),FATEHGARH SAHIB,30.81081,76.34226,32969,1900.4381972733413,1901.4931640625,0.5803553084719975,0.245924882729223,1.5900094099399904,-0.551140629421026,-0.1601931494675558,956.7716450465218,22.889928796363662,1.0,586.0,456,225,427,533.0,KHAMANO
28767,Chandke (253),GURDASPUR,0.0,0.0,28767,1901.5426180976624,1901.4920654296875,0.6068773368453642,0.2805655033318193,1.8861895722169475,-0.5557219031040052,-0.1984851056812866,1103.5716010393053,22.11703688836965,1.0,132.0,36,32,52,165.0,BATALA
38476,Chandpur (511),RUPNAGAR,31.1711712,76.42063,38476,1897.3070757832663,1901.489501953125,0.6773368120709768,0.2005938782962066,1.879036642596515,-0.6271496412656915,-0.1473126488805151,802.2919058611252,22.419239292847006,0.9550844100766244,38.0,10,7,40,55.0,NURPUR BEDI
30764,Khepar (461),HOSHIARPUR,31.8738747,75.59733,30764,1902.1194801291688,1901.487548828125,0.6229859432365501,0.271571520242742,1.958936109375444,-0.5673786263769024,-0.1918376653117628,1073.0177256276506,22.24859892509784,1.0,127.0,34,15,41,136.0,DASUYA
31971,Chahalpur (132),HOSHIARPUR,31.5135136,75.7481461,31971,1900.7826847444967,1901.4864501953125,0.4673125771622172,0.1435812156797468,1.209747285838937,-0.480866133192452,-0.0600813035758747,824.7937652280228,22.51144758387028,1.0,245.0,95,75,198,310.0,GARHSHANKAR
31825,Mukho Mazara (24),HOSHIARPUR,31.477478,76.01474,31825,1899.9639145269127,1901.486328125,0.3855779518276525,0.0224253614887169,1.2062820475462457,-0.4241494507572764,0.038314521419345,903.97068290018,21.992633355513988,0.9999909121453724,82.0,45,65,162,162.0,MAHILPUR
33069,Hassanpur (66),LUDHIANA,30.8468475,76.11909,33069,1902.55389300067,1901.4833984375,0.4966050966454264,0.1611289303990037,1.2604476420042108,-0.5069844002774431,-0.0763773652188736,905.756378453006,22.8861820471202,1.0,118.0,5,15,65,125.0,MACHHIWARA
28853,Damodar (389),GURDASPUR,31.8651447,74.96855,28853,1902.0792226355245,1901.47998046875,0.5362705995992071,0.2046486805930503,1.4677891836989378,-0.5180349783999789,-0.1191786975653776,1086.2000080754656,22.16199337264419,1.0,220.0,75,75,188,170.0,FATEHGARH CHURIAN
31890,Chak Kataru (65),HOSHIARPUR,31.353756,75.99061,31890,1901.151391671058,1901.4786376953125,0.4112031404507449,0.0612061579092421,1.102225117394572,-0.4387578651106092,0.0049516864769677,903.97068290018,21.992633355513988,0.9997652585550616,90.0,72,90,177,94.0,MAHILPUR
31974,Fatehpur Kalan (141),HOSHIARPUR,31.2072067,76.11267,31974,1899.6040203405064,1901.477294921875,0.4973088165291763,0.1700221092409865,1.3149278998041865,-0.4966747850185581,-0.0842986226250701,824.7937652280228,22.51144758387028,1.0,182.12,52,52,67,172.0,GARHSHANKAR
37106,Kotli Shah Habib (88),AMRITSAR,31.8378372,74.76184,37106,1900.7174783779108,1901.476806640625,0.5812816269783444,0.2422863378763111,1.416773856933219,-0.5582318483628572,-0.1507237798760516,1068.6945858409304,22.313068289678824,1.0,37.0,85,80,95,35.0,AJNALA
28380,Jangal (599),GURDASPUR,32.0847244,75.4667,28380,1900.3489041664327,1901.4755859375,0.5535910905605549,0.2321302557247653,1.68208191004225,-0.5215558554533125,-0.1467310978613748,1148.1564124661522,22.05499428660564,1.0,74.0,11,12,18,82.0,KAHNUWAN
32366,Mubarakpur ( 439),Shahid Bhagat Singh Nagar,31.0450459,76.29816,32366,1900.1075698427228,1901.472900390625,0.3999435019911382,0.1601764364703339,0.7916050977007133,-0.3934815810515744,-0.0670210075378514,854.8215660726513,22.66796243002431,0.6923074400281413,146.0,12,5,14,62.0,BALACHAUR
28440,Chamiari (505),GURDASPUR,31.3153152,75.609375,28440,1902.760755270255,1901.463134765625,0.568341683413299,0.2173176119283077,1.7792565680256391,-0.5278041103899485,-0.1447064857471039,1131.6664013078112,22.04982144446689,1.0,102.0,50,38,90,93.0,KAHNUWAN
28022,Manj (133),GURDASPUR,31.8558559,75.13707,28022,1903.3924591753928,1901.4608154296875,0.5661208795776952,0.2056607958984004,1.703714887304941,-0.5310540620216775,-0.1313197915099907,1139.3258067777056,22.056743376335533,1.0,181.0,33,50,130,200.0,KALANAUR
32699,Ramgarh Sanian (161),FATEHGARH SAHIB,30.5737934,76.53985,32699,1901.084068905908,1901.4580078125,0.425041803431922,0.1792485833175028,0.9601816551726404,-0.4752121752138303,-0.0606357881527069,894.6060481479066,22.901650064587727,1.0,202.0,35,20,129,158.0,KHERA
32604,Nar Singh Pura (192),FATEHGARH SAHIB,30.64865,76.44431,32604,1899.5488019758325,1901.4541015625,0.5177705520184162,0.226742187100237,1.3226808813837814,-0.5174575870564914,-0.1252954761632252,946.2463649918932,22.919862199345346,1.0,32.0,19,20,26,87.0,BASSI PATHANA
28504,Fateh Nangal (CT),GURDASPUR,32.1261253,75.33752,28504,1900.6671775681195,1901.44580078125,0.4986899558623808,0.1675062790878947,1.4965429710873035,-0.4796334679825542,-0.0971000180326242,1114.753846279047,22.04652933967174,0.9177390980580744,1.0,0,0,589,0.0,DHARIWAL
31967,Kalewal (129),HOSHIARPUR,31.261261,76.2827,31967,1899.1282313349225,1901.4437255859375,0.4231616556595723,0.0976577881016309,1.1360490510794483,-0.4397327600362511,-0.0256803536129348,824.7937652280228,22.51144758387028,1.0,80.0,260,0,320,168.0,GARHSHANKAR
28411,Kotli Harchandan (568),GURDASPUR,31.90991,75.43588,28411,1903.072928453172,1901.4404296875,0.541771772900022,0.2186360518727645,1.576701400055008,-0.5198994294437421,-0.1328318895376281,1149.1040381600756,22.05418457981392,1.0,330.0,105,190,335,460.0,KAHNUWAN
31803,Behbalpur (95),HOSHIARPUR,31.3581047,76.0268555,31803,1901.1676966491773,1901.438232421875,0.5368439886792935,0.1795183097828309,1.4496554762703031,-0.5238443019185911,-0.1011735210360307,790.2334722688096,22.580193486697112,1.0,235.0,48,84,300,276.0,MAHILPUR
30702,Darya (13),HOSHIARPUR,31.6936932,75.61957,30702,1901.7220119020687,1901.4376220703125,0.4344848878991962,0.0870468691305334,1.265113838925154,-0.4422146902795233,-0.0268756080055209,809.747228305568,22.345829776931225,0.8646440359509473,0.1,76,76,122,131.0,TANDA
39110,Niamian (52),S.A.S Nagar,30.738739,76.64147,39110,1901.0327220775457,1901.4373779296875,0.4175962599698804,0.1332856053307852,1.0348865203009157,-0.4532810187672627,-0.0371488762805416,893.1311163117783,22.78422345302016,1.0,99.0,44,40,80,97.0,KHARAR
28400,Kotla Gujjran (576),GURDASPUR,32.10811,75.47155,28400,1901.870334826968,1901.43212890625,0.5551005287916148,0.2274845422481752,1.591818267434724,-0.5308567533501954,-0.1396590347665078,1149.1040381600756,22.05418457981392,1.0,116.0,52,50,81,142.0,KAHNUWAN
38978,Bansepur (168),S.A.S Nagar,30.7144775,76.7359848,38978,1898.5802134764,1901.4296875,0.4029271491630284,0.0331422126395919,1.0250131753210736,-0.4295396127525769,0.0283988369511125,814.0134456565278,22.43804828433952,1.0,140.0,40,80,300,90.0,MAJRI
31656,Dhugga (102),HOSHIARPUR,31.6576576,75.78074,31656,1901.6271433294305,1901.428955078125,0.5130561815203345,0.1313479072923555,1.5594617640186694,-0.4978629280863357,-0.069721356291021,809.747228305568,22.345829776931225,1.0,35.0,135,0,436,44.0,BHUNGA
28468,Badhai (549),GURDASPUR,31.90991,75.4571152,28468,1906.49329149304,1901.4239501953125,0.5893031222570804,0.1959056618647477,1.867693836496077,-0.5483985250191967,-0.1317073672940203,1031.3100907018083,22.178079881455176,1.0,103.0,40,10,40,132.0,KAHNUWAN
31744,Marnaian Khurd (266),HOSHIARPUR,31.4035549,75.88247,31744,1900.8898512349776,1901.4212646484375,0.4687376390354769,0.0945567287388087,1.341140705051686,-0.4713332106483304,-0.0324845540135891,866.2153552682281,22.345092784423308,1.0,32.7,30,20,116,93.0,HOSHIARPUR-II
38981,Palheri (173),S.A.S Nagar,31.0990982,76.55196,38981,1899.7828790559145,1901.4207763671875,0.4144096135832132,0.0622851466366487,1.063182219643774,-0.4451719857704305,0.0085106728295395,814.0134456565278,22.43804828433952,1.0,2.0,5,15,240,323.0,MAJRI
32485,Chankoi (174),Shahid Bhagat Singh Nagar,31.2252254,76.2536,32485,1901.4026601563253,1901.4188232421875,0.4850908072108609,0.1086915820812214,1.3258844224923558,-0.4886978784649406,-0.0405806969775332,828.9379867722886,22.1998544780825,1.0,222.0,58,75,185,239.0,SAROYA
32622,Mehdoodan (81),FATEHGARH SAHIB,30.6846848,76.3890152,32622,1900.7321503891164,1901.4169921875,0.5743498695237643,0.2392349712391835,1.5344776369471589,-0.5534271448235051,-0.1499150824752903,936.571517865886,22.854862821640893,1.0,100.0,25,30,62,109.0,KHERA
39087,Dhakoran Kalan (154),S.A.S Nagar,30.7144642,76.73599,39087,1899.6296745378547,1901.4166259765625,0.4640504088759357,0.0853063589046375,1.1966967791384862,-0.4806899937181866,-0.0144202426635235,814.0134456565278,22.43804828433952,1.0,100.0,25,40,110,134.0,MAJRI
32942,Fraur(299),FATEHGARH SAHIB,30.81081,76.36324,32942,1901.3359027708505,1901.415771484375,0.5698069251081709,0.2386710168572705,1.5670347014866477,-0.5453216467941107,-0.1531684926565699,923.9367487838166,22.858995408648013,1.0,656.0,80,150,486,719.0,KHAMANO
28344,Dhariwal Kalan (485),GURDASPUR,32.1261253,75.33752,28344,1901.1872589497807,1901.4136962890625,0.6175087413550074,0.2768065389883516,1.922524469927217,-0.5608303060636682,-0.1968297229725553,1131.6664013078112,22.04982144446689,1.0,277.0,211,250,426,339.0,DHARIWAL
31972,Dogarpur (139),HOSHIARPUR,31.2432442,76.09955,31972,1899.7228186545185,1901.4136962890625,0.5059299760863546,0.1741482492423427,1.3045197059041405,-0.5115907662934177,-0.0850396064786079,824.7937652280228,22.51144758387028,1.0,70.0,31,20,130,73.0,GARHSHANKAR
28024,Mahal (137),GURDASPUR,31.8378372,75.14361,28024,1903.030714527518,1901.4093017578125,0.6166123523277024,0.2634678558814069,1.814838318680578,-0.5630907958814835,-0.182111095759427,1139.3258067777056,22.056743376335533,1.0,81.0,44,100,152,91.0,KALANAUR
28081,Ghuman Kalan (450),GURDASPUR,32.1261253,75.33752,28081,1902.0939522209983,1901.4093017578125,0.6029731975955384,0.2503050141722291,1.8959181549984887,-0.5556767887195685,-0.1750382256212372,1108.3306800584116,22.10462670399288,1.0,128.0,210,0,670,163.0,DHARIWAL
38677,Mahlan (58),RUPNAGAR,31.0990982,76.55196,38677,1899.870837269696,1901.40185546875,0.5028556345077911,0.1670526248488051,1.347580685710544,-0.5049086780716017,-0.0842940853226757,903.4168812444108,22.62808539330217,1.0,100.0,1,54,154,126.0,RUPNAGAR
28435,Malian (502),GURDASPUR,31.90991,75.43588,28435,1900.9315709515067,1901.4014892578125,0.6022877105479797,0.250186713937945,1.854272997298145,-0.5536377078647663,-0.1728307967266381,1131.6664013078112,22.04982144446689,1.0,119.0,102,80,162,239.0,DINANAGAR
28424,Kot Jograj (498),GURDASPUR,32.0847244,75.4667,28424,1899.81712209033,1901.3985595703125,0.5865967753716778,0.2516219462301253,1.775390433260951,-0.544084075730724,-0.1710295233880173,1131.6664013078112,22.04982144446689,1.0,135.0,100,100,175,157.0,KAHNUWAN
32676,Jamiatgarh (225),FATEHGARH SAHIB,30.6194744,76.52912,32676,1901.782608047632,1901.397705078125,0.4543939311499111,0.169705096094497,1.0651242202612805,-0.4864681114621546,-0.0643344635370149,894.6060481479066,22.901650064587727,1.0,105.0,52,52,135,269.0,KHERA
28343,Chhina Retwala (509),GURDASPUR,32.1261253,75.33752,28343,1902.658457107634,1901.3948974609375,0.6127359558627071,0.2629502369919152,1.8542167604799549,-0.5627556547556366,-0.1826970669738996,1131.6664013078112,22.04982144446689,1.0,199.0,32,30,168,219.0,DHARIWAL
28028,Saprai (141),GURDASPUR,0.0,0.0,28028,1903.8645426788687,1901.393310546875,0.5948557942886968,0.2539144940922549,1.775563935101231,-0.548457196638967,-0.1722544740557681,1139.3258067777056,22.056743376335533,1.0,135.0,26,100,155,151.0,KALANAUR
28871,Arli Bhan (412),GURDASPUR,32.0360374,75.0294952,28871,1902.9911937921631,1901.3909912109375,0.5629116455624066,0.2242130626324885,1.6852566840134262,-0.5274310600602281,-0.1446572344442719,1136.3471540620226,22.16224381140933,1.0,2.47,55,10,305,272.0,DERA BABA NANAK
39005,Harnampur (320),S.A.S Nagar,31.0990982,76.55196,39005,1900.354128073851,1901.3875732421875,0.4545851506152309,0.1236140775944638,1.1179215434469307,-0.4827355678803787,-0.0357484786183012,884.3985651663069,22.16996076334113,1.0,1.0,5,6,12,263.0,MAJRI
32462,Thathiala (181),Shahid Bhagat Singh Nagar,31.0270271,76.3257751,32462,1901.9136544147009,1901.3834228515625,0.4049511901141102,0.0864969679124381,1.0670464745402608,-0.4305693863635087,-0.0131949093380844,839.1781851102397,22.34853568322538,1.0,86.0,40,41,132,95.0,BALACHAUR
28733,Sunaiyah (284),GURDASPUR,31.8378372,75.14361,28733,1903.8069418045768,1901.3829345703125,0.4713780389234959,0.1474086933085185,1.4435671031256698,-0.4638306334854681,-0.0744165771289969,1067.7717371780257,22.00933444137642,0.6731620275622392,128.0,166,150,450,163.0,BATALA
28401,Salhopur (575),GURDASPUR,31.90991,75.4571152,28401,1902.0986625520256,1901.3828125,0.5468670655775888,0.2206020986711286,1.5843982093503783,-0.5229076964552228,-0.1348197876833023,1149.1040381600756,22.05418457981392,1.0,325.0,300,280,352,429.0,KAHNUWAN
30672,Raj Dhan (20),HOSHIARPUR,31.6576576,75.6114,30672,1901.428027451817,1901.37841796875,0.6149895088302783,0.2437821154171864,1.8628857282008435,-0.5662625001038605,-0.1688808090802765,787.2260016782458,22.38942242642904,1.0,1.62,0,0,43,50.0,TANDA
32367,Sarangpur Panj Peda (440),Shahid Bhagat Singh Nagar,31.0630627,76.29157,32367,1899.3402927498664,1901.3782958984375,0.3449981412154029,0.1322629501762778,0.3508417123750537,-0.3497418373803248,-0.0438220627063071,849.5404577532126,22.6568997920934,0.6855906943533455,15.0,5,7,7,206.0,BALACHAUR
39106,Dhabali (54),S.A.S Nagar,30.6126118,76.37398,39106,1901.1934419248887,1901.37646484375,0.4588026996835659,0.1356583312163243,1.2071979987559838,-0.4749793732344096,-0.0510514423239142,893.1311163117783,22.78422345302016,1.0,2.0,55,0,150,178.0,KHARAR
28374,Gunopur (601),GURDASPUR,31.90991,75.43588,28374,1899.51873935376,1901.3739013671875,0.5314403892484336,0.1661862691805954,1.608725297488257,-0.4984190390660599,-0.1003277973170351,1135.595315973987,22.065727221775774,1.0,100.0,300,250,350,128.0,KAHNUWAN
37785,Uchoke Khurd (205),AMRITSAR,31.6576576,75.1245346,37785,1902.552797036904,1901.3709716796875,0.4764943234627746,0.160351987118866,1.4005028811749511,-0.4677442054754344,-0.082385818283823,1040.6461003234283,22.149015923229683,1.0,423.0,38,246,291,297.0,TARSIKKA
32546,Sampla (63),FATEHGARH SAHIB,30.6846848,76.40997,32546,1902.300494676345,1901.3707275390625,0.4903362089573447,0.1535422153255871,1.2392035270412594,-0.4996738628978179,-0.0665133551910228,941.4601935221184,22.90763990322361,1.0,252.0,50,68,167,252.0,KHERA
38951,Ban Majra (123),RUPNAGAR,30.939949,76.41518,38951,1901.3266359623087,1901.3707275390625,0.4680084712980484,0.1024085193730994,1.3695050691536554,-0.467151261454085,-0.0411446988170668,884.4000491311448,22.16996411897884,1.0,34.0,50,50,127,95.0,MORINDA
31882,Mautian (39),HOSHIARPUR,31.353857,75.9905548,31882,1901.829628799391,1901.3704833984375,0.4152486662278816,0.0319164188620171,1.0238678585399004,-0.4510745800117238,0.0321916240551199,903.97068290018,21.992633355513988,1.0,117.0,73,55,156,127.0,MAHILPUR
39165,Raipur (24),S.A.S Nagar,30.738739,76.64147,39165,1899.5095783676124,1901.3695068359375,0.4892833215480592,0.0876102733994444,1.340048281353008,-0.4925371023817346,-0.0252098511129349,814.1169727303826,22.52338051906205,0.4472144332170954,37.0,37,38,156,267.0,KHARAR
38767,Rattanpur (87),RUPNAGAR,30.9189186,76.51241,38767,1902.3321488138763,1901.3682861328125,0.5434989706162209,0.1709618740110008,1.4623585650800632,-0.5348738773382139,-0.0928128398804647,835.1757191669203,22.67845523605665,1.0,53.0,8,7,23,76.0,CHAMKAUR SAHIB
38776,Baman (84),RUPNAGAR,30.9009018,76.41402,38776,1899.4517520776185,1901.36767578125,0.5402623414237204,0.1487110532263237,1.4555729690870896,-0.5354331519889891,-0.0773011748026044,893.9458519571302,22.76618965891072,1.0,60.0,51,32,60,66.0,CHAMKAUR SAHIB
38896,Bari Rauni (281),RUPNAGAR,30.939949,76.41518,38896,1902.603136212844,1901.3660888671875,0.4458026291518868,0.1540111265353771,1.0805258143607446,-0.4728779577732591,-0.0568969728609305,959.2926006050592,22.849236511713222,1.0,42.1,63,63,96,135.0,MORINDA
32718,Patarsi Kalan (262),FATEHGARH SAHIB,30.6126118,76.47865,32718,1899.9423488751504,1901.3646240234375,0.4143716374456916,0.1673203715017338,0.9643374120828352,-0.4613738425738471,-0.0538793576743529,894.6060481479066,22.901650064587727,1.0,300.0,30,50,84,216.0,KHERA
39123,Todar Majra (59),S.A.S Nagar,30.6126118,76.37398,39123,1901.304189894945,1901.3629150390625,0.4231388816799951,0.0758238293564537,1.0612286672191185,-0.4600174824547101,0.0001773024593805,893.1311163117783,22.78422345302016,1.0,262.0,55,110,170,204.0,KHARAR
28442,Rura Buttar (518),GURDASPUR,31.90991,75.4571152,28442,1903.1654949603048,1901.3583984375,0.5792069069209242,0.2484119650270572,1.812663913880568,-0.5350865746542801,-0.1673231814115583,1098.349095429634,22.06123410269524,1.0,154.0,84,102,152,158.0,KAHNUWAN
28774,Kot Ahemad Khan (262),GURDASPUR,31.81982,75.19255,28774,1900.576081546584,1901.35693359375,0.5958225934591338,0.2458049062212512,1.9122228943213304,-0.5437323173306219,-0.1708318453773813,1086.2000080754656,22.16199337264419,1.0,77.0,25,20,38,94.0,BATALA
38797,Gobindgarh Kulchian (100),RUPNAGAR,31.7477474,75.76962,38797,1898.3505706859385,1901.356201171875,0.2789620275878716,0.0891196469422164,1.3495855216203143,-0.2827895361079425,-0.0001416386720292,844.7756114413636,22.646918597549643,0.4912096053402132,54.0,2,2,10,148.0,CHAMKAUR SAHIB
38935,Kulheri (252),RUPNAGAR,30.9369373,76.52683,38935,1899.289631666596,1901.3553466796875,0.4071398693052643,0.0764094669394291,1.0550946948166329,-0.4375272860795998,-0.0040215471397856,962.4367746522324,22.798003492737337,1.0,52.0,33,12,157,160.0,MORINDA
32620,Bhuchhi (87),FATEHGARH SAHIB,30.6660175,76.39093,32620,1898.7147166906504,1901.353515625,0.5514062681748825,0.2143689781873989,1.6142608762233712,-0.5210969945302611,-0.1357548429760434,936.571517865886,22.854862821640893,1.0,75.0,22,27,55,107.0,BASSI PATHANA
28026,Sangatpur (139),GURDASPUR,0.0,0.0,28026,1903.5302140297667,1901.3511962890625,0.5609401681126893,0.2270221413061058,1.6581507908615112,-0.5257870604125026,-0.1462199251450738,1139.3258067777056,22.056743376335533,1.0,104.0,22,50,72,117.0,KALANAUR
28413,Ghot Kalan (558),GURDASPUR,31.9066753,75.43981,28413,1904.134622398903,1901.348876953125,0.5214846611801357,0.1592929366671424,1.5417971839384916,-0.5074318562689989,-0.0866797937098765,1143.9774127320266,22.05957674823649,1.0,100.0,49,70,115,122.0,KAHNUWAN
32080,Sona (134),Shahid Bhagat Singh Nagar,31.1531525,76.30083,32080,1901.9206295160825,1901.3487548828125,0.4392814564909043,0.1044257088402656,1.1291933472766418,-0.4570299567350383,-0.0292451788830936,839.7951963355439,22.357494296089783,1.0,328.0,28,39,360,359.0,NAWANSHAHR
38860,Haron (148),RUPNAGAR,30.9369373,76.400795,38860,1898.830218326381,1901.3447265625,0.5892109516853784,0.2379013274358501,1.4787829953539622,-0.5595774680907122,-0.1556000796641232,916.721189301242,22.821435243015912,0.9146086176472418,217.0,72,19,35,259.0,CHAMKAUR SAHIB
32612,Thablan (89),FATEHGARH SAHIB,30.6846848,76.3890152,32612,1898.8633750787424,1901.344482421875,0.557587178909483,0.2204123570100854,1.5984248018711402,-0.5305438259394604,-0.1386207248624606,936.593124760156,22.85490032907211,1.0,52.64,45,40,177,155.0,BASSI PATHANA
32629,Damheri (188),FATEHGARH SAHIB,30.72072,76.3546753,32629,1903.0450051222144,1901.3426513671875,0.5458904704290468,0.2189791513103353,1.486433332069092,-0.533326425070703,-0.1311238568885428,936.3030393768177,22.85442337969047,1.0,178.63,78,76,187,318.0,BASSI PATHANA
32697,Khera (164),FATEHGARH SAHIB,30.6016827,76.5025,32697,1901.462200505221,1901.340576171875,0.4383945495960432,0.1931755108771504,1.017877377532774,-0.4852400767516893,-0.0730763697643697,894.6060481479066,22.901650064587727,1.0,600.0,25,84,190,443.0,KHERA
30881,Malhian (35),HOSHIARPUR,31.6756763,75.79544,30881,1896.609814878368,1901.3399658203125,0.5230990658219911,0.1494408238516997,1.5454528893002288,-0.5103548241701797,-0.0865459738970576,959.276372473468,22.438470679153,1.0,52.0,12,0,25,74.0,BHUNGA
28423,Sathiali (499),GURDASPUR,31.8918915,75.54845,28423,1899.963844737502,1901.3348388671875,0.5960102158052645,0.2638196498342327,1.755443009142542,-0.5534040816274571,-0.1793163102985587,1131.6664013078112,22.04982144446689,1.0,380.0,158,150,320,343.0,KAHNUWAN
32322,Birowal (147),Shahid Bhagat Singh Nagar,31.2148838,76.2435455,32322,1902.443777753856,1901.3338623046875,0.3864450072345022,0.0613585776427934,1.0071545337996846,-0.4197362785903866,0.0075812311104639,839.7951963355439,22.357494296089783,1.0,2.47,31,49,192,90.0,NAWANSHAHR
37426,Johal (322),AMRITSAR,31.7657661,74.95786,37426,1906.413361179273,1901.329345703125,0.528298241077248,0.1827655809600507,1.2868968098406428,-0.5192665800279436,-0.0976538543280863,989.461008730201,22.32380248902416,1.0,123.0,12,7,80,123.0,MAJITHA
38700,Dau Majra (195),RUPNAGAR,30.9909916,76.50711,38700,1900.1011609219831,1901.327392578125,0.4387913597890652,0.0893384185155521,1.1027361674062617,-0.4678815737840143,-0.0128323813582965,884.4000491311448,22.16996411897884,1.0,1.0,0,0,1,27.0,RUPNAGAR
32964,Amargarh (293),FATEHGARH SAHIB,30.8468475,76.32896,32964,1903.1384158821213,1901.3253173828125,0.5367991264049802,0.1956152791279549,1.4480835087461938,-0.5144584081246556,-0.1132551161102736,923.9367487838166,22.858995408648013,1.0,135.0,40,30,107,154.0,KHAMANO
32474,Maujowal (225),Shahid Bhagat Singh Nagar,31.1711712,76.2100449,32474,1900.8458199760785,1901.322998046875,0.4904685661282399,0.0800005160020408,1.3081765789427031,-0.4997705753770762,-0.0188910014654938,828.9379867722886,22.1998544780825,1.0,191.0,125,90,140,212.0,SAROYA
38952,Mathari (124),RUPNAGAR,30.939949,76.41518,38952,1901.40021128356,1901.3228759765625,0.4319794128876675,0.0938997971025241,1.2543090942019617,-0.4385892893707918,-0.0313079966861534,884.4000491311448,22.16996411897884,1.0,33.0,30,30,103,84.0,MORINDA
28983,Dharam Abad (488),GURDASPUR,32.03277,75.0280762,28983,1898.8603756858383,1901.3189697265625,0.552572067742093,0.2223615838876026,1.2810206992689366,-0.5448384283705625,-0.1224678984143623,1068.6945858409304,22.313068289678824,1.0,232.0,75,70,100,251.0,DERA BABA NANAK
38492,Rajgiri (518),RUPNAGAR,31.0810814,76.53745,38492,1896.244944351319,1901.3189697265625,0.6569772204233659,0.1871933955340071,1.974298989111784,-0.6064544757008654,-0.1354141637252244,802.2466841151612,22.41984541838633,0.4311325599343214,75.0,90,80,240,788.0,NURPUR BEDI
30778,Chak Alam (119),HOSHIARPUR,31.81982,75.61665,30778,1902.120467552588,1901.3148193359375,0.5553225377932086,0.2200459157217064,1.725085734661033,-0.5198833941288139,-0.1408151733347839,1073.0177256276506,22.24859892509784,1.0,50.0,3,5,25,55.0,DASUYA
32621,Hajipur (83),FATEHGARH SAHIB,30.6631889,76.38574,32621,1899.9337840262465,1901.314453125,0.5612744902621939,0.2419595693317951,1.5259052657418544,-0.5394294316689248,-0.1509805093247499,936.571517865886,22.854862821640893,1.0,36.43,12,19,45,134.0,BASSI PATHANA
38622,Dakala (34),RUPNAGAR,31.0810814,76.55849,38622,1898.5748471878023,1901.3135986328125,0.4327223958362454,0.0817363199224085,1.0254678819733378,-0.4688643531228152,-0.0027014337426655,823.2060757350653,22.44359936086526,1.0,74.0,50,50,130,88.0,RUPNAGAR
28046,Devidaspur (407),GURDASPUR,32.1261253,75.33752,28046,1902.762214580256,1901.3135986328125,0.5838731097917635,0.2718064856534383,1.6862813315181564,-0.5401613710689446,-0.1850883789605731,1115.206378400771,22.05627456470721,1.0,59.0,32,30,72,71.0,DHARIWAL
32696,Dubhali (163),FATEHGARH SAHIB,30.594595,76.46443,32696,1902.7083028468032,1901.31298828125,0.4812989628434788,0.1978516406572393,1.1822614971206304,-0.508155622525219,-0.0903014451218008,894.6060481479066,22.901650064587727,1.0,310.0,50,50,171,254.0,KHERA
39044,Sil Kapra (389),S.A.S Nagar,30.81081,76.61499,39044,1899.676833616829,1901.3094482421875,0.4973135177280071,0.1503262040197015,1.372142739792803,-0.496182394737848,-0.071959041396882,946.2563502827428,22.919787044073104,1.0,106.0,11,11,42,141.0,KHARAR
38862,Katlaur (145),RUPNAGAR,30.9009018,76.39301,38862,1899.2666999490696,1901.3089599609375,0.5576349170736986,0.2406344027966367,1.5396304870686133,-0.5215741784166367,-0.1550704983995072,916.721189301242,22.821435243015912,1.0,296.0,27,52,140,296.0,CHAMKAUR SAHIB
28350,Saraspur (380),GURDASPUR,32.0360374,75.39083,28350,1900.604268708452,1901.3082275390625,0.6123361174032966,0.2672785275999272,1.81454991308388,-0.5619889350526054,-0.1850537983608682,1131.6664013078112,22.04982144446689,1.0,157.0,105,100,193,174.0,GURDASPUR
28452,Namana (522),GURDASPUR,31.90991,75.43588,28452,1902.487734643168,1901.3060302734375,0.6310875002544402,0.2695310669270041,2.0115413077776254,-0.571304591421494,-0.1949485594498109,1131.6846900840794,22.049826020569004,1.0,96.0,100,100,148,96.0,KAHNUWAN
28333,Mansur Manj (481),GURDASPUR,32.0533943,75.3988,28333,1904.5661087207127,1901.302001953125,0.5965231605496069,0.2564148403957686,1.842121458869618,-0.544718618996651,-0.1772601431129981,1128.0458269334913,22.05645290884256,1.0,14.0,10,12,21,74.0,KAHNUWAN
31909,Majara Deengrian (111),HOSHIARPUR,31.4200954,75.99041,31909,1900.445564635792,1901.301513671875,0.515994955249526,0.1389726704087176,1.4422313837446932,-0.5111894644223728,-0.0688764424198944,790.2334722688096,22.580193486697112,1.0,421.0,175,175,435,526.0,GARHSHANKAR
32514,Kulpur (247),Shahid Bhagat Singh Nagar,31.18919,76.24561,32514,1898.0257413954496,1901.3011474609375,0.5206468726729235,0.1336036080089035,1.376156461884954,-0.5190045510723069,-0.0615643958674953,851.4699283053773,22.057530697916604,1.0,85.0,135,60,142,212.0,SAROYA
31443,Tagger (512),HOSHIARPUR,31.6795025,75.81032,31443,1895.7042802866456,1901.3001708984375,0.5178477043870049,0.1288615911613508,1.4244788909476516,-0.5159859048361634,-0.0636718310840462,846.6854783704179,22.501385909822545,1.0,125.0,40,33,65,127.0,BHUNGA
31438,Dhatt (61),HOSHIARPUR,31.8772831,75.73804,31438,1900.910276681536,1901.2958984375,0.4769748788663683,0.126358216214953,1.4452983207407155,-0.4648549627907937,-0.0629757355869079,855.2689738182148,22.37403281118491,1.0,1.47,60,0,270,113.0,BHUNGA
28353,Bakhatpur (489),GURDASPUR,32.0360374,75.39083,28353,1900.4108688590625,1901.2938232421875,0.5866156056195833,0.2403338771599669,1.7343347018752209,-0.5467047181832457,-0.1607313122851282,1131.6664013078112,22.04982144446689,1.0,180.7,125,125,272,195.0,GURDASPUR
39020,Mundhon Sangtian (136),S.A.S Nagar,30.9549541,76.54126,39020,1900.1510425661784,1901.2822265625,0.4513399666840282,0.103725346116086,1.2270980893743555,-0.4726973556535191,-0.0292134208557374,884.4000491311448,22.16996411897884,1.0,105.0,120,70,265,155.0,MAJRI
28782,Kalar (266),GURDASPUR,31.8545189,74.95248,28782,1902.813585715636,1901.2803955078125,0.5638544109021852,0.2250861643131293,1.647392006139986,-0.5325478966300573,-0.1443111123608139,1086.2000080754656,22.16199337264419,1.0,40.0,34,45,139,190.0,FATEHGARH CHURIAN
36993,Chandu Majra (21),PATIALA,30.64865,76.38148,36993,1900.2892050724065,1901.279541015625,0.4343776500244712,0.1697736724577178,1.063681458996456,-0.4683110171211882,-0.0641104004462465,888.0127077875646,22.89926164330617,1.0,305.0,20,43,183,306.0,RAJPURA
38819,Khokhar (114),RUPNAGAR,30.9009018,76.41402,38819,1897.8351745794205,1901.2789306640625,0.5021440541892704,0.1821386063585488,1.2273804910907355,-0.523506773691146,-0.0859878366301176,915.8366476075606,22.82592326799101,1.0,167.0,20,20,270,189.0,CHAMKAUR SAHIB
32670,Hindupur (223),FATEHGARH SAHIB,30.594595,76.52722,32670,1903.3958164790968,1901.276123046875,0.449315420725793,0.1627720754721136,1.0373148572604034,-0.481281187874443,-0.0591817266742352,894.6060481479066,22.901650064587727,1.0,159.0,25,50,178,176.0,KHERA
31645,Nangal Maruf (154),HOSHIARPUR,31.6039276,75.86013,31645,1898.6232827037777,1901.2747802734375,0.3798500878412695,0.0459807520050545,0.973825502756364,-0.4092740237893417,0.0183721803403239,846.6854783704179,22.501385909822545,1.0,66.0,28,32,93,182.0,HOSHIARPUR-I
32466,Khanpur Kulewal (184),Shahid Bhagat Singh Nagar,31.0810814,76.30603,32466,1901.683355031462,1901.273193359375,0.4651958664380989,0.1318530998023649,1.266808557753996,-0.4724727818995713,-0.0545296437867686,831.0946989382891,22.23116857507473,1.0,107.0,40,40,114,115.0,BALACHAUR
28381,Gahlarian (598),GURDASPUR,32.0852928,75.46561,28381,1900.128229253864,1901.273193359375,0.5210336268845419,0.2107769714819889,1.5266437887807234,-0.5005979083486942,-0.1221433698785794,1148.4148673433576,22.05477344764912,1.0,94.0,1,0,1,101.0,KAHNUWAN
32556,Dadiana (306),FATEHGARH SAHIB,30.67956,76.40169,32556,1901.3326334504336,1901.271240234375,0.4548634348349053,0.1427811629532869,1.1279967005688882,-0.475373808134605,-0.0523766093794688,946.2463649918932,22.919862199345346,1.0,155.0,150,200,221,160.0,BASSI PATHANA
30685,Baghiari (7),HOSHIARPUR,31.6140671,75.65602,30685,1902.200804409208,1901.26904296875,0.5811557564724503,0.2162701670999902,1.8133945212248788,-0.5401787389448562,-0.1444689421552977,809.747228305568,22.345829776931225,1.0,0.1,39,39,137,213.0,TANDA
30703,Kandhala Jattan (31),HOSHIARPUR,31.6140671,75.65602,30703,1901.16332096588,1901.26904296875,0.4901042922600593,0.1333027293516431,1.46144150179197,-0.4787163315933356,-0.0683285015168049,809.747228305568,22.345829776931225,1.0,2.43,1013,1013,1388,344.0,TANDA
32483,Sajawalpur (170),Shahid Bhagat Singh Nagar,31.1571636,76.30146,32483,1900.1573948169728,1901.26806640625,0.4593890059803569,0.1113834143309982,1.25075717786018,-0.4676099383401774,-0.0399357715430232,833.9210408549504,22.272205272651554,1.0,121.0,95,94,215,149.0,SAROYA
39039,Barauli (380),S.A.S Nagar,30.7567558,76.63484,39039,1900.7179280131213,1901.265380859375,0.4489498651305014,0.1329698122538231,1.091351408113305,-0.4824342781294985,-0.0413559681296369,899.1409334351914,22.399942850440937,1.0,209.0,0,100,340,263.0,KHARAR
32929,Panechan (309),FATEHGARH SAHIB,30.81081,76.34226,32929,1900.427436300711,1901.2618408203125,0.5063739565953398,0.1756895273322447,1.350157218861574,-0.5082724717139776,-0.0907591376344981,956.793064158191,22.8899654269361,1.0,142.0,130,80,170,159.0,KHAMANO
30692,Ghanipur Badhan (8),HOSHIARPUR,31.6140614,75.6559143,30692,1902.507685064321,1901.2615966796875,0.5534432127911455,0.1989004142041384,1.67577117302512,-0.5235345288932944,-0.1270944165222473,809.747228305568,22.345829776931225,1.0,2.02,49,30,71,107.0,TANDA
31700,Talwandi Araian (164),HOSHIARPUR,31.54955,75.77738,31700,1900.7248970652745,1901.2611083984375,0.5356270166140167,0.1755927130749586,1.6352603010836548,-0.513437247567522,-0.1034024258200201,781.2383509032513,22.4173360150605,1.0,149.0,50,50,200,153.0,HOSHIARPUR-I
38752,Sihon Majra (222),RUPNAGAR,30.8288288,76.54543,38752,1901.3963947897853,1901.258544921875,0.4681665418501199,0.1437250826677716,1.3225150705763618,-0.4801084287872725,-0.0575212925139821,903.414841488176,22.62803625495125,1.0,140.0,20,3,140,165.0,RUPNAGAR
27960,Manepur (134),GURDASPUR,31.8558559,75.13707,27960,1902.461140098441,1901.254150390625,0.5748980883061572,0.2352411666717229,1.676018670916761,-0.537512724988054,-0.1520125045655005,1143.0315452770285,22.052230200898578,1.0,325.0,101,100,220,376.0,KALANAUR
32467,Raipur (185),Shahid Bhagat Singh Nagar,31.0630627,76.31261,32467,1901.7322578615988,1901.24951171875,0.3956439041061324,0.053035423660301,1.0379668837539988,-0.4164999600562136,0.0124049169873703,828.9379867722886,22.1998544780825,1.0,105.0,20,40,122,113.0,BALACHAUR
38933,Badwali (251),RUPNAGAR,30.9369373,76.52683,38933,1898.3642455372487,1901.2491455078125,0.4692969498884156,0.1544508534754515,1.1702480600507292,-0.486037575526794,-0.0648080241052089,958.3446825783976,22.82880302517064,1.0,194.0,75,75,287,234.0,MORINDA
38733,Raipur Patti Gandhon (193),RUPNAGAR,30.9549541,76.52025,38733,1901.2516692439688,1901.24755859375,0.5347933268220385,0.1772050627438625,1.4512002428993118,-0.5233692606881306,-0.0971401899257513,884.4000491311448,22.16996411897884,1.0,1.0,7,0,12,60.0,RUPNAGAR
30686,Jaura (6),HOSHIARPUR,31.6756763,75.64723,30686,1901.0923869985795,1901.2469482421875,0.5762468899812707,0.2100553141139576,1.8203480656432809,-0.5342965081124207,-0.1430750846236446,809.747228305568,22.345829776931225,1.0,1.21,56,90,386,242.0,TANDA
31775,Mahal (55),HOSHIARPUR,31.3196812,75.94421,31775,1901.9489791806848,1901.24462890625,0.542187134012977,0.1780640691702416,1.4804852051295878,-0.5270669114521708,-0.1025537087499552,762.1066167600518,22.84945329181365,1.0,94.0,37,37,127,195.0,MAHILPUR
32557,Dadiani (216),FATEHGARH SAHIB,30.61952,76.3487244,32557,1901.900845402626,1901.2442626953125,0.4669307073841179,0.1532949197965405,1.115984954843896,-0.4949813867176157,-0.056912171963429,946.2463649918932,22.919862199345346,1.0,129.0,21,4,4,136.0,BASSI PATHANA
32716,Sadhugarh (155),FATEHGARH SAHIB,30.6126118,76.47865,32716,1900.343943584508,1901.243896484375,0.4402797721124714,0.1635236505391705,1.0061330181368922,-0.482320509478794,-0.0558423003862346,894.6060481479066,22.901650064587727,1.0,300.0,0,20,23,126.0,KHERA
31764,Bham (12),HOSHIARPUR,31.3411865,75.99548,31764,1903.4578088383007,1901.2396240234375,0.405411531505599,0.0449726103346398,1.0073455837125924,-0.4394952868587818,0.021577322026595,843.3298940382284,22.315294323803176,0.9738402109942612,697.0,129,218,883,772.0,MAHILPUR
31144,Taggar Kalan (431),HOSHIARPUR,31.9459457,75.6141,31144,1899.7881200830168,1901.236083984375,0.467016286343096,0.2238632658562475,1.3843533582921812,-0.4186402255679942,-0.1199689639567527,1142.1975691127122,22.06122383442268,1.0,56.0,45,45,214,314.0,MUKERIAN
28942,Jaurian Kalan (466),GURDASPUR,32.0360374,75.0294952,28942,1897.6740257731133,1901.2354736328125,0.5485489393001677,0.2270647782572637,1.4442078166987034,-0.5322093171529162,-0.1342083280595072,1115.0650176217457,22.23160584795756,1.0,278.0,58,50,252,311.0,DERA BABA NANAK
32398,Paniali (411),Shahid Bhagat Singh Nagar,31.1171169,76.35603,32398,1899.8637401677456,1901.233642578125,0.5645414083809409,0.1322960216747064,1.584674281346241,-0.5405205307059816,-0.0726541740174066,844.7756114413636,22.646918597549643,1.0,156.0,40,42,223,306.0,BALACHAUR
31855,Jaitpur (32),HOSHIARPUR,31.477478,76.01474,31855,1899.164884712938,1901.2301025390625,0.3830703265186768,0.0378743122087016,1.0047032484140983,-0.4230620067370401,0.0279466359035227,903.97068290018,21.992633355513988,1.0,107.0,107,121,240,126.0,MAHILPUR
31565,Bassi Daulat Khan (237),HOSHIARPUR,31.36937,75.82165,31565,1899.581309105376,1901.223388671875,0.3725704928488405,-0.0065675593161415,0.9481451474492918,-0.4052000561265492,0.062276978388315,890.0315853764909,22.315053295634414,1.0,18.0,108,90,385,56.0,HOSHIARPUR-II
39008,Bhup Nagar (315),S.A.S Nagar,30.8288288,76.67133,39008,1900.489666433884,1901.2227783203125,0.4193680370988324,0.0609179502789396,1.0034921539672337,-0.4610608939069335,0.0135503606027723,884.4000491311448,22.16996411897884,1.0,84.0,38,38,112,113.0,MAJRI
28972,Palla Nangal (471 ),GURDASPUR,32.0360374,75.0294952,28972,1900.62219612744,1901.2225341796875,0.6284036841315963,0.3040677998270278,2.024347765586936,-0.5674472053009808,-0.2205185260318836,1115.0650176217457,22.23160584795756,0.9595739163911609,2.47,15,15,30,109.0,DERA BABA NANAK
38897,Chaklan (292),RUPNAGAR,30.9729729,76.51368,38897,1902.23652638808,1901.221923828125,0.4853997216671921,0.1677084238931953,1.3438388005237305,-0.4889257981820301,-0.0815606690351661,960.119190470537,22.83576757086362,1.0,2.47,10,2,50,229.0,RUPNAGAR
28706,Sangatpura (205),GURDASPUR,0.0,0.0,28706,1903.594379739698,1901.2188720703125,0.5082217044717223,0.18045516239421,1.5491853982592376,-0.4941906063988621,-0.1028305906366263,1072.168001811733,21.9990094913166,0.9663136623078328,99.0,216,152,206,110.0,BATALA
38810,Sarangpur (119),RUPNAGAR,30.9009018,76.41402,38810,1899.507727949976,1901.213134765625,0.5240342519865967,0.2014123922076342,1.3552307123273262,-0.5319841983526314,-0.1093770973422405,855.2991542031663,22.66896286104054,1.0,68.0,12,0,55,68.0,CHAMKAUR SAHIB
28063,Mandahar (434),GURDASPUR,32.1261253,75.33752,28063,1900.2132490187985,1901.2095947265625,0.6284168523102849,0.2903051772114968,1.9365193803403864,-0.5659028323470967,-0.2116899396370839,1108.1613841464418,22.105158846297684,1.0,34.0,0,0,22,44.0,DHARIWAL
28441,Dhandal (519),GURDASPUR,32.0847244,75.4667,28441,1902.935428920718,1901.20947265625,0.6112284160706258,0.2729112648571484,1.9089497167488183,-0.5609419335093683,-0.1924521539356773,1131.6664013078112,22.04982144446689,1.0,140.0,80,80,135,159.0,KAHNUWAN
31939,Kitna (121),HOSHIARPUR,31.423605,76.0031052,31939,1900.8156199467849,1901.20947265625,0.4984990826306555,0.1544538550829419,1.3112540901085372,-0.5034575906581146,-0.0729214622056042,831.6491872415847,22.336068491913608,1.0,89.06,75,50,378,332.0,GARHSHANKAR
28034,Attari (150),GURDASPUR,31.8738747,75.215416,28034,1903.2866245454056,1901.2078857421875,0.5909856769838674,0.2520138039139062,1.7082452317434045,-0.5520004798672856,-0.1675277139176163,1134.0841349889154,22.050107894702688,1.0,184.0,40,67,117,188.0,KALANAUR
39053,Mamunpur (381),S.A.S Nagar,30.6126118,76.37398,39053,1900.5724828153604,1901.2069091796875,0.4504165226154077,0.1017926937835518,1.2479181040120064,-0.4672827983288408,-0.031491028634112,899.1409334351914,22.399942850440937,1.0,1.0,33,68,145,192.0,KHARAR
28391,Bajar (588),GURDASPUR,32.0852928,75.46561,28391,1901.708819839792,1901.2064208984375,0.5186703156835341,0.2023393671840507,1.4863624852104091,-0.502419632074304,-0.1162369891734071,1149.1040381600756,22.05418457981392,1.0,116.0,6,0,98,123.0,KAHNUWAN
32487,Taprian Ranewal (172),Shahid Bhagat Singh Nagar,31.1711712,76.23111,32487,1899.520011998939,1901.202392578125,0.467230447168583,0.0989949599360438,1.2743335412074446,-0.4775778843784732,-0.0319201804489023,828.9379867722886,22.1998544780825,1.0,72.0,103,55,88,82.0,SAROYA
31965,Khabra (127),HOSHIARPUR,31.5135136,75.7481461,31965,1899.688973495132,1901.2021484375,0.4488603623897889,0.1041477900956791,1.140779845164213,-0.4644312877705525,-0.0279100550077517,824.7937652280228,22.51144758387028,1.0,201.0,61,32,109,122.0,GARHSHANKAR
28989,Rasulpur (494),GURDASPUR,32.0360374,75.0294952,28989,1901.5659975719457,1901.20068359375,0.6412293632661547,0.3020214596994133,1.5319388129832938,-0.6068842504782239,-0.2027175320341757,1075.3952251470048,22.30722594410541,1.0,68.0,0,1,1,84.0,DERA BABA NANAK
28341,Manj (507),GURDASPUR,32.03944,75.39392,28341,1901.1370200294025,1901.1959228515625,0.6095166187074773,0.2628155176209966,1.928492096860516,-0.5576429406514256,-0.1850697616917335,1131.6664013078112,22.04982144446689,1.0,65.0,61,61,101,183.0,DINANAGAR
38823,Dhumewal (138),RUPNAGAR,30.9009018,76.45601,38823,1898.4338426348345,1901.1942138671875,0.5226525202693499,0.1975830330317273,1.2756490786514456,-0.5407744187723225,-0.1004808571306783,916.721189301242,22.821435243015912,1.0,13.0,50,35,100,17.0,CHAMKAUR SAHIB
27989,Jiojulahi (81),GURDASPUR,31.8558559,75.13707,27989,1898.965157140988,1901.19091796875,0.5520050511809463,0.2347883106183196,1.5793207362542236,-0.5285427490731854,-0.1445052942352495,1139.3258067777056,22.056743376335533,1.0,115.0,35,30,70,161.0,KALANAUR
30852,Bagol Khurd (67),HOSHIARPUR,31.81982,75.8074951,30852,1900.9950749399168,1901.186767578125,0.5466466744825113,0.1634218736726982,1.6616423932347908,-0.5201494696284331,-0.0989364701114589,959.276372473468,22.438470679153,1.0,1.61,20,24,93,131.0,TANDA
37103,Talib Pur (86),AMRITSAR,31.8378372,74.76184,37103,1900.6476318358032,1901.1845703125,0.5749173687007998,0.2235100681677385,1.471533588281036,-0.5449496686701404,-0.1367495218481437,1068.6945858409304,22.313068289678824,1.0,64.0,10,10,12,68.0,AJNALA
32066,Bhagoran (139),Shahid Bhagat Singh Nagar,31.1894264,76.09247,32066,1902.4302897932168,1901.17529296875,0.4749014427373016,0.1419222296206211,1.2299500769128586,-0.4850609624703625,-0.0605825713187246,839.7951963355439,22.357494296089783,1.0,2.47,23,34,315,519.0,NAWANSHAHR
31604,Bulhowal (110),HOSHIARPUR,31.54955,75.9888153,31604,1897.9518527928533,1901.17529296875,0.4509646586651673,0.0873486815506981,1.269396978259938,-0.4554903612320276,-0.0268282809211378,846.6854783704179,22.501385909822545,0.9169845342086504,60.0,40,42,422,202.0,HOSHIARPUR-I
32513,Sahungra (249),Shahid Bhagat Singh Nagar,31.1711712,76.23111,32513,1898.57723314178,1901.1751708984375,0.4620551304621166,0.1047202171569138,1.2689441354868225,-0.4651548300374886,-0.036217317904035,851.4699283053773,22.057530697916604,1.0,99.5,159,150,345,278.0,SAROYA
30682,Dehriwala (28),HOSHIARPUR,31.6576576,75.78074,30682,1900.9978597151323,1901.172607421875,0.4748429675060094,0.1152804313094056,1.4105835856612008,-0.4682212790771528,-0.0540945464851788,809.747228305568,22.345829776931225,1.0,153.0,0,109,389,180.0,BHUNGA
31536,Naurangabad (304),HOSHIARPUR,31.5302944,75.90347,31536,1900.8914857492507,1901.169677734375,0.3838669054698209,0.0167040406195768,0.9735760647969552,-0.4183959157073561,0.0447044686881127,903.97068290018,21.992633355513988,1.0,27.0,0,0,1,27.0,HOSHIARPUR-II
38409,Paharpur (329),RUPNAGAR,31.2432442,76.49996,38409,1903.2886456160843,1901.1683349609375,0.5851792282577147,0.1432743225146189,1.5375233675427726,-0.5898787114954133,-0.0809627269555937,835.9767470544156,20.98936670111574,0.629568593131762,120.0,100,150,160,675.0,ANANDPUR SAHIB
36856,Mehdudan (350),PATIALA,30.3243237,76.60746,36856,1901.832569479324,1901.16796875,0.3354783412238931,0.1688819551375513,0.9220297862330386,-0.3879922513573252,-0.0527125684104358,895.9456476380723,22.91402532560585,1.0,54.0,35,80,165,151.0,GHANAUR
28987,Gurchak (492),GURDASPUR,32.0360374,75.0294952,28987,1899.1649972669588,1901.1644287109375,0.3870886520634651,0.1272836432541468,0.9588102882292164,-0.4058860562153277,-0.0281324272241704,1094.1426030939356,22.268361834664788,1.0,270.0,52,51,87,329.0,DERA BABA NANAK
31766,Thappal (10),HOSHIARPUR,31.3192959,75.94386,31766,1903.6743996552705,1901.1632080078125,0.3825454441021506,0.0217389879478621,0.9069589993635082,-0.4232698650161609,0.0433368152740432,828.8790526797669,22.39218518476929,1.0,55.0,65,65,76,69.0,MAHILPUR
38710,Manak Majra (189),RUPNAGAR,30.9729729,76.51368,38710,1901.638724531277,1901.1593017578125,0.4962341698403074,0.1476328760076883,1.298654308182637,-0.502806666000092,-0.0658258194711512,884.4000491311448,22.16996411897884,1.0,6.0,25,15,140,109.0,RUPNAGAR
30849,Chattowal (61),HOSHIARPUR,31.6140671,75.65602,30849,1900.7018490245985,1901.15869140625,0.5282504229227194,0.1652105585094855,1.7043716600119343,-0.4988004803044337,-0.1010826750804227,959.276372473468,22.438470679153,1.0,2.02,40,40,173,88.0,TANDA
38741,Singh (215),RUPNAGAR,30.8288288,76.54543,38741,1901.1742063066824,1901.158203125,0.4716245212599403,0.1441199565985035,1.264627997080156,-0.4751187417762999,-0.0651601477102908,894.8328990766689,22.421294649918828,1.0,2.472,55,25,210,106.0,RUPNAGAR
30624,Barchuhi (11),JALANDHAR,31.5855846,75.63746,30624,1903.271570098996,1901.158203125,0.50019217140565,0.1466856149449353,1.5155348089135867,-0.4868555497422319,-0.0787683626602975,786.1698511054414,22.39146673789071,1.0,20.0,20,20,90,75.0,BHOGPUR
31928,Gujjarpur (289),HOSHIARPUR,31.4071312,76.03583,31928,1899.309645687695,1901.15625,0.4007813612382211,0.0457774419812832,0.9941996327927802,-0.4422880407586583,0.023066896277478,804.6884604868577,22.46198855670152,1.0,70.0,30,95,153,159.0,MAHILPUR
31746,Phadman (276),HOSHIARPUR,31.39224,75.81493,31746,1902.4919381956963,1901.154052734375,0.4339553111392646,0.0518935364193837,1.1581408842009495,-0.4428496869923047,0.0081003762700985,828.8790526797669,22.39218518476929,1.0,27.5,120,102,138,75.0,HOSHIARPUR-II
30617,Chamiari (5),JALANDHAR,31.4899235,75.6344,30617,1901.8478777363005,1901.1485595703125,0.5651552764729328,0.2261568665388487,1.7468820609629672,-0.5341029839270504,-0.1477237968609695,803.5542775828524,22.35781700723108,1.0,160.5,10,10,173,178.0,BHOGPUR
39022,Thana Gobindgarh (142),S.A.S Nagar,31.0990982,76.55196,39022,1900.27310832251,1901.1453857421875,0.4403274489052526,0.0663063334021143,1.1214177210895115,-0.4695689451836827,0.0033554651681406,884.4000491311448,22.16996411897884,1.0,1.0,6,1,148,173.0,MAJRI
32565,Bhaganpur (303),FATEHGARH SAHIB,30.6357765,76.42571,32565,1901.844991463806,1901.145263671875,0.4780720078358316,0.1913924260678323,1.1530574670787457,-0.5048455921280183,-0.0856212256213303,946.2463649918932,22.919862199345346,1.0,310.0,28,45,90,227.0,KHERA
28051,Machhana (413),GURDASPUR,31.95614,75.32195,28051,1902.928539695277,1901.144775390625,0.6172190900561078,0.2862209175058645,1.8053303031523136,-0.5641497106251274,-0.198177809037246,1119.414344483408,22.031537268883778,1.0,130.0,60,60,105,143.0,DHARIWAL
30774,Galowal (477),HOSHIARPUR,31.6576576,75.78074,30774,1901.5591967908845,1901.141357421875,0.5377318566356382,0.206944392007917,1.6765700663062475,-0.5056545654748171,-0.127867780991728,1073.0177256276506,22.24859892509784,1.0,239.0,20,0,121,335.0,BHUNGA
31545,Jallowal (300),HOSHIARPUR,31.52718,75.92317,31545,1902.0818349317897,1901.137939453125,0.3464795208682735,-0.0076601170983569,0.8614950726206553,-0.393574190847518,0.0666902528064525,893.3171675296948,22.04931918776736,1.0,286.0,16,149,372,228.0,HOSHIARPUR-II
39011,Rampur (129),S.A.S Nagar,30.81081,76.59401,39011,1901.699157581666,1901.137451171875,0.4563016192363538,0.0866986677362187,1.167064766548115,-0.4779989416650232,-0.0142722917690628,886.2540784085973,22.198889608963142,1.0,47.0,18,22,50,86.0,MAJRI
39061,Naggal (99),S.A.S Nagar,30.8288288,76.5874,39061,1902.398401116189,1901.1358642578125,0.4235737008236372,0.0934703406987229,1.180246062953868,-0.4437787388578253,-0.018173444715567,899.1409334351914,22.399942850440937,1.0,44.0,40,15,70,63.0,MAJRI
31873,Phagon (303),HOSHIARPUR,31.477478,76.01474,31873,1899.690868323466,1901.1309814453125,0.4654897012088415,0.0984089762346774,1.24979352808754,-0.4782280325785293,-0.0288127516612596,903.97068290018,21.992633355513988,0.3263751773044058,66.0,0,0,20,68.0,MAHILPUR
28698,Kalian (200),GURDASPUR,31.8558559,75.13707,28698,1906.1044693543124,1901.1304931640625,0.5546849829571086,0.2280603674462233,1.841876398680076,-0.5159619383259325,-0.1516208355296143,1043.7914746737893,22.03510593617288,1.0,93.0,155,135,235,109.0,BATALA
28913,Gazi Nangal (418),GURDASPUR,32.0180168,75.03599,28913,1906.59264311382,1901.129638671875,0.5791315781909714,0.2336534450906601,1.5570477555309452,-0.5465773915656023,-0.1486956501364576,1128.0726297788658,22.179859539207683,1.0,2.47,40,30,140,170.0,DERA BABA NANAK
28065,Mughal (433),GURDASPUR,32.1261253,75.33752,28065,1900.4454500274069,1901.12841796875,0.5938301569383212,0.2519124800758802,1.792531757650856,-0.5482203634430651,-0.1746079776646267,1108.1613841464418,22.105158846297684,1.0,505.0,13,15,32,526.0,DHARIWAL
28083,Gill (431),GURDASPUR,32.0,75.48866,28083,1900.6209410897663,1901.1278076171875,0.5487929011386683,0.2206447587732758,1.675350437148344,-0.51566015598159,-0.140698053130944,1108.1613841464418,22.105158846297684,1.0,60.0,32,21,57,76.0,DHARIWAL
39010,Dhaktana (131),S.A.S Nagar,30.8288288,76.67133,39010,1900.5952089748744,1901.1253662109375,0.4113586831156179,0.0525488120904317,1.0446163090544804,-0.4470763823987306,0.0160987593907922,884.4000491311448,22.16996411897884,1.0,55.0,21,21,55,71.0,MAJRI
38840,Mukarabpur (143),RUPNAGAR,30.7747746,76.64919,38840,1898.143097086505,1901.1240234375,0.4902178572152268,0.1975326926330942,1.2037500623931678,-0.5106523816246169,-0.0958285735105679,916.721189301242,22.821435243015912,1.0,80.0,22,22,40,88.0,CHAMKAUR SAHIB
38383,Karura (494),RUPNAGAR,31.45946,76.3169556,38383,1902.6024764879828,1901.1236572265625,0.571276318445846,0.1263786879151021,1.5781181188873192,-0.5561298287097868,-0.0707546289132449,830.6255879809754,21.71718340171697,0.7189324581360305,2.1,15,35,63,494.0,NURPUR BEDI
30865,Jia Sahota Khurd (23),HOSHIARPUR,31.6936932,75.78898,30865,1896.512743935348,1901.1234130859375,0.5301419614765053,0.1483399426496276,1.548099464268884,-0.5159902979284002,-0.0830002469932486,959.276372473468,22.438470679153,1.0,4.0,66,12,75,52.0,BHUNGA
30810,Khuda (71),HOSHIARPUR,31.54955,75.90424,30810,1900.046118908786,1901.1185302734375,0.4744594055437443,0.1238125040331787,1.4062252957005468,-0.4703904471683072,-0.0606593340951373,1001.2690064534918,22.35054913340857,1.0,1.21,0,36,655,321.0,TANDA
31676,Khar Dehar (98),HOSHIARPUR,31.6118011,75.8548355,31676,1902.512245490108,1901.1173095703125,0.5752707545462932,0.205190509221903,1.8007613569171144,-0.5354568259417424,-0.1371600833334047,809.747228305568,22.345829776931225,1.0,36.0,35,35,85,103.0,HOSHIARPUR-I
38803,Taprian Rashidpur (105),RUPNAGAR,30.9189186,76.53342,38803,1898.3891305519865,1901.116943359375,0.4444614830107535,0.1911718325996396,0.8294634099619669,-0.4368123188838439,-0.0929290454890228,846.2667620754884,22.650535645522417,0.8641771632442117,28.0,8,10,15,38.0,CHAMKAUR SAHIB
28439,Jogichima (506),GURDASPUR,31.333334,75.62385,28439,1901.928306467417,1901.1160888671875,0.6031597720563426,0.2730902293145897,1.7987359594592354,-0.5583027407777184,-0.1884520212334323,1131.6664013078112,22.04982144446689,1.0,195.0,80,75,185,223.0,KAHNUWAN
37083,Arazi Kassowala (77),AMRITSAR,31.6936932,74.89958,37083,1904.954908587072,1901.1142578125,0.6307717798878372,0.2783154959976169,1.5137621105656345,-0.5972236312227434,-0.1856760622312488,1090.8004638755076,22.29379398273932,1.0,146.0,1,1,1,160.0,AJNALA
28420,Chak Yaqub (573),GURDASPUR,31.90991,75.4571152,28420,1901.0318373635805,1901.1142578125,0.5796321018612749,0.2155719427879703,1.7311827588369122,-0.5448024471261683,-0.1407286870677858,1149.0573146140637,22.054172888943704,1.0,82.0,101,100,151,261.0,KAHNUWAN
28390,Nuktipur (582),GURDASPUR,32.0180168,75.4185,28390,1901.3990007651005,1901.1119384765625,0.5638294854441499,0.2485857660038011,1.7198331992844174,-0.5306740249766951,-0.1587934704575845,1149.1040381600756,22.05418457981392,1.0,75.0,2,1,2,52.0,KAHNUWAN
38868,Gobindpur Alias Dhespur (305),RUPNAGAR,30.9009018,76.41402,38868,1901.436724423865,1901.10791015625,0.5230852331095813,0.1885384319176332,1.369104220731138,-0.5190119253250586,-0.1030836737561736,916.721189301242,22.821435243015912,1.0,77.0,59,35,65,87.0,CHAMKAUR SAHIB
32664,Blahri Khurd (168),FATEHGARH SAHIB,30.6126118,76.47865,32664,1900.6213006230385,1901.1068115234375,0.453236137384838,0.165823468359412,1.1276937537430547,-0.475094732020006,-0.0676958332264081,894.6060481479066,22.901650064587727,1.0,232.0,45,50,110,247.0,KHERA
31752,Mukhliana (284),HOSHIARPUR,31.3927364,75.81597,31752,1902.8595499281264,1901.1048583984375,0.401141641418162,0.045505007832585,1.0710891297591447,-0.4271790644741282,0.0168222121605765,828.8790526797669,22.39218518476929,1.0,215.3,300,214,493,602.0,HOSHIARPUR-II
32403,Bharthala (205),Shahid Bhagat Singh Nagar,31.0630627,76.29157,32403,1900.84359697028,1901.104736328125,0.4358616104189538,0.1024918749366379,1.1971911551647596,-0.4488616907669509,-0.0309738681173724,844.7756114413636,22.646918597549643,1.0,107.0,30,40,118,143.0,BALACHAUR
31556,Kaimpur (254),HOSHIARPUR,31.36937,75.82165,31556,1898.8603491055192,1901.0960693359375,0.3991313939848431,0.0301821326525658,1.103669741607455,-0.4211820780682077,0.0238835225039723,890.0315853764909,22.315053295634414,1.0,28.0,2,2,72,75.0,HOSHIARPUR-II
32464,Jadli 178),Shahid Bhagat Singh Nagar,31.0810814,76.30603,32464,1902.50326818418,1901.095947265625,0.4319610971441696,0.1195344306515566,1.1145583405448636,-0.4487095916653015,-0.0378291177262144,839.7951963355439,22.357494296089783,1.0,136.0,12,40,215,156.0,BALACHAUR
30851,Sohian (62),HOSHIARPUR,31.54955,75.90424,30851,1900.864157059416,1901.0924072265625,0.6257076679255742,0.2183416696792609,2.0320438004113903,-0.5643105947556747,-0.1566862652605051,959.276372473468,22.438470679153,1.0,2.02,17,15,163,98.0,TANDA
39027,Mehrampur (139),S.A.S Nagar,30.81081,76.59401,39027,1900.1268181440416,1901.091552734375,0.4355869356197644,0.0677848404202001,1.1159396624362463,-0.4658923228177958,0.002116365848117,884.4000491311448,22.16996411897884,1.0,160.0,50,50,118,132.0,MAJRI
28475,Chib (556),GURDASPUR,31.90991,75.43588,28475,1904.770436414427,1901.084716796875,0.4948769807527872,0.1501324199040457,1.4159757646396236,-0.492072917313677,-0.0754674367864996,1115.3057393329232,22.089733523698904,1.0,25.0,50,0,131,93.0,KAHNUWAN
28101,Mulianwala (406),GURDASPUR,32.1261253,75.33752,28101,1901.6010768680287,1901.0784912109375,0.4961663781476975,0.1587803852673778,1.4551047143110003,-0.480645750769018,-0.087889825713171,1117.527732532253,22.07571790967114,0.9504055252031932,187.0,0,168,370,217.0,DHARIWAL
28874,Malakpur (413),GURDASPUR,32.0360374,75.0294952,28874,1904.7070626980765,1901.07666015625,0.5639055014612446,0.2249423386569386,1.7026822891722766,-0.5270329020558693,-0.1448157171777498,1136.3088574667077,22.16224362015251,1.0,2.47,100,0,87,85.0,DERA BABA NANAK
28388,Pero Langah (584),GURDASPUR,32.07792,75.46197,28388,1900.678999959631,1901.075927734375,0.549816625256678,0.2334082070687008,1.6418386529554971,-0.5143223339256608,-0.1471505710600228,1149.1040381600756,22.05418457981392,1.0,34.0,10,20,23,39.0,KAHNUWAN
31433,Baich (507),HOSHIARPUR,31.6576576,75.75957,31433,1897.522631462357,1901.0758056640625,0.5359338788200815,0.1545794872980356,1.5414260503948105,-0.5202606893126117,-0.0881120568266734,869.1449252716977,22.382622284330584,1.0,2.47,107,107,218,92.0,BHUNGA
39104,Garanga (373),S.A.S Nagar,30.81081,76.61499,39104,1900.5562402196167,1901.075439453125,0.5090141772856404,0.1538165605351143,1.346242086971149,-0.5061641992785536,-0.074825407738368,942.3837131460434,22.909998266351067,1.0,169.0,55,70,350,252.0,KHARAR
32468,Rurki Khurd (187),Shahid Bhagat Singh Nagar,31.0630627,76.29157,32468,1901.809114677732,1901.07421875,0.4562362248946469,0.1023865038582714,1.2455547238090157,-0.463762861824964,-0.0323599649653247,828.9379867722886,22.1998544780825,1.0,22.0,21,10,44,153.0,BALACHAUR
28909,Udhowal Khurd (374),GURDASPUR,32.0180168,75.03599,28909,1905.502120083097,1901.073486328125,0.5213771722575555,0.1752238249966891,1.4027656244865068,-0.5079674879262462,-0.0957075010072706,1108.560831413969,22.23762410345011,1.0,183.0,50,50,266,231.0,DERA BABA NANAK
28274,Khichian (656),GURDASPUR,32.04134,75.40231,28274,1901.1049893442207,1901.06982421875,0.5796313114913342,0.2400835943015133,2.7883464126091164,-0.531406704559692,-0.1672236939023671,1128.3679158113043,22.07472113592838,1.0,52.0,230,85,180,60.0,GURDASPUR
30776,Passi Bet (479),HOSHIARPUR,31.8738747,75.59733,30776,1901.8725860285424,1901.0693359375,0.5166331496535859,0.2138956706283986,1.5120529095647215,-0.5000362250124717,-0.1242183474212211,1073.0177256276506,22.24859892509784,1.0,140.0,85,80,217,159.0,DASUYA
27849,Kolian (307),GURDASPUR,32.0360374,75.39083,27849,1897.0823960848363,1901.0682373046875,0.6663592214980495,0.2821895857873178,1.9663161840170127,-0.6023812392080639,-0.2081725225512283,1097.5122535242515,22.085316281093046,1.0,112.0,35,80,142,121.0,DINANAGAR
28372,Bhaini Paswal (594),GURDASPUR,31.8918915,75.52723,28372,1900.2990831202908,1901.065185546875,0.5872947821565383,0.2405661510042649,1.855077082690973,-0.5263567715763807,-0.161647661898729,1142.7632391808518,22.05960252914776,1.0,538.0,38,0,430,821.0,KAHNUWAN
32959,Amrala (303),FATEHGARH SAHIB,30.81081,76.36324,32959,1900.1812882070624,1901.0623779296875,0.5758555585953793,0.247234943499258,1.5194449080686112,-0.5526431879976548,-0.1567203553187532,956.793064158191,22.8899654269361,1.0,538.0,180,180,365,567.0,KHAMANO
38990,Bharaunjian (160),S.A.S Nagar,30.8828831,76.67257,38990,1898.5525788972448,1901.0609130859375,0.3762157085915733,0.027113911208998,0.9551309486661184,-0.4081506822700771,0.0346549635097067,814.0134456565278,22.43804828433952,0.0926084468008193,139.0,60,47,357,204.0,MAJRI
30861,Mohan (52),HOSHIARPUR,31.6756763,75.62606,30861,1900.6812030681888,1901.06005859375,0.5191490750509306,0.1465151375601972,1.5405614955734366,-0.4993992035228211,-0.0809523913797525,959.276372473468,22.438470679153,1.0,0.1,12,15,150,108.0,TANDA
32379,Manewal (444),Shahid Bhagat Singh Nagar,31.1171169,76.35603,32379,1900.6098039899264,1901.0576171875,0.5328564435719668,0.1344514911132009,1.5578119270249506,-0.5167187228276986,-0.0717501801171538,855.2036150749462,22.668762729795848,1.0,133.0,16,88,167,133.0,BALACHAUR
39040,Hasanpur (177),S.A.S Nagar,30.7144375,76.73592,39040,1900.3135126280283,1901.0565185546875,0.4535598320331885,0.1066962543963807,1.213777212879653,-0.4742141368188101,-0.0307466015907078,899.1409334351914,22.399942850440937,1.0,48.0,30,30,50,172.0,MAJRI
38822,Bazidpur (139),RUPNAGAR,30.9189186,76.51241,38822,1898.182638754479,1901.05615234375,0.4989178495688973,0.1521616579546267,1.3059948137803674,-0.5093384448292759,-0.0721831500838312,916.721189301242,22.821435243015912,1.0,436.0,124,170,220,158.0,CHAMKAUR SAHIB
32346,Burj Alias Chak (473),Shahid Bhagat Singh Nagar,31.0630627,76.29157,32346,1902.4242175409504,1901.0545654296875,0.4472710706213386,0.1549539960596929,1.141225484433486,-0.4805952749935466,-0.0592009248659933,855.2991542031663,22.66896286104054,1.0,68.0,5,5,25,73.0,BALACHAUR
39007,Salempur Khurd (317),S.A.S Nagar,31.0990982,76.55196,39007,1900.269471362976,1901.0521240234375,0.4559528678487079,0.1075562946776131,1.1842669287074123,-0.4773989651217923,-0.0287002733601144,884.4000491311448,22.16996411897884,1.0,1.0,1,10,97,245.0,MAJRI
38869,Barsalpur (306),RUPNAGAR,30.8468475,76.49685,38869,1901.589452076664,1901.0438232421875,0.5368008448724156,0.2020576312128068,1.4440169121562187,-0.5255090891982752,-0.1160411557332157,941.1782529038956,22.863261263705024,1.0,284.0,172,168,409,284.0,CHAMKAUR SAHIB
38987,Salamatpur (162),S.A.S Nagar,30.8828831,76.67257,38987,1899.8359063276275,1901.0435791015625,0.4144373253839979,0.0375335440145411,1.0499807716003615,-0.4353169206525053,0.0227468007585405,814.0134456565278,22.43804828433952,0.1954562724011137,89.0,38,38,121,134.0,MAJRI
28386,Bhurian Sainian (586),GURDASPUR,32.0540543,75.44819,28386,1900.861148615796,1901.0419921875,0.5683087209223247,0.2392384266938792,1.6927800211804034,-0.5285503581398838,-0.1552168573411304,1149.1040381600756,22.05418457981392,1.0,68.0,50,50,82,72.0,KAHNUWAN
39009,Tajpura (316),S.A.S Nagar,30.81081,76.59401,39009,1900.1992175017813,1901.04150390625,0.4420717959736993,0.0845752775690522,1.0889277420294885,-0.4720272863276549,-0.0073183013923985,884.4000491311448,22.16996411897884,1.0,45.0,22,22,47,78.0,MAJRI
28052,Dula Nangal (415),GURDASPUR,31.8378372,75.22844,28052,1901.6868275011384,1901.0400390625,0.5657128786283353,0.2342921857004902,1.707211692575946,-0.5291624279332319,-0.1524182326974571,1135.6503375127877,22.062453399392783,1.0,335.0,80,105,370,367.0,DHARIWAL
31675,Talwandi Goni (94),HOSHIARPUR,31.5135136,75.811554,31675,1902.56119201834,1901.03857421875,0.5814698049898472,0.2014097726701802,1.804892577484699,-0.5430102117639153,-0.1320733098929826,809.747228305568,22.345829776931225,1.0,43.31,30,30,85,117.0,HOSHIARPUR-I
28426,Saidpur Harni (496),GURDASPUR,32.0360374,75.39083,28426,1900.027081861472,1901.0361328125,0.6639929087083857,0.3228166538069817,2.0014569170571,-0.603207833610178,-0.2389626809893788,1131.6664013078112,22.04982144446689,1.0,20.0,15,16,23,38.0,KAHNUWAN
28091,Badiulzaman (411),GURDASPUR,31.9459457,75.31682,28091,1901.4991871387688,1901.0345458984375,0.5780217191480551,0.2456858004240555,1.692300375062555,-0.5404962382836299,-0.1624247376314898,1108.1613841464418,22.105158846297684,1.0,100.0,50,40,50,104.0,DHARIWAL
32568,Raipur Gujran (113),FATEHGARH SAHIB,30.6699657,76.39321,32568,1900.086929285612,1901.0323486328125,0.5219898625651105,0.2488128307940985,1.3374460226747824,-0.5294254496590125,-0.141463910305728,928.906373063514,22.88228551399347,1.0,60.32,55,52,135,167.0,BASSI PATHANA
31889,Chambel Kalan (63),HOSHIARPUR,31.3457966,76.06587,31889,1901.772835830544,1901.0302734375,0.4000455765203088,0.047060672912518,1.027378145181867,-0.4349394881532226,0.0224403770262755,903.97068290018,21.992633355513988,1.0,84.0,55,48,107,97.0,MAHILPUR
32558,Main Majri (309),FATEHGARH SAHIB,30.64865,76.44431,32558,1900.027958906116,1901.02880859375,0.4988889593215068,0.1633315172139619,1.2890007722668326,-0.4969574881683193,-0.0782912136969036,946.2463649918932,22.919862199345346,1.0,312.0,150,130,196,343.0,BASSI PATHANA
30690,Salempur (14),HOSHIARPUR,31.6757545,75.63602,30690,1901.723605627781,1901.0240478515625,0.5361439189335708,0.1658996976477334,1.616779980310556,-0.5110829311272089,-0.0983863793361853,809.747228305568,22.345829776931225,1.0,0.1,16,16,90,142.0,TANDA
38912,Bamnara (232),RUPNAGAR,30.9369373,76.52683,38912,1901.8140738128104,1901.0234375,0.4311551332541568,0.1225110198422515,1.0789442741465678,-0.4598566534757575,-0.0339805677737996,962.0535554264976,22.79559346882016,1.0,301.0,66,66,219,336.0,MORINDA
28449,Bhitte Wadh (523),GURDASPUR,32.039463,75.39408,28449,1903.0599326652368,1901.0213623046875,0.5338969024061034,0.2004278318656068,1.5646149764565238,-0.5136565404881861,-0.1197588640314829,1134.6065237190728,22.05081423346165,1.0,144.0,99,99,138,163.0,KAHNUWAN
39079,Teur (81),S.A.S Nagar,30.71452,76.73604,39079,1901.621382149329,1901.0189208984375,0.4447045658338565,0.0852721331221598,1.1855434297764251,-0.4697955582506593,-0.015447783880751,822.7601154865905,22.43413303137383,1.0,267.0,100,70,870,358.0,MAJRI
28104,Kang (405),GURDASPUR,0.0,0.0,28104,1901.1428232342391,1901.0169677734375,0.3942762010533661,0.0783517338741784,1.1673698683306557,-0.3969808694576384,-0.0208604918908303,1111.336735869963,22.02386296770375,0.4087572151091915,50.0,155,150,440,140.0,DHARIWAL
32602,Nanuwal (193),FATEHGARH SAHIB,30.64865,76.44431,32602,1898.2702470340464,1901.0137939453125,0.4823907233804192,0.1812498987629112,1.237012723301656,-0.493932815347421,-0.0857299033927131,946.3956003511822,22.918738964772444,1.0,200.0,60,50,80,171.0,BASSI PATHANA
38824,Hafizabad (137),RUPNAGAR,30.8468475,76.43388,38824,1898.6011051239336,1901.01318359375,0.5516948344397825,0.2319564637531348,1.427036037778718,-0.5453622032577571,-0.1387143061522066,916.721189301242,22.821435243015912,1.0,352.0,32,0,242,352.0,CHAMKAUR SAHIB
38466,Bains (417),RUPNAGAR,31.1711712,76.42063,38466,1895.1525062879,1901.01025390625,0.4545774808303394,0.0934763622233133,1.0676401097966266,-0.4857366032972769,-0.0149303918138623,802.2466841151612,22.41984541838633,1.0,160.0,160,160,371,192.0,NURPUR BEDI
32700,Rampur Nauabad (159),FATEHGARH SAHIB,30.6126118,76.47865,32700,1901.5110582504408,1901.006591796875,0.4298180695985437,0.1768500253097901,0.9527213349546522,-0.4859891685614895,-0.05843563592766,894.6060481479066,22.901650064587727,1.0,300.0,0,20,23,101.0,KHERA
37085,Saharan (74),AMRITSAR,31.8378372,74.76184,37085,1900.182933923285,1901.005615234375,0.5779475415296033,0.2404117774386755,1.523023310459742,-0.5482332395130661,-0.1545095950724366,1068.6945858409304,22.313068289678824,0.999560446648316,176.0,1,1,1,246.0,AJNALA
30693,Nangal Jamal (12),HOSHIARPUR,31.6140671,75.65602,30693,1902.5331840369247,1901.00537109375,0.5392314567596328,0.1666279844070826,1.6035709840718615,-0.51656024662422,-0.1003849510214356,809.747228305568,22.345829776931225,1.0,3.64,22,21,100,156.0,TANDA
31654,Buray Jattan (105),HOSHIARPUR,31.5135136,75.9594955,31654,1898.9684301166787,1900.99755859375,0.4151525015634488,0.0629272889356869,1.1440440473270246,-0.4353361581855045,-0.0026551756646046,846.6854783704179,22.501385909822545,1.0,110.0,70,70,219,129.0,HOSHIARPUR-I
27992,Uppal (126),GURDASPUR,32.0180168,75.14224,27992,1900.1597813016897,1900.9970703125,0.58196734033683,0.2489633617969054,1.848744107614447,-0.5363710375456514,-0.169058857175966,1139.3258067777056,22.056743376335533,1.0,89.0,22,59,118,98.0,KALANAUR
39016,Mullanpur Sodhian (133),S.A.S Nagar,30.81081,76.59401,39016,1901.256050871645,1900.9945068359375,0.4571073662205629,0.0982506873143406,1.2667653642938024,-0.4706569326850798,-0.0286687954994589,891.3332214554175,22.27813145434679,1.0,88.0,67,27,108,81.0,MAJRI
31970,Mohanowal (131),HOSHIARPUR,31.5135136,75.7481461,31970,1899.5803796072555,1900.994384765625,0.4399065196519734,0.1152210309508874,1.1472657120059688,-0.4570779000737441,-0.038520865990938,824.7937652280228,22.51144758387028,1.0,95.0,38,39,172,114.0,GARHSHANKAR
39067,Khairpur (89),S.A.S Nagar,30.8828831,76.6935654,39067,1900.710240485565,1900.9915771484375,0.4430142035398107,0.0911830834934531,1.1342359380459166,-0.4706548285131482,-0.0145206012575557,876.1515327315248,22.41023354633408,1.0,93.0,80,32,106,174.0,MAJRI
38972,Mastgarh (16),S.A.S Nagar,30.8828831,76.6935654,38972,1895.8021179281072,1900.990966796875,0.4680481081330206,0.0754593422615084,1.1948732123472567,-0.4772835222341752,-0.0083015092193075,813.4676428926091,22.438900907203248,0.6924804252904567,77.0,70,44,142,104.0,MAJRI
38927,Bahbalpur (260),RUPNAGAR,30.753336,76.47238,38927,1898.3652205910464,1900.989990234375,0.4631209854881136,0.1562959359827969,1.1949998264071284,-0.4747039418838123,-0.066231995616574,962.4367746522324,22.798003492737337,1.0,117.0,15,15,111,132.0,MORINDA
32707,Shamsher Nagar (139),FATEHGARH SAHIB,30.594595,76.46443,32707,1903.541612903499,1900.988037109375,0.4785511904982954,0.1241791066757497,1.253790651478809,-0.484945919852279,-0.0491461146974609,888.7562545945542,22.84437835799872,1.0,100.0,28,20,80,98.0,KHERA
31761,Dihana (17),HOSHIARPUR,31.3195724,75.94395,31761,1903.6384393685828,1900.98681640625,0.3708228656108548,0.0162052367799057,0.9266486231364788,-0.4072112842435744,0.0461598769668622,818.3251634316907,22.46588208647736,1.0,537.0,240,250,414,623.0,MAHILPUR
37087,Kamalpur Khurd (73),AMRITSAR,31.8558559,74.71281,37087,1899.7029078124,1900.9808349609375,0.6901658447994027,0.2813187317505844,1.87047489353982,-0.6336441879708269,-0.2120305386121617,1068.6945858409304,22.313068289678824,0.956021272795908,5.0,0,0,1,226.0,AJNALA
27998,Pairowal (107),GURDASPUR,0.0,0.0,27998,1901.421793671136,1900.9803466796875,0.5761234063280989,0.2389474660035511,1.7243400527500343,-0.5358833768461615,-0.1564675885512993,1139.3258067777056,22.056743376335533,1.0,100.0,15,60,68,113.0,KALANAUR
37111,Rurewal (92),AMRITSAR,31.8378372,74.76184,37111,1900.6984590774373,1900.9801025390625,0.5182894363882821,0.1860023554787671,1.269243727575578,-0.5126436038320266,-0.0953537299830869,1066.6055692804964,22.319941587929108,1.0,575.0,60,60,67,203.0,AJNALA
32561,Shergarh Bara (212),FATEHGARH SAHIB,30.64865,76.40242,32561,1900.526488921966,1900.97998046875,0.487533186849576,0.1554144805473409,1.296184327078128,-0.493964314776925,-0.0692741108406284,946.2463649918932,22.919862199345346,1.0,113.0,122,51,110,138.0,BASSI PATHANA
28376,Chak Abdul Bari (605),GURDASPUR,31.9066772,75.4398041,28376,1899.620947293247,1900.9783935546875,0.5672459786470513,0.2481562326533187,1.7953664493944246,-0.5168455653906546,-0.161475318754924,1135.595315973987,22.065727221775774,1.0,82.0,2,2,2,88.0,KAHNUWAN
32581,Gopalon (183),FATEHGARH SAHIB,30.64865,76.40242,32581,1898.703996980037,1900.975830078125,0.4813727362653107,0.1755992098418657,1.2191385640479526,-0.4947971290884446,-0.0801742732418517,946.2463649918932,22.919862199345346,0.954262273729226,72.0,45,50,203,204.0,BASSI PATHANA
38901,Ballan (274),RUPNAGAR,30.7744,76.50352,38901,1902.6308978361308,1900.975341796875,0.5225179472287087,0.2039062900864714,1.384271484504006,-0.5134324306261254,-0.113135745408756,959.673610812686,22.843028107565026,1.0,106.0,106,80,114,134.0,MORINDA
32416,Rattewal (396),Shahid Bhagat Singh Nagar,31.0990982,76.36259,32416,1901.0637589191813,1900.974365234375,0.4958797775110528,0.0666890134615821,1.315376607680536,-0.5028702864577205,-0.0105332368975224,820.9784573032667,22.25621268636094,0.92586373908372,36.2,40,40,175,1280.0,BALACHAUR
32566,Dafera (172),FATEHGARH SAHIB,30.6329365,76.43533,32566,1902.3578659002508,1900.973876953125,0.5059108817509916,0.2018890279115787,1.30065135796851,-0.5123385640789998,-0.1051051661723087,946.2463649918932,22.919862199345346,1.0,380.0,68,68,169,187.0,KHERA
30691,Nangal Farid (9),HOSHIARPUR,31.6138668,75.65573,30691,1902.1272280698747,1900.97265625,0.5209624249270691,0.1571990442297465,1.5104417537144643,-0.5021091882007896,-0.0871493133381099,809.747228305568,22.345829776931225,1.0,0.1,65,102,245,151.0,TANDA
38613,Miani (28),RUPNAGAR,30.9549541,76.52025,38613,1895.41621809151,1900.971435546875,0.4796043777322227,0.1344795157234033,1.199827041987438,-0.4920245523758402,-0.0532794560136458,831.6264393737214,22.690114987082723,0.998191166463658,20.0,20,15,27,115.0,RUPNAGAR
32957,Sidhupur Khurd (287),FATEHGARH SAHIB,30.7927933,76.3699,32957,1902.0859768091912,1900.970458984375,0.4975887725444295,0.1822393897071467,1.240178036174956,-0.5052863708767295,-0.0901364008941918,956.793064158191,22.8899654269361,1.0,108.0,102,36,92,116.0,KHAMANO
28419,Ladhupur (572),GURDASPUR,32.0360374,75.41209,28419,1901.1405600158864,1900.96923828125,0.5056059767561096,0.1264795127348864,1.4352562991054825,-0.4993498574965776,-0.0621555859461853,1146.2311362756714,22.053465740451603,1.0,100.0,65,157,217,136.0,KAHNUWAN
32560,Kambali (231),FATEHGARH SAHIB,30.6795635,76.40171,32560,1901.1713515595825,1900.9661865234375,0.4944752542106459,0.1560277855252432,1.2879730164299013,-0.4990513049855878,-0.0722068775436518,935.8414458545464,22.893291483354137,1.0,249.0,500,135,233,287.0,BASSI PATHANA
38980,Rehmanpur (172),S.A.S Nagar,31.0990982,76.55196,38980,1897.934600474424,1900.9659423828125,0.4037150777246822,0.0522721187821307,0.971168678969236,-0.4454722166696641,0.021619968147139,814.0134456565278,22.43804828433952,1.0,1.0,10,5,12,115.0,MAJRI
32719,Patarsi Khurd (264),FATEHGARH SAHIB,30.6126118,76.47865,32719,1899.7748429849105,1900.9635009765625,0.4338539708611554,0.1876428906171816,0.9754788926801098,-0.4792099413631877,-0.0696777149539118,894.6060481479066,22.901650064587727,1.0,180.0,45,40,45,203.0,KHERA
38386,SABAUR (496),RUPNAGAR,31.1711712,76.4627457,38386,1901.4645432488785,1900.9635009765625,0.5805786073434138,0.1393628963447132,1.6548426168131731,-0.5603616701012799,-0.082739537083442,829.4411302303962,21.72949906034183,0.6011222510996539,70.0,20,35,100,633.0,NURPUR BEDI
28025,Bakhshiwala (138),GURDASPUR,0.0,0.0,28025,1903.4683311497508,1900.9598388671875,0.5768176477744981,0.2264962178500834,1.730534065035872,-0.535041336467685,-0.1489947851835404,1119.2373200407037,22.031313171976297,1.0,225.0,128,164,265,234.0,KALANAUR
30680,Pandori (39),HOSHIARPUR,31.54955,75.90424,30680,1901.0838808487904,1900.957763671875,0.5802215658894783,0.1865317064527866,1.858436387361348,-0.5366214155400197,-0.1232682737931641,959.276372473468,22.438470679153,1.0,0.1,17,35,255,119.0,TANDA
31733,Bhatrana (289),HOSHIARPUR,31.36937,75.82165,31733,1900.8923377566728,1900.9547119140625,0.3535363401154208,-0.0031055868084787,0.902963206993776,-0.3951766471646513,0.0593583039952501,843.1914452948644,22.374132917238843,1.0,178.0,53,68,200,490.0,HOSHIARPUR-II
39095,Abhepur (79),S.A.S Nagar,30.7144661,76.7359,39095,1900.6353693249744,1900.952880859375,0.351373330448637,0.0226274060013489,0.8557229520751898,-0.4110805432220329,0.0480198953098752,842.962585854078,22.425089843100235,1.0,80.0,30,50,150,88.0,MAJRI
38742,Bhagwantpur (214),RUPNAGAR,30.9549541,76.52025,38742,1901.424053064938,1900.9515380859375,0.4778045107082317,0.1570913530321278,1.2470216444302806,-0.4830720838301776,-0.0701444656671878,884.4000491311448,22.16996411897884,1.0,128.0,25,60,210,153.0,RUPNAGAR
32953,Dhianu Majra (307),FATEHGARH SAHIB,30.81081,76.3842239,32953,1902.39900709769,1900.949951171875,0.4746888525996615,0.1642766730948779,1.2052028045211136,-0.4834575552242578,-0.0740212193281144,956.793064158191,22.8899654269361,1.0,68.0,62,62,102,77.0,KHAMANO
38891,Ramgarh (293),RUPNAGAR,30.9078064,76.4872,38891,1902.758769059169,1900.947021484375,0.5146060215058986,0.1938008107132506,1.3304258999634178,-0.504553273915185,-0.1054983851883364,959.1213348320416,22.85202721682952,1.0,35.0,62,42,108,112.0,MORINDA
28946,Shahpur Jajan (370),GURDASPUR,32.03277,75.0280762,28946,1902.6911972897544,1900.9439697265625,0.5494905279513125,0.2160711081566125,1.4256640939855407,-0.5306544954390386,-0.1279066396834282,1111.733536941319,22.234688432198777,1.0,2.47,200,155,705,1197.0,DERA BABA NANAK
28895,Ransih Ke (Tilla) (425),GURDASPUR,32.0360374,75.0294952,28895,1902.667197824816,1900.9395751953125,0.6007493115707787,0.2644101120509241,1.7705719093434975,-0.5480614466246116,-0.181120800469264,1136.3471540620226,22.16224381140933,1.0,2.47,65,100,155,137.0,DERA BABA NANAK
31894,Kharaudi (98),HOSHIARPUR,31.3211861,75.9780045,31894,1900.929283457988,1900.93896484375,0.400297603635132,0.0457241000366392,0.998208260303562,-0.4374269035322975,0.0219827563732502,790.2334722688096,22.580193486697112,1.0,93.0,67,28,178,136.0,MAHILPUR
31507,Shergarh (250),HOSHIARPUR,31.36937,75.82165,31507,1898.588148888536,1900.93798828125,0.4066014914330792,0.0263212331748336,1.0840756630133497,-0.4274525679487123,0.0280192939676169,890.0315853764909,22.315053295634414,0.5337036468383273,121.0,235,235,635,462.0,HOSHIARPUR-II
39121,Majatri (57),S.A.S Nagar,30.6126118,76.37398,39121,1901.456362658793,1900.9354248046875,0.4095000032733993,0.0661722190980059,1.1136343123884174,-0.4383324362087049,0.0024400819027568,893.1311163117783,22.78422345302016,1.0,1.0,55,30,220,209.0,KHARAR
39049,Simbal Majra (73),S.A.S Nagar,30.35963,76.3640442,39049,1899.9194710668728,1900.9305419921875,0.4504307183308207,0.1202388008127672,1.2983823159252452,-0.4615914447693311,-0.0455789980948352,898.0117199427556,22.47214718418589,1.0,75.0,22,18,119,99.0,KHARAR
38820,Salahpur (113),RUPNAGAR,30.7747746,76.64919,38820,1897.7355550853924,1900.9276123046875,0.5009718385992543,0.177921657125506,1.3342628573978548,-0.5120863806558197,-0.0915396306536716,916.721189301242,22.821435243015912,1.0,82.0,5,5,100,91.0,CHAMKAUR SAHIB
32923,Shadipur (268),FATEHGARH SAHIB,30.7053814,76.3881454,32923,1901.114225250803,1900.9256591796875,0.5366073705851574,0.2112160459101873,1.55693925225001,-0.5024052786424835,-0.1327458719681664,956.793064158191,22.8899654269361,1.0,102.0,45,37,65,119.0,KHAMANO
31748,Rajpur Bhaian (280),HOSHIARPUR,31.39209,75.8148041,31748,1902.533949419266,1900.923095703125,0.4360934664885025,0.0650905249221752,1.1735982714403808,-0.4479689699279934,-0.0016583685160339,828.8790526797669,22.39218518476929,1.0,145.7,250,200,487,399.0,HOSHIARPUR-II
28032,Awan (148),GURDASPUR,31.9560413,75.32188,28032,1902.448674589414,1900.9205322265625,0.559286275071931,0.1971657538226703,1.5861644234864565,-0.530653861305951,-0.1189543622773183,1139.3258067777056,22.056743376335533,1.0,174.0,111,0,156,192.0,DHARIWAL
28967,Pakhoke Mamara (468),GURDASPUR,32.0360374,75.0294952,28967,1899.2967862757027,1900.91943359375,0.5805670336460633,0.2520842405962469,1.5916213715882144,-0.5484908720269678,-0.1615170644078788,1115.0650176217457,22.23160584795756,1.0,90.0,80,80,100,85.0,DERA BABA NANAK
30754,Begpur (460),HOSHIARPUR,31.8738747,75.59733,30754,1900.7590984337,1900.91796875,0.5976441400424356,0.2295447649845183,1.9179783242000608,-0.5290852471119466,-0.162232436300485,1073.0177256276506,22.24859892509784,0.9913988298584312,146.0,55,50,71,200.0,DASUYA
28266,Bhangwan (325),GURDASPUR,32.0,75.50991,28266,1901.1889345475115,1900.9041748046875,0.6213670694849471,0.2541055450519415,1.8808248798831124,-0.5730028721776516,-0.1779116015270642,1135.595315973987,22.065727221775774,1.0,92.0,15,25,185,108.0,DHARIWAL
32488,Bhanun (227),Shahid Bhagat Singh Nagar,31.1531525,76.30083,32488,1899.7870401207647,1900.902099609375,0.484935592205886,0.0755011239046262,1.2970987421817837,-0.4976473089707518,-0.016023672811741,828.9379867722886,22.1998544780825,0.8537360193747835,304.0,85,51,87,341.0,SAROYA
31812,Jangliana (44),HOSHIARPUR,31.3458214,75.9937744,31812,1901.9566524027675,1900.9019775390625,0.4981767074898929,0.1390404302548979,1.4526189282918738,-0.4912870183111082,-0.0691244622981811,903.97068290018,21.992633355513988,1.0,143.0,28,40,308,211.0,MAHILPUR
32559,Kheri Bir Singh (308),FATEHGARH SAHIB,30.64865,76.40242,32559,1900.979180304482,1900.9002685546875,0.4980553658496417,0.1581268567636266,1.2874800868311236,-0.5018314743754525,-0.071528971108353,946.2463649918932,22.919862199345346,1.0,119.0,125,75,123,137.0,BASSI PATHANA
28918,Behlolpur (457),GURDASPUR,32.0180168,75.03599,28918,1900.3063258548884,1900.8984375,0.5209182236305387,0.1941288944495134,1.430517765912592,-0.5025797854325602,-0.1082603168725325,1133.508101281252,22.171496758512987,1.0,2.47,100,4,65,142.0,DERA BABA NANAK
31999,Tejpur (267),HOSHIARPUR,31.2432442,76.09955,31999,1899.715926512809,1900.896484375,0.4734007030958839,0.1040076272316269,1.2026988765721711,-0.4906748884474768,-0.0315322370744261,829.916451918922,22.42424443065968,1.0,41.0,13,0,5,45.0,GARHSHANKAR
32472,Phirni Majara (220),Shahid Bhagat Singh Nagar,31.1711712,76.2100449,32472,1901.0082682350032,1900.8951416015625,0.494707104831604,0.0979728814034799,1.336263513303516,-0.5016084528399679,-0.0344246424694927,828.9379867722886,22.1998544780825,1.0,275.0,38,127,227,311.0,SAROYA
30791,Kang (90),HOSHIARPUR,31.8018017,75.6655045,30791,1900.2276007377004,1900.8944091796875,0.5881185068838714,0.2372611540286358,1.834484694986872,-0.5406645437002071,-0.1598614765371016,1073.0177256276506,22.24859892509784,1.0,894.0,10,10,77,98.0,DASUYA
28432,Roranwali (488),GURDASPUR,32.0360374,75.39083,28432,1900.442404825906,1900.8936767578125,0.6214762883827343,0.2717637918876502,1.8467447878192305,-0.5684813224171718,-0.1905674308644779,1131.6664013078112,22.04982144446689,1.0,210.0,190,100,228,236.0,GURDASPUR
32459,Auladni (189),Shahid Bhagat Singh Nagar,31.0630627,76.29157,32459,1902.975629180238,1900.890380859375,0.4427014826000205,0.0987348902018478,1.1610961758988831,-0.464493161031225,-0.0246626957192285,828.9379867722886,22.1998544780825,1.0,119.0,42,41,226,154.0,BALACHAUR
31870,Ganeshpur (68),HOSHIARPUR,31.3400955,75.9951248,31870,1900.622711482299,1900.888916015625,0.3814415958028999,0.0292095664141545,1.0241296693496376,-0.4142688788367588,0.029823634064585,790.2334722688096,22.580193486697112,1.0,87.0,36,74,175,114.0,MAHILPUR
31998,Bhajjal (269),HOSHIARPUR,31.2432442,76.09955,31998,1899.623229368597,1900.8883056640625,0.4639354125810344,0.1262112105728282,1.1705296770926756,-0.4797628707038727,-0.0444530180166041,829.4722557361707,22.39175992417219,1.0,182.0,41,42,228,190.0,GARHSHANKAR
32575,Marwa (185),FATEHGARH SAHIB,30.666666,76.4166641,32575,1898.9480278167773,1900.8876953125,0.4789840887177932,0.1950111394242892,1.1687292394052886,-0.4980816934496174,-0.0906659406818941,946.2463649918932,22.919862199345346,1.0,192.0,100,100,155,211.0,BASSI PATHANA
30622,Tandi(9),JALANDHAR,31.5675678,75.62284,30622,1904.7299096331164,1900.885498046875,0.5763215810795929,0.1917236237797286,1.8272360753975687,-0.5355006700924954,-0.1261832696342805,786.1698511054414,22.39146673789071,1.0,50.0,40,40,160,131.0,BHOGPUR
28033,Nurowali (149),GURDASPUR,31.9459457,75.31682,28033,1903.0596074722705,1900.8853759765625,0.5747830452257758,0.2402022478088439,1.7043764091164153,-0.5364321316965132,-0.1586464138520272,1119.9855768052505,22.03226039725472,1.0,80.0,20,30,75,93.0,DHARIWAL
32549,Rupalheri (307),FATEHGARH SAHIB,30.6795845,76.40168,32549,1901.621092995765,1900.882568359375,0.46144922742596,0.1294691550572733,1.1485403198949644,-0.4812797116798341,-0.0433971103015952,946.2463649918932,22.919862199345346,1.0,77.0,200,140,220,226.0,BASSI PATHANA
32599,Jawanda (197),FATEHGARH SAHIB,30.666666,76.4166641,32599,1898.750157082422,1900.8812255859375,0.470309512798098,0.1429025476123683,1.2648303772309777,-0.4758305940206346,-0.0607383518173818,946.4211110109568,22.9185469562891,1.0,51.82,18,35,140,148.0,BASSI PATHANA
28428,Bharo Harni (494),GURDASPUR,32.0180168,75.4185,28428,1900.2728788536028,1900.8809814453125,0.6220903141183749,0.277730101351085,1.89996853502282,-0.5658152682766255,-0.2001683118452586,1131.6664013078112,22.04982144446689,1.0,51.0,40,30,47,53.0,KAHNUWAN
31672,Sari Shatpur (91),HOSHIARPUR,31.5379925,75.89241,31672,1902.6345999780333,1900.87939453125,0.6061906946113076,0.2285394244190915,1.910440833113182,-0.5583641310418432,-0.1574604639627213,809.747228305568,22.345829776931225,1.0,59.51,40,40,150,163.0,HOSHIARPUR-I
38936,Ramgarh Alias Manda (253),RUPNAGAR,30.7747746,76.5023956,38936,1900.3427356272248,1900.879150390625,0.4441154241686676,0.1188364911300723,1.152102103926233,-0.4633960487818543,-0.0386135543645878,962.4367746522324,22.798003492737337,1.0,77.0,33,33,158,104.0,MORINDA
28887,Athwal (427),GURDASPUR,32.0360374,75.0294952,28887,1903.05165164853,1900.878662109375,0.5827309268118148,0.2538390920711244,1.660680792069003,-0.5440188604675136,-0.1688163201973316,1136.3471540620226,22.16224381140933,1.0,2.47,100,5,170,285.0,DERA BABA NANAK
31533,Jian (310),HOSHIARPUR,31.5099583,76.05055,31533,1898.9587432158685,1900.8768310546875,0.3958258442985536,0.0309671685060867,1.0754739881775088,-0.4186049441424416,0.0259980354037658,907.155633582411,21.99219424497228,0.6895255175851387,314.0,9,20,277,199.0,HOSHIARPUR-II
27994,Sarai (104),GURDASPUR,32.04067,75.3634,27994,1900.3466923588885,1900.876220703125,0.5985431314417364,0.2653530695953139,1.8133850762199029,-0.5502339136443838,-0.1815777754169763,1139.3258067777056,22.056743376335533,1.0,86.0,270,70,134,96.0,GURDASPUR
28311,Khudna (381),GURDASPUR,32.1261253,75.33752,28311,1900.465006044244,1900.87451171875,0.5886125418838323,0.2655131008770607,1.6538274647298872,-0.5569215324258214,-0.17556572327074,1129.8714154684512,22.053109150620173,1.0,230.0,0,200,513,269.0,DHARIWAL
38953,Adhrera (122),RUPNAGAR,30.9729729,76.51368,38953,1902.0743359094167,1900.869873046875,0.3977811956979076,0.0494309559102805,0.9589212315587828,-0.4446374406593335,0.0234869716304601,886.5271128709453,22.203149334363967,1.0,100.0,70,15,195,131.0,RUPNAGAR
31710,Badala Mahi (200),HOSHIARPUR,31.5315323,75.889595,31710,1901.1951798634727,1900.86865234375,0.5539870510543965,0.1845399461822668,1.7346277707572133,-0.5181874969908642,-0.1169190545666566,788.4978595187562,22.42155105340902,1.0,250.0,150,36,250,239.0,HOSHIARPUR-I
28346,Khan Malak (484),GURDASPUR,32.1261253,75.33752,28346,1900.4762693720384,1900.8673095703125,0.6067886521398883,0.2762877638874668,1.817727133972739,-0.560376992418242,-0.1918132178752836,1131.6664013078112,22.04982144446689,1.0,166.0,0,70,100,206.0,DHARIWAL
32486,Kharaur (173),Shahid Bhagat Singh Nagar,31.1755466,76.22724,32486,1900.026046590913,1900.8663330078125,0.4624869819609109,0.1046469908685756,1.2180592837846893,-0.4742462787847524,-0.0326162916799275,828.9379867722886,22.1998544780825,1.0,148.0,25,10,137,169.0,SAROYA
31396,Hazipur (409),HOSHIARPUR,31.8772659,75.73922,31396,1893.080244996858,1900.865478515625,0.5337340660632732,0.1396235464842604,1.507410611364908,-0.5208418661834275,-0.0774886621961469,921.06643396047,22.34374323905049,1.0,2.47,30,0,100,189.0,BHUNGA
28294,Jawalapur (643),GURDASPUR,32.0413,75.29369,28294,1900.1313076444428,1900.8651123046875,0.5812804004868072,0.1947295714103945,1.6721899807474172,-0.5441925599480626,-0.1257809953201721,1135.595315973987,22.065727221775774,1.0,206.0,0,1,1,438.0,GURDASPUR
30782,Jhingar Kalan (92),HOSHIARPUR,31.81982,75.61665,30782,1899.6875804889155,1900.863037109375,0.5963185505156363,0.2429105492609986,1.84415388580248,-0.5509019617192474,-0.1644927075553783,1076.5524198292876,22.241487123421788,1.0,60.0,12,50,483,603.0,DASUYA
32955,Sandhari Majra (285),FATEHGARH SAHIB,30.81081,76.36324,32955,1902.9562463199752,1900.859130859375,0.4795714550488842,0.1687139510223556,1.19739566056628,-0.4909439647167729,-0.0768894757860518,956.793064158191,22.8899654269361,1.0,222.0,110,60,150,178.0,KHAMANO
28362,Fatehpur (618),GURDASPUR,31.90991,75.4571152,28362,1899.4073595318728,1900.85888671875,0.6370355767218001,0.2461197282995405,2.0118641384124265,-0.5691774974326625,-0.178135503270955,1135.595315973987,22.065727221775774,1.0,92.0,20,20,21,257.0,KALANAUR
32931,Bathan Khurd (314),FATEHGARH SAHIB,30.81081,76.36324,32931,1901.346353507606,1900.8575439453125,0.5397995552742022,0.2193584835669812,1.4647478822410902,-0.52245839603921,-0.1301356958826537,956.793064158191,22.8899654269361,1.0,150.0,122,132,180,164.0,KHAMANO
31813,Untwal (43),HOSHIARPUR,31.3404465,75.9951248,31813,1901.8550697125656,1900.853271484375,0.4251236941884483,0.0723883990817174,1.1856229104621232,-0.4394258586323384,-0.00710188071361,903.97068290018,21.992633355513988,1.0,72.0,20,20,50,83.0,MAHILPUR
28487,Awana (713),GURDASPUR,31.90991,75.43588,28487,1903.2645184442435,1900.85205078125,0.5952892801489468,0.2433132448235786,1.8118931768990727,-0.5517113246804691,-0.1629278656416538,1165.2400242344404,22.06535751703865,1.0,43.0,78,80,104,49.0,KAHNUWAN
28489,Mitha (716),GURDASPUR,31.90991,75.43588,28489,1902.2853325918368,1900.85107421875,0.6290883541856623,0.2478561188747137,2.02403261438497,-0.5705917878586261,-0.1774607877403508,1187.6022311856646,22.08084163640433,1.0,30.0,12,22,35,33.0,KAHNUWAN
30765,Budhu Barkat (469),HOSHIARPUR,31.8018017,75.6655045,30765,1901.7822122284863,1900.8482666015625,0.6043966657647104,0.2361594578159769,1.8574884340229367,-0.5587804908470035,-0.1604806487790787,1073.0177256276506,22.24859892509784,1.0,247.0,25,70,271,305.0,DASUYA
31987,Denowal Khurd (147),HOSHIARPUR,31.2432442,76.09955,31987,1899.612824746731,1900.846435546875,0.4477793113332225,0.1263555079444906,1.1910246508834792,-0.4558879521431594,-0.05060623731389,845.5497183994253,22.15826794550733,1.0,126.0,35,24,207,140.0,GARHSHANKAR
28392,Munan Kalan (589),GURDASPUR,31.90991,75.43588,28392,1902.573694644185,1900.8450927734375,0.601722546540054,0.2426792039010937,1.8706956085649733,-0.5513033057698252,-0.1663435633170908,1149.1040381600756,22.05418457981392,1.0,104.0,5,0,117,151.0,KAHNUWAN
28275,Dhariwal (655),GURDASPUR,32.0360374,75.39083,28275,1900.7178894145457,1900.84375,0.5658569490932016,0.215893140479178,1.875732647535806,-0.5277879175333741,-0.1452717141306972,1135.595315973987,22.065727221775774,1.0,51.0,50,85,157,78.0,GURDASPUR
31068,Dhanoya (206),HOSHIARPUR,31.9459457,75.82643,31068,1901.1402551156937,1900.841064453125,0.4968163046562626,0.2074565322841432,1.4834142909747372,-0.4652509431904483,-0.1190046161309461,1187.6022311856646,22.08084163640433,1.0,369.0,30,78,427,509.0,MUKERIAN
32614,Fatehpur Jattan (92),FATEHGARH SAHIB,30.666666,76.4166641,32614,1899.7477046456809,1900.8406982421875,0.5364867250434878,0.2201764452226229,1.540473313039694,-0.5076731306857605,-0.1377663160511952,953.5686927293297,22.88436823689032,1.0,90.69,70,70,160,251.0,BASSI PATHANA
31553,Salempur (293),HOSHIARPUR,31.36937,75.82165,31553,1899.873297561419,1900.83642578125,0.3384672719361938,-0.0156942053462541,0.8737578977566166,-0.3812702040074552,0.0686335790093865,890.0315853764909,22.315053295634414,0.7568749221495362,105.0,65,75,255,372.0,HOSHIARPUR-II
32352,Niana (463),Shahid Bhagat Singh Nagar,31.0630627,76.31261,32352,1902.8276225241848,1900.834716796875,0.5099153062009059,0.1332524715913745,1.3905056849567288,-0.5143648599408535,-0.0600574718377725,855.2991542031663,22.66896286104054,1.0,202.0,40,42,120,204.0,BALACHAUR
38922,Kanjla (276),RUPNAGAR,31.0470943,76.05388,38922,1901.5654075946784,1900.83056640625,0.4054740138529928,0.09480424119975,1.0559887916419028,-0.4367559906039592,-0.0157773233637952,962.4367746522324,22.798003492737337,0.7000884942614605,59.51,34,34,156,179.0,MORINDA
28888,Fattu Pur (428),GURDASPUR,32.0180168,75.03599,28888,1901.697414736318,1900.8289794921875,0.5657708917087351,0.2337693834252047,1.6215398513014738,-0.5309083025559435,-0.1498080839175752,1136.3471540620226,22.16224381140933,1.0,2.47,50,70,100,187.0,DERA BABA NANAK
28418,Kiri Afgana (571),GURDASPUR,32.10811,75.47155,28418,1901.705483242533,1900.8248291015625,0.5523100164465276,0.2002126194537233,1.5926146177325775,-0.5333396141650836,-0.1229376557007873,1146.5587111534733,22.053547704168373,1.0,150.0,100,100,157,241.0,KAHNUWAN
31651,Tajowal (133),HOSHIARPUR,31.3927383,75.81592,31651,1899.0019841918809,1900.82421875,0.4917049702987914,0.1219899615292089,1.3871427206796174,-0.4912011214110743,-0.0530720590945715,846.6854783704179,22.501385909822545,1.0,51.0,60,60,190,60.0,HOSHIARPUR-II
32966,Manela (312),FATEHGARH SAHIB,30.7927933,76.39088,32966,1901.578332896464,1900.822509765625,0.5522340695238078,0.2187897701105572,1.497007636564246,-0.5300186184906913,-0.1350756193093022,940.8681331264352,22.874954753959564,1.0,216.0,55,50,250,242.0,KHAMANO
38939,Rangian (241),RUPNAGAR,30.9400654,76.4133453,38939,1902.2790794252016,1900.8214111328125,0.4193579255480338,0.0975157021840509,1.0753462630196005,-0.4460173010166782,-0.0184781348128476,962.4367746522324,22.798003492737337,1.0,62.34,95,95,273,179.0,MORINDA
31677,Bub (95),HOSHIARPUR,31.5315323,75.80504,31677,1902.011082292841,1900.819580078125,0.560125291513733,0.1804531683795467,1.7992001950161889,-0.5229377857982329,-0.1159344478578377,809.747228305568,22.345829776931225,1.0,24.29,4,4,36,70.0,HOSHIARPUR-I
37086,Ghonewala (78),AMRITSAR,31.8378372,74.76184,37086,1897.9493520119968,1900.8153076171875,0.5670687445613,0.2107997820037347,1.4494765243826349,-0.5434555803985583,-0.1283641828346734,1068.6945858409304,22.313068289678824,1.0,98.0,285,285,293,399.0,AJNALA
32951,Maheshpura (305),FATEHGARH SAHIB,30.81081,76.4052048,32951,1900.5630245274008,1900.8143310546875,0.5013480127091301,0.1829152625738636,1.3022062449602962,-0.5045814430342332,-0.0946852796038719,956.793064158191,22.8899654269361,1.0,128.0,122,100,206,151.0,KHAMANO
31809,Hakumatpur (72),HOSHIARPUR,31.3221779,75.97668,31809,1900.7676847721743,1900.813720703125,0.4774925860971286,0.1322410606441296,1.2231128379854963,-0.4888744400323793,-0.0556586706507655,790.2334722688096,22.580193486697112,1.0,216.0,64,110,274,248.0,MAHILPUR
32378,Mutton (441),Shahid Bhagat Singh Nagar,31.0622425,76.30154,32378,1901.121057585101,1900.8134765625,0.4838053545813474,0.1249154021848334,1.295505287260475,-0.4977407041630662,-0.0484288546344341,854.1440377115383,22.66654317283532,1.0,396.0,49,43,220,396.0,BALACHAUR
32672,Dangherian (162),FATEHGARH SAHIB,30.6266861,76.5134,32672,1902.779720226072,1900.8123779296875,0.4436490585102894,0.1778291998950023,1.0331251117792344,-0.4847766150431609,-0.0668032692898913,894.6060481479066,22.901650064587727,1.0,858.0,25,100,200,305.0,KHERA
38729,Babani Khurd (381),RUPNAGAR,30.8288288,76.54543,38729,1900.756318886938,1900.808837890625,0.4831408235131561,0.1508394392940346,1.176991018180089,-0.4950884175655555,-0.0615220983547164,884.4000491311448,22.16996411897884,1.0,2.5,12,11,22,114.0,RUPNAGAR
31745,Tanuli (268),HOSHIARPUR,31.3927383,75.81592,31745,1902.319591579892,1900.8035888671875,0.4758212717102404,0.0961938872849259,1.3491931430379278,-0.4753110759913352,-0.0336478593034533,828.8790526797669,22.39218518476929,1.0,361.1,160,100,307,398.0,HOSHIARPUR-II
32617,Lohari Kalan (86),FATEHGARH SAHIB,30.6846848,76.3890152,32617,1899.3795375720224,1900.803466796875,0.5537902926537832,0.2340651060540963,1.5289835873062412,-0.5350654997058427,-0.1442657542720757,941.0752188571618,22.86268080133201,1.0,161.95,75,75,208,471.0,BASSI PATHANA
38988,Ratwara (165),S.A.S Nagar,30.8828831,76.67257,38988,1898.8887940766133,1900.8026123046875,0.40774693818662,0.0348858707323458,1.0019279650644213,-0.4388312162324166,0.0289073487011794,814.0134456565278,22.43804828433952,0.4677617886155776,45.0,100,32,134,51.0,MAJRI
30783,Kathana (91),HOSHIARPUR,31.8018017,75.6655045,30783,1899.792057531621,1900.8018798828125,0.5994728292185879,0.2724778147253083,1.872949093092953,-0.5561076988828874,-0.1863082025723911,1073.0177256276506,22.24859892509784,1.0,135.0,56,6,122,138.0,DASUYA
31757,Shimli (272),HOSHIARPUR,31.392292,75.8149,31757,1902.6253873093056,1900.8016357421875,0.4583039908839568,0.1181720120689387,1.258510701129338,-0.4667004810897904,-0.0456053796514694,752.1953674962418,22.674895467667,1.0,60.7,170,88,218,171.0,HOSHIARPUR-II
32570,Raily (173),FATEHGARH SAHIB,30.666666,76.4166641,32570,1900.397633632796,1900.8006591796875,0.4777073294542618,0.2237314911861551,1.1430820523469123,-0.5059682883381078,-0.1069245650840063,944.365010243168,22.907222528006297,1.0,230.0,100,100,164,258.0,BASSI PATHANA
31749,Mona Khurd (279),HOSHIARPUR,31.3924484,75.81486,31749,1902.5235340256995,1900.7998046875,0.4544471006937937,0.0858585922378351,1.2604139699759325,-0.4613704859153684,-0.0193685159190863,828.8790526797669,22.39218518476929,1.0,57.8,20,20,126,155.0,HOSHIARPUR-II
31969,Rawal Pindi (142),HOSHIARPUR,31.2252254,76.14825,31969,1899.6203399871365,1900.79931640625,0.4998584422287668,0.1503087172162824,1.326289190634853,-0.5023914962105053,-0.0700293691164573,824.7937652280228,22.51144758387028,0.9981025654100124,80.94,16,9,44,102.0,GARHSHANKAR
28910,Padda (371),GURDASPUR,32.0180168,75.03599,28910,1903.544065701033,1900.7974853515625,0.5375000997307977,0.2019331922315082,1.3904370325500806,-0.5236621788514463,-0.1155784758284846,1115.0650176217457,22.23160584795756,1.0,261.0,60,70,100,314.0,DERA BABA NANAK
28437,Balagan (503),GURDASPUR,31.3153152,75.609375,28437,1900.8266290970405,1900.7943115234375,0.5669291320701415,0.2391848888748345,1.6814446197504074,-0.5314376481465002,-0.1554336457530338,1131.6664013078112,22.04982144446689,1.0,138.0,55,75,135,161.0,KAHNUWAN
39019,Mundhon Bhag Singh (135),S.A.S Nagar,30.9549541,76.54126,39019,1899.8256418082265,1900.79345703125,0.4276357747945853,0.0929777335426388,1.1606708462321804,-0.4518542732053184,-0.0188515487244088,894.7020657379768,22.330690209887724,1.0,51.0,45,23,76,62.0,MAJRI
32412,Roohno (196),Shahid Bhagat Singh Nagar,31.1171169,76.35603,32412,1902.9757192743912,1900.7864990234375,0.5348298826874452,0.120564533686367,1.4539300376848978,-0.5269659240643552,-0.0579266165707952,828.9379867722886,22.1998544780825,1.0,126.0,40,40,172,158.0,BALACHAUR
27997,Panwan (122),GURDASPUR,0.0,0.0,27997,1902.0151553489843,1900.78564453125,0.5720323949554927,0.2354017661733716,1.6964271525176038,-0.5327676164038305,-0.1535942416757136,1139.3258067777056,22.056743376335533,1.0,232.0,44,100,240,257.0,KALANAUR
32393,Fatehpur (415),Shahid Bhagat Singh Nagar,31.0630627,76.29157,32393,1900.2496567304947,1900.782470703125,0.4565446078978291,0.0557135606612488,1.2856670220910733,-0.4658768162097655,-0.001505084730394,844.7756114413636,22.646918597549643,0.6345619108502266,78.0,40,40,246,201.0,BALACHAUR
31564,Maruli Brahmanan (256),HOSHIARPUR,31.5304813,75.9044,31564,1899.5129780875347,1900.7752685546875,0.3639822661503165,-0.0008566548455216,0.9635359997331406,-0.398615577247008,0.0532363819482534,890.0315853764909,22.315053295634414,1.0,190.0,3,10,301,217.0,HOSHIARPUR-II
32415,Udhanwal (392),Shahid Bhagat Singh Nagar,31.1531525,76.30083,32415,1902.305334898592,1900.771240234375,0.4895760898064785,0.0623561448139741,1.3003317742630036,-0.4973925495095528,-0.0077302139926593,821.8205249357864,22.223304145598163,1.0,115.0,130,130,533,244.0,BALACHAUR
28841,Malookwali (366),GURDASPUR,31.8540668,74.95159,28841,1905.4673157951413,1900.7706298828125,0.5202356117485717,0.1742375559688408,1.375055811888631,-0.5091405337409833,-0.0942813578220392,1075.65145477237,22.26807480556546,1.0,40.0,55,55,147,85.0,FATEHGARH CHURIAN
31682,Pajjodeota (123),HOSHIARPUR,31.5675678,75.7074356,31682,1901.3341137033965,1900.770263671875,0.4945494556585397,0.1284423612647642,1.4664420587983904,-0.4852464585012209,-0.0662712252605686,809.747228305568,22.345829776931225,1.0,63.15,150,150,319,178.0,HOSHIARPUR-I
30788,Chak Bamun (491),HOSHIARPUR,31.8018017,75.6655045,30788,1902.040164760029,1900.76708984375,0.5530016728285001,0.24321968399879,1.680575450932975,-0.5202172080091748,-0.1558135727048189,1069.7398827025793,22.25262060279292,1.0,303.0,79,6,283,341.0,DASUYA
31883,Parsota (40),HOSHIARPUR,31.35376,75.9904861,31883,1902.0645840870047,1900.7655029296875,0.4784637644448649,0.0993001605270222,1.2911135962423523,-0.48818040691091,-0.0310659380769849,903.97068290018,21.992633355513988,1.0,47.0,25,24,108,77.0,MAHILPUR
31653,Kotali Bawdass (112),HOSHIARPUR,31.5379143,75.89211,31653,1899.5709030858327,1900.76318359375,0.4860089295758537,0.1148573204798395,1.388161127076869,-0.4819564061769379,-0.0503834957288167,846.6854783704179,22.501385909822545,1.0,14.0,18,30,84,59.0,HOSHIARPUR-I
32920,Burj (181),FATEHGARH SAHIB,30.666666,76.2281342,32920,1900.5190418918348,1900.76123046875,0.5382712262063145,0.2093867828604859,1.484243358249884,-0.5234594426688688,-0.1229853080581235,956.793064158191,22.8899654269361,1.0,160.0,312,70,150,141.0,KHAMANO
32956,Prempur (284),FATEHGARH SAHIB,30.8288288,76.35659,32956,1902.52136838186,1900.7596435546875,0.495972481774,0.1687289135491804,1.257956718029998,-0.4970484220661412,-0.0809088187144023,956.793064158191,22.8899654269361,1.0,200.0,32,32,50,82.0,KHAMANO
31911,Sakruli (100),HOSHIARPUR,31.28718,75.97239,31911,1900.1413811326,1900.7587890625,0.4783078294530271,0.11880315720559,1.255671952036148,-0.4922589276244873,-0.0447569749897955,790.2334722688096,22.580193486697112,1.0,415.0,65,100,240,499.0,MAHILPUR
38408,Samlah (328),RUPNAGAR,31.2432442,76.49996,38408,1900.7161582599813,1900.7584228515625,0.5956497169647063,0.1398462605516268,1.5457044235654702,-0.5895635601569025,-0.0788314716783067,864.1329747437316,20.79889002617279,0.6618813533345366,300.0,280,310,321,577.0,ANANDPUR SAHIB
32510,Aima (241),Shahid Bhagat Singh Nagar,31.18919,76.24561,32510,1899.283928268302,1900.758056640625,0.4572492860987586,0.115386025308644,1.2955046170539404,-0.4573562534414995,-0.0457117189335343,851.4699283053773,22.057530697916604,1.0,58.0,10,12,110,70.0,SAROYA
31544,Khanoor (298),HOSHIARPUR,31.5290184,75.9035,31544,1902.3137532604528,1900.7557373046875,0.3968991760965868,0.024727288570834,0.9954823615691464,-0.4308905258347766,0.0381336049777025,870.9827496536316,22.168157432343275,1.0,228.0,111,108,228,268.0,HOSHIARPUR-II
28896,Dehar (426),GURDASPUR,32.0180168,75.03599,28896,1903.318549721376,1900.75439453125,0.5835643196577096,0.2455643363512844,1.7323325046551568,-0.541033121406685,-0.1635624241967566,1136.3471540620226,22.16224381140933,1.0,2.47,60,100,340,372.0,DERA BABA NANAK
30747,Himmatpur (502),HOSHIARPUR,31.8738747,75.59733,30747,1901.3659228712595,1900.74755859375,0.5138672260695836,0.1942572290654883,1.538287904388093,-0.4814445161755621,-0.1129709145082812,1187.6022311856646,22.08084163640433,1.0,343.0,90,155,285,371.0,DASUYA
31892,Khera (69),HOSHIARPUR,31.3538151,75.99058,31892,1901.4796541121348,1900.7451171875,0.4354710842309194,0.0838485266132146,1.1563827076815691,-0.4574301612652984,-0.0131660222962919,790.2334722688096,22.580193486697112,1.0,181.0,69,100,335,212.0,MAHILPUR
38748,Lohari (209),RUPNAGAR,30.8288288,76.56642,38748,1901.545885989936,1900.7427978515625,0.4850877342597898,0.1422471060181226,1.2385867797265615,-0.4941660910819256,-0.0600184491328385,884.4000491311448,22.16996411897884,1.0,2.5,20,3,165,106.0,RUPNAGAR
30790,Chanalta (492),HOSHIARPUR,31.8018017,75.6655045,30790,1900.42015142442,1900.7415771484375,0.6146496782897455,0.2389039967423083,2.023063246015878,-0.5546666442200728,-0.1693248563175072,1073.0177256276506,22.24859892509784,1.0,208.0,10,0,61,221.0,DASUYA
30738,Bhalesra (468),HOSHIARPUR,31.8738747,75.59733,30738,1901.625722684396,1900.7410888671875,0.6552215743504533,0.2413474538330798,2.0572265168798385,-0.5901521248475766,-0.1803421515955576,1073.0177256276506,22.24859892509784,1.0,26.0,0,2,4,27.0,DASUYA
38955,Chintgarh (130),RUPNAGAR,30.8288288,76.54543,38955,1901.5726735269127,1900.7408447265625,0.4202067488770678,0.0688441172561808,1.0592685316940398,-0.4489281394137001,0.0036715653239039,884.4000491311448,22.16996411897884,1.0,2.47,11,11,202,186.0,RUPNAGAR
30781,Dugari (116),HOSHIARPUR,31.81982,75.6378555,30781,1899.166688230536,1900.737548828125,0.5093449749838179,0.1837534255001855,1.4894636720001475,-0.5005862652690518,-0.1022128263684114,1073.0177256276506,22.24859892509784,1.0,50.0,30,50,130,125.0,DASUYA
28407,Salahpur (709),GURDASPUR,31.90991,75.43588,28407,1902.3895788086832,1900.730224609375,0.6012902106376004,0.2196980399673063,1.8337059421707964,-0.5524311310437905,-0.1496434634142012,1166.163984835905,22.065997289144352,1.0,158.0,10,0,60,168.0,KAHNUWAN
31984,Sikandarpur (152),HOSHIARPUR,31.19866,76.15726,31984,1900.2697472816728,1900.7265625,0.4479737230824885,0.108439837147593,1.1678099063744456,-0.4541083252798295,-0.0365099227914165,845.5937060430332,22.157519459522163,1.0,140.0,69,70,160,157.0,GARHSHANKAR
32618,Mustfabad (85),FATEHGARH SAHIB,30.6616268,76.39104,32618,1900.332482860227,1900.7254638671875,0.5416494141365036,0.2183123065219421,1.531039018030966,-0.5192873066612927,-0.1318324751558728,936.571517865886,22.854862821640893,1.0,52.63,30,50,177,144.0,BASSI PATHANA
28220,Shehzada Nangal (335),GURDASPUR,32.039444,75.29087,28220,1901.2478363371329,1900.724853515625,0.400306367030472,0.0490507253039902,1.1689532802954896,-0.4144556344052384,0.0039308831360747,1115.9593406131166,21.98831793184121,0.6209262564415098,122.0,0,0,1,208.0,GURDASPUR
32515,Saroa (243),Shahid Bhagat Singh Nagar,31.1789913,76.22937,32515,1898.6383134421071,1900.722900390625,0.4804760325824881,0.1145907301860559,1.298142971347795,-0.485729957636745,-0.0451055238475109,851.4699283053773,22.057530697916604,1.0,437.0,110,300,729,529.0,SAROYA
38711,Mianpur (194),RUPNAGAR,30.9729729,76.51368,38711,1900.779682323808,1900.71728515625,0.480798694803993,0.1277907789234214,1.2773565716063109,-0.4866613145835836,-0.0515500881286024,884.4000491311448,22.16996411897884,1.0,50.0,50,30,468,76.0,RUPNAGAR
32584,Dedahran (100),FATEHGARH SAHIB,30.738739,76.36895,32584,1898.6262501070007,1900.7149658203125,0.5169572651801707,0.2263955955139282,1.307329151719496,-0.5228203084428079,-0.1228320021589003,945.2899826460504,22.913436851581626,1.0,107.0,60,60,100,119.0,BASSI PATHANA
28006,Aujla (115),GURDASPUR,31.8738747,75.215416,28006,1901.95261674082,1900.713134765625,0.5207165994972424,0.1972251695677719,1.574075027075982,-0.5002964847824152,-0.1173711004336817,1139.3258067777056,22.056743376335533,1.0,51.0,0,0,69,58.0,KALANAUR
37089,Machhiwala (80),AMRITSAR,31.8378372,74.76184,37089,1898.7149127397065,1900.70458984375,0.5888061213752614,0.2319149108067261,1.4451318673815727,-0.5651249176782704,-0.1403712007514993,1068.6945858409304,22.313068289678824,1.0,263.0,111,111,220,269.0,AJNALA
31069,Muradpur (242),HOSHIARPUR,31.9819813,75.7499847,31069,1901.2708834251928,1900.70361328125,0.4511841545204546,0.1787344870054974,1.2764412606374178,-0.4304474840245818,-0.087784963278897,1187.6022311856646,22.08084163640433,0.7881209721184765,114.0,61,61,254,152.0,HAJIPUR
31697,Kathe (168),HOSHIARPUR,31.5315323,75.82618,31697,1898.0910055523536,1900.7025146484375,0.457053727727781,0.0905991645120289,1.2667052203089626,-0.4661485267566163,-0.0257789765821605,788.4978595187562,22.42155105340902,1.0,26.72,30,30,94,73.0,HOSHIARPUR-I
38375,Dumewal (377),RUPNAGAR,31.477478,76.33164,38375,1902.0330836227656,1900.7017822265625,0.4205041219909341,0.0599327424522726,1.0237593404814829,-0.4542695062629308,0.0109610349441009,830.6255879809754,21.71718340171697,1.0,21.0,0,100,113,146.0,NURPUR BEDI
28369,Saidowal Kalan (622),GURDASPUR,31.90991,75.43588,28369,1898.3518871461408,1900.695556640625,0.6290977075004217,0.2384208389145134,1.9896957554866133,-0.5656173880753872,-0.1701189499360732,1135.595315973987,22.065727221775774,1.0,97.0,102,180,295,123.0,KAHNUWAN
39046,Batta (375),S.A.S Nagar,30.7567558,76.63484,39046,1900.1010243136493,1900.6932373046875,0.5124416870951586,0.1582932211999599,1.4546693616244322,-0.5047007869084826,-0.0822880964936731,924.7053690427682,22.86485363292064,1.0,147.0,57,45,226,210.0,KHARAR
32608,Kishanpura (96),FATEHGARH SAHIB,30.6846848,76.3890152,32608,1899.0544056306144,1900.692626953125,0.5283750966191935,0.2227998464404459,1.4686110414181988,-0.508861359737301,-0.135582711863808,936.6004392137696,22.855057126479043,1.0,131.98,31,31,91,378.0,BASSI PATHANA
38977,Paintpur (166),S.A.S Nagar,30.8468475,76.68573,38977,1900.10334052282,1900.682373046875,0.411927964990268,0.03348266857962,1.026123936457639,-0.4408902819743654,0.0295388179421138,814.0134456565278,22.43804828433952,0.2527842159902284,75.0,197,93,294,90.0,MAJRI
30673,Saidupur (19),HOSHIARPUR,31.6140518,75.65601,30673,1900.821225004,1900.6807861328125,0.6144523701004132,0.2673172739427483,1.8602497642321008,-0.5664766777613096,-0.1868145449689223,804.8879846566824,22.355235450463898,1.0,0.1,36,0,53,57.0,TANDA
30859,Budhi Pind (50),HOSHIARPUR,31.6756763,75.64723,30859,1900.5593167512648,1900.6776123046875,0.5411105438543455,0.1719930890025998,1.6330655198189596,-0.5161264718597387,-0.1040694307985973,959.276372473468,22.438470679153,1.0,0.8,51,280,389,326.0,TANDA
32597,Kheri Bhai Ki (188),FATEHGARH SAHIB,30.64865,76.42336,32597,1898.7818756512795,1900.673828125,0.5168252189323931,0.2352261783113788,1.2837636049619392,-0.5242313589442223,-0.1282572122962436,946.2463649918932,22.919862199345346,1.0,74.0,24,24,74,197.0,BASSI PATHANA
38708,Rangilpur (188),RUPNAGAR,30.8288288,76.56642,38708,1900.5984627177784,1900.673828125,0.4812889263489044,0.1416984753235093,1.248581343435118,-0.484754599246445,-0.059867490015735,898.3496095737006,22.50601327627756,1.0,2.47,25,30,252,101.0,RUPNAGAR
31542,Sasoli (302),HOSHIARPUR,31.5315323,75.9107361,31542,1902.244113113196,1900.6728515625,0.3942236135471929,0.0275520026802859,1.0053599214063478,-0.4243398998202266,0.035336697046399,888.3010714637003,22.07600911783036,1.0,321.0,10,72,250,321.0,HOSHIARPUR-II
31995,Pahlewal (144),HOSHIARPUR,31.2432442,76.09955,31995,1899.719655175396,1900.6654052734375,0.4114710134524466,0.0462042267286975,1.060784608298735,-0.4389676719860415,0.0164893543376454,851.4699283053773,22.057530697916604,1.0,108.0,70,102,501,84.0,GARHSHANKAR
32598,Badwala (195),FATEHGARH SAHIB,30.64865,76.42336,32598,1898.1797033782568,1900.6646728515625,0.4349824682277807,0.1352031541138777,1.0810525766177164,-0.462663535299042,-0.0430563799641559,946.2463649918932,22.919862199345346,1.0,59.0,70,70,154,168.0,BASSI PATHANA
31658,Jandiala (100),HOSHIARPUR,31.5855846,75.89128,31658,1902.0297611011383,1900.6630859375,0.5355671862262085,0.1550611608339678,1.60360099716573,-0.5128455335348108,-0.0904196292124017,809.747228305568,22.345829776931225,1.0,0.01387,10,0,102,198.0,HOSHIARPUR-I
31818,Marula (18),HOSHIARPUR,31.477478,76.01474,31818,1901.4596824689725,1900.662353515625,0.3704560869891313,0.0081602048622719,0.932150505656467,-0.4072631433705985,0.048865783221146,903.97068290018,21.992633355513988,1.0,129.94,70,30,185,170.0,MAHILPUR
31668,Nanda Chaur (121),HOSHIARPUR,31.5855846,75.89128,31668,1899.181983355238,1900.659912109375,0.5000407149320706,0.119691461459023,1.4740738178686237,-0.4825395091164345,-0.0605688419770088,846.6854783704179,22.501385909822545,1.0,178.1376,35,0,1105,454.0,HOSHIARPUR-I
31436,Hussainpur (506),HOSHIARPUR,31.1531525,75.47971,31436,1899.1744306756484,1900.65625,0.5560116087504422,0.1735472958994872,1.7364059048356186,-0.5235505129242367,-0.1103778346345781,959.276372473468,22.438470679153,1.0,109.0,27,27,214,128.0,BHUNGA
32628,Ladpuri (189),FATEHGARH SAHIB,30.72072,76.3546753,32628,1903.273312504592,1900.6553955078125,0.5292104715502908,0.229947839774995,1.411748805516872,-0.5270990612451157,-0.1337579367147822,933.8014519597696,22.850328815341925,1.0,81.0,12,30,83,89.0,BASSI PATHANA
32592,Mandlan (102),FATEHGARH SAHIB,30.6846848,76.40997,32592,1899.776310213443,1900.6534423828125,0.5110741415676167,0.2134952636966242,1.3127240652650591,-0.5148909974904146,-0.1157815991905966,936.571517865886,22.854862821640893,1.0,187.0,120,120,220,213.0,BASSI PATHANA
32377,Dalelpur Urf Sarowal (442),Shahid Bhagat Singh Nagar,31.0622921,76.3015747,32377,1901.279389408018,1900.65087890625,0.502289084763826,0.1521127958644912,1.376220989027039,-0.5047899809693808,-0.0730937132334819,844.787807644051,22.646944145629085,1.0,15.0,2,0,2,72.0,BALACHAUR
32504,Bharapur (238),Shahid Bhagat Singh Nagar,31.15722,76.30162,32504,1900.27823104268,1900.6500244140625,0.4582223639315386,0.1104290988532387,1.2237408725215135,-0.4699633813114556,-0.0371278237937118,837.9356765373134,22.067714950802724,1.0,120.0,99,98,218,151.0,SAROYA
31541,Bihala (301),HOSHIARPUR,31.5307846,75.90091,31541,1901.2886143068329,1900.64990234375,0.3732537935935764,0.0154502489964354,0.9613474649303564,-0.4065038765669759,0.0449131845804535,903.97068290018,21.992633355513988,1.0,180.0,21,49,342,218.0,HOSHIARPUR-II
28405,Bore (708),GURDASPUR,32.0812149,75.46473,28405,1902.3174013438336,1900.6453857421875,0.6395918547845456,0.2476396960867575,2.0148891641698983,-0.57762598204251,-0.1800386608946204,1165.4874077092736,22.065528811189044,0.9715463487011732,160.0,6,6,6,136.0,KAHNUWAN
28389,Sarwarpur Salho (583),GURDASPUR,32.0852928,75.46561,28389,1900.640366955797,1900.6297607421875,0.5610763092900678,0.2547788384967307,1.663667204195125,-0.5257956623445795,-0.1621396748960968,1149.1040381600756,22.05418457981392,1.0,35.0,2,1,2,37.0,KAHNUWAN
28036,Khera Kotli (152),GURDASPUR,31.8558559,75.2219238,28036,1902.348090207514,1900.6268310546875,0.5790155796070141,0.2395611968320607,1.7227221661080283,-0.5403215632755932,-0.1598648630483373,1110.9779122283358,22.020857509920177,1.0,185.0,150,140,370,212.0,KALANAUR
32471,Khandupur (219),Shahid Bhagat Singh Nagar,31.15722,76.30162,32471,1901.5790086221523,1900.6258544921875,0.5065354202135709,0.1517509065257929,1.363582052596161,-0.5064192758691834,-0.0743162344314673,828.9379867722886,22.1998544780825,1.0,106.0,65,87,120,114.0,SAROYA
28342,Gill (508),GURDASPUR,31.90991,75.43588,28342,1901.741585706323,1900.624267578125,0.6037250017755201,0.2639312556764753,1.9752125839476795,-0.54995943122439,-0.1888522062904334,1131.6664013078112,22.04982144446689,1.0,154.0,110,110,149,155.0,KAHNUWAN
32562,Kajjal Majra (372),FATEHGARH SAHIB,30.64865,76.44431,32562,1899.7555487169927,1900.6221923828125,0.5083943695221708,0.1718162812261981,1.35005975924879,-0.5043966505303767,-0.0870926317514233,946.2463649918932,22.919862199345346,1.0,28.0,21,16,66,84.0,BASSI PATHANA
32473,Majara (222),Shahid Bhagat Singh Nagar,31.1711712,76.2100449,32473,1900.7299201503145,1900.621337890625,0.4997763150066935,0.0997779615282342,1.3496532926335203,-0.5056991432153195,-0.0366042256617381,828.9379867722886,22.1998544780825,1.0,120.0,155,110,270,212.0,SAROYA
31885,Manolian (42),HOSHIARPUR,31.3538361,75.99061,31885,1900.9712224062607,1900.621337890625,0.4121116139211207,0.0610072947483335,1.1289151023347337,-0.4341040663459179,0.0049055935016254,903.97068290018,21.992633355513988,1.0,139.0,78,76,176,241.0,MAHILPUR
28229,Aujla (340),GURDASPUR,31.8558559,75.13707,28229,1901.0710223545336,1900.6180419921875,0.4815454878093105,0.1460000846335256,1.3274858228463031,-0.4798404479775229,-0.0703235091041212,1115.9593406131166,21.98831793184121,1.0,139.0,44,40,60,175.0,KALANAUR
28039,Alowal (397),GURDASPUR,32.10811,75.34392,28039,1902.0212204114848,1900.61767578125,0.5804604265637892,0.2543012310062241,1.683475371720648,-0.5423369230556135,-0.1662287917676642,1110.9779122283358,22.020857509920177,1.0,373.0,155,170,324,424.0,DHARIWAL
38679,Manusuha Khurd (54),RUPNAGAR,30.9189186,76.49141,38679,1900.198326225947,1900.616455078125,0.5154930783591772,0.1398283663772732,1.417942837214606,-0.513093559012094,-0.0689522730560335,903.4168812444108,22.62808539330217,1.0,110.0,12,65,165,111.0,RUPNAGAR
28373,Bhaini Kanian (602),GURDASPUR,0.0,0.0,28373,1898.8910399344568,1900.6143798828125,0.5908899941594913,0.2108140398745012,1.874787734596144,-0.539735926793626,-0.1452394188119755,1135.595315973987,22.065727221775774,1.0,131.0,32,0,60,151.0,KAHNUWAN
28105,Dadwan (394),GURDASPUR,32.0,75.50991,28105,1900.266612582741,1900.6109619140625,0.5697765886062767,0.2142471489846654,1.72937346898482,-0.5244187650697834,-0.1407412904503311,1110.9779122283358,22.020857509920177,0.8483551252295827,80.0,140,210,595,140.0,DHARIWAL
32623,Khalaspur (79),FATEHGARH SAHIB,30.6667538,76.3928452,32623,1902.2759079558152,1900.6099853515625,0.5267120796039397,0.2041275376714251,1.3888784312916187,-0.5192744930178808,-0.1153500886069417,936.571517865886,22.854862821640893,1.0,161.0,50,45,248,251.0,BASSI PATHANA
30756,Chhangla (127),HOSHIARPUR,31.8738747,75.59733,30756,1901.0308796464176,1900.609130859375,0.5887775287749493,0.2479264410764395,1.8195017382876664,-0.5402844952504958,-0.1677893410358353,1073.0177256276506,22.24859892509784,1.0,240.0,70,126,341,305.0,DASUYA
28990,Laluwal (475),GURDASPUR,32.0360374,75.0294952,28990,1901.1869306199435,1900.60205078125,0.6671717391018812,0.2973609821473947,1.647376611694578,-0.619272133313203,-0.2101791329263375,1082.1764249558858,22.289764815356595,1.0,65.0,0,0,1,168.0,DERA BABA NANAK
31724,Chak Rehsiwal (207),HOSHIARPUR,31.5315323,75.889595,31724,1899.973323963427,1900.6005859375,0.5235685591399808,0.1116416577043006,1.5839498512828531,-0.5027369888319011,-0.0573369099117834,788.4978595187562,22.42155105340902,1.0,20.0,0,0,6,240.0,HOSHIARPUR-I
28985,Talwandi Hinduan (491),GURDASPUR,32.0360374,75.0294952,28985,1899.118376016913,1900.59521484375,0.5876580672454362,0.2320707284772367,1.4981945051126515,-0.5581624891674299,-0.1435990738098223,1113.632540054569,22.234122389552702,1.0,102.0,52,65,97,117.0,DERA BABA NANAK
28031,Chak Nurowali (147),GURDASPUR,31.9560452,75.32188,28031,1902.690424569424,1900.593505859375,0.585485702971665,0.2408127359364607,1.7364681038944298,-0.5445019929105708,-0.1605468974509833,1139.3258067777056,22.056743376335533,1.0,29.0,0,0,10,32.0,DHARIWAL
28917,Ghuman (458),GURDASPUR,32.0360374,75.0294952,28917,1899.048633721956,1900.5921630859375,0.5497520233923758,0.2170264639916178,1.5744988786451743,-0.5161669262735901,-0.134572007395381,1115.0650176217457,22.23160584795756,1.0,2.47,50,60,90,34.0,DERA BABA NANAK
32371,Chahal (425),Shahid Bhagat Singh Nagar,31.1171169,76.35603,32371,1898.703643811235,1900.5916748046875,0.5279621706453441,0.1627160900111894,1.4878678311579947,-0.5167925618535274,-0.088242167615076,844.7756114413636,22.646918597549643,1.0,212.0,25,25,62,230.0,BALACHAUR
38709,Gandhon Kalan (191),RUPNAGAR,30.8288288,76.54543,38709,1901.227408066627,1900.5908203125,0.4988430689558676,0.1535277185218362,1.3269496906616989,-0.4987519525146626,-0.0740067135781451,884.4000491311448,22.16996411897884,1.0,65.1,50,16,155,77.0,RUPNAGAR
28434,Pasnawal (486),GURDASPUR,32.10811,75.32265,28434,1900.430243943987,1900.5906982421875,0.6109333031835457,0.2650853060858245,1.860966148186555,-0.5616859164807464,-0.1849395544993102,1131.6664013078112,22.04982144446689,1.0,339.0,102,80,286,438.0,DHARIWAL
30837,Jitabaid (6),HOSHIARPUR,31.6936932,75.78898,30837,1898.7634459767985,1900.590087890625,0.5821193131990329,0.1713369680593559,1.737814082144283,-0.5485844918167396,-0.1079233862819247,959.276372473468,22.438470679153,1.0,2.1,18,8,15,90.0,BHUNGA
30767,Jand (124),HOSHIARPUR,31.8738747,75.49124,30767,1900.4951914512887,1900.587646484375,0.6044161438987022,0.2386809563522501,1.8928064462660497,-0.5582788799753835,-0.1665217981929209,1073.0177256276506,22.24859892509784,1.0,188.0,53,25,90,212.0,DASUYA
28963,Khode Bet (481),GURDASPUR,32.0180168,75.03599,28963,1900.1840591463483,1900.5869140625,0.5337960353476466,0.2223168955966356,1.229410321152491,-0.5347971614523946,-0.1172337355036838,1115.0650176217457,22.23160584795756,1.0,2.47,70,100,150,459.0,DERA BABA NANAK
31884,Mulurowal (41),HOSHIARPUR,31.3538876,75.99056,31884,1902.0458920301269,1900.5855712890625,0.3861104884720718,0.0368536513999047,0.9420459586145608,-0.4266561889162221,0.033239698727386,903.97068290018,21.992633355513988,1.0,43.0,4,6,16,53.0,MAHILPUR
31546,Chitton (299),HOSHIARPUR,31.52718,75.92317,31546,1902.357008497598,1900.5814208984375,0.3785221541457983,0.0052723113703671,0.9489793871633788,-0.4228848718497865,0.0546537109463743,843.4590449265105,22.314607130389952,1.0,273.0,16,199,300,293.0,HOSHIARPUR-II
28901,Sangtuwal (381),GURDASPUR,32.0360374,75.0294952,28901,1906.7995109453443,1900.5809326171875,0.5540897876861962,0.2024199935889946,1.569122602800669,-0.525765908155318,-0.1238378085101776,1081.0210524488157,22.17749533843535,1.0,105.0,25,30,80,118.0,DERA BABA NANAK
31625,Sherpur (219),HOSHIARPUR,31.5675678,75.89776,31625,1898.928134516032,1900.5787353515625,0.4390599488793822,0.0405596389379527,1.1942613553293833,-0.4485829102870914,0.0138006092498209,890.0315853764909,22.315053295634414,0.8504047717323291,37.24696,40,40,260,106.0,HOSHIARPUR-I
38575,Bandleri (289),RUPNAGAR,31.2432442,76.45782,38575,1902.4792619255616,1900.576904296875,0.5764050390071412,0.1228214457197135,1.6403338830405354,-0.5550051511448566,-0.0723237419802296,866.6008382142882,21.45839674353933,0.8176131636790347,96.0,175,175,220,159.0,ANANDPUR SAHIB
27961,Dehriwala (77),GURDASPUR,31.8378372,75.14361,27961,1900.5996010279275,1900.57470703125,0.5557598384198711,0.2322664532726128,1.5911959706549277,-0.5293474077290472,-0.1446253581719979,1142.9831445665664,22.05228914755586,1.0,550.0,240,200,316,610.0,KALANAUR
32512,Alowal (242),Shahid Bhagat Singh Nagar,31.1711712,76.23111,32512,1898.8347084929687,1900.5736083984375,0.4800294853236287,0.1295320217991062,1.263900913262213,-0.4839282415016771,-0.0535992500280409,851.4699283053773,22.057530697916604,1.0,95.0,53,30,215,232.0,SAROYA
39026,Mehrauli (143),S.A.S Nagar,30.81081,76.59401,39026,1899.92215491172,1900.5718994140625,0.39346038757558,0.0450410481850189,0.9421279644045712,-0.4468398066632614,0.0290776941371197,862.3002831329304,22.14838899450069,0.9979250639883608,170.0,70,70,148,174.0,MAJRI
32057,Simbli (159),HOSHIARPUR,31.1986523,76.1572647,32057,1900.576145570276,1900.565673828125,0.4886233685438272,0.1497044979080315,1.2474495878257323,-0.4950439776893031,-0.0686401143897802,840.5943488493441,22.33696134816968,1.0,557.0,59,79,390,603.0,GARHSHANKAR
28431,Sahaipur (492),GURDASPUR,31.8918915,75.4423447,28431,1900.3443901071296,1900.56298828125,0.6177405362949789,0.2654579105856877,1.854284323364333,-0.5623582084042724,-0.1875225657751049,1131.6664013078112,22.04982144446689,1.0,67.0,50,50,79,110.0,KAHNUWAN
28873,Dulowal (414),GURDASPUR,32.0180168,75.03599,28873,1904.6629741313,1900.560302734375,0.5773465489131767,0.2302651209341219,1.7155766772809542,-0.5382690827769442,-0.1509177849842492,1130.9439389179051,22.162216827330926,1.0,247.0,35,40,60,64.0,DERA BABA NANAK
31526,Shamaspur (317),HOSHIARPUR,31.5135136,75.91723,31526,1898.647051937049,1900.5582275390625,0.4179513285567602,0.0395359699455382,1.13849282070948,-0.4426715825049369,0.0196929568559597,933.2595458410262,21.988595287188566,1.0,4.0,2,2,2,15.0,HOSHIARPUR-II
28965,Mulowali (480),GURDASPUR,32.0180168,75.01474,28965,1900.114382746259,1900.55712890625,0.5304116885201402,0.205814005756594,1.359219304224606,-0.522548194079977,-0.1128589422960783,1115.0650176217457,22.23160584795756,1.0,2.47,55,34,117,280.0,DERA BABA NANAK
32545,Niamumajra (218),FATEHGARH SAHIB,30.7027035,76.3823242,32545,1901.1654090195093,1900.554931640625,0.4736400069436747,0.1585246351217932,1.203342988724235,-0.4882286670422334,-0.06727431049914,936.4049479484468,22.916391399311287,1.0,201.0,40,15,47,157.0,KHERA
37112,Dhangai (93),AMRITSAR,31.8378372,74.76184,37112,1902.011522615652,1900.548828125,0.494649784068598,0.1677555488734283,1.1954155431038531,-0.4953191642608956,-0.0781487962391681,1065.286755698052,22.324280758455448,1.0,375.0,54,7,54,127.0,AJNALA
38902,Kajauli (266),RUPNAGAR,30.7866859,76.44767,38902,1902.1500573264416,1900.5479736328125,0.4754957827221028,0.1787020950077054,1.2617516917828115,-0.4747066197243332,-0.0912768266773144,959.4305728172454,22.846988311436142,1.0,133.0,50,50,153,184.0,MORINDA
28040,Jogowal (398),GURDASPUR,31.8558559,75.2219238,28040,1903.156050312317,1900.5440673828125,0.5792243687521348,0.239060854343414,1.7256488176613742,-0.539884376659385,-0.157899959715583,1110.9779122283358,22.020857509920177,1.0,30.0,20,40,90,145.0,KALANAUR
28973,Thetharke(472),GURDASPUR,32.0360374,75.0294952,28973,1900.0958365363124,1900.54345703125,0.5910835086513797,0.2495142326353315,1.5866806401171667,-0.5531725104331247,-0.1630791134995751,1115.0650176217457,22.23160584795756,1.0,400.0,60,50,100,489.0,DERA BABA NANAK
28299,Lamin (614),GURDASPUR,32.0360374,75.39083,28299,1900.5006830197767,1900.54296875,0.5377741409521838,0.1322910992022546,1.5661533760405306,-0.5181695359490908,-0.0712123276871404,1131.8944889693478,22.051137755994045,1.0,183.1,50,60,82,312.0,GURDASPUR
28110,Indranwala (224),GURDASPUR,32.04625,75.32672,28110,1900.784511855836,1900.541259765625,0.5963013461061664,0.2678139053545564,1.7586772048425992,-0.5505087327992007,-0.1822961819748208,1110.9779122283358,22.020857509920177,1.0,61.53,250,75,143,179.0,GURDASPUR
32970,Kale Majra (289),FATEHGARH SAHIB,30.7927933,76.43283,32970,1900.8437598164048,1900.5401611328125,0.5570435992833969,0.2347569548940105,1.4855752978927703,-0.5359067445426906,-0.1434706237133562,956.793064158191,22.8899654269361,1.0,267.0,120,50,110,118.0,KHAMANO
39125,Makran (58),S.A.S Nagar,30.6126118,76.37398,39125,1900.8282580787725,1900.5399169921875,0.4518588043510327,0.1132291989449893,1.1609196645959947,-0.4751789809314082,-0.0308477345593436,893.1311163117783,22.78422345302016,1.0,210.0,40,66,155,132.0,KHARAR
30860,Masit Palkot (51),HOSHIARPUR,31.6756763,75.62606,30860,1900.797371470064,1900.5386962890625,0.4936315089554855,0.1255725297107755,1.4927031285751104,-0.4829738129587155,-0.0631951158372643,959.276372473468,22.438470679153,1.0,2.83,0,0,402,270.0,TANDA
28351,Bhumbli (379),GURDASPUR,32.0416679,75.2935,28351,1899.8484257798373,1900.537353515625,0.5823821242922029,0.2380429604098919,1.7782414298182818,-0.5399016731753237,-0.160634277224694,1130.8018192859895,22.04643603504294,1.0,623.0,520,300,820,686.0,GURDASPUR
31681,Sus (125),HOSHIARPUR,31.54955,75.84081,31681,1900.939964844786,1900.536376953125,0.5582680869059292,0.1928993673044358,1.730208060255038,-0.5258190098902792,-0.1232953464569754,763.0941067279631,22.40585736384314,1.0,176.92,150,150,341,464.0,HOSHIARPUR-I
31555,Attalgarh (253),HOSHIARPUR,31.36937,75.82165,31555,1898.9025007688467,1900.53564453125,0.3439683967631067,-0.0051794900934812,0.909157871936604,-0.383065295877589,0.0598762554199353,890.0315853764909,22.315053295634414,1.0,89.0,12,11,65,118.0,HOSHIARPUR-II
38662,Shahpur (354),RUPNAGAR,30.9369373,76.52683,38662,1900.532651651652,1900.5335693359375,0.453428093174152,0.1248413022744169,1.111260793985402,-0.4768934116290766,-0.039729623736459,819.4475713183778,22.333564912274483,1.0,116.0,27,27,50,126.0,MORINDA
38992,Paraul (340),S.A.S Nagar,30.8828831,76.6935654,38992,1896.1131950777824,1900.532958984375,0.470393511260525,0.0862710185109599,1.1882348436140762,-0.4935032092408821,-0.0131441727584212,803.502484176109,22.44984648645714,0.8628870847388356,182.0,70,54,722,470.0,MAJRI
31669,Kunt (122),HOSHIARPUR,31.5196457,75.76203,31669,1901.490598212015,1900.5306396484375,0.5657644321331803,0.1883431516769655,1.6428939377406289,-0.5447939076227964,-0.1175008173822895,819.5336628077632,22.387042879969016,1.0,38.305,72,70,206,147.0,BHUNGA
28045,Chak Depewal (403),GURDASPUR,32.0360374,75.41209,28045,1903.3084091339144,1900.5264892578125,0.605734002627014,0.2740352256069803,1.8064891891451431,-0.55528524289214,-0.1905321258547408,1113.9997261883054,22.046167810679428,1.0,236.0,60,27,168,276.0,DHARIWAL
28004,Khushipur (113),GURDASPUR,31.8558559,75.13707,28004,1902.521004764296,1900.5244140625,0.5527793925949513,0.2122718873230602,1.5913071376503924,-0.527360066131828,-0.1315166431966174,1136.4158936523825,22.159809134602373,1.0,221.0,180,150,250,181.0,KALANAUR
31881,Barian Kalan (38),HOSHIARPUR,31.477478,76.01474,31881,1901.2512317895887,1900.5223388671875,0.3942829310682521,0.0393072027022109,1.0304217860554683,-0.4292289483956889,0.0249947672399926,903.97068290018,21.992633355513988,0.9995459891606774,3295.0,137,190,481,320.0,MAHILPUR
28361,Karal (613),GURDASPUR,32.0360374,75.39083,28361,1900.688294770381,1900.521484375,0.5285078196074388,0.121820834274284,1.585064497199308,-0.5095878545317689,-0.0634287477908525,1133.9150605017176,22.059103288885154,1.0,227.0,50,50,123,330.0,GURDASPUR
28992,Ghanie ke Bet (495),GURDASPUR,32.0360374,75.0294952,28992,1902.6929097845168,1900.52099609375,0.6340327194520158,0.2840959770991621,1.5231491921405629,-0.595904526417801,-0.1892765366405318,1133.746248188625,22.256149325064086,1.0,686.0,52,64,108,816.0,DERA BABA NANAK
30761,Mangat (125),HOSHIARPUR,31.8738747,75.49124,30761,1901.108590907554,1900.5179443359375,0.6109129899259448,0.2449921489601187,1.9855020285677745,-0.5537092169645987,-0.172569313389191,1073.0177256276506,22.24859892509784,1.0,159.0,25,50,74,172.0,DASUYA
32954,Sidhupur Kalan (286),FATEHGARH SAHIB,30.7927933,76.3699,32954,1902.6488315113395,1900.517578125,0.5022411635355977,0.1986914517239686,1.26643072045344,-0.5062317607479276,-0.1022727797393485,956.793064158191,22.8899654269361,1.0,210.0,322,131,211,179.0,KHAMANO
28250,Badesh (393),GURDASPUR,32.10811,75.34392,28250,1900.4711784496603,1900.513427734375,0.6025864617575495,0.2613849461636099,1.778594365405821,-0.5581601281238373,-0.1791738415866469,1110.9779122283358,22.020857509920177,1.0,113.0,63,60,147,122.0,DHARIWAL
31879,Bhuno (35),HOSHIARPUR,31.477478,76.01474,31879,1899.84772548996,1900.5126953125,0.3818255690223731,0.0303966340644145,1.0166247979721474,-0.4169143926916305,0.0309802126588272,903.97068290018,21.992633355513988,1.0,141.0,57,96,436,155.0,MAHILPUR
31732,Dhagangarh (262),HOSHIARPUR,31.39233,75.81491,31732,1899.496542605852,1900.5042724609375,0.504289814744485,0.0871760223293993,1.3635681287147297,-0.5147989789136652,-0.029252021758567,890.0315853764909,22.315053295634414,0.8653332724663778,80.0,10,11,36,88.0,HOSHIARPUR-II
27987,Saleh Chak (82),GURDASPUR,0.0,0.0,27987,1897.480348800854,1900.4991455078125,0.5362853182150548,0.2101155924811469,1.653992582151386,-0.5052867141087595,-0.1312436314793786,1149.6487215358345,22.04417121957576,1.0,137.0,41,100,241,169.0,KALANAUR
31817,Saidpur (17),HOSHIARPUR,31.44144,76.04885,31817,1901.7931596384728,1900.4974365234375,0.4223425359638641,0.0597096478180329,1.15441378902113,-0.4420710397920552,0.0038168657245297,903.97068290018,21.992633355513988,1.0,139.62,38,44,126,154.0,MAHILPUR
28377,Kahnuwan (606),GURDASPUR,32.0180168,75.4185,28377,1900.3312299587465,1900.4952392578125,0.5656885204405391,0.2357925941597396,1.6436794313760064,-0.5361471576214846,-0.1507339661075687,1143.4423091585277,22.05457356307403,0.9457467243232414,4591.0,402,580,1666,2515.0,KAHNUWAN
32926,Manpur (273),FATEHGARH SAHIB,30.81081,76.34226,32926,1902.4330135959297,1900.493896484375,0.5190532972933855,0.1993256877819791,1.4146486430630147,-0.5022490970810939,-0.1189003083189586,956.793064158191,22.8899654269361,1.0,120.0,80,100,250,149.0,KHAMANO
32613,Alampur (93),FATEHGARH SAHIB,30.6846848,76.3890152,32613,1899.89214890526,1900.4908447265625,0.5196872114960314,0.2056754841219086,1.433376284088157,-0.5135980333306971,-0.1152278358967067,958.3388711257307,22.846324103166022,1.0,87.0,60,20,40,98.0,BASSI PATHANA
28485,Kotli Gujjran (712),GURDASPUR,31.90991,75.43588,28485,1902.368117282865,1900.4871826171875,0.6218001754906589,0.244448542895606,1.9889135065103425,-0.5664007091579842,-0.173341266010884,1187.6022311856646,22.08084163640433,1.0,4.0,3,5,6,55.0,KAHNUWAN
31439,Khadiala (60),HOSHIARPUR,31.6407661,75.77769,31439,1899.782175667537,1900.485107421875,0.4590963073443199,0.0963403390921343,1.330581116730278,-0.4566031753346948,-0.0345909592548964,854.0905091668952,22.373302692457404,1.0,8.17,20,15,130,190.0,BHUNGA
38934,Rattangarh (250),RUPNAGAR,30.9369373,76.52683,38934,1899.2389535002976,1900.48486328125,0.4404910331725899,0.1257860964213996,1.1078303684186193,-0.4657104680242749,-0.0391611887472258,962.4367746522324,22.798003492737337,1.0,292.0,210,210,302,232.0,MORINDA
32564,Railon (305),FATEHGARH SAHIB,30.6795864,76.40169,32564,1900.936907883002,1900.4837646484375,0.4407687782045021,0.1584167760578864,1.036286274375061,-0.4794574277011861,-0.0554004223844745,946.2463649918932,22.919862199345346,1.0,180.0,155,130,250,204.0,BASSI PATHANA
32453,Jagatpur (214),Shahid Bhagat Singh Nagar,31.1171169,76.35603,32453,1901.773607719848,1900.48193359375,0.4654010152076798,0.0915993475339569,1.2546518231354526,-0.4779600426755392,-0.0244807051873932,828.9379867722886,22.1998544780825,1.0,88.0,40,42,192,105.0,BALACHAUR
39068,Chandpur (150),S.A.S Nagar,30.8288288,76.67133,39068,1900.7224728071344,1900.4814453125,0.4292568844423498,0.0697210443915523,1.1151759123758938,-0.4552653392778346,-0.0002669573575511,830.0963777051772,22.43084911612698,1.0,92.0,20,100,162,127.0,MAJRI
30694,Jhaj (11),HOSHIARPUR,31.6138668,75.65573,30694,1901.584770726556,1900.4786376953125,0.4909333395347234,0.1233307393702368,1.4174586811910264,-0.4856146323534837,-0.0579127880712325,809.747228305568,22.345829776931225,1.0,0.97,52,52,122,140.0,TANDA
28986,Dalla (490),GURDASPUR,32.0360374,75.0294952,28986,1898.590513664268,1900.4732666015625,0.6356820373286838,0.2558734030426459,1.6225667011428522,-0.5908128688886034,-0.1724796422885242,1076.107085986333,22.300046190511008,1.0,149.0,48,48,53,160.0,DERA BABA NANAK
31569,Haiderowal (233),HOSHIARPUR,31.54955,75.9676743,31569,1898.8486076001327,1900.4716796875,0.4713276533752946,0.0746842519788466,1.3566697614835326,-0.473411142017325,-0.0174440122407636,890.0315853764909,22.315053295634414,0.8865281692741237,89.0,60,60,150,98.0,HOSHIARPUR-I
30762,Ludhiani (126),HOSHIARPUR,31.8738747,75.59733,30762,1901.3277295577147,1900.4710693359375,0.6034853183654513,0.2363875847477703,1.962101001076264,-0.5506877069637531,-0.1634974458915276,1073.0177256276506,22.24859892509784,1.0,135.0,55,55,73,153.0,DASUYA
28285,Dauwal (624),GURDASPUR,31.8918915,75.52723,28285,1897.913530005325,1900.4686279296875,0.6344496759016717,0.2269893632709728,1.9523054825973551,-0.5746081508172981,-0.161931089382029,1136.060009085409,22.067926048919308,1.0,293.0,156,0,190,331.0,KAHNUWAN
32383,Bachhwan (428),Shahid Bhagat Singh Nagar,31.0630627,76.31261,32383,1899.2116667499536,1900.4676513671875,0.5118335509810434,0.1690943386816243,1.405186862981049,-0.5104209187016935,-0.0882750597862482,844.7756114413636,22.646918597549643,1.0,115.0,41,40,100,172.0,BALACHAUR
37088,Shahzada (81),AMRITSAR,31.8558559,74.71281,37088,1899.075899551936,1900.4609375,0.609934088959033,0.2394318158250688,1.5868422520743712,-0.5722847321476822,-0.1550768473610369,1068.6945858409304,22.313068289678824,1.0,135.0,38,116,121,185.0,AJNALA
38914,Dhangrali (244),RUPNAGAR,30.9400253,76.41413,38914,1902.0979953738297,1900.4534912109375,0.4055030755120861,0.0973826430221957,1.054982897164555,-0.4343641105137358,-0.0180536890213596,962.4367746522324,22.798003492737337,1.0,55.06,84,84,340,162.0,MORINDA
28915,Haveli Kalan (460),GURDASPUR,32.0360374,75.0294952,28915,1902.390715015749,1900.452392578125,0.5848690616548461,0.2636668189150981,1.5019291422250285,-0.5647375127559877,-0.1671938353283751,1115.0650176217457,22.23160584795756,1.0,2.47,50,25,75,57.0,DERA BABA NANAK
31730,Kahri (242),HOSHIARPUR,31.5298519,75.90389,31730,1899.8646718483435,1900.451416015625,0.4533772230237152,0.0618979107689048,1.2644691279909337,-0.4668113454883241,-0.0038381978777205,890.0315853764909,22.315053295634414,1.0,440.0,28,98,431,519.0,HOSHIARPUR-II
31739,Sahari (241),HOSHIARPUR,31.5298519,75.90389,31739,1901.0067415430767,1900.4476318359375,0.5415666739436145,0.1510458431567423,1.6388786552782486,-0.5170772220791889,-0.089199689956609,850.8385293717373,22.37326507497613,0.997046556823151,434.0,39,98,697,549.0,HOSHIARPUR-II
31623,Khusropur (220),HOSHIARPUR,31.6084251,75.86644,31623,1898.838903905772,1900.447021484375,0.4363128616416617,0.062200225027175,1.2272257753348783,-0.4410762828667932,-0.0046817054373617,890.7032139828583,22.31733317995773,0.8553792399319342,158.0,25,30,102,86.0,HOSHIARPUR-I
38712,Madpur (199),RUPNAGAR,30.9909916,76.50711,38712,1900.1826639939595,1900.4427490234375,0.4754215516622048,0.1261017177201814,1.2237902711922406,-0.4873423284738588,-0.0451813715350488,884.4000491311448,22.16996411897884,1.0,72.0,35,22,60,88.0,RUPNAGAR
32047,Mukandpur (254),HOSHIARPUR,31.5135136,75.7481461,32047,1899.419386921708,1900.441650390625,0.5058076653726137,0.1454199903555323,1.357447069956886,-0.4972325930173842,-0.0708880278044949,851.4699283053773,22.057530697916604,1.0,4.0,31,25,68,109.0,GARHSHANKAR
31871,Nangal Khurd (67),HOSHIARPUR,31.477478,76.01474,31871,1900.643274961408,1900.439697265625,0.4305555334356888,0.0783943945277486,1.1519673145665894,-0.4552949721515856,-0.0090453985449172,869.6441508752449,22.169962318900005,1.0,212.0,29,22,231,238.0,MAHILPUR
32922,Todarpur (269),FATEHGARH SAHIB,30.666666,76.39572,32922,1900.6279900359527,1900.4385986328125,0.5056272610679353,0.1966276214711318,1.3658994534933169,-0.502470155806884,-0.1067930853113006,956.793064158191,22.8899654269361,1.0,143.0,33,25,93,163.0,KHAMANO
28977,Ratar Chhatar (478),GURDASPUR,32.0360374,75.0294952,28977,1899.56357374954,1900.427734375,0.5606905033155651,0.206287835448011,1.363129349505337,-0.5425735318693731,-0.1177559518742087,1115.0650176217457,22.23160584795756,1.0,2.47,15,100,135,300.0,DERA BABA NANAK
31634,Sada Arain (188),HOSHIARPUR,31.5315323,75.889595,31634,1898.4598680846648,1900.4268798828125,0.4465027330724813,0.0794735443189785,1.2821290505165432,-0.4563077775411324,-0.018726957445684,788.4978595187562,22.42155105340902,0.9333902568152204,14.57,5,5,25,39.0,HOSHIARPUR-I
38821,Rashidpur (106),RUPNAGAR,30.9189186,76.51241,38821,1898.3458201113497,1900.426025390625,0.5020111644093975,0.169129157605991,1.25560194532125,-0.5195675211042238,-0.0799703105255211,910.6785726565448,22.80677781419164,1.0,170.0,80,100,220,217.0,CHAMKAUR SAHIB
28474,Jalalpur (555),GURDASPUR,31.333334,75.62385,28474,1905.020817380684,1900.424560546875,0.5184749061252167,0.1549884749256126,1.454166486411932,-0.5151894630880242,-0.0798545482365793,1067.240190619369,22.14028871592185,1.0,144.0,50,55,215,177.0,KAHNUWAN
38678,Chhoti Jhallian (59),RUPNAGAR,30.72072,76.6900253,38678,1899.7242152487763,1900.4140625,0.5020367034321227,0.1589553617908844,1.2757541275196411,-0.51325429018153,-0.0725769254185186,903.4168812444108,22.62808539330217,1.0,56.0,1,50,103,86.0,RUPNAGAR
31910,Chandsu Jattan (104),HOSHIARPUR,31.4127274,75.98217,31910,1900.2941691803192,1900.406494140625,0.5034157697050243,0.1286591778004513,1.4084377567366786,-0.5057610319745397,-0.0598676161446209,790.2334722688096,22.580193486697112,1.0,220.0,80,80,220,240.0,GARHSHANKAR
31880,Barian Khurd (36),HOSHIARPUR,31.3474617,75.99839,31880,1900.3739763236488,1900.39599609375,0.3959780883447754,0.0559591266721268,1.068991029402944,-0.4292197277400575,0.0117745420663767,903.97068290018,21.992633355513988,0.9138886621062128,163.0,66,89,236,201.0,MAHILPUR
32550,Kasumbri (217),FATEHGARH SAHIB,30.594595,76.52722,32550,1902.4705608586585,1900.3955078125,0.4937524904358754,0.2001033400910404,1.2493144853847105,-0.506336141827987,-0.1016401680920469,946.2463649918932,22.919862199345346,1.0,189.0,60,70,195,205.0,KHERA
31905,Aima Jattan (114),HOSHIARPUR,31.2432442,76.09955,31905,1901.6708489656112,1900.3924560546875,0.5358726036423415,0.1750344896745551,1.474498772457074,-0.5338032514149178,-0.0981372018550037,790.2334722688096,22.580193486697112,1.0,84.0,43,30,268,87.0,GARHSHANKAR
30763,Bhogia (462),HOSHIARPUR,31.8738747,75.59733,30763,1901.9730257668484,1900.3905029296875,0.6081266492228944,0.2523743583142409,1.893420105793008,-0.5553419662635171,-0.174465188461053,1073.0177256276506,22.24859892509784,1.0,111.0,26,15,39,122.0,DASUYA
32401,Jagtewal (207),Shahid Bhagat Singh Nagar,31.0630627,76.31261,32401,1900.908652720552,1900.389892578125,0.4702281693539023,0.0733374597927213,1.2913841364306262,-0.4741407203966097,-0.0163972145343579,844.7756114413636,22.646918597549643,1.0,73.0,26,25,80,74.0,BALACHAUR
28273,Lakhanpal (657),GURDASPUR,32.04134,75.40231,28273,1901.1947139998297,1900.3890380859375,0.6081958402675841,0.25077413199927,1.7614708986644556,-0.5686628157320321,-0.1719985527281526,1118.1198795760747,22.087473987032315,1.0,99.0,190,75,100,108.0,GURDASPUR
28847,Kot Khazana (324),GURDASPUR,31.8617477,74.96767,28847,1904.0971838639423,1900.3876953125,0.50814446075429,0.1697083529494639,1.3416798837961932,-0.5009829791525903,-0.0884304251842351,1067.5616133013625,22.21778295243664,1.0,750.0,100,100,220,63.0,FATEHGARH CHURIAN
38758,Sultanpur (384),RUPNAGAR,30.8288288,76.56642,38758,1900.44894775148,1900.3853759765625,0.5399843768256911,0.1643129725921797,1.5071675479022886,-0.5284628894255009,-0.0892099221852799,884.4000491311448,22.16996411897884,1.0,2.5,5,3,11,121.0,RUPNAGAR
38374,Saidpur (376),RUPNAGAR,31.18919,76.4773,38374,1901.7497921612087,1900.382080078125,0.4240137762964678,0.0726331723011145,1.1145992978963348,-0.4408484494568975,-0.0080419815839582,830.6255879809754,21.71718340171697,0.9915419386395056,30.0,90,30,32,191.0,NURPUR BEDI
39086,Kansala (157),S.A.S Nagar,30.8288288,76.67133,39086,1898.9292009157248,1900.379150390625,0.4336927719268716,0.0896282802235158,1.109523845034572,-0.4556026587827674,-0.0137049697336722,814.0134456565278,22.43804828433952,0.9326733769438472,176.0,86,86,118,306.0,MAJRI
28284,Tanda (628),GURDASPUR,32.04169,75.3021,28284,1897.7096591635232,1900.376220703125,0.5401640340967165,0.2369067532096015,1.624160980708833,-0.4830405259278877,-0.147053216975058,1149.903206330356,22.13342905966505,1.0,137.0,120,50,82,185.0,GURDASPUR
28243,Khokhar (344),GURDASPUR,32.0360374,75.39083,28243,1901.536934624982,1900.375732421875,0.5786983325006482,0.2385779177463464,1.761684843110359,-0.5382829655159138,-0.1610570759304168,1115.9593406131166,21.98831793184121,1.0,121.0,65,50,240,181.0,GURDASPUR
31451,Dadiana Kalan (78),HOSHIARPUR,31.5855846,75.89128,31451,1893.2815636084567,1900.3729248046875,0.5027952656169856,0.1194111551600696,1.4007908965020124,-0.4947332862166291,-0.0561245647641715,858.251787866863,22.497249115252124,1.0,110.121,10,0,223,334.0,HOSHIARPUR-I
32924,Panj Koha (267),FATEHGARH SAHIB,30.7217712,76.39646,32924,1901.126832761204,1900.371337890625,0.5239267460131426,0.1993168124182504,1.5201281183212088,-0.5019499617987142,-0.1184754199499701,956.793064158191,22.8899654269361,1.0,256.0,128,125,263,343.0,KHAMANO
32555,Gadhera (304),FATEHGARH SAHIB,30.594595,76.59002,32555,1902.575007849296,1900.3690185546875,0.4754006449372216,0.1852990266112289,1.1550108181744434,-0.4962442935044576,-0.0832807568699047,946.2463649918932,22.919862199345346,1.0,240.0,49,45,173,265.0,KHERA
28899,Dhilwan (416),GURDASPUR,32.0180168,75.03599,28899,1905.062819174656,1900.36767578125,0.5874687604616197,0.2545857253259698,1.6163772909153162,-0.5547446789187213,-0.1673685790196189,1126.5321802850583,22.162194794663467,1.0,125.0,60,60,100,206.0,DERA BABA NANAK
31561,Roran (427),HOSHIARPUR,31.5320759,75.77068,31561,1899.11860889082,1900.36376953125,0.3139546242899553,-0.0318766305394352,0.7849366082246128,-0.3627930717632561,0.0859327181957318,890.0315853764909,22.315053295634414,1.0,70.0,12,20,105,91.0,BHUNGA
27984,Barila Khurd (87),GURDASPUR,0.0,0.0,27984,1895.640140393437,1900.3626708984375,0.5920976341291504,0.2751714126992832,1.8009528486749316,-0.5436205087894906,-0.1872505623386808,1158.9678832902082,22.049562885726225,1.0,268.0,80,100,151,341.0,KALANAUR
31539,Kalian (306),HOSHIARPUR,31.53235,75.89773,31539,1900.7121457441976,1900.359130859375,0.3478103840983806,-0.0017735173610052,0.8499409132511078,-0.3940002099800146,0.0618813365599531,903.97068290018,21.992633355513988,1.0,78.0,100,15,86,84.0,HOSHIARPUR-II
30708,Kandhali Naurangpur (35),HOSHIARPUR,31.6140671,75.65602,30708,1901.056730096211,1900.358154296875,0.5629682943869297,0.1885589443296262,1.7486797317489886,-0.5317934142881936,-0.1205322072792984,959.276372473468,22.438470679153,1.0,1.1,165,156,380,266.0,TANDA
39021,Salempur Kalan (140),S.A.S Nagar,31.0990982,76.55196,39021,1900.5109978490595,1900.357421875,0.4596515891987189,0.0833565148400759,1.2640199012779427,-0.4774233776511217,-0.016180022137875,884.4000491311448,22.16996411897884,1.0,10.0,12,1,88,135.0,MAJRI
38731,Panjoli (200),RUPNAGAR,30.9549541,76.52025,38731,1900.0904408528368,1900.3572998046875,0.4839704951416347,0.1362272956837107,1.236847130774196,-0.492162646028673,-0.0560296764540024,884.4000491311448,22.16996411897884,1.0,7.0,16,15,110,92.0,RUPNAGAR
32418,Natha Nangal (398),Shahid Bhagat Singh Nagar,31.0630627,76.29157,32418,1899.8801340673688,1900.3568115234375,0.5217384173408536,0.1044499445758785,1.4574107396885594,-0.5132153172295107,-0.0444105519835503,829.1995089402934,22.434053347028623,1.0,82.0,40,40,112,130.0,BALACHAUR
31083,Baopur (437),HOSHIARPUR,31.9459457,75.6141,31083,1900.602060402056,1900.35498046875,0.5722875573682802,0.2037019933138344,1.722177949311461,-0.5362349861464204,-0.1322761637901836,1187.6022311856646,22.08084163640433,1.0,21.86,55,55,94,87.0,MUKERIAN
32436,Malewal Bhatian (390),Shahid Bhagat Singh Nagar,31.0990982,76.36259,32436,1903.140807753089,1900.3548583984375,0.4829539918401911,0.0674806395858685,1.326172629765007,-0.4905407133424734,-0.0158609123691978,828.9379867722886,22.1998544780825,0.711137489215999,40.0,1,1,5,46.0,BALACHAUR
31815,Makkhangarh (14),HOSHIARPUR,31.3411465,75.9951248,31815,1902.2036425479373,1900.3529052734375,0.4828067861832151,0.1047165532994147,1.380056385858886,-0.4795642282953811,-0.044155745556769,903.97068290018,21.992633355513988,1.0,81.0,25,28,98,117.0,MAHILPUR
38384,Katta (495),RUPNAGAR,31.45946,76.3169556,38384,1901.0660449149489,1900.3509521484375,0.6656796120016849,0.1922143838210046,1.984541745950614,-0.6090203440587673,-0.1428132036293483,830.6255879809754,21.71718340171697,0.3964029338562748,15.0,25,25,63,137.0,NURPUR BEDI
30857,Kotli (59),HOSHIARPUR,31.54955,75.90424,30857,1900.5058152209488,1900.3504638671875,0.540971583366156,0.1583266138341341,1.694048640936867,-0.5083561403123231,-0.0968963055251852,959.276372473468,22.438470679153,1.0,0.1,35,12,131,66.0,TANDA
38589,Sainsowal (277),RUPNAGAR,31.2432442,76.47889,38589,1901.100541140976,1900.348876953125,0.4130574113419716,0.0591211534511642,1.136270870474831,-0.4234007109807455,0.000632492352052,832.2396922128534,21.692167927293045,0.9515149885739136,150.0,70,70,86,142.0,ANANDPUR SAHIB
38759,Bindrakh (383),RUPNAGAR,30.9549541,76.52025,38759,1899.6518922119544,1900.3480224609375,0.4661956232642665,0.116800416916668,1.2170242536610754,-0.4824039964823218,-0.039441488657686,883.5355702956688,22.16800930402839,1.0,174.0,25,80,135,226.0,RUPNAGAR
31893,Nangal Kalan (71),HOSHIARPUR,31.3538876,75.99056,31893,1900.705043701664,1900.3466796875,0.4618704904566838,0.1063754206429467,1.178759478852884,-0.4783873035373187,-0.0312883523076535,790.2334722688096,22.580193486697112,1.0,295.0,30,63,267,329.0,MAHILPUR
28258,Jiwanwal (341),GURDASPUR,32.0360374,75.39083,28258,1901.59100673582,1900.3436279296875,0.4874187125179167,0.1434051437253932,1.4085240295727348,-0.4768773704495601,-0.0730915767535988,1115.9593406131166,21.98831793184121,0.9861421177836508,129.0,280,112,285,151.0,GURDASPUR
32413,Jogewal (194),Shahid Bhagat Singh Nagar,31.0630627,76.29157,32413,1903.1421631840656,1900.34130859375,0.5380132149303267,0.1078121880205364,1.4657974299232277,-0.5332111646160268,-0.0488397573745363,828.9379867722886,22.1998544780825,1.0,84.0,40,40,102,115.0,BALACHAUR
32605,Nahanheri (191),FATEHGARH SAHIB,30.72072,76.3546753,32605,1899.6564015422507,1900.336669921875,0.518230658755211,0.2106468344016431,1.4024985072331373,-0.5112840570522545,-0.1179985891961684,950.237205248158,22.88982474864939,1.0,116.0,75,45,61,130.0,BASSI PATHANA
32609,Kalaundi (97),FATEHGARH SAHIB,30.6846848,76.3890152,32609,1899.3169493296944,1900.3248291015625,0.476555928295494,0.1990523262208748,1.1909395039277273,-0.4976766044231645,-0.0940648405512575,936.7898276116288,22.856329511234843,1.0,77.73,15,41,148,200.0,BASSI PATHANA
37095,Kamalpur Kalan (72),AMRITSAR,31.8558559,74.71281,37095,1901.369903690505,1900.3240966796875,0.7586503834771657,0.3287002257703674,2.008306921774502,-0.7026864956132726,-0.2668987946516414,1068.6945858409304,22.313068289678824,0.9344825791842354,85.0,1,0,1,250.0,AJNALA
31066,Jamalpur Khurd (208),HOSHIARPUR,31.9459457,75.8476639,31066,1900.9886131490944,1900.32373046875,0.5958219201661414,0.2349006130332437,1.778423089451898,-0.5545286563856398,-0.1593261611819484,1187.6022311856646,22.08084163640433,1.0,2.0,1,0,3,66.0,MUKERIAN
28349,Khundi (384),GURDASPUR,32.0,75.50991,28349,1900.070370945176,1900.3233642578125,0.6404044835240741,0.2923622138643257,1.984710440365504,-0.5785580171336411,-0.2119804591325355,1131.6664013078112,22.04982144446689,1.0,69.0,65,70,145,81.0,DHARIWAL
28968,Veroke (470),GURDASPUR,32.0253448,75.0240555,28968,1898.2477626012208,1900.3216552734375,0.5158117586055909,0.1998224657720883,1.5754591953254595,-0.4950193736447413,-0.1214697094878498,1115.0650176217457,22.23160584795756,0.9985694988400284,2.47,25,10,15,110.0,DERA BABA NANAK
31551,Bohan (295),HOSHIARPUR,31.5302734,75.9033356,31551,1899.230221538449,1900.3184814453125,0.4371856347674174,0.0558510124588783,1.2000052902198364,-0.4520794162048305,0.0047645849969137,997.362054498916,22.05412827776508,0.859022306104408,548.0,24,82,603,731.0,HOSHIARPUR-II
32603,Sakandarpur (194),FATEHGARH SAHIB,30.72072,76.3546753,32603,1898.0963351801813,1900.3175048828125,0.5224968363376189,0.2177446811107656,1.4213453937815717,-0.5085276762679115,-0.1255216719587375,946.2463649918932,22.919862199345346,1.0,50.0,35,25,49,59.0,BASSI PATHANA
28044,Theh Tikha (402),GURDASPUR,32.1261253,75.33752,28044,1903.0269467609312,1900.3115234375,0.6069984710196419,0.2799635024974872,1.790197286650853,-0.558450305100287,-0.1927132350376386,1110.9779122283358,22.020857509920177,1.0,157.0,72,50,203,173.0,DHARIWAL
28944,Abdal (464),GURDASPUR,32.0180168,75.03599,28944,1900.6725756660444,1900.3115234375,0.5501220504669517,0.2273032680939904,1.4822373390853976,-0.5285140664641709,-0.1369920696893491,1115.0650176217457,22.23160584795756,1.0,2.47,15,25,40,284.0,DERA BABA NANAK
31743,Marnaian Kalan (267),HOSHIARPUR,31.39235,75.81489,31743,1901.412932766536,1900.3104248046875,0.4856061349760165,0.1018731924468877,1.3749966172084906,-0.4851232948076041,-0.0373194964456654,855.2736559096843,22.358893585545616,1.0,76.9,25,26,116,210.0,HOSHIARPUR-II
31990,Gogon (257),HOSHIARPUR,31.4069881,76.03566,31990,1900.0936365157568,1900.310302734375,0.4473906865664904,0.0749305963813821,1.1617470616498589,-0.4707401454220715,-0.0086540224447399,851.4699283053773,22.057530697916604,0.9308242882126804,88.0,29,0,126,96.0,MAHILPUR
38371,Rampur Kalan (489),RUPNAGAR,31.1711712,76.42063,38371,1900.1878018301268,1900.3092041015625,0.5914399612851615,0.1348663468734938,1.6885351648926092,-0.568486240868244,-0.082638975274695,830.6255879809754,21.71718340171697,0.6772787128166918,433.0,70,70,105,332.0,NURPUR BEDI
31816,Punj (15),HOSHIARPUR,31.45946,75.97899,31816,1901.7056636344323,1900.3089599609375,0.4552230936245272,0.0706132089580113,1.2733890211122596,-0.4723249901707432,-0.0096640117782677,903.97068290018,21.992633355513988,1.0,43.71,13,36,48,53.0,MAHILPUR
30862,Johal (33),HOSHIARPUR,31.6756763,75.77427,30862,1900.953570023536,1900.30810546875,0.5326780452423493,0.1474419612900269,1.63182487326792,-0.5036429331948559,-0.0857601719655857,959.276372473468,22.438470679153,1.0,242.0,96,0,420,285.0,BHUNGA
28120,Kamalpur Afganan (162),GURDASPUR,31.9639645,75.3103561,28120,1901.86084829162,1900.3037109375,0.5717785608741587,0.216220600000743,1.6823015799684016,-0.5357916578950017,-0.1393733855672907,1117.865804573026,22.00780025978703,1.0,256.0,98,98,136,286.0,GURDASPUR
37098,Foolpur (67),AMRITSAR,31.8378372,74.71943,37098,1902.255246250166,1900.302978515625,0.5689282337383161,0.1854395666726636,1.448395045001623,-0.5422408261143224,-0.1033667839772556,1068.2565192394968,22.314509619758187,1.0,10.0,0,3,5,82.0,AJNALA
31887,Gondpur (61),HOSHIARPUR,31.3457985,75.99378,31887,1901.162859908553,1900.302978515625,0.4528176085136012,0.0998498593907414,1.2066324575424534,-0.4694909518808929,-0.0288164336030108,823.5749063371577,22.4079534847986,1.0,254.0,56,92,309,293.0,MAHILPUR
31722,Rajowal (208),HOSHIARPUR,31.5315323,75.889595,31722,1901.775768697927,1900.30029296875,0.5173790076198411,0.1382046852121656,1.5846780409716628,-0.4956584351427015,-0.0757414831664204,787.9318054517454,22.425501378252008,1.0,200.0,150,38,130,134.0,HOSHIARPUR-I
32387,Arazi Darya Bramd BelaTajowal (421),Shahid Bhagat Singh Nagar,31.0630627,76.31261,32387,1898.7381008919444,1900.29931640625,0.5269983615479987,0.1424430166186104,1.5173248929319254,-0.5126320147140709,-0.0751141162698528,844.7756114413636,22.646918597549643,0.9998801941418692,263.0,25,28,88,339.0,BALACHAUR
28417,Rauwal (570),GURDASPUR,31.90991,75.43588,28417,1902.1738423868185,1900.2987060546875,0.5537236178433864,0.1753425771209257,1.680923120526193,-0.5333477173213028,-0.1062181711006594,1143.9201909725598,22.052887510315067,1.0,90.0,12,70,95,169.0,DINANAGAR
30792,Shahpur (89),HOSHIARPUR,31.8018017,75.6655045,30792,1899.426873256495,1900.29833984375,0.5926187473672576,0.2372266911288299,1.9097455635325096,-0.5413622904673151,-0.1634854391194966,1073.0177256276506,22.24859892509784,1.0,204.0,39,6,139,220.0,DASUYA
31566,Korangna (243),HOSHIARPUR,31.54955,75.9888153,31566,1899.506503878914,1900.2977294921875,0.407600121732427,0.0278508134327556,1.1004754818341762,-0.4285819868647043,0.0269747011528211,890.0315853764909,22.315053295634414,1.0,107.0,38,38,50,168.0,HOSHIARPUR-I
32582,Kotla (184),FATEHGARH SAHIB,30.6846848,76.3890152,32582,1898.6697481658248,1900.2950439453125,0.465151921944759,0.1796025280697558,1.182292242250386,-0.4797695975856962,-0.082085778159759,946.2463649918932,22.919862199345346,0.8155891728217096,55.87,27,30,141,160.0,BASSI PATHANA
39018,Akalgarh (132),S.A.S Nagar,30.8288288,76.67133,39018,1900.5748116491484,1900.2926025390625,0.4666644142243948,0.103924956194486,1.2737274042883422,-0.4783728255138631,-0.0316574772788612,884.4000491311448,22.16996411897884,1.0,167.0,60,60,139,114.0,MAJRI
38728,Babani Kalan (380),RUPNAGAR,30.8288288,76.56642,38728,1900.5969675938345,1900.2840576171875,0.4993590192673755,0.1460532106177705,1.2577345470836123,-0.5075549022793744,-0.0625270444579154,884.4000491311448,22.16996411897884,1.0,2.5,10,12,110,137.0,RUPNAGAR
28295,Bahadur (642),GURDASPUR,32.0412941,75.4023056,28295,1900.299427305278,1900.283203125,0.5280107852257134,0.1583493579544592,1.5306649649898043,-0.5065976202280295,-0.0906389610949424,1135.595315973987,22.065727221775774,1.0,255.0,150,135,482,255.0,GURDASPUR
28993,Shikar (421),GURDASPUR,32.0180168,75.03599,28993,1903.7570596509645,1900.2803955078125,0.5759939348455556,0.2378175213258345,1.572202444671304,-0.5450118679885824,-0.1504292082719039,1135.3807853003684,22.16539336857686,0.9079375405113488,220.0,60,60,90,0.0,DERA BABA NANAK
31977,Chauhra (135),HOSHIARPUR,31.2432442,76.09955,31977,1900.993899566752,1900.2789306640625,0.4552286658128086,0.1303331476313942,1.2056938389897884,-0.4668272789280939,-0.0502482903798561,824.7937652280228,22.51144758387028,1.0,273.0,155,76,422,251.0,GARHSHANKAR
31629,Deowal (214),HOSHIARPUR,31.5315323,75.97415,31629,1898.9216758851967,1900.27880859375,0.4921949921438142,0.1012530232374641,1.4690614219090057,-0.4832262363219416,-0.0423274157168273,790.1381501904813,22.419830568151248,0.9911479234084682,80.0,15,20,200,203.0,HOSHIARPUR-I
28914,Dharowali (420),GURDASPUR,32.0360374,75.0294952,28914,1904.160547998989,1900.2781982421875,0.5624530320095555,0.227003780374689,1.5410438701228877,-0.5312390273181531,-0.1423849038995298,1119.7663520651597,22.216283413933976,0.9788032408910532,2.47,100,0,243,231.0,DERA BABA NANAK
31671,Jhojar (90),HOSHIARPUR,31.53794,75.89249,31671,1902.241643169852,1900.2777099609375,0.5412629848950216,0.175862083636745,1.6432106323984446,-0.5088439875752189,-0.1073332033932147,809.747228305568,22.345829776931225,1.0,29.51,8,8,35,79.0,HOSHIARPUR-I
38646,Bairampur (350),RUPNAGAR,31.0270271,76.62014,38646,1900.6394898739973,1900.272705078125,0.5861589837884049,0.153936829440003,1.742828427300547,-0.5450777640081904,-0.1005729009549311,820.5332523538555,22.36534944698248,1.0,50.0,15,25,100,132.0,RUPNAGAR
37104,Pachhia (85),AMRITSAR,31.8378372,74.76184,37104,1899.3216672679407,1900.2711181640625,0.5800378960445846,0.232197557693869,1.4652733551724595,-0.5518980327892642,-0.1453607447538824,1068.6945858409304,22.313068289678824,1.0,133.0,160,160,183,182.0,AJNALA
28241,Salimpur Araian (345),GURDASPUR,32.04084,75.29348,28241,1900.5938194887583,1900.268310546875,0.5695022755479913,0.2387334219112149,1.7904730244367324,-0.5305336834231933,-0.1612726587274968,1115.507119241389,21.99127192244424,1.0,48.5,190,67,123,132.0,GURDASPUR
39012,Rattangarh (127),S.A.S Nagar,30.81081,76.59401,39012,1902.127515807226,1900.267822265625,0.4301782552530264,0.0766367136346437,1.0799512504132214,-0.4584996108072275,-0.0036719951508434,890.8334487004805,22.27033428954707,1.0,70.0,10,35,78,91.0,MAJRI
39164,Behlolpur (23),S.A.S Nagar,30.7144756,76.7359848,39164,1898.106671349328,1900.266845703125,0.4015654825135554,0.0431185349726637,1.090761002112598,-0.4210489170990121,0.0140860821362726,814.0383716646402,22.45859355712685,0.7480713901513647,174.0,160,60,1400,243.0,MAJRI
28742,Sodhpur (219),GURDASPUR,0.0,0.0,28742,1904.814202996724,1900.266357421875,0.4654880747419518,0.1166017978723098,1.4631610351331603,-0.4543684267045138,-0.0550508597593641,1086.8675400067978,22.0423604185343,1.0,44.0,15,15,30,47.0,BATALA
28991,Purana Wahla (474),GURDASPUR,32.0360374,75.0294952,28991,1901.183879861556,1900.261474609375,0.658337042930526,0.2944690669420759,1.6065875362682511,-0.6143119787345577,-0.2052723734334138,1151.658724529546,22.190083507123514,1.0,317.0,0,15,17,461.0,DERA BABA NANAK
28427,Haveli Harni (495),GURDASPUR,32.0180168,75.4185,28427,1900.063096142996,1900.259033203125,0.5843296761515787,0.2305717738460551,1.750358253311605,-0.5503420197946599,-0.1579727778977716,1131.6664013078112,22.04982144446689,1.0,30.0,25,20,28,44.0,KAHNUWAN
28979,Shehzada (584),GURDASPUR,32.0360374,75.0294952,28979,1899.7179844079487,1900.2579345703125,0.5299136805540617,0.202182655686171,1.2673120422835933,-0.5266644034648099,-0.106182143599473,1114.7374068420293,22.2321813865725,1.0,445.0,69,76,92,530.0,DERA BABA NANAK
30846,Salahpur (55),HOSHIARPUR,31.54955,75.90424,30846,1900.6903578696,1900.2564697265625,0.5262686019709415,0.1546691801586454,1.640191385620757,-0.5030002439266135,-0.0920521929102874,959.276372473468,22.438470679153,1.0,0.1,15,0,70,65.0,TANDA
37092,Jatta (82),AMRITSAR,31.8558559,74.71281,37092,1899.5151211841464,1900.251220703125,0.5217786855064022,0.1857298551253289,1.3268363166994717,-0.5105730074049429,-0.1012804770076417,1068.6945858409304,22.313068289678824,1.0,206.0,98,98,191,194.0,AJNALA
32397,Majra Jattan (412),Shahid Bhagat Singh Nagar,31.0630627,76.31261,32397,1898.519060865848,1900.249755859375,0.539258923463208,0.114916504819135,1.5693120028162522,-0.5192723566167817,-0.0576182995487879,840.227507555624,22.61236563193129,0.6055300937751164,212.0,40,40,268,596.0,BALACHAUR
28042,Chak Baroia (400),GURDASPUR,32.0360374,75.41209,28042,1903.4184029158696,1900.2457275390625,0.5585848490081293,0.2439001366073593,1.5668496452349865,-0.5295972689390323,-0.1529848491383607,1113.1177059934705,22.023566294978824,1.0,83.0,70,0,98,91.0,DHARIWAL
38973,Dhanauran (18),S.A.S Nagar,30.8288288,76.67133,38973,1896.1989680632307,1900.2435302734375,0.4521429567224276,0.0674143036963673,1.1409725974531633,-0.4690032426156399,-0.0015091126467304,814.0134456565278,22.43804828433952,0.8352317639112397,110.0,50,16,95,145.0,MAJRI
31688,Nurpur (163),HOSHIARPUR,31.5315323,75.97415,31688,1901.2686389972173,1900.241943359375,0.5540933614883042,0.1854577842578176,1.7540379481027175,-0.5216862711586184,-0.1165389290505284,765.1244248214185,22.407979897449568,1.0,124.0,2,3,201,144.0,HOSHIARPUR-I
28379,Bhurian Gujjran (596),GURDASPUR,32.0360374,75.43334,28379,1900.49941343356,1900.2401123046875,0.6137174890322542,0.2488243419066481,2.026567554747924,-0.5522607110595985,-0.178126968521335,1149.1040381600756,22.05418457981392,1.0,49.0,10,10,22,52.0,KAHNUWAN
28406,Kasana (707),GURDASPUR,32.0812149,75.46473,28406,1902.3365104485488,1900.2364501953125,0.6015978133487162,0.2232333162334439,1.860123441188957,-0.5502679031749751,-0.1531517931865537,1160.2422761761427,22.06189695844203,1.0,58.0,34,32,40,122.0,KAHNUWAN
39028,Guno Majra (138),S.A.S Nagar,30.81081,76.59401,39028,1899.658920681305,1900.235107421875,0.4435065216505285,0.1052448418122358,1.1483721054866995,-0.4716683112477349,-0.025312619122648,894.632165755363,22.32959967088088,1.0,64.0,36,24,136,76.0,MAJRI
31992,Dugri (261),HOSHIARPUR,31.5135136,75.7481461,31992,1899.8048489433893,1900.231689453125,0.4259527661304521,0.0597004811184959,1.0858625752537865,-0.4474210320004055,0.0054629736787218,851.4699283053773,22.057530697916604,0.8130988857388047,86.0,129,65,195,126.0,GARHSHANKAR
38734,Raje Majra (192),RUPNAGAR,30.9549541,76.52025,38734,1901.0250628654635,1900.229736328125,0.4955771614990942,0.1367803204599634,1.3215311116225703,-0.4955578348636725,-0.0590074060305404,889.6767504440587,22.29708145983039,1.0,1.0,50,80,125,222.0,RUPNAGAR
31528,Rajni Devi (313),HOSHIARPUR,31.5315323,75.93187,31528,1898.661011645921,1900.2286376953125,0.4033752756450263,0.0230422217450089,1.1756374777041991,-0.4252403240544715,0.0286590043846968,903.97068290018,21.992633355513988,1.0,65.0,4,30,64,77.0,HOSHIARPUR-II
30696,Badala Pukhta (88),HOSHIARPUR,31.603447,75.85101,30696,1901.138890314399,1900.224853515625,0.5119494771127383,0.1445812625240179,1.528902714968338,-0.4964862518716537,-0.0795433431907979,809.747228305568,22.345829776931225,1.0,41.3,32,32,102,128.0,HOSHIARPUR-I
32052,Chak Guru (157),HOSHIARPUR,31.1987457,76.15729,32052,1899.838381870797,1900.2236328125,0.469981841280547,0.1164843827620684,1.2271876351552031,-0.4777479962436906,-0.0453978986897805,851.4699283053773,22.057530697916604,1.0,2.47,150,105,350,173.0,GARHSHANKAR
31418,Bassi Wahid (398),HOSHIARPUR,31.7027416,75.86085,31418,1893.0478249401096,1900.2220458984375,0.4217887596833207,0.0576598109882052,1.1058010060581946,-0.4433079318647963,0.0015478665155103,935.5591627766984,22.469599437629142,0.4544005888306193,425.0,15,0,99,23.0,BHUNGA
28005,Masat Kot (114),GURDASPUR,31.8558559,75.13707,28005,1903.0887517203164,1900.217529296875,0.5351733193721201,0.197014265042707,1.5967235397125363,-0.5096969750928113,-0.1188188922124355,1137.9055772212807,22.107046265062465,1.0,195.0,46,98,183,221.0,KALANAUR
38747,Atalgarh (208),RUPNAGAR,30.9909916,76.52812,38747,1901.8019473567813,1900.217041015625,0.4747330135975661,0.1206734423411945,1.1881305051283306,-0.4928223735084248,-0.0388042279981785,884.4000491311448,22.16996411897884,1.0,60.0,110,12,44,77.0,RUPNAGAR
38789,Ferozepur (98),RUPNAGAR,30.7747746,76.64919,38789,1896.8802646668369,1900.2139892578125,0.4759510469586338,0.152987992742245,1.1736114281945995,-0.5015556186993065,-0.0626413265372955,902.0458021954472,22.78583751199765,1.0,115.0,87,54,270,174.0,CHAMKAUR SAHIB
31445,Bholana (67),HOSHIARPUR,31.6756763,75.81661,31445,1893.868991999612,1900.2110595703125,0.4864130890562202,0.1121666432901415,1.2749196884270175,-0.4924687490094053,-0.0432037885839053,846.6854783704179,22.501385909822545,1.0,135.0,61,56,132,142.0,BHUNGA
37094,Singhoke (70),AMRITSAR,31.8378372,74.76184,37094,1900.7121015546795,1900.2076416015625,0.6251013011909832,0.266270306345775,1.5807678194169774,-0.5825136112990811,-0.1777896120517313,1068.6945858409304,22.313068289678824,1.0,690.0,60,25,86,249.0,AJNALA
32484,Sahdara (171),Shahid Bhagat Singh Nagar,31.15724,76.3013153,32484,1899.7053380680247,1900.206298828125,0.506988001133697,0.1100939709493329,1.3958757712396244,-0.5111973751816912,-0.0458308188190979,829.1458350716765,22.19192164762034,1.0,354.0,228,295,365,413.0,SAROYA
38982,Bhagat Majra (170),S.A.S Nagar,30.9729729,76.51368,38982,1899.55864683354,1900.2039794921875,0.4057287276998973,0.059815999492891,1.00431011367683,-0.4404663042602849,0.0133106440351563,814.0134456565278,22.43804828433952,1.0,1.0,50,0,213,78.0,MAJRI
27990,Kotla Mughian (128),GURDASPUR,31.8558559,75.2219238,27990,1899.700574969407,1900.1954345703125,0.5679147568234773,0.2438438603010705,1.6247033400113196,-0.5414607594484364,-0.1550787529517688,1139.3258067777056,22.056743376335533,1.0,158.0,20,30,81,178.0,KALANAUR
31875,Bahowal (34),HOSHIARPUR,31.477478,76.01474,31875,1899.180876904922,1900.194091796875,0.4531287192118474,0.0863493832088479,1.2771908426609455,-0.4664845128018701,-0.0211129346358344,903.97068290018,21.992633355513988,0.9957185037382308,307.0,74,123,340,415.0,MAHILPUR
38587,Bela Ramgarh (270),RUPNAGAR,31.2252254,76.50645,38587,1899.777390207668,1900.1932373046875,0.5144901194099459,0.1156751555699141,1.4332123761070663,-0.5099013335853716,-0.0520503155871158,845.1160135676759,21.49261000459427,1.0,717.0,68,68,68,1069.0,ANANDPUR SAHIB
38861,Kandola (146),RUPNAGAR,30.9369373,76.400795,38861,1899.180427661708,1900.1925048828125,0.5575449139350926,0.2495372288377598,1.5645164704165164,-0.5182895176160798,-0.1598047012912108,916.721189301242,22.821435243015912,1.0,257.0,78,92,161,339.0,CHAMKAUR SAHIB
28893,Gawara (429),GURDASPUR,32.0180168,75.03599,28893,1900.7511693429087,1900.1910400390625,0.5913222733637197,0.2469841163281968,1.6683354052514223,-0.5506109991340821,-0.1636234001845563,1136.3471540620226,22.16224381140933,1.0,2.47,60,100,240,295.0,DERA BABA NANAK
28777,Haruwal (244),GURDASPUR,31.81982,75.19255,28777,1903.4482495705035,1900.189697265625,0.5370923691327812,0.2156121346025158,1.5889460808740956,-0.5170096757830477,-0.1354901612204397,1080.5956918635602,22.023863889679227,1.0,68.0,63,61,92,76.0,BATALA
32958,Gaggarwal (288),FATEHGARH SAHIB,30.8190956,76.35183,32958,1901.0963008351944,1900.1885986328125,0.5146057298729163,0.2014643437096502,1.3358620153420036,-0.5110675632208149,-0.1101471060205293,956.793064158191,22.8899654269361,1.0,298.0,365,185,280,322.0,KHAMANO
32437,Dhaul (212),Shahid Bhagat Singh Nagar,31.0630627,76.29157,32437,1902.613996959674,1900.1881103515625,0.5239031813462691,0.1190363544741339,1.3786682483325938,-0.5269226343954566,-0.0508414701918044,828.9379867722886,22.1998544780825,0.9600988758856484,169.0,40,40,268,185.0,BALACHAUR
28233,Gaznipur (234),GURDASPUR,32.0420723,75.29434,28233,1900.0786174837745,1900.1856689453125,0.6245340415131141,0.2861577764524978,1.89196013735919,-0.5738182189041423,-0.202590525899165,1110.9779122283358,22.020857509920177,1.0,214.0,250,75,170,234.0,GURDASPUR
28355,Sidhwan (491),GURDASPUR,32.0360374,75.41209,28355,1899.456512687028,1900.1845703125,0.5445599590865989,0.2068144106308971,1.7175259034340449,-0.506184586643165,-0.136865203081131,1126.419404037788,22.02927598601888,1.0,111.0,100,80,128,133.0,GURDASPUR
32048,Chak Phullu (150),HOSHIARPUR,31.1986675,76.15729,32048,1899.0459255568069,1900.1839599609375,0.4724485550610959,0.1167094106694169,1.2699627112522858,-0.4745622823987319,-0.0459670764137681,851.4699283053773,22.057530697916604,1.0,101.0,105,120,295,114.0,GARHSHANKAR
37099,Gaggar (66),AMRITSAR,31.8378372,74.76184,37099,1901.0682226719027,1900.18115234375,0.5825847208714541,0.2292329680976179,1.4602938301403052,-0.5498007818045935,-0.1404501485375931,1068.6945858409304,22.313068289678824,1.0,505.0,60,60,72,204.0,AJNALA
38796,Beli Attalgarh (91),RUPNAGAR,31.7477474,75.76962,38796,1897.9388214070088,1900.1810302734375,0.5321126585352131,0.1741055987101289,1.4258626113966086,-0.5289397638621353,-0.0918642070462028,844.7756114413636,22.646918597549643,1.0,56.0,0,0,4,64.0,CHAMKAUR SAHIB
32928,Pohlo Majra (308),FATEHGARH SAHIB,30.8288288,76.35659,32928,1901.435093886476,1900.1746826171875,0.5109319091766887,0.1910481701450079,1.359521978613592,-0.505970387811969,-0.1032614644135371,956.793064158191,22.8899654269361,1.0,229.0,50,79,200,147.0,KHAMANO
31751,Herian (281),HOSHIARPUR,31.3927288,75.816,31751,1902.5850947274807,1900.17431640625,0.4102823304789423,0.0374038673129204,1.1000361620150594,-0.4314372614819377,0.0220754061689855,828.8790526797669,22.39218518476929,1.0,53.4,133,53,184,149.0,HOSHIARPUR-II
31878,Nangal Khilarian (323),HOSHIARPUR,31.45946,76.02123,31878,1898.628261918728,1900.1741943359375,0.3985392884183162,0.0220104875930479,0.967202429964378,-0.4407432753394837,0.0422504822184644,903.97068290018,21.992633355513988,1.0,97.0,127,148,230,116.0,MAHILPUR
28892,Nabi Nagar (430),GURDASPUR,32.0180168,75.01474,28892,1899.6443846380107,1900.17236328125,0.5435697817943832,0.2131314301482564,1.5135077511403172,-0.5133342136813088,-0.1302469145279,1136.3471540620226,22.16224381140933,1.0,2.47,25,10,100,194.0,DERA BABA NANAK
32588,Fatehpur Raian (108),FATEHGARH SAHIB,30.738739,76.36895,32588,1900.7381513885416,1900.1705322265625,0.5175852210994188,0.2181799038211212,1.3747058873259208,-0.5186772467866995,-0.120664315422497,936.571517865886,22.854862821640893,1.0,141.0,85,70,200,217.0,BASSI PATHANA
31988,Ibrahimpur (146),HOSHIARPUR,31.22917,76.13235,31988,1899.2601598821984,1900.1678466796875,0.4816128734609984,0.1541186302052413,1.2083031567801366,-0.4911787256486533,-0.0680134448408436,832.8250374566622,22.374788872132136,1.0,78.0,78,45,320,98.0,GARHSHANKAR
28234,Shiekhupura (233),GURDASPUR,32.0420723,75.29434,28234,1900.4216863496856,1900.1614990234375,0.6041923361724217,0.2744688793353483,1.7398369784992045,-0.5614660360735738,-0.1887864544512917,1110.9779122283358,22.020857509920177,1.0,44.5,65,53,169,128.0,GURDASPUR
28267,Gadarian (324),GURDASPUR,32.04129,75.40229,28267,1901.1373099786697,1900.1590576171875,0.6161084706893456,0.2536540484335984,1.9727551993044607,-0.5626846902663293,-0.177858074819494,1123.3722625329724,22.080937821834752,1.0,62.0,210,65,110,70.0,GURDASPUR
32489,Jhangerian (226),Shahid Bhagat Singh Nagar,31.1711712,76.2100449,32489,1900.441762071796,1900.156005859375,0.5289772829130717,0.0954918625470952,1.4384603814122972,-0.5286186654995247,-0.0378881120928445,828.9379867722886,22.1998544780825,0.9176294928633634,147.0,35,22,42,172.0,SAROYA
32572,Shehzadpur (179),FATEHGARH SAHIB,30.7027035,76.3823242,32572,1901.092783845032,1900.15234375,0.4384035308362627,0.1965687373001241,1.01834369454781,-0.4821462121333654,-0.0790333440754274,946.2463649918932,22.919862199345346,1.0,172.0,60,60,130,182.0,BASSI PATHANA
28270,Bhagoman (659),GURDASPUR,32.039444,75.29087,28270,1899.3908691910008,1900.15185546875,0.5982597647195308,0.263627752084466,1.899249533576302,-0.5491890347687548,-0.1834562595702788,1097.3557326009172,22.113313286249365,1.0,1.0,2,0,1,64.0,GURDASPUR
31628,Khalwana (215),HOSHIARPUR,31.5135136,75.9594955,31628,1898.709297467054,1900.1485595703125,0.4738328755902701,0.0833087012705329,1.3548103372996003,-0.470855076848016,-0.024762083066595,843.5788017730503,22.363777177816992,1.0,125.0,100,100,160,174.0,HOSHIARPUR-I
38853,Chhota Gadhram (158),RUPNAGAR,30.8468475,76.49685,38853,1902.0100984264027,1900.142578125,0.4856735197328525,0.1075949435813437,1.2288888766784782,-0.4874891803956392,-0.0387038140718924,903.4168812444108,22.62808539330217,1.0,47.0,0,44,100,70.0,CHAMKAUR SAHIB
28366,Bhundewal (620),GURDASPUR,31.8738747,75.42759,28366,1898.518064320176,1900.1412353515625,0.6600941583482648,0.2575794907038714,2.058557576074121,-0.5907153271233304,-0.1926720315502111,1135.595315973987,22.065727221775774,1.0,45.0,60,60,100,107.0,KAHNUWAN
32579,Himatpura (198),FATEHGARH SAHIB,30.64865,76.44431,32579,1899.8604656747125,1900.125732421875,0.4566023267508915,0.1365855560551564,1.213902957954938,-0.4750183849256417,-0.0518275953382829,946.2463649918932,22.919862199345346,1.0,48.0,15,25,45,84.0,BASSI PATHANA
31622,Khunkhun Khurd (222),HOSHIARPUR,31.5562115,75.85648,31622,1898.51441435387,1900.125,0.4517741452583457,0.0656151208095948,1.2763028896395638,-0.4573485143221584,-0.0100171165628821,935.5591627766984,22.469599437629142,0.277534299907934,202.54,10,10,26,90.0,HOSHIARPUR-I
31913,Tuto Mazara (103),HOSHIARPUR,31.35373,75.99053,31913,1898.4401014816715,1900.125,0.4257095258141017,0.0622264470897293,1.1266664111683489,-0.4574708396320088,0.0031274516417123,836.0029099436014,22.205916241038583,1.0,296.0,68,174,466,426.0,MAHILPUR
30695,Haizam (89),HOSHIARPUR,31.5379238,75.8924942,30695,1901.886320676171,1900.1221923828125,0.5288074361685084,0.1563634699754283,1.5738348708102854,-0.5069085481507801,-0.0892888316742479,809.747228305568,22.345829776931225,1.0,76.11,34,30,164,220.0,HOSHIARPUR-I
31587,Niazian (387),HOSHIARPUR,31.6290226,75.8526154,31587,1894.912574094976,1900.11767578125,0.337060726847649,0.0022484195470222,0.9597834221297632,-0.3684303131133479,0.0439610900149491,935.5591627766984,22.469599437629142,0.489207414799359,401.0,18,0,61,27.0,BHUNGA
30771,Kherabad (130),HOSHIARPUR,31.81982,75.6378555,30771,1898.6408998591949,1900.117431640625,0.5478478381405675,0.1714323120550827,1.7079768375698805,-0.5124235110291633,-0.1078237546203529,1073.0177256276506,22.24859892509784,0.8843507295339448,162.0,36,6,197,187.0,DASUYA
31899,Pandori Ladha Singh (106),HOSHIARPUR,31.3220768,75.97682,31899,1901.4535900538635,1900.1168212890625,0.5287971250909833,0.1498752318175063,1.5106544167827725,-0.5188618998666927,-0.0806700852371352,790.2334722688096,22.580193486697112,1.0,133.0,22,70,170,162.0,MAHILPUR
28271,Hoshiarpur (660),GURDASPUR,32.039444,75.29087,28271,1899.612942433725,1900.1148681640625,0.600535894848969,0.2552923916065866,1.914958103704944,-0.5410313382097667,-0.1822907626313606,1097.3557326009172,22.113313286249365,1.0,1.0,5,0,5,47.0,GURDASPUR
31731,Dhakowal (263),HOSHIARPUR,31.392313,75.81488,31731,1899.8765426734155,1900.1131591796875,0.4167068268689777,0.0471638979278029,1.096464629915861,-0.4421448108351846,0.0161133360616072,890.0315853764909,22.315053295634414,1.0,121.0,46,46,212,141.0,HOSHIARPUR-II
31912,Dandewal (101),HOSHIARPUR,31.3211861,75.9780045,31912,1899.1565082105387,1900.1114501953125,0.5227575265183689,0.1416137960383199,1.408632118073066,-0.527551887358431,-0.0685241530685137,794.018699706158,22.54923998210035,1.0,139.0,30,85,130,174.0,MAHILPUR
28237,Purowal Rajputtan (230),GURDASPUR,32.0414047,75.29373,28237,1900.9694670201889,1900.1082763671875,0.5875933815446407,0.2742943867283848,1.6999993022933868,-0.5490266534667495,-0.1827990852479519,1110.9779122283358,22.020857509920177,1.0,57.7,90,52,90,153.0,GURDASPUR
28117,Qadianwali (217),GURDASPUR,32.1261253,75.33752,28117,1899.7776952693423,1900.1075439453125,0.5724914404967534,0.2247483684417692,1.73151478881281,-0.5370848698240184,-0.1473696304475982,1110.9779122283358,22.020857509920177,1.0,101.0,230,37,179,115.0,DORANGLA
28035,Bhakhariwal (151),GURDASPUR,0.0,0.0,28035,1902.4852542141573,1900.106201171875,0.6159441289084927,0.2723848422641682,1.8661525139946031,-0.5639792528466404,-0.1908325016336153,1111.6641684900703,22.021726248177867,1.0,430.0,45,150,278,483.0,KALANAUR
32577,Sadakpur (310),FATEHGARH SAHIB,30.6667538,76.3928452,32577,1899.041464413388,1900.1043701171875,0.4523997342755629,0.1564223269475985,1.1682642748002117,-0.4678911414703809,-0.0638614307574672,946.2463649918932,22.919862199345346,1.0,110.0,35,30,55,122.0,BASSI PATHANA
30878,Chotala (58),HOSHIARPUR,31.6576576,75.78074,30878,1896.085875308572,1900.1014404296875,0.5263041063516315,0.1464227424578611,1.5561640366067082,-0.5076756485408713,-0.0820042902674346,981.1416240827087,22.26891914142233,1.0,577.0,190,132,325,612.0,BHUNGA
28245,Japowal (349),GURDASPUR,32.0416,75.2937241,28245,1901.4545074244816,1900.100830078125,0.6018271864698819,0.2734217236070294,1.758052892672172,-0.55362015370179,-0.1885845075573551,1115.9593406131166,21.98831793184121,1.0,311.0,100,99,134,126.0,GURDASPUR
30879,Dhurian (56),HOSHIARPUR,31.6576576,75.78074,30879,1896.1387668358068,1900.1004638671875,0.557061647711007,0.1552120613186214,1.6403700425534322,-0.5313039357081357,-0.0933329798795383,984.1959589968386,22.2470345254876,1.0,66.0,49,37,95,85.0,BHUNGA
28298,Nangal (616),GURDASPUR,32.0360374,75.39083,28298,1900.2787729428824,1900.0997314453125,0.5579104360709477,0.1381873089673716,1.6286365414104618,-0.5335525155914476,-0.0778091174948531,1134.8910111026398,22.062950698633813,1.0,207.0,50,5,89,420.0,GURDASPUR
28041,Chhotepur (399),GURDASPUR,32.1261253,75.33752,28041,1903.090076796778,1900.0980224609375,0.5597368646064546,0.2314467282160052,1.5959179728749358,-0.5297022288380251,-0.145254690389471,1120.992790311009,22.03353543830745,1.0,130.0,82,50,215,147.0,DHARIWAL
28408,Bisopur (710),GURDASPUR,31.90991,75.43588,28408,1902.624043725344,1900.0936279296875,0.6017357510205945,0.2276422203523476,1.8404161755389752,-0.5522383767164715,-0.1547411422750033,1167.5661932352966,22.0669682113026,1.0,12.0,12,26,32,108.0,KAHNUWAN
28038,Gunian (222),GURDASPUR,32.0360374,75.39083,28038,1901.4406658349365,1900.090087890625,0.5746403507949093,0.2376468207073672,1.7029688965244023,-0.5358495441156631,-0.1554275521508837,1110.9779122283358,22.020857509920177,1.0,215.0,168,105,168,239.0,GURDASPUR
32375,Paragpur (438),Shahid Bhagat Singh Nagar,31.0630627,76.31261,32375,1900.5002357501223,1900.089111328125,0.5186341448506773,0.1514484519932061,1.4977611196919534,-0.5109211982042594,-0.0797726120528206,844.7869536958958,22.64694235681561,1.0,146.0,35,30,45,146.0,BALACHAUR
31914,Muggowal (297),HOSHIARPUR,31.3538876,75.99056,31914,1898.1719598771383,1900.0858154296875,0.4490852540691489,0.0691465030197967,1.192561674307388,-0.4750061608128851,-0.0044875627649403,866.893682807652,22.10624580971807,0.9956906233287256,471.0,70,175,470,598.0,MAHILPUR
38533,Bhallan (273),RUPNAGAR,31.2432442,76.47889,38533,1899.327704099004,1900.0849609375,0.4277720528635637,0.0513531438327555,1.0597033390453838,-0.4610569185396149,0.0140780752523395,845.1160135676759,21.49261000459427,0.993484110660774,320.0,202,202,240,866.0,ANANDPUR SAHIB
31903,Buggran (110),HOSHIARPUR,31.3223133,75.9765244,31903,1901.416854347896,1900.0810546875,0.517361052795541,0.1504893479064186,1.5028153157426976,-0.511230301575739,-0.0804280613422976,790.2334722688096,22.580193486697112,1.0,91.0,20,25,76,131.0,MAHILPUR
31086,Mehndipur (434),HOSHIARPUR,31.9459457,75.6141,31086,1900.4014032322984,1900.078125,0.5491589040978332,0.1903510657684843,1.6308653844816428,-0.5193073927833143,-0.1172622538725566,1175.40024273493,22.07239269189268,1.0,75.0,175,175,265,229.0,MUKERIAN
31715,Nasrala (235),HOSHIARPUR,31.5315323,75.889595,31715,1899.4853129557573,1900.076416015625,0.4157560913632518,0.0628506963942598,1.271729217900667,-0.423265906961434,-0.0108775419996868,803.0279920612473,22.406310535810405,0.6881306308365358,55.66,0,0,238,401.0,HOSHIARPUR-I
31538,Bhilowal (309),HOSHIARPUR,31.5304813,75.9044,31538,1900.1702854989376,1900.0758056640625,0.3854214416188274,0.0236095419104026,0.9542795728692072,-0.4202045229968221,0.0385105136875446,903.97068290018,21.992633355513988,1.0,108.0,0,68,126,108.0,HOSHIARPUR-II
28240,Salimpur Afganan (346),GURDASPUR,32.04084,75.29348,28240,1900.979880170743,1900.0712890625,0.5705692229020266,0.2385953704992132,1.6857935443019003,-0.5379671008571401,-0.1563394797075452,1113.8150754997523,22.00232465374741,1.0,48.17,230,72,110,130.0,GURDASPUR
31901,Reehla (109),HOSHIARPUR,31.3211861,75.9780045,31901,1901.9336755711447,1900.071044921875,0.5231877150012166,0.1562513231742265,1.432997682279959,-0.5183053717545753,-0.0821141713447306,790.2334722688096,22.580193486697112,1.0,159.0,40,60,152,206.0,MAHILPUR
31823,Balaspur (22),HOSHIARPUR,31.477478,76.01474,31823,1900.31660825288,1900.064208984375,0.3517905807150368,0.0045658963742125,0.8740504007613316,-0.4052700219065478,0.0590629414375479,903.97068290018,21.992633355513988,1.0,89.0,34,67,166,106.0,MAHILPUR
39084,Kartarpur (156),S.A.S Nagar,31.0990982,76.55196,39084,1898.3180050997544,1900.0626220703125,0.4376299048377862,0.0908342572380465,1.1485498961217209,-0.4569692153847614,-0.0167424011233877,814.0134456565278,22.43804828433952,1.0,86.0,0,42,108,118.0,MAJRI
28978,Megha (483),GURDASPUR,32.0360374,75.0294952,28978,1900.1816061558616,1900.05859375,0.5262339625017128,0.1973180885063946,1.2424511361399324,-0.5238046205209995,-0.1029133451291978,1115.0650176217457,22.23160584795756,1.0,90.0,61,80,100,89.0,DERA BABA NANAK
38975,Tira (20),S.A.S Nagar,30.7144375,76.73592,38975,1895.9956624627343,1900.057373046875,0.4217647824405762,0.0735108054725292,1.0489759517014765,-0.4541015219735745,0.0006179768599855,814.0134456565278,22.43804828433952,0.933815455955543,235.0,70,52,620,374.0,MAJRI
31869,Bharta (70),HOSHIARPUR,31.3431511,75.99447,31869,1900.8081320207943,1900.0533447265625,0.5004796654625747,0.1471568168489307,1.390535851009136,-0.5045385575893342,-0.0708059412725754,790.2334722688096,22.580193486697112,1.0,130.0,90,100,241,153.0,MAHILPUR
38344,Sawara (275),RUPNAGAR,31.2364388,76.48312,38344,1899.9592536131888,1900.0491943359375,0.4917421568486173,0.1220300903167125,1.2451382067789525,-0.4746450638613762,-0.0574199735527172,831.7193577839181,21.70023209833009,0.992100436274529,400.0,90,90,107,465.0,ANANDPUR SAHIB
31659,Sahota (115),HOSHIARPUR,31.5379543,75.89245,31659,1901.823818119172,1900.04833984375,0.5090458647177699,0.1264673777661161,1.4827495887689564,-0.4971486772728572,-0.0622332379314188,812.6303213801662,22.35797119696838,1.0,22.26,45,20,80,65.0,HOSHIARPUR-I
28263,Bhule Chak (362),GURDASPUR,32.0360374,75.39083,28263,1900.0787358362008,1900.046875,0.5675330892077999,0.2310032117440593,1.6539815290081756,-0.5245140243497267,-0.1541909413869956,1127.383060454304,22.03335272257917,0.8966511717653661,195.0,390,75,565,242.0,GURDASPUR
28251,Rania (389),GURDASPUR,32.1261253,75.33752,28251,1899.267283401608,1900.04052734375,0.5778263801011657,0.2422062522938671,1.7826252400852387,-0.5337725415266029,-0.1648705938275438,1112.182260899032,22.01299048974531,1.0,293.0,255,50,803,378.0,DHARIWAL
31759,Bhungarni (283),HOSHIARPUR,31.36937,75.82165,31759,1902.972989858052,1900.0394287109375,0.3650447156697093,0.0176860575063669,0.9171641700407628,-0.4049967113341545,0.0449508692100515,828.8559541524743,22.392346479801294,0.9806609127779212,194.0,175,175,556,491.0,HOSHIARPUR-II
37093,Nissoke (71),AMRITSAR,31.8378372,74.76184,37093,1900.138723776919,1900.0361328125,0.6272149408134678,0.2635629662316222,1.596467636132067,-0.5845241537999043,-0.1769949408135302,1068.6945858409304,22.313068289678824,1.0,490.0,35,35,70,189.0,AJNALA
31728,Gagnulli (236),HOSHIARPUR,31.477478,75.845726,31728,1899.671886739805,1900.0340576171875,0.4986376094113898,0.0897185336149685,1.4300827486991394,-0.4956897847640321,-0.0340959980499193,883.9986532737036,22.321381180643893,1.0,130.0,35,35,90,135.0,HOSHIARPUR-I
31866,Dohlron (309),HOSHIARPUR,31.40715,76.03598,31866,1898.4365112906703,1900.0323486328125,0.4718420645471691,0.0712428589715274,1.2564632235762132,-0.4890167290659286,-0.008870483528032,906.933995702991,22.00102424464321,1.0,59.9,53,50,135,83.0,MAHILPUR
38986,Rasulpur (163),S.A.S Nagar,30.72813,76.74911,38986,1900.005540301658,1900.031005859375,0.4367626956379672,0.058584015911187,1.0843420273463418,-0.4577874227103051,0.0093910018045046,814.0134456565278,22.43804828433952,0.3999949508337435,63.0,28,25,80,87.0,MAJRI
38751,Mugal Majri (223),RUPNAGAR,30.8288288,76.56642,38751,1900.9035965844168,1900.030517578125,0.5365424995144106,0.1621660412862544,1.506398133256927,-0.5232902936043402,-0.0887753189875275,893.4934115332916,22.3890259872596,1.0,2.5,15,15,115,136.0,RUPNAGAR
32369,Hassanpur Kalan (431),Shahid Bhagat Singh Nagar,31.0630627,76.29157,32369,1899.3897538114456,1900.0303955078125,0.4623532271281825,0.1163562382305905,1.2135680279850212,-0.4769742345882111,-0.0389049025193382,844.7756114413636,22.646918597549643,1.0,212.0,25,24,54,227.0,BALACHAUR
32585,Gunia Majri (177),FATEHGARH SAHIB,30.67958,76.4016953,32585,1898.953966941048,1900.027587890625,0.4832505434463868,0.2123688960879614,1.156404763973332,-0.507416233668359,-0.1017644787283404,945.9701799194512,22.91800668084264,1.0,80.0,65,60,70,88.0,BASSI PATHANA
31505,Amowal (349),HOSHIARPUR,31.5135136,75.91723,31505,1897.8022091573905,1900.01611328125,0.4609026004461793,0.0513506091702671,1.2774091990234648,-0.4703453836485946,0.0025574899219213,921.8047860520644,22.23781126900624,0.6277274535107604,8.0,0,1,2,6.0,HOSHIARPUR-II
38717,Ramgarh (379),RUPNAGAR,30.9549541,76.52025,38717,1900.2709688986376,1900.01025390625,0.4963736005752139,0.1551239125970883,1.1882624455193238,-0.5171907143193335,-0.0656658808068403,884.4000491311448,22.16996411897884,1.0,1.0,4,0,90,111.0,RUPNAGAR
38716,Siyasatpur (361),RUPNAGAR,30.9549541,76.52025,38716,1899.076681186154,1900.0096435546875,0.4956024244199747,0.1456157698118205,1.206466398289496,-0.5122287631020898,-0.059226067415617,884.3945223126876,22.169978039799773,1.0,7.0,20,18,85,189.0,RUPNAGAR
28109,Kale Khurd (225),GURDASPUR,32.04129,75.2935638,28109,1901.1493215026976,1900.008544921875,0.5628384375157813,0.2451195873803713,1.6304973679874244,-0.532159854929381,-0.157316932313849,1110.9779122283358,22.020857509920177,1.0,30.7,150,50,75,82.0,GURDASPUR
32505,Chhadauri (239),Shahid Bhagat Singh Nagar,31.1711712,76.23111,32505,1899.4893906590453,1900.008056640625,0.4676530855395653,0.1214156518502606,1.3108553963214933,-0.4684490929402171,-0.0516966239522358,849.4600307835335,22.01006835110629,1.0,148.0,100,95,218,189.0,SAROYA
32360,Lohgarh (465),Shahid Bhagat Singh Nagar,31.0450459,76.34022,32360,1900.8656895375327,1900.0062255859375,0.5158673165945531,0.1599716844804026,1.4028893835323308,-0.5197907862331679,-0.0791183518490079,855.2991542031663,22.66896286104054,1.0,62.0,5,5,36,72.0,BALACHAUR
28916,Haveli Khurd (459),GURDASPUR,32.0360374,75.0294952,28916,1902.111174401393,1900.0010986328125,0.5052691286880783,0.1777176848389867,1.4077406297130168,-0.4850572926260935,-0.0973986691590076,1115.0650176217457,22.23160584795756,1.0,1.47,25,10,25,18.0,DERA BABA NANAK
39069,Sialba (148),S.A.S Nagar,30.8288288,76.67133,39069,1899.7499791252828,1899.998779296875,0.4134371903718225,0.0617354125344147,1.081742070060585,-0.44321032033603,0.0068525816327867,841.557498854002,22.4181633395048,0.90449581539743,105.0,20,22,251,146.0,MAJRI
32049,Chak Hajipur (151),HOSHIARPUR,31.1985474,76.1573,32049,1899.50741980798,1899.9954833984375,0.4283749857308636,0.0901914578755993,1.119427625345102,-0.4438343377453083,-0.0186280917335107,851.4699283053773,22.057530697916604,1.0,128.0,99,99,263,151.0,GARHSHANKAR
28112,Joian (228),GURDASPUR,32.0412941,75.4022751,28112,1900.940746311551,1899.9947509765625,0.592384456125799,0.2538861169624351,1.673733571001571,-0.5541731843405532,-0.167685131771938,1110.9779122283358,22.020857509920177,1.0,105.0,150,65,88,113.0,GURDASPUR
31983,Rurki Khas (155),HOSHIARPUR,31.1986523,76.1572647,31983,1900.234757895928,1899.9947509765625,0.4343052177722586,0.0944044778594805,1.1168256777697396,-0.4458209972065456,-0.022512529994211,839.1027182393997,22.26796896315007,1.0,231.0,69,205,411,265.0,GARHSHANKAR
38941,Akbarpur (245),RUPNAGAR,30.93743,76.41766,38941,1901.822208598105,1899.9942626953125,0.4020346815469695,0.0937506773693765,1.0245237057541785,-0.4380983661622949,-0.0125651684677106,962.4367746522324,22.798003492737337,1.0,35.22,10,10,50,114.0,MORINDA
31437,Manjgarh (62),HOSHIARPUR,31.5200844,75.76205,31437,1899.5843674241585,1899.9923095703125,0.5133998624412627,0.141823195276724,1.5530247632888614,-0.4912872625293235,-0.078389576869764,959.276372473468,22.438470679153,1.0,75.0,0,0,2,84.0,BHUNGA
28232,Kotli Shahpur (208),GURDASPUR,32.04327,75.3058853,28232,1900.1152595119584,1899.9923095703125,0.5990719691131775,0.2544055549116538,1.844609484221589,-0.5520287398853291,-0.1759060016186331,1111.235862785567,22.019172530904168,1.0,69.5,340,85,181,155.0,GURDASPUR
31562,Man (260),HOSHIARPUR,31.52718,75.92317,31562,1899.498788406516,1899.9920654296875,0.3642213384062993,0.0052187754822932,0.923939597628292,-0.4117974051166256,0.0558152942831381,890.0315853764909,22.315053295634414,0.9769558962291623,80.0,72,74,230,92.0,HOSHIARPUR-II
32454,Siana (215),Shahid Bhagat Singh Nagar,31.0630627,76.31261,32454,1902.4344713108487,1899.9874267578125,0.49984915114662,0.1006029835332286,1.4478955721981004,-0.4970130079830067,-0.0426863237364428,828.9379867722886,22.1998544780825,0.9093986206194488,274.0,12,15,48,331.0,BALACHAUR
28416,Jafarpur (569),GURDASPUR,31.90991,75.43588,28416,1902.4614760744223,1899.9859619140625,0.5635012271082449,0.1792509827082097,1.659986674819362,-0.5408359341347209,-0.109445946021198,1147.5011603707353,22.05378351785848,1.0,1.0,10,10,15,36.0,GURDASPUR
39075,Naglian (88),S.A.S Nagar,30.8828831,76.67257,39075,1901.052239585189,1899.9852294921875,0.4683525290776036,0.0959978651218373,1.2885980440329232,-0.47924503637125,-0.0269603916410523,835.1103295597819,22.428604731663764,1.0,85.0,101,25,137,234.0,MAJRI
38696,Phoolpur Garewal (181),RUPNAGAR,30.9729729,76.53469,38696,1900.844843336048,1899.983154296875,0.4829248823807462,0.1109185381438808,1.223056475644703,-0.4918700328634797,-0.0404601756039564,878.6765357947437,22.22476778416934,1.0,8.0,13,19,126,111.0,RUPNAGAR
31930,Saila Kalan (286),HOSHIARPUR,31.4128036,75.98217,31930,1899.2514805095047,1899.9810791015625,0.4962316690299031,0.1143113341852848,1.3819878550924896,-0.5006858947252596,-0.048247002211598,837.0815011670487,22.19709611623847,1.0,245.0,80,50,278,275.0,GARHSHANKAR
31605,Dalamwal (134),HOSHIARPUR,31.5315323,75.9107361,31605,1898.908745435926,1899.98095703125,0.4671670326553978,0.1149262801982427,1.265404798001034,-0.4759188428324541,-0.0437918628846731,846.6854783704179,22.501385909822545,1.0,256.88,25,30,80,126.0,HOSHIARPUR-I
38740,Haripur Alias Rormajra (221),RUPNAGAR,30.8288288,76.56642,38740,1901.291834521994,1899.9798583984375,0.4384590488021835,0.1212601585009541,1.1102416401154884,-0.4602387786951735,-0.0365384060149245,903.4168812444108,22.62808539330217,1.0,2.47,10,10,60,101.0,RUPNAGAR
37090,Mango Naru (79),AMRITSAR,31.8378372,74.76184,37090,1898.312793979611,1899.9775390625,0.523071362107793,0.1791522690903179,1.2592408757366524,-0.5202013230638751,-0.0904333417918353,1068.6945858409304,22.313068289678824,1.0,1.0,0,0,1,57.0,AJNALA
37102,Nangal Sohal (91),AMRITSAR,31.8378372,74.71943,37102,1900.6416409888045,1899.9771728515625,0.5332214275722439,0.1975203169599091,1.3119155883504483,-0.5214045553463417,-0.1074891693708865,1068.6945858409304,22.313068289678824,1.0,920.0,160,110,197,331.0,AJNALA
38536,Nangran Kalmot (272),RUPNAGAR,31.3873882,76.384964,38536,1899.510874498838,1899.973876953125,0.5115533001013309,0.1024516160541886,1.3497403763341076,-0.5076632938464495,-0.0417402628300385,851.8498801202095,21.69530847227678,0.8957263787918537,55.0,65,23,898,1183.0,NURPUR BEDI
31943,Dadial (278),HOSHIARPUR,31.4251137,76.00093,31943,1897.838173648258,1899.9725341796875,0.4011459583707858,0.051084037626517,1.01804088673949,-0.4356957006955549,0.0155556914041342,837.0815011670487,22.19709611623847,1.0,194.0,100,125,352,216.0,GARHSHANKAR
31994,Garhi (264),HOSHIARPUR,31.5135136,75.7481461,31994,1899.759756639016,1899.971435546875,0.4359579694720909,0.0583220177182658,1.0881517658605282,-0.4645910903296073,0.0081655279941655,851.4699283053773,22.057530697916604,1.0,85.0,68,103,288,150.0,GARHSHANKAR
31141,Talwandi Khurd (253),HOSHIARPUR,31.9459457,75.6141,31141,1899.559692466781,1899.970458984375,0.595612998775443,0.2133355871924878,1.7802915886394657,-0.5508920305530176,-0.1410335655292542,1183.7317623908173,22.07816163254965,1.0,5.0,4,4,4,54.0,MUKERIAN
38984,Saini Majra (167),S.A.S Nagar,31.0630627,76.58605,38984,1899.8284173681857,1899.969482421875,0.3826960147550325,0.0270196798738851,0.9541828372114812,-0.4163642456181399,0.036306682525835,814.0134456565278,22.43804828433952,0.4795322494124032,150.0,105,200,405,151.0,MAJRI
27959,Qila Nathu Singh (135),GURDASPUR,0.0,0.0,27959,1902.520449748532,1899.968994140625,0.5851537713343399,0.2350938356912202,1.7074575507227914,-0.5455424012857946,-0.153665388054055,1142.03713953215,22.04424045714466,1.0,401.0,0,100,235,429.0,KALANAUR
38701,Thauna (190),RUPNAGAR,30.9549541,76.52025,38701,1901.687686312955,1899.9630126953125,0.4371582278036403,0.0942943126628529,1.1006894975971973,-0.4644608810369187,-0.0164519465483917,884.4000491311448,22.16996411897884,1.0,12.0,25,14,240,166.0,RUPNAGAR
30753,Naraingarh (147),HOSHIARPUR,31.8738747,75.49124,30753,1899.9582545223868,1899.955810546875,0.5937341712143998,0.2154679977648571,1.9523545631172377,-0.5419040269570535,-0.1491077853944002,1091.0217406314375,22.222240171548734,1.0,208.0,52,95,345,234.0,DASUYA
38904,Kalaran (275),RUPNAGAR,30.9419022,76.4141846,38904,1902.0412281740505,1899.953857421875,0.4490655728128433,0.1598780680922739,1.1194990473597757,-0.4743197795969248,-0.0640879752429863,962.4367746522324,22.798003492737337,0.9930032491631016,93.92,66,66,215,262.0,MORINDA
28509,Zahidpur (497),GURDASPUR,0.0,0.0,28509,1903.5922392993505,1899.9534912109375,0.6087000200250486,0.1959576951136787,1.9155573941084127,-0.5551344091839469,-0.1347821208867334,1073.0177256276506,22.24859892509784,1.0,1.0,0,0,1,119.0,QADIAN
31872,Baghaura (66),HOSHIARPUR,31.477478,76.01474,31872,1899.912849569231,1899.9525146484375,0.3884100997132723,0.0021400736417743,0.9718838842284732,-0.4228468569816885,0.0527070756956814,903.97068290018,21.992633355513988,1.0,57.0,60,45,275,77.0,MAHILPUR
31824,Bambeli (23),HOSHIARPUR,31.477478,76.01474,31824,1899.443460311788,1899.9483642578125,0.3564020735926791,0.0058730380130188,0.9688272633396312,-0.399839317550934,0.0484634102757523,903.97068290018,21.992633355513988,1.0,95.0,82,103,251,123.0,MAHILPUR
28309,Sujanpur (375),GURDASPUR,31.9819813,75.51632,28309,1899.4840260229937,1899.9471435546875,0.6195479528397807,0.2763833076441246,1.8891682099209104,-0.5651396498139627,-0.1936896919154119,1129.4817626048737,22.04126714161792,1.0,118.0,125,95,190,132.0,DHARIWAL
31572,Dagana Khurd (230),HOSHIARPUR,31.5315323,75.889595,31572,1898.4095507165928,1899.9400634765625,0.4285250053156987,0.0230849980385307,1.1814426382825762,-0.4387281258752624,0.0253380284235549,890.0315853764909,22.315053295634414,0.2300939735057756,300.352,15,15,25,139.0,HOSHIARPUR-I
38950,Charheri (120),RUPNAGAR,30.9369373,76.52683,38950,1901.335504000526,1899.938720703125,0.5320923335577608,0.1171077462694188,1.4944009447158908,-0.5251123603128092,-0.0566468693898819,893.9263946073959,22.31858863857337,0.6383337934413972,35.0,34,34,120,57.0,MORINDA
39088,Rani Majra (85),S.A.S Nagar,31.0990982,76.55196,39088,1900.2513550909616,1899.9378662109375,0.3880922963232094,0.0400314910724516,0.959934895881046,-0.4253047699346146,0.0264665245071719,814.0134456565278,22.43804828433952,0.8787962470035792,1.1,0,0,206,150.0,MAJRI
28304,Rattowal (369),GURDASPUR,32.0360374,75.39083,28304,1899.7024816474536,1899.9349365234375,0.575245844971738,0.2315413606118285,1.7594616018032023,-0.5292172321517531,-0.1576889960213811,1115.9593406131166,21.98831793184121,1.0,163.0,178,90,110,196.0,GURDASPUR
30773,Chhaurian (470),HOSHIARPUR,31.8738747,75.49124,30773,1901.7111714103128,1899.931884765625,0.632407018999019,0.2360376386924235,1.966514975155666,-0.5735204236065191,-0.1697433683914811,1073.0177256276506,22.24859892509784,1.0,108.0,24,45,119,132.0,DASUYA
28272,Narad (658),GURDASPUR,32.0414047,75.29373,28272,1900.525199400491,1899.9295654296875,0.5806880362734749,0.2088566898339685,1.6564312344796188,-0.5367889663988561,-0.1399819280275175,1097.3557326009172,22.113313286249365,1.0,51.82,245,85,210,143.0,GURDASPUR
31661,Khanpur (114),HOSHIARPUR,31.477478,75.8246,31661,1900.2524176743,1899.9287109375,0.5214709227570975,0.1541178392622409,1.5559832009031418,-0.5024094745854079,-0.0861482519787298,846.6854783704179,22.501385909822545,1.0,95.0,75,75,205,109.0,HOSHIARPUR-I
27966,Chandu Wadala (84),GURDASPUR,31.8558559,75.2219238,27966,1897.656319905769,1899.926513671875,0.5616894077950325,0.2378665270863624,1.67774044393778,-0.5241999374037657,-0.1529084861226863,1163.1591480452146,22.05339875307114,0.9902671335525708,760.0,67,153,193,433.0,KALANAUR
31552,Naugarain (294),HOSHIARPUR,31.5135136,75.91723,31552,1899.7885194190096,1899.9251708984375,0.3870544661785087,0.0266355614736378,1.0383787958931672,-0.4192081066789804,0.0333469987336792,890.0315853764909,22.315053295634414,0.9911066751476102,76.0,25,25,70,85.0,HOSHIARPUR-II
31657,Nurpur Urf Bakipur (101),HOSHIARPUR,31.5379124,75.8925247,31657,1901.5038988648148,1899.924560546875,0.4820555150010285,0.1070468876600786,1.370126519122052,-0.4782914555023222,-0.04283722422347,809.747228305568,22.345829776931225,1.0,20.0,8,14,28,57.0,HOSHIARPUR-I
38532,Algran (274),RUPNAGAR,31.2432442,76.47889,38532,1899.4620225615715,1899.92333984375,0.4193640676945637,0.0534430960391413,1.1070546523706684,-0.4446055025711306,0.0108824686652512,845.1160135676759,21.49261000459427,0.8966926398635537,260.0,90,70,92,310.0,ANANDPUR SAHIB
32404,Kishanpur (204),Shahid Bhagat Singh Nagar,31.0630627,76.29157,32404,1900.082169252404,1899.9215087890625,0.5190099176542078,0.1230718870075502,1.48936714682193,-0.506290019772683,-0.0606679462972439,844.7756114413636,22.646918597549643,1.0,89.0,40,40,103,120.0,BALACHAUR
32490,Majhot (379),Shahid Bhagat Singh Nagar,31.0630627,76.29157,32490,1899.0862686720577,1899.92138671875,0.6315131419829229,0.1544862210539488,1.9009912142206684,-0.5901017539414579,-0.106044371509351,835.0960171731195,21.79092321843776,0.5627115492496871,123.0,15,40,60,626.0,BALACHAUR
30760,Mahndipur (510),HOSHIARPUR,31.8378372,75.77988,30760,1898.6884355590992,1899.9189453125,0.5659587516245638,0.2153697177115923,1.7581850315753669,-0.5355727210958666,-0.1431133603876304,1073.0177256276506,22.24859892509784,1.0,0.1,0,0,1,147.0,TANDA
38495,Garh Bagga (522),RUPNAGAR,31.1531525,76.51137,38495,1897.666075824486,1899.9166259765625,0.6216304290945832,0.1905887026139713,1.9665280908835547,-0.5607562697560834,-0.1367774495514926,831.6264393737214,22.690114987082723,0.2933072723829055,227.0,55,30,135,1534.0,NURPUR BEDI
31862,Ghumiala (315),HOSHIARPUR,31.4071617,76.0357742,31862,1899.5453225508625,1899.916259765625,0.4565353872248831,0.0644021535334949,1.2403285978501162,-0.4789431665813432,-0.0022152855231539,935.0877480503286,21.898216328543064,1.0,79.0,22,50,169,109.0,MAHILPUR
31895,Paldi (99),HOSHIARPUR,31.2875023,75.97285,31895,1901.259334516955,1899.91357421875,0.414493052525288,0.0753845235590538,1.0954186492762534,-0.4487013472121516,-0.004538485991642,790.2334722688096,22.580193486697112,1.0,173.0,10,82,235,207.0,MAHILPUR
31554,Dholanwal (252),HOSHIARPUR,31.5315323,75.889595,31554,1899.5493674508064,1899.908447265625,0.3490541064804864,-0.0006967125790034,0.9253242623962908,-0.3887630749746671,0.0552908751820135,890.0315853764909,22.315053295634414,0.9632326491912764,368.03,45,55,215,206.0,HOSHIARPUR-I
38369,Kukowal (487),RUPNAGAR,31.477478,76.33164,38369,1900.5685090456293,1899.90478515625,0.4818900292929235,0.0576212618364055,1.2461356554995888,-0.4997825385244298,-0.000666593467273,830.6255879809754,21.71718340171697,1.0,1.0,0,0,3,567.0,NURPUR BEDI
32388,Bela Tajowal (422),Shahid Bhagat Singh Nagar,31.0630627,76.31261,32388,1900.737677412931,1899.9044189453125,0.4542539817870081,0.1753163161341085,1.1389498040430843,-0.4416547420085915,-0.0864388886865296,844.7756114413636,22.646918597549643,0.8518799597539343,305.0,20,20,50,366.0,BALACHAUR
28246,Gurdas Nangal (348),GURDASPUR,32.0412521,75.29456,28246,1900.4774320351933,1899.90380859375,0.5830524657050222,0.255319266831833,1.6527504571547116,-0.543833268375329,-0.1685091388430191,1115.9095907091778,21.988642907081985,1.0,190.0,500,220,710,311.0,GURDASPUR
38859,Mundian (153),RUPNAGAR,30.8468475,76.49685,38859,1899.5373715830967,1899.9031982421875,0.5493977997917825,0.1866021250964825,1.5010386389636916,-0.5289462250489044,-0.1089178527046159,916.721189301242,22.821435243015912,1.0,94.0,28,48,90,379.0,CHAMKAUR SAHIB
38537,Bhalari (267),RUPNAGAR,31.2364388,76.48312,38537,1900.0854537726257,1899.9014892578125,0.4030878211399596,0.0524424903745247,1.0205495577972334,-0.4362773715524686,0.0149426895504274,851.729986870042,21.69169952370284,0.9837615322604724,200.0,370,370,385,327.0,ANANDPUR SAHIB
32374,Dobhali (436),Shahid Bhagat Singh Nagar,31.0630627,76.31261,32374,1899.7283920928503,1899.8992919921875,0.5152243291876552,0.1466286096530988,1.4854185365836792,-0.509450373580526,-0.0744195075722484,844.7756114413636,22.646918597549643,1.0,119.0,50,60,70,119.0,BALACHAUR
28151,Hassanpur (154),GURDASPUR,32.10811,75.32265,28151,1899.9949545057364,1899.899169921875,0.5983190019522862,0.2605275006881882,1.8540778954414536,-0.5513317023294723,-0.1807851180165244,1117.5860387759476,21.99483701083364,1.0,102.0,35,25,31,240.0,DORANGLA
39093,Nanu Majra (80),S.A.S Nagar,30.71452,76.73604,39093,1900.449528460825,1899.8966064453125,0.3955503459459301,0.0635451014903127,0.915257487971298,-0.4461871836555492,0.017712127355383,814.0134456565278,22.43804828433952,1.0,3.0,0,0,15,80.0,MAJRI
38534,Bhanam (271),RUPNAGAR,31.261261,76.4724045,38534,1900.359895008369,1899.8948974609375,0.4310663322031545,0.0623031247372296,1.1071933086667085,-0.4579588054474399,0.0051247636811894,845.1160135676759,21.49261000459427,1.0,200.0,430,430,510,216.0,ANANDPUR SAHIB
28256,Jhawar (352),GURDASPUR,32.04327,75.3058853,28256,1899.6583610861828,1899.8905029296875,0.5785133777421847,0.2319947630269087,1.7172733251286294,-0.5405646266091884,-0.1533276513986323,1115.9593406131166,21.98831793184121,1.0,83.0,396,123,281,316.0,GURDASPUR
39032,Fatehgarh (106),S.A.S Nagar,30.8288288,76.67133,39032,1901.465133663704,1899.8892822265625,0.4483948027763137,0.0929681215793709,1.2015753582689477,-0.4671204429361897,-0.0198999683833408,899.1409334351914,22.399942850440937,1.0,61.0,34,28,128,154.0,MAJRI
28260,Thanewal (354),GURDASPUR,32.04169,75.3021,28260,1899.7515616819232,1899.8887939453125,0.5578122014361009,0.2149130427043864,1.656412825626052,-0.5280710754871754,-0.1379738459100421,1115.9593406131166,21.98831793184121,1.0,246.0,116,110,265,272.0,GURDASPUR
39163,Tarauli (175),S.A.S Nagar,30.71452,76.73604,39163,1898.1890969846788,1899.8861083984375,0.4882250483478531,0.0895604729968733,1.238966858016712,-0.4962423694999634,-0.0219706470372031,814.0134456565278,22.43804828433952,0.9623601936273593,90.0,55,28,135,110.0,MAJRI
32452,Madhiani (213),Shahid Bhagat Singh Nagar,31.0630627,76.29157,32452,1902.6440474535164,1899.8829345703125,0.546894836942873,0.1697587844461618,1.4484044863354846,-0.5368477317401783,-0.0920006830650278,828.9379867722886,22.1998544780825,1.0,201.0,18,110,234,201.0,BALACHAUR
30705,Hambran (32),HOSHIARPUR,31.6138668,75.65573,30705,1900.9168961928367,1899.8826904296875,0.5475983326542786,0.1743479909107409,1.7356430596004893,-0.5136337868632584,-0.1104574469446387,839.4141666292445,22.36420995256752,1.0,1.61,13,23,115,74.0,TANDA
28367,Munan Khurd (621),GURDASPUR,31.90991,75.4571152,28367,1898.232700963082,1899.8812255859375,0.5045239730600132,0.1462867268723874,1.5316185161452662,-0.4797817099147078,-0.0849995294472974,1135.595315973987,22.065727221775774,1.0,60.0,80,70,108,79.0,KAHNUWAN
38574,Raipur (288),RUPNAGAR,31.2432442,76.45782,38574,1901.3221707915168,1899.8775634765625,0.5198366807599818,0.0865519187494051,1.3736665312842065,-0.5099972439034062,-0.0361164395534775,912.0155814626831,21.38607655977896,0.8945669574510531,80.0,20,28,135,267.0,ANANDPUR SAHIB
31558,Badial (292),HOSHIARPUR,31.5315323,75.7839,31558,1899.57924431364,1899.8671875,0.3948378041196193,0.0036374814059949,1.073344809014688,-0.4194200391286095,0.0460022361227353,888.1937922296663,22.317371310130955,0.8172145270555382,36.43,20,20,20,108.0,HOSHIARPUR-I
31636,Chakowal Shekhan (218),HOSHIARPUR,31.5315323,75.80504,31636,1898.750441346997,1899.865966796875,0.464304273520997,0.0902145626989158,1.4105443987165731,-0.4601144119218648,-0.0339626751883241,835.2647994193306,22.39212233352147,1.0,55.06,50,50,192,150.0,HOSHIARPUR-I
28393,Dhavey (592),GURDASPUR,32.0180168,75.4185,28393,1902.1782590634173,1899.864501953125,0.612360310554116,0.2352955588970788,1.9369590249513249,-0.5578513632365363,-0.1644264595594923,1149.1040381600756,22.05418457981392,1.0,68.0,28,28,53,77.0,KAHNUWAN
31856,Kalewal Bhagtan (31),HOSHIARPUR,31.44144,75.9855,31856,1898.5532396837807,1899.8616943359375,0.3654213558970846,0.0206009133565187,0.9335363333459952,-0.4087009828674458,0.0417586147431589,903.97068290018,21.992633355513988,0.9235354956974,225.0,155,135,300,256.0,MAHILPUR
28359,Kotli Sainian (611),GURDASPUR,31.8918915,75.52723,28359,1900.075641724885,1899.8582763671875,0.482499828666521,0.0851849731944734,1.3298327739995564,-0.4871764976660209,-0.0248159924699197,1133.2954361297834,22.056660594709182,1.0,50.0,15,0,180,209.0,KAHNUWAN
32586,Ghumandgarh (176),FATEHGARH SAHIB,30.738739,76.36895,32586,1899.10909699915,1899.8563232421875,0.5152902983950484,0.2233908220759765,1.2896158475799957,-0.5220566337371381,-0.121115290508909,937.586593626999,22.8616824945435,1.0,143.0,120,120,230,232.0,BASSI PATHANA
32372,Kohar ( 426),Shahid Bhagat Singh Nagar,31.0630627,76.31261,32372,1898.820205314215,1899.85498046875,0.4894125389453415,0.1558195766597555,1.3065265980809602,-0.4959145734587468,-0.0720785831672468,844.7756114413636,22.646918597549643,1.0,94.0,10,10,35,99.0,BALACHAUR
38680,Bhauwal (55),RUPNAGAR,31.0990982,76.55196,38680,1900.1414328961328,1899.84912109375,0.5092318440348814,0.1248269071590712,1.3661328235492185,-0.5153979530368773,-0.0545229855962162,903.4168812444108,22.62808539330217,1.0,15.0,50,45,95,72.0,RUPNAGAR
32420,Surapur (399),Shahid Bhagat Singh Nagar,31.0630627,76.29157,32420,1900.0564031186564,1899.84814453125,0.5551831530265455,0.1071400479470056,1.5834011022580967,-0.53493039945043,-0.0558555797578268,830.7734172577435,22.45580955921486,0.9113446412094824,88.0,40,40,122,139.0,BALACHAUR
39158,Hasainpur (178),S.A.S Nagar,30.7146244,76.73624,39158,1899.724974061273,1899.8472900390625,0.4064295758871123,0.0440890176619743,1.0147778578928188,-0.4448708606214207,0.0227595661086956,814.0134456565278,22.43804828433952,0.7653486168389303,50.0,30,30,50,55.0,MAJRI
28236,Purewal Jattan (227),GURDASPUR,32.0394173,75.37929,28236,1900.9790204044127,1899.845458984375,0.5886474344793295,0.2567270825508757,1.6344347443389091,-0.5546930093614737,-0.1672065380621381,1110.9779122283358,22.020857509920177,1.0,70.44,301,90,335,194.0,GURDASPUR
30839,Bhatian (27),HOSHIARPUR,31.6576576,75.78074,30839,1900.591651364694,1899.8404541015625,0.5053761995515169,0.1167067023245044,1.532725273134553,-0.4906774022202262,-0.0574346548921311,959.276372473468,22.438470679153,1.0,89.0,30,0,126,100.0,BHUNGA
28280,Rasulpur (638),GURDASPUR,32.0,75.40368,28280,1897.8320249688084,1899.83984375,0.6343250676204111,0.2250710212090687,1.927638372215853,-0.5749291563143509,-0.1612485831367267,1135.595315973987,22.065727221775774,1.0,200.0,180,0,151,214.0,DINANAGAR
31826,Surapur (25),HOSHIARPUR,31.44144,75.9855,31826,1899.606005851673,1899.838623046875,0.409262954788428,0.0459125044901045,1.1008639793601471,-0.4365690659460507,0.0163073309050519,903.97068290018,21.992633355513988,1.0,97.0,30,30,49,125.0,MAHILPUR
28421,Kotli Rawalan (574),GURDASPUR,31.90991,75.4571152,28421,1900.7003625917264,1899.835693359375,0.5379665654781701,0.1556566938367308,1.5377461159267694,-0.5272792113951746,-0.0852074136276373,1149.1040381600756,22.05418457981392,1.0,48.0,40,50,80,64.0,KAHNUWAN
31534,Chabewal (308),HOSHIARPUR,31.5099583,76.05055,31534,1899.802232160724,1899.83544921875,0.3743474563447935,0.0104133875069664,0.9978420099810852,-0.4057211129401346,0.0453786623337453,924.5476081002724,21.989796405849525,0.797936167795864,350.0,16,102,560,410.0,HOSHIARPUR-II
39160,Thaska (174),S.A.S Nagar,30.7142143,76.7372055,39160,1898.7377142409864,1899.8338623046875,0.4163347147459787,0.0918567989969762,1.023947219703704,-0.4582426417290557,-0.0081483081690297,814.0134456565278,22.43804828433952,1.0,72.0,11,40,95,108.0,MAJRI
28262,Pandher (363),GURDASPUR,32.0360374,75.39083,28262,1900.129804934912,1899.8302001953125,0.5888009576943124,0.2352342823440394,1.8014508489385128,-0.5346112762529637,-0.1643389692959271,1116.9482166066614,21.99221629630185,0.956972033282282,38.46,298,150,174,162.0,GURDASPUR
32451,Mauhar (223),Shahid Bhagat Singh Nagar,31.0630627,76.29157,32451,1901.81807927184,1899.8236083984375,0.4967499520095217,0.10777825103591,1.3129319391342802,-0.5049517790855236,-0.0399018257432219,828.9379867722886,22.1998544780825,1.0,259.0,40,40,162,303.0,BALACHAUR
38697,Magror (355),RUPNAGAR,30.9729729,76.51368,38697,1900.538228849925,1899.8231201171875,0.4760654289873623,0.1200324614756104,1.211463642987768,-0.4962683103506898,-0.0400221723614849,858.9923624064769,22.243671975362723,1.0,20.0,5,1,200,187.0,RUPNAGAR
38377,Jhaj (378),RUPNAGAR,31.45946,76.3169556,38377,1902.4720744583733,1899.8228759765625,0.4960362117445738,0.0739275482006497,1.2449786513324126,-0.5146773114476773,-0.0129980133002136,830.6255879809754,21.71718340171697,1.0,169.5,50,50,288,207.0,NURPUR BEDI
38641,Tapal Majra (36),RUPNAGAR,30.9729729,76.51368,38641,1899.9403092694736,1899.8223876953125,0.5233078629855934,0.1231187472430611,1.4392204769165875,-0.5117377923063486,-0.0579084550351684,825.5548177976328,22.51236142925453,1.0,2.47,1,1,50,73.0,RUPNAGAR
32406,Jalalpur (200),Shahid Bhagat Singh Nagar,31.1171169,76.35603,32406,1899.5864826604543,1899.822265625,0.5280676139707103,0.0832348193548223,1.5010332200022516,-0.5158310771401061,-0.0312179286818726,844.7756114413636,22.646918597549643,1.0,126.0,60,40,211,126.0,BALACHAUR
31985,Panaam (149),HOSHIARPUR,31.19866,76.15726,31985,1899.4544256504664,1899.820068359375,0.4564722881914156,0.1232037451370292,1.105494421672116,-0.4647961680668251,-0.0455034580296841,844.9268140285415,22.16886717641881,1.0,632.0,115,150,540,702.0,GARHSHANKAR
31821,Subhanpur (20),HOSHIARPUR,31.477478,76.0358658,31821,1901.520098369236,1899.8172607421875,0.4148731230891959,0.0374425510725033,1.0575891856113389,-0.4525071608305044,0.0272661757433587,903.97068290018,21.992633355513988,1.0,78.0,80,80,138,93.0,MAHILPUR
28303,Mustfabad Jattan (368),GURDASPUR,32.0360374,75.39083,28303,1899.4858643053087,1899.8140869140625,0.611447605796661,0.2583944709858121,1.8901095994384232,-0.5570694480976771,-0.1833453429353132,1115.9593406131166,21.98831793184121,1.0,387.0,190,167,360,443.0,GURDASPUR
32411,Bulewal (197),Shahid Bhagat Singh Nagar,31.061985,76.30154,32411,1902.5833992567177,1899.8135986328125,0.5195977632009137,0.1324347670352176,1.4088765395102825,-0.517280689215363,-0.0622752288095645,828.9379867722886,22.1998544780825,1.0,161.0,40,32,124,203.0,BALACHAUR
31877,Dhakon (33),HOSHIARPUR,31.35135,76.0181046,31877,1898.7067052760856,1899.8126220703125,0.3779677937129294,0.0135245077503069,0.9095066998636128,-0.4276814838499003,0.0502071284429273,903.97068290018,21.992633355513988,1.0,55.0,75,75,105,66.0,MAHILPUR
28244,Sidhwan Jamita (343),GURDASPUR,32.04084,75.29348,28244,1901.954618860917,1899.807861328125,0.5647357254172299,0.2312386922155422,1.64905881421931,-0.5251812655404189,-0.1516756043339115,1115.9593406131166,21.98831793184121,1.0,64.7,600,245,385,227.0,GURDASPUR
32035,Bhammian (262),HOSHIARPUR,31.2072067,76.17587,32035,1899.8189630126187,1899.803955078125,0.4798404712034511,0.09439567380414,1.293809611845139,-0.4895932397566654,-0.0307276576267409,851.4699283053773,22.057530697916604,0.989128414925868,125.5,134,83,274,140.0,GARHSHANKAR
32029,Dallewal (482),HOSHIARPUR,31.2252254,76.12718,32029,1900.4363589232312,1899.803466796875,0.5860716698366365,0.1146255069804931,1.5894102642243093,-0.5661902216916945,-0.0609919988672583,854.9577974544621,21.830692695851123,1.0,122.56,111,148,256,528.0,GARHSHANKAR
32619,Dhunda (84),FATEHGARH SAHIB,30.6741886,76.3537,32619,1899.7731974084293,1899.8033447265625,0.5481247819339119,0.2261304781697332,1.5206967742993347,-0.5288514757314444,-0.1362804364048708,936.571517865886,22.854862821640893,1.0,119.83,49,53,160,119.0,BASSI PATHANA
38539,Majari (266),RUPNAGAR,31.2432442,76.47889,38539,1899.8328689444395,1899.8017578125,0.4434311847693386,0.0746799866770055,1.1015941379845609,-0.4691467255679908,-0.0050272526042753,852.0595488704794,21.701619784519064,1.0,380.0,105,105,142,573.0,ANANDPUR SAHIB
30689,Littar (29),HOSHIARPUR,31.6140518,75.65573,30689,1901.1361223435867,1899.796875,0.5337854644227165,0.1657445966540219,1.6006348137975075,-0.511490103869748,-0.0973960697498428,809.747228305568,22.345829776931225,1.0,1.21,38,38,80,45.0,TANDA
28248,Kalianpur (390),GURDASPUR,31.81982,75.19255,28248,1900.236686242688,1899.79638671875,0.5731025235123752,0.2443037768201737,1.707709068871053,-0.5328627084789105,-0.1607107808282251,1110.9779122283358,22.020857509920177,1.0,210.0,260,205,460,398.0,DHARIWAL
28154,Kot Mohan Lal (216),GURDASPUR,31.9639645,75.3103561,28154,1899.9728074163245,1899.7950439453125,0.5575971587613837,0.2202594834560897,1.6032077309496158,-0.5299335201728911,-0.1389591929209581,1110.9779122283358,22.020857509920177,1.0,117.0,65,75,105,128.0,GURDASPUR
28107,Akhlaspur (396),GURDASPUR,32.1261253,75.33752,28107,1901.1783043766225,1899.7935791015625,0.5559172467871439,0.2260992315041354,1.6041626401635176,-0.5286576703021727,-0.1428759259630954,1110.9779122283358,22.020857509920177,1.0,130.0,75,60,135,195.0,DHARIWAL
28897,Ali Nangal (423),GURDASPUR,32.0180168,75.03599,28897,1904.074025393396,1899.7919921875,0.5645013443392182,0.2192531832642473,1.5740723670082146,-0.5274093677798718,-0.1383334154153257,1136.3471540620226,22.16224381140933,1.0,120.0,90,90,115,168.0,DERA BABA NANAK
30856,Dhugga Kalan (31),HOSHIARPUR,31.5315323,75.80504,30856,1900.633258509004,1899.7916259765625,0.5406950304832221,0.1601828565802274,1.6848471264886398,-0.5117796208778046,-0.098408118034805,959.276372473468,22.438470679153,1.0,36.43,55,55,103,285.0,HOSHIARPUR-I
30675,Khokhar (4),HOSHIARPUR,31.6936932,75.5984,30675,1900.4025912776035,1899.7882080078125,0.58059930873124,0.2469017622247162,1.7491971277238885,-0.5470994029668892,-0.1666747746797756,794.8896444584134,22.374588487801745,1.0,3.24,20,17,204,215.0,TANDA
38380,Pachranda (379),RUPNAGAR,31.45946,76.3169556,38380,1902.814380137056,1899.7877197265625,0.4213657500832343,0.0472451664058155,1.0035253778691329,-0.4605927164679467,0.0207490921414189,830.6255879809754,21.71718340171697,1.0,77.0,45,45,148,98.0,NURPUR BEDI
31933,Posi (116),HOSHIARPUR,31.42506,75.9973,31933,1900.763438128013,1899.7830810546875,0.5200952218088702,0.1644798857591213,1.4298581513751565,-0.5171804146840691,-0.0869519040974144,819.5783299357187,22.340667844672243,1.0,973.0,310,550,908,931.0,GARHSHANKAR
32573,Shivdaspur (180),FATEHGARH SAHIB,30.64865,76.42336,32573,1901.1469897109407,1899.7784423828125,0.4812754524407376,0.2171245228759827,1.161592897701036,-0.5060709944200916,-0.1044065967353316,946.2463649918932,22.919862199345346,1.0,75.0,122,40,46,87.0,BASSI PATHANA
31573,Hardo Khanpur (224),HOSHIARPUR,0.0,0.0,31573,1897.5854408757127,1899.775146484375,0.4107329145950299,0.0233350677114693,1.1409115192227903,-0.4308954660880717,0.0265912192528914,904.7697656786504,22.36508294877644,0.1568792862823522,467.0,72,72,754,369.0,HOSHIARPUR-I
32526,Chuharpur (374),Shahid Bhagat Singh Nagar,31.15724,76.3013153,32526,1901.1116643623689,1899.774169921875,0.4819273232122241,0.0522397128353223,1.2484218399003542,-0.5050555999755725,0.003790985902473,842.8557309319871,21.668663676124027,0.8634412166077372,109.0,0,0,39,125.0,SAROYA
28255,Dhariwal (350),GURDASPUR,32.03527,75.3968658,28255,1899.8058912768868,1899.7740478515625,0.613585686335903,0.2777158914332521,1.7574172073690095,-0.5632660203643957,-0.1901417408949759,1115.9593406131166,21.98831793184121,1.0,28.34,130,46,112,102.0,GURDASPUR
31067,Sihan (203),HOSHIARPUR,31.9459457,75.82643,31067,1900.2172882067373,1899.773193359375,0.6493754308767475,0.2680092263967726,2.06915044332868,-0.5840146594901267,-0.1972655080885303,1187.6022311856646,22.08084163640433,1.0,95.0,36,32,103,104.0,MUKERIAN
28115,Aminpur (219),GURDASPUR,32.0360374,75.39083,28115,1899.1842358798528,1899.77197265625,0.5262573319122842,0.1960650263811419,1.5203041886761686,-0.5057088653701789,-0.1158165481390105,1110.9779122283358,22.020857509920177,1.0,164.0,265,65,230,191.0,GURDASPUR
32025,Bhawanipur (488),HOSHIARPUR,31.261261,76.2827,32025,1900.5902475104888,1899.7698974609375,0.6287855308125193,0.1479959903442773,1.8197241773169304,-0.5859712533501131,-0.0975688325103325,846.7722841909562,21.700714863033888,1.0,80.0,305,0,340,554.0,GARHSHANKAR
31655,Sarhala (104),HOSHIARPUR,31.6576576,75.78074,31655,1900.2524151141515,1899.76806640625,0.495735774385956,0.1263908136076722,1.414603806622471,-0.4956295028932351,-0.0586233387918128,839.8034160885065,22.47240383858246,1.0,157.0,0,59,150,171.0,BHUNGA
28911,Tarowali (372),GURDASPUR,32.0180168,75.03599,28911,1904.000801755821,1899.767333984375,0.5242045750086198,0.1785931934537554,1.392618976852302,-0.5109136671513741,-0.0972469086376428,1115.0650176217457,22.23160584795756,1.0,101.0,40,40,60,128.0,DERA BABA NANAK
31934,Raipur Gujjran (117),HOSHIARPUR,31.2432442,76.09955,31934,1901.0961470780544,1899.767333984375,0.5350372994890441,0.1711770335639645,1.488280424528675,-0.5248940565421363,-0.0956771331554196,835.3010591267443,22.24264434181792,1.0,116.0,15,11,103,158.0,GARHSHANKAR
28208,Bhabra (315),GURDASPUR,32.08381,75.41791,28208,1898.575507881,1899.76513671875,0.6347930328716839,0.2607085152820873,1.7990880501473612,-0.5856972242153604,-0.1828092340108994,1097.3557326009172,22.113313286249365,1.0,106.0,50,20,120,116.0,DINANAGAR
28368,Gunjian (603),GURDASPUR,32.07766,75.46269,28368,1898.3531305469253,1899.7650146484375,0.612230796882489,0.2277158954407782,1.9518773632040936,-0.5558206518413833,-0.1620752872957674,1135.595315973987,22.065727221775774,1.0,100.0,32,32,118,108.0,KAHNUWAN
31765,Badhel (11),HOSHIARPUR,31.33484,75.9416046,31765,1903.00138026252,1899.7647705078125,0.507988450736357,0.1250084909593847,1.3634337674237846,-0.5067082627787444,-0.0552193643094446,828.2979937786048,22.396242669145263,1.0,65.0,5,9,59,69.0,MAHILPUR
32596,Jaisinghwala (189),FATEHGARH SAHIB,30.666666,76.4166641,32596,1899.1424910239607,1899.760009765625,0.5071193385254756,0.226800132125046,1.2959235338322717,-0.5090389190678952,-0.1224665093563022,946.2463649918932,22.919862199345346,1.0,104.45,32,32,72,269.0,BASSI PATHANA
32384,Jeowal (427),Shahid Bhagat Singh Nagar,31.0630627,76.29157,32384,1900.761361660945,1899.757568359375,0.5179557120159658,0.1412590695992145,1.4693540368741322,-0.5074413957193412,-0.0746000110329142,844.7756114413636,22.646918597549643,1.0,62.0,21,20,60,91.0,BALACHAUR
32441,ADOANA (387),Shahid Bhagat Singh Nagar,31.0990982,76.36259,32441,1899.7672511925675,1899.75439453125,0.5808802246409771,0.1243527923622361,1.6836926956576317,-0.5608157233923659,-0.0713095930163971,818.6773513385696,22.2336598563126,0.4630419439352209,80.0,28,210,326,396.0,BALACHAUR
28259,Baje Chak (353),GURDASPUR,32.04327,75.3058853,28259,1899.377632218038,1899.7537841796875,0.6171924406272004,0.2671273837418301,1.8875208153356773,-0.5648372488112359,-0.1877073561827752,1115.9593406131166,21.98831793184121,1.0,70.44,440,132,264,191.0,GURDASPUR
31089,Barota Urf Puro Nangal (245),HOSHIARPUR,31.9459457,75.8476639,31089,1899.5389357817728,1899.751220703125,0.6072591714601956,0.2308868484393627,1.7902685951058166,-0.5588717646855891,-0.158719249471576,1187.6022311856646,22.08084163640433,1.0,25.0,80,80,110,67.0,MUKERIAN
31527,Lehli Khurd (314),HOSHIARPUR,31.5135136,75.91723,31527,1898.760266876683,1899.7447509765625,0.4027320702513191,0.033043444945988,1.10712095469402,-0.4301677751762227,0.0271392695643949,903.97068290018,21.992633355513988,1.0,80.0,8,80,265,105.0,HOSHIARPUR-II
31540,Lehli Kalan (307),HOSHIARPUR,31.5270824,75.92328,31540,1900.711679068637,1899.74365234375,0.405039079196125,0.0395969871608437,1.0540762036299816,-0.4367941812669599,0.0248748622210424,903.97068290018,21.992633355513988,1.0,130.0,8,40,265,196.0,HOSHIARPUR-II
30812,Pawen (88),HOSHIARPUR,31.8018017,75.6655045,30812,1898.9407565124195,1899.7386474609375,0.5324407605460462,0.18123925391056,1.7111794462084793,-0.4988430329640571,-0.116262118730964,1089.6499665745616,22.21513487069732,1.0,97.0,56,6,136,122.0,DASUYA
31993,Matto (263),HOSHIARPUR,31.2432442,76.1838455,31993,1899.5225476819364,1899.7379150390625,0.4650774538169747,0.0635156548605874,1.199119813298625,-0.4853839221781165,-0.0015186184707898,851.4699283053773,22.057530697916604,1.0,40.48,56,42,47,75.0,GARHSHANKAR
31531,Saido Patti (315),HOSHIARPUR,31.5135136,75.91723,31531,1898.525648315028,1899.73388671875,0.3873382907197606,0.0232790811508674,1.0178564761821929,-0.4161528229399245,0.0350920851482242,903.97068290018,21.992633355513988,1.0,93.0,1,1,172,93.0,HOSHIARPUR-II
28310,Mali Samrai (374),GURDASPUR,32.0,75.50991,28310,1899.696134670063,1899.72900390625,0.57452308801729,0.2388141121084663,1.6605660099922,-0.5387281327086776,-0.155405993232827,1126.1684288468168,22.04313088458631,1.0,79.0,26,25,47,87.0,DHARIWAL
31543,Sinan (297),HOSHIARPUR,31.5315323,75.9107361,31543,1902.459530504561,1899.72802734375,0.4360256390141279,0.0642498745792725,1.1714172067256523,-0.4576267034210554,-0.0003126567256451,828.8790526797669,22.39218518476929,1.0,181.0,3,78,141,205.0,HOSHIARPUR-II
38699,Parhi (196),RUPNAGAR,30.9729729,76.51368,38699,1900.477930262604,1899.7266845703125,0.4369553516616454,0.0928926659089134,1.1074141800971655,-0.4641693113392839,-0.0152114824531543,884.4000491311448,22.16996411897884,1.0,15.0,22,25,68,114.0,RUPNAGAR
31940,Rampur Kharake (120),HOSHIARPUR,31.423605,76.0031052,31940,1899.5195352519693,1899.7200927734375,0.454304481496145,0.1184779325651792,1.1015422347467037,-0.4809910886386091,-0.0323069823808244,837.0815011670487,22.19709611623847,1.0,48.77,86,72,177,108.0,GARHSHANKAR
30758,Kalyanpur (144),HOSHIARPUR,31.8018017,75.6655045,30758,1898.46780806353,1899.71875,0.6107824157858219,0.2280324012282517,1.962175226266523,-0.5600474285689637,-0.1586487603974793,1073.0177256276506,22.24859892509784,1.0,30.0,18,30,60,74.0,DASUYA
30688,Ghorewaha (16),HOSHIARPUR,31.6756763,75.62606,30688,1900.7286803937568,1899.7183837890625,0.5422962652401533,0.1669837858672268,1.6108451209080177,-0.5181462508654431,-0.09757677530573,809.747228305568,22.345829776931225,1.0,1.0,45,45,195,212.0,TANDA
31958,Bihran (274),HOSHIARPUR,31.4222088,75.9936752,31958,1898.026950861296,1899.7158203125,0.4104949541052458,0.0469020399912111,1.0233357621746697,-0.4438342624233177,0.0185602410897129,837.0815011670487,22.19709611623847,1.0,178.0,100,100,233,206.0,GARHSHANKAR
32525,Katwara (372),Shahid Bhagat Singh Nagar,31.1531525,76.30083,32525,1900.3597321837829,1899.715087890625,0.4504742667430849,0.0400606126876997,1.1496966727920777,-0.4843666958841902,0.0184232464798161,842.8557309319871,21.668663676124027,0.8175914101808138,23.9,260,240,322,373.0,SAROYA
30866,Mahal (26),HOSHIARPUR,31.6756763,75.77427,30866,1899.232439082061,1899.7144775390625,0.5668302934446333,0.1719861800541435,1.7721203856720058,-0.530599954287135,-0.109220886428464,959.276372473468,22.438470679153,1.0,89.0,0,0,16,100.0,BHUNGA
28922,Samrai (450),GURDASPUR,32.0360374,75.0294952,28922,1895.869965282369,1899.7105712890625,0.5300523922352616,0.208173452941721,1.436835801036778,-0.5125452585438873,-0.1190497098387146,1136.3471540620226,22.16224381140933,1.0,159.0,65,70,127,170.0,DERA BABA NANAK
38379,Jhangrian (493),RUPNAGAR,31.45946,76.3169556,38379,1901.9436039594864,1899.7010498046875,0.6133527954684811,0.154005790336271,1.7501119349134882,-0.5842826122957652,-0.1019681184023862,830.6255879809754,21.71718340171697,0.7267506993835182,83.0,70,70,83,172.0,NURPUR BEDI
32523,Torowal (369),Shahid Bhagat Singh Nagar,31.2252254,76.2536,32523,1900.10100591718,1899.6983642578125,0.5462105823470031,0.0830988879220601,1.48661623087144,-0.5400517992610699,-0.0311215844624099,843.8483958827271,21.71347512474601,1.0,142.0,8,8,104,499.0,SAROYA
38792,Balrampur (140),RUPNAGAR,30.9009018,76.43501,38792,1897.662481331207,1899.69287109375,0.4994911555661263,0.2001790916273951,1.208556920754048,-0.5222706239263091,-0.0992415011027857,916.721189301242,22.821435243015912,1.0,115.0,99,63,142,131.0,CHAMKAUR SAHIB
32438,Nawanpind Taprian (211),Shahid Bhagat Singh Nagar,31.0630627,76.29157,32438,1902.0526290576315,1899.6861572265625,0.52576277621883,0.1090025316693774,1.4187939635978604,-0.5269841871033613,-0.0474027521264898,828.9379867722886,22.1998544780825,1.0,111.0,40,40,268,159.0,BALACHAUR
38707,Pathar Majra (220),RUPNAGAR,30.9729729,76.51368,38707,1900.699347285588,1899.683837890625,0.5025553368663397,0.1505558964954159,1.3863317048710928,-0.481139493950548,-0.0807343739565686,903.4168812444108,22.62808539330217,1.0,59.0,15,30,43,112.0,RUPNAGAR
28160,Warsola (205),GURDASPUR,32.0416946,75.29364,28160,1899.1242013932213,1899.6810302734375,0.5680814620135928,0.2173762363523531,1.72197098946392,-0.5329504866178878,-0.1417298159584638,1119.1011517166855,21.98887102416458,1.0,230.0,305,180,243,139.0,GURDASPUR
38757,Jabarhera (385),RUPNAGAR,30.9909916,76.52812,38757,1900.6894072669725,1899.680908203125,0.5155679050676492,0.1608432762647263,1.2859991242623805,-0.5181028485091436,-0.0764904541190806,884.4000491311448,22.16996411897884,1.0,2.47,4,1,32,161.0,RUPNAGAR
30882,Dharamkot (51),HOSHIARPUR,31.6576576,75.78074,30882,1895.1416873433304,1899.6802978515625,0.5472323157827592,0.1459416305355704,1.571859252503293,-0.5318808344221928,-0.0829576015630047,969.9064432281572,22.3568088162418,1.0,113.0,35,35,108,128.0,BHUNGA
31918,Jaijon (342),HOSHIARPUR,31.3221779,75.97668,31918,1897.2665697623547,1899.67578125,0.6657458218704019,0.1795059991103311,1.9329906721818733,-0.608277716203923,-0.1332962367405119,922.9806761238898,21.91588160295028,0.999614905392898,8.0,10,7,317,55.0,MAHILPUR
28301,Tibber (366),GURDASPUR,32.0424767,75.2937241,28301,1899.576949247716,1899.6746826171875,0.5854045924100711,0.2269410291616471,1.7411035811994813,-0.5465753477143045,-0.153229644892267,1115.9593406131166,21.98831793184121,1.0,42.5,195,52,80,880.0,GURDASPUR
30858,Nangal Khunga (53),HOSHIARPUR,31.72973,75.79725,30858,1900.4835419284448,1899.67236328125,0.5558761791865574,0.1860367788273639,1.7067397622544649,-0.5217064073685005,-0.1173323126359876,959.276372473468,22.438470679153,1.0,0.81,140,0,260,191.0,TANDA
32457,Jhungian (190),Shahid Bhagat Singh Nagar,31.1171169,76.35603,32457,1903.145958771761,1899.668212890625,0.4780085228341508,0.0942426979736393,1.2479313262535143,-0.4919503606230175,-0.0262196756134224,836.8364709760914,22.34041142277616,1.0,87.0,5,5,25,92.0,BALACHAUR
28297,Chawa (617),GURDASPUR,32.04169,75.3021,28297,1900.1449145656168,1899.6680908203125,0.4166042578690933,0.021395719245374,1.0081416863235129,-0.4363723375086869,0.0281188051507729,1135.595315973987,22.065727221775774,0.9227269916044534,79.0,120,205,492,209.0,GURDASPUR
31721,Dhodo Majara (206),HOSHIARPUR,31.5315323,75.889595,31721,1900.386360488416,1899.6666259765625,0.5228495833158314,0.1324208237134895,1.6014262413956524,-0.4984477849165795,-0.0729077372750816,788.4978595187562,22.42155105340902,1.0,100.0,25,34,38,89.0,HOSHIARPUR-I
28199,Chhina Bet (646),GURDASPUR,32.0410576,75.2943344,28199,1897.3085640419483,1899.6651611328125,0.5762082252152957,0.2026282374304712,1.6327027093136437,-0.5428770029356501,-0.1277407575196171,1135.595315973987,22.065727221775774,1.0,243.0,270,65,325,271.0,GURDASPUR
28219,Kotli Nangal (334),GURDASPUR,32.039444,75.29087,28219,1900.902333797265,1899.6639404296875,0.4799552225360874,0.1069699606222296,1.3777118518185771,-0.474835877136642,-0.0481647425780629,1106.5526268304343,21.986965351446045,0.8304383947931784,160.0,0,0,1,318.0,GURDASPUR
28292,Sundar (633),GURDASPUR,32.0360374,75.39083,28292,1897.631575924954,1899.662109375,0.5721798122986506,0.1933396531610173,1.7372257573609171,-0.5307001570847756,-0.126210596098617,1135.595315973987,22.065727221775774,1.0,70.0,65,50,73,76.0,GURDASPUR
38531,Harsabela (278),RUPNAGAR,31.2252254,76.4853745,38531,1899.0987865383447,1899.658447265625,0.4961142818122326,0.0972825345620085,1.397690934374715,-0.4912519874432262,-0.0389614654554903,845.1160135676759,21.49261000459427,0.8519671687244704,200.0,55,38,55,601.0,ANANDPUR SAHIB
32528,Malewal (375),Shahid Bhagat Singh Nagar,31.15722,76.30162,32528,1899.1553059708133,1899.6583251953125,0.6547473125826125,0.168956973472805,2.0468169350638394,-0.6029750667333431,-0.1235212171624231,842.6540409016574,21.66946382580108,0.5591474845524351,335.0,70,50,128,1694.0,SAROYA
28974,Gola Dhola (473),GURDASPUR,32.0253448,75.0240555,28974,1899.817903986328,1899.6556396484375,0.3693034393399935,0.0990461819390445,0.8894680988215388,-0.3988293854103902,-0.0034254225610789,1115.0650176217457,22.23160584795756,1.0,2.47,35,25,45,285.0,DERA BABA NANAK
31830,Bhulewal Rathan (29),HOSHIARPUR,31.477478,76.0358658,31830,1899.151715428214,1899.65087890625,0.410843209438102,0.0410530763369988,1.0223299532911156,-0.4455592979090932,0.0249953346251097,903.97068290018,21.992633355513988,1.0,140.0,65,85,160,163.0,MAHILPUR
31857,Chak Mallan (30),HOSHIARPUR,31.477478,76.01474,31857,1898.549164668298,1899.6470947265625,0.3847336840130873,0.0254424891581566,0.979607957741552,-0.4229260852765311,0.0385781099394266,903.97068290018,21.992633355513988,1.0,68.0,70,45,170,79.0,MAHILPUR
31827,Benewal (26),HOSHIARPUR,31.2972965,76.2486,31827,1898.8247858762245,1899.6439208984375,0.373839928469947,0.0155476137179749,0.9732385189512864,-0.4120245501693426,0.0454296616143623,903.97068290018,21.992633355513988,0.8873256602984219,62.0,125,50,150,51.0,GARHSHANKAR
27742,Gajju Jagir (113),PATHANKOT,32.25225,75.52721,27742,1896.5084815283408,1899.640625,0.4590110486312478,0.1278860519844083,1.403542083096408,-0.4324503721275589,-0.0633103921698731,1075.4182877948183,22.03002051327053,0.6342293600277785,101.0,30,25,135,133.0,NAROT JAIMAL SINGH
32594,Kandipur (98),FATEHGARH SAHIB,30.738739,76.36895,32594,1899.6211735614968,1899.637451171875,0.4678849570918245,0.2132052252766406,1.1156600350427774,-0.5034862830649042,-0.0968772408446536,943.7796089600416,22.90328957499844,1.0,74.0,50,50,77,79.0,BASSI PATHANA
38805,Saidpur (112),RUPNAGAR,30.9189186,76.53342,38805,1898.841783490648,1899.635498046875,0.458541849537607,0.1353006719387843,1.0556462695193296,-0.4705914167350307,-0.0510324594640724,844.7756114413636,22.646918597549643,0.9791357830981297,43.0,1,1,2,53.0,CHAMKAUR SAHIB
28429,Langar Kot (493),GURDASPUR,32.0180168,75.3972549,28429,1900.6504473095813,1899.6307373046875,0.5980310140666023,0.2317953574879929,1.822006009076286,-0.5512504114285434,-0.1599807436816181,1131.6664013078112,22.04982144446689,1.0,124.0,35,35,66,126.0,KAHNUWAN
31932,Paddi Sura Singh (277),HOSHIARPUR,31.4247112,75.9973,31932,1899.1261170467967,1899.6285400390625,0.4687765754790676,0.1091856559778434,1.253536795493719,-0.481110387634666,-0.0376096910304622,837.0815011670487,22.19709611623847,1.0,330.0,168,300,674,408.0,GARHSHANKAR
32046,Ghagon Guru (255),HOSHIARPUR,31.1983337,76.15688,32046,1899.4520703321568,1899.6253662109375,0.5040392417337098,0.1266536559626679,1.3635668909831984,-0.5034928743401106,-0.0568974907926708,851.4699283053773,22.057530697916604,1.0,108.0,49,45,108,126.0,GARHSHANKAR
31959,Satnaur (271),HOSHIARPUR,31.27928,76.10753,31959,1898.624131486424,1899.6243896484375,0.4360326054772516,0.0548705219970503,1.0952140234422838,-0.4646195409100843,0.008738909368021,837.0815011670487,22.19709611623847,1.0,140.0,40,20,438,167.0,GARHSHANKAR
32051,Najarpur (158),HOSHIARPUR,31.1985474,76.1573,32051,1900.4425605964989,1899.6241455078125,0.5070103107051498,0.1555009850011196,1.320198306512176,-0.5013381220713321,-0.0768855976044715,844.9916820227132,22.223978893029063,1.0,106.0,31,30,36,118.0,GARHSHANKAR
38726,Purkhali (376),RUPNAGAR,30.9729729,76.51368,38726,1898.5030418846145,1899.62060546875,0.4952711214585197,0.1187615204979371,0.9585785037670754,-0.4965594450316059,-0.0507464004414592,884.4000491311448,22.16996411897884,1.0,141.0,250,200,335,223.0,RUPNAGAR
28152,Purowal Araian (215),GURDASPUR,32.0360374,75.39083,28152,1899.4679502954743,1899.620361328125,0.58629540731588,0.2457846683915539,1.7420888962108367,-0.5448663809752703,-0.1652081995087851,1110.9779122283358,22.020857509920177,1.0,130.0,130,130,170,149.0,GURDASPUR
28235,Rajpura (229),GURDASPUR,32.0412941,75.4022751,28235,1900.5658514455893,1899.6197509765625,0.5951883186896433,0.2488449913028123,1.8006521468829837,-0.5510669231260592,-0.1693849415917984,1110.9779122283358,22.020857509920177,1.0,73.0,65,65,91,84.0,GURDASPUR
38784,Jagatpur (64),RUPNAGAR,30.8828831,76.39964,38784,1896.6525480773296,1899.6190185546875,0.5480343568875347,0.1930731975447136,1.4598653229641785,-0.539231194137965,-0.1098403249599238,916.721189301242,22.821435243015912,1.0,2.47,6,49,120,200.0,CHAMKAUR SAHIB
31567,Singriwala (245),HOSHIARPUR,31.5315323,75.889595,31567,1899.3305962042373,1899.617919921875,0.4790859014568631,0.0824610316683606,1.4457722295349718,-0.4705949135720151,-0.0306082634242204,890.0315853764909,22.315053295634414,0.6314684800359911,597.74,112,150,379,317.0,HOSHIARPUR-I
32043,Bora (258),HOSHIARPUR,31.1984577,76.15718,32043,1899.2660203769733,1899.6143798828125,0.4533173348341259,0.0791056803834445,1.2936778209573103,-0.4656346023448142,-0.0215352259696003,851.4699283053773,22.057530697916604,1.0,100.0,70,70,602,138.0,GARHSHANKAR
32417,Tandon (397),Shahid Bhagat Singh Nagar,31.0810814,76.36914,32417,1900.3410992295444,1899.61328125,0.5459323391722405,0.0990494095508067,1.5317595802653352,-0.5307697170665728,-0.0442550777832375,836.9886782152231,22.52836153647976,1.0,26.0,2,15,26,217.0,BALACHAUR
31729,Pandori Rukman (244),HOSHIARPUR,31.5315323,75.889595,31729,1899.7995462876424,1899.6109619140625,0.472464008869277,0.0810055317917862,1.355267606731201,-0.4744229987245307,-0.02365449353802,890.0315853764909,22.315053295634414,0.9203311371469728,328.51,55,50,150,173.0,HOSHIARPUR-I
31419,Bassi Panj Bhaian (401),HOSHIARPUR,31.7025318,75.861,31419,1893.2050217207195,1899.6058349609375,0.5036981557129492,0.0944627096343689,1.268410432344962,-0.519450424049639,-0.0308994853039889,935.5591627766984,22.469599437629142,0.5399790735469343,20.0,24,0,43,36.0,BHUNGA
31594,Lambra (80),HOSHIARPUR,31.5855846,75.89128,31594,1894.8613821174208,1899.6058349609375,0.5251740742027177,0.1276734540346257,1.4789901073227438,-0.5173464808538084,-0.0638840057873334,846.6854783704179,22.501385909822545,1.0,62.34,50,0,366,201.0,HOSHIARPUR-I
28352,Alawalpur (378),GURDASPUR,32.0360374,75.39083,28352,1899.0016534644992,1899.605224609375,0.6019129643321836,0.2525782517810363,1.8333268807695584,-0.553679217784341,-0.1739315919563388,1123.0829954129315,22.01621174351225,1.0,210.0,280,75,265,235.0,GURDASPUR
32423,Bagowal (409),Shahid Bhagat Singh Nagar,31.1171169,76.35603,32423,1898.795564696988,1899.603271484375,0.5887236002050235,0.1408095179828315,1.7249401585131696,-0.5536976223291541,-0.0849610252387663,835.1465371403789,22.5188576512488,0.6954535104220897,4660.0,14,268,376,466.0,BALACHAUR
28001,Kot Mian Sahib (110),GURDASPUR,31.8558559,75.2219238,28001,1900.3313792842469,1899.598388671875,0.5735757198174867,0.2299891524400883,1.6157682822930477,-0.5411044110954338,-0.1455404418687385,1136.5185508002537,22.15617313712373,1.0,247.0,35,100,298,219.0,KALANAUR
28889,Rahimabad (432),GURDASPUR,32.0180168,75.03599,28889,1897.5047457102687,1899.5955810546875,0.5598250390602086,0.2389271229275958,1.6445388258858815,-0.5268280707352984,-0.1525590764583155,1136.3471540620226,22.16224381140933,1.0,2.47,30,35,88,712.0,DERA BABA NANAK
28212,Khojepur (322),GURDASPUR,32.0360374,75.39083,28212,1899.196958988197,1899.5950927734375,0.5982148627907591,0.2222451371967515,1.7129038773140643,-0.5596951939418779,-0.1471311790297408,1097.3557326009172,22.113313286249365,1.0,158.0,65,80,148,178.0,GURDASPUR
38546,Bela Dhiani (261),RUPNAGAR,31.27928,76.4870148,38546,1899.691455201077,1899.593505859375,0.4622876314046943,0.0638208277746349,1.188130301461526,-0.4828014630163935,-0.0011013800615296,845.1160135676759,21.49261000459427,1.0,120.0,120,120,140,768.0,ANANDPUR SAHIB
32009,Kot (480),HOSHIARPUR,0.0,0.0,32009,1899.3416057063416,1899.5933837890625,0.4991888281918067,0.0605588295211802,1.3402729131572382,-0.5123176784985624,-0.0052589354470023,856.6584438757375,22.022680086184785,1.0,24.0,40,0,55,445.0,GARHSHANKAR
28296,Naushehra (641),GURDASPUR,32.0360374,75.39083,28296,1900.246214304763,1899.5877685546875,0.5124185280094093,0.1315591746635349,1.4253156680943635,-0.5026827031434604,-0.0660431979884743,1135.595315973987,22.065727221775774,0.9801993611717152,15.0,130,150,628,197.0,GURDASPUR
28966,Bal (469),GURDASPUR,32.0180168,75.01474,28966,1899.7959707567825,1899.5853271484375,0.5591556736679851,0.2321025880367262,1.5111037626595096,-0.5334463206902333,-0.1436350894396809,1115.0650176217457,22.23160584795756,1.0,84.0,41,22,33,92.0,DERA BABA NANAK
31704,Jandi (194),HOSHIARPUR,31.5315323,75.889595,31704,1898.4313656542304,1899.58447265625,0.5029524848244459,0.1164609388141919,1.4477500473977094,-0.4972143319730951,-0.055045192526309,788.4978595187562,22.42155105340902,1.0,250.0,110,100,172,135.0,HOSHIARPUR-I
27955,Malomowan (68),GURDASPUR,31.8558559,75.13707,27955,1900.31322479462,1899.578125,0.6477828583957516,0.2529038534806136,2.062018560685439,-0.5797173920396456,-0.1875786520574105,1160.8555111100573,22.030522602049302,1.0,162.0,33,20,40,139.0,KALANAUR
31811,Rasoolpur (58),HOSHIARPUR,31.3404465,75.9951248,31811,1901.3780050302407,1899.5775146484375,0.5282133305578488,0.1565951519764971,1.4724640694764568,-0.5173548232117238,-0.0872799690063292,827.9403692444552,22.38540174518616,1.0,80.0,30,60,134,101.0,MAHILPUR
38378,Sakhpur (492),RUPNAGAR,31.45946,76.3169556,38378,1899.9371118026536,1899.5767822265625,0.6954955810144392,0.2126749686313596,2.1272789030797967,-0.6311517563986686,-0.1647083491775726,830.6255879809754,21.71718340171697,0.4617801500054757,135.0,75,77,158,492.0,NURPUR BEDI
30863,Alar Pind (34),HOSHIARPUR,31.6756763,75.81661,30863,1899.718674548375,1899.576416015625,0.4948641103531523,0.1160399709142386,1.45968625706704,-0.4830592379071856,-0.0538739560147092,959.276372473468,22.438470679153,1.0,2.47,52,56,144,199.0,BHUNGA
38698,Sainfalpur (197),RUPNAGAR,30.9909916,76.50711,38698,1899.993633431752,1899.5760498046875,0.4837157646268405,0.1230294513835827,1.2265187374152289,-0.497780147319156,-0.0448252845269333,884.4000491311448,22.16996411897884,1.0,158.0,35,15,130,198.0,RUPNAGAR
27897,Lohgarh (305),GURDASPUR,32.1261253,75.46517,27897,1896.5287535879352,1899.57470703125,0.4850210733357963,0.1293932705657338,1.3867333588226562,-0.4774218007447505,-0.0625302219501292,1097.3557326009172,22.113313286249365,1.0,50.0,35,5,155,58.0,DINANAGAR
28931,Kotli Daya Ram (443),GURDASPUR,32.0360374,75.0294952,28931,1896.8293877092576,1899.572021484375,0.5260974303386854,0.2099224929606536,1.5198000769018634,-0.509685753802434,-0.1281642501746701,1115.0650176217457,22.23160584795756,1.0,1.0,2,2,2,14.0,DERA BABA NANAK
38970,Sangriwala (345),S.A.S Nagar,30.7567558,76.63484,38970,1895.967537745778,1899.5709228515625,0.4522527296718566,0.07259762700736,1.1392010057658255,-0.4774376031166535,-0.0024577739811011,756.0142221858399,22.52865146049311,1.0,102.0,10,0,96,121.0,KHARAR
32493,Chandiani Kalan (376),Shahid Bhagat Singh Nagar,31.15722,76.30162,32493,1899.828519962129,1899.5701904296875,0.6293062215240174,0.1566350067922181,1.8647867979580304,-0.5933635741729683,-0.1049646353249925,841.0405875280707,21.675864757928554,0.7989230334098595,372.0,158,75,165,805.0,SAROYA
30700,Nainowal Baid (65),HOSHIARPUR,31.5315323,75.889595,30700,1899.7867038423176,1899.570068359375,0.4966896086799685,0.1270415892664509,1.427340464108911,-0.4896774656278753,-0.0612001182709058,814.1338425343571,22.3643028974686,1.0,800.28,198,205,271,370.0,HOSHIARPUR-I
28945,Ratta (465),GURDASPUR,32.0360374,75.0294952,28945,1899.9739278449647,1899.568115234375,0.5523020400684464,0.2419163762796936,1.4653697710220894,-0.5329606874403225,-0.1458760250094249,1115.0650176217457,22.23160584795756,1.0,170.0,40,30,180,292.0,DERA BABA NANAK
28209,Sahowal (663),GURDASPUR,32.0412865,75.4023056,28209,1898.954070349726,1899.5672607421875,0.5483582350024957,0.1931918340377089,1.549919162072145,-0.5234287058220621,-0.1195680415239476,1097.3557326009172,22.113313286249365,1.0,82.0,120,65,102,109.0,GURDASPUR
28962,Khanna Chamaran (482),GURDASPUR,32.0253448,75.0240555,28962,1899.3893817135065,1899.56640625,0.5283621209597565,0.2222748529077881,1.21103802447007,-0.5304989089611751,-0.1170984620325565,1115.0650176217457,22.23160584795756,1.0,160.0,20,0,20,321.0,DERA BABA NANAK
31535,Bajraur (305),HOSHIARPUR,31.5135136,75.91723,31535,1900.5012047896764,1899.5623779296875,0.3926699245185102,0.0236599620661845,1.0384070940456769,-0.4224659939131042,0.0345101982782276,946.7929532630556,21.98672943039688,1.0,352.0,15,300,612,467.0,HOSHIARPUR-II
27886,Katowal (680),GURDASPUR,32.0360374,75.39083,27886,1895.7305851340784,1899.5621337890625,0.6153140762169372,0.2405832776668414,1.7724433526493648,-0.5697089038469533,-0.16342063742666,1099.6602546147285,22.12439165416093,1.0,113.0,12,90,174,122.0,DINANAGAR
28289,Miani (629),GURDASPUR,32.0360374,75.39083,28289,1897.47515501066,1899.559326171875,0.6379307829407821,0.2360476025080422,1.974683269143328,-0.5750929860437696,-0.1704805678713941,1135.595315973987,22.065727221775774,1.0,37.0,2,2,2,43.0,GURDASPUR
30757,Nangal (145),HOSHIARPUR,31.8018017,75.6655045,30757,1899.510094588684,1899.55810546875,0.6091157180600639,0.2237889686087048,1.895704553427612,-0.5612511978822977,-0.1537697112637538,1073.0177256276506,22.24859892509784,1.0,50.0,24,0,39,63.0,DASUYA
28923,Qadian (Gujjran) (434),GURDASPUR,32.0,75.063736,28923,1892.9550718089376,1899.5556640625,0.5835429894908932,0.2689569074324233,1.5207143705578314,-0.5526726514737165,-0.1725463476602711,1136.3471540620226,22.16224381140933,1.0,2.47,90,90,120,206.0,DERA BABA NANAK
38544,Diyapur (265),RUPNAGAR,31.27928,76.4870148,38544,1900.4018620070344,1899.5509033203125,0.4189100546569583,0.0450426396546634,1.0333904671173766,-0.4538890379249684,0.0184857828598029,850.4737984025084,21.65388655614576,1.0,146.0,80,80,110,298.0,ANANDPUR SAHIB
31530,Handowal Kalan (311),HOSHIARPUR,31.5099583,76.05055,31530,1899.332907482328,1899.5501708984375,0.4625165402894671,0.079109468067983,1.319444880441323,-0.4696069823559519,-0.0175582231640231,903.97068290018,21.992633355513988,1.0,156.0,8,65,176,203.0,HOSHIARPUR-II
28238,Nawan Pind (231),GURDASPUR,32.0412521,75.29456,28238,1900.5639630207947,1899.5457763671875,0.5470170268176778,0.2400824527746425,1.53271425291512,-0.5231681039435895,-0.1516746516870576,1111.0168204258011,22.020603354639363,1.0,75.0,200,115,162,108.0,GURDASPUR
31701,Wahid (196),HOSHIARPUR,31.54955,75.90424,31701,1900.2268397446248,1899.545166015625,0.5149493849498977,0.1425855705366704,1.5630585958857446,-0.5001892985286372,-0.0774136055406048,788.4978595187562,22.42155105340902,1.0,0.026,15,0,155,105.0,HOSHIARPUR-I
31867,Langeri (102),HOSHIARPUR,31.3222523,75.97681,31867,1899.441425097181,1899.5443115234375,0.4798662035990695,0.1033308746328945,1.2725673487343985,-0.4912304461003542,-0.0344938434572414,790.2334722688096,22.580193486697112,0.9285755186324682,187.0,85,75,331,260.0,MAHILPUR
28288,Dalla (639),GURDASPUR,32.039444,75.29087,28288,1897.14631577323,1899.541259765625,0.674718619901071,0.253950247971169,2.109555261216172,-0.6032116775371009,-0.1915694160689231,1135.595315973987,22.065727221775774,1.0,59.0,50,0,42,68.0,GURDASPUR
39141,Mullanpur Garib Dass (CT),S.A.S Nagar,30.35963,76.3640442,39141,1897.310321465619,1899.539306640625,0.4590880346793401,0.0721921795346594,1.1785723699568025,-0.4751681476650858,-0.0053862926921031,775.6343213820925,22.498002027669987,0.8502859424198197,498.0,60,135,1240,0.0,KHARAR
28239,Mangal Sain (232),GURDASPUR,31.9639645,75.3103561,28239,1900.6944045941184,1899.5390625,0.5963800131546887,0.2764964721799422,1.7444248441556136,-0.5546272273142276,-0.1870466588110999,1110.9779122283358,22.020857509920177,1.0,146.0,40,85,122,162.0,GURDASPUR
39073,Fatehpur (149),S.A.S Nagar,30.81081,76.59401,39073,1899.185030755633,1899.535888671875,0.446224496113188,0.1018838468233187,1.1805300365316775,-0.4654708341779476,-0.0251789710728488,814.0134456565278,22.43804828433952,1.0,130.0,60,72,388,289.0,MAJRI
32495,Taprian Khurdan (229),Shahid Bhagat Singh Nagar,31.1791573,76.22965,32495,1900.82186465124,1899.5330810546875,0.4899326268370086,0.056876211754965,1.2343670183713813,-0.5145177344676887,0.0017699091181257,842.0948296511964,21.69770457218466,0.8961552208153198,106.0,98,50,151,125.0,SAROYA
32038,Jamalpur (365),HOSHIARPUR,31.1986122,76.1572342,32038,1899.13871883184,1899.53076171875,0.5431609299188034,0.0936531763551718,1.4358962545303378,-0.5359326460812274,-0.0354834990273865,851.4699283053773,22.057530697916604,1.0,18.0,0,0,1,123.0,GARHSHANKAR
28205,Sihowal (664),GURDASPUR,32.0414047,75.29373,28205,1898.9772416312087,1899.529052734375,0.5886423768569526,0.2286901207018802,1.7077849274605268,-0.5383116699783668,-0.1588457388941369,1097.3557326009172,22.113313286249365,1.0,32.38,110,55,98,89.0,GURDASPUR
31081,Chakowal (440),HOSHIARPUR,31.9459457,75.8476639,31081,1901.397142773464,1899.529052734375,0.5166345926073751,0.1788734952001008,1.4888984368252898,-0.4852391117096546,-0.1002777857916532,1187.6022311856646,22.08084163640433,0.8985387618004677,50.0,74,75,175,257.0,MUKERIAN
31633,Panjgrain (189),HOSHIARPUR,31.5315323,75.889595,31633,1898.271232815957,1899.52880859375,0.466762673323496,0.0975106512533725,1.3684083782545384,-0.4622408966161858,-0.0345948741033038,788.4978595187562,22.42155105340902,1.0,41.7,10,10,66,111.0,HOSHIARPUR-I
28047,Bal (404),GURDASPUR,32.0,75.50991,28047,1901.259374484736,1899.5284423828125,0.5431283108067511,0.2249767707695133,1.5401303097898151,-0.5181457964208706,-0.1390336007271192,1111.7832041800714,22.027602525253744,0.980144975150786,200.0,107,120,460,460.0,DHARIWAL
28158,Chour (210),GURDASPUR,31.9639645,75.3103561,28158,1899.108605241073,1899.5255126953125,0.5720381512538201,0.2255486892716977,1.7506357175329157,-0.5342275938450658,-0.1504964130213013,1113.5467240828943,22.01074242419413,1.0,69.0,63,60,85,76.0,GURDASPUR
30697,Dhamian Khurd (103),HOSHIARPUR,31.54955,75.9888153,30697,1901.1939067718167,1899.523681640625,0.4891860301910483,0.1122531760039281,1.372474393191597,-0.4860150294814122,-0.0463442557931139,809.747228305568,22.345829776931225,1.0,40.0,20,20,93,92.0,HOSHIARPUR-I
32024,Achalpur (489),HOSHIARPUR,31.261261,76.2827,32024,1899.850945638834,1899.5234375,0.6185353465343448,0.1386930981354865,1.742377943546467,-0.5949607122939042,-0.0854483712976342,848.1406570339558,21.711912967809543,1.0,283.0,645,180,241,363.0,GARHSHANKAR
28252,Pirdi Sain (373),GURDASPUR,31.9819813,75.51632,28252,1899.4717913022944,1899.5220947265625,0.6243522115507505,0.27607013999513,1.8800066526335664,-0.5701269512734479,-0.194028621898201,1115.9593406131166,21.98831793184121,1.0,132.0,80,85,128,164.0,DHARIWAL
31095,Dugri Raj Putan (237),HOSHIARPUR,31.9459457,75.8476639,31095,1899.5030498379144,1899.521728515625,0.5867047860799462,0.2151262440260726,1.782807784594068,-0.5423733849637521,-0.145507816378829,1187.6022311856646,22.08084163640433,1.0,110.0,110,110,190,300.0,MUKERIAN
38756,Balamgarh Alias Mandwara (386),RUPNAGAR,30.9909916,76.52812,38756,1900.4326453086064,1899.5206298828125,0.5008029230342763,0.1069950634578168,1.2828530441391277,-0.5084949985053028,-0.0350640342139654,884.4000491311448,22.16996411897884,1.0,283.0,25,1,460,570.0,RUPNAGAR
32368,Arazidarya Bramad Paragpur (437),Shahid Bhagat Singh Nagar,31.0630627,76.31261,32368,1899.643485742543,1899.5177001953125,0.4207507266296826,0.1547875247990177,0.5722849391760522,-0.4138419398439452,-0.0653319919843038,844.7756114413636,22.646918597549643,0.8847968844572399,154.0,4,2,10,225.0,BALACHAUR
28188,Rauwal (303),GURDASPUR,31.90991,75.4571152,28188,1897.2930890871808,1899.516357421875,0.5728256320779734,0.2009589420225304,1.5899213360555762,-0.5469078034194375,-0.1255590259592259,1097.3557326009172,22.113313286249365,1.0,90.0,150,70,95,106.0,KAHNUWAN
31927,Sardullapur Baddoan (290),HOSHIARPUR,31.40704,76.03582,31927,1898.7818781870883,1899.5123291015625,0.4182463280477384,0.0532704255048736,1.4053814738774355,-0.4518152321391127,0.0108954168449617,837.0815011670487,22.19709611623847,1.0,322.0,125,50,178,350.0,MAHILPUR
38373,Baihara (375),RUPNAGAR,31.18919,76.4773,38373,1901.4150581542524,1899.509521484375,0.3988205098415988,0.0510932280691094,1.0730606031283954,-0.4109459716079268,0.0092399768512963,830.6255879809754,21.71718340171697,0.7046210337853519,75.0,20,12,41,179.0,NURPUR BEDI
38370,Kalwan (488),RUPNAGAR,31.3873882,76.384964,38370,1898.9333852163284,1899.5089111328125,0.6513895634465917,0.1766837465167155,1.9774705447462368,-0.5998346225894367,-0.130190488802896,830.6255879809754,21.71718340171697,0.48895823231778,40.0,25,35,79,658.0,NURPUR BEDI
31727,Hussianpur (237),HOSHIARPUR,31.5315323,75.889595,31727,1899.6635393378565,1899.50634765625,0.4902068028864584,0.0878450610664023,1.4046221946572364,-0.4869051802027572,-0.0337964878641589,829.1657301999741,22.37889491128148,0.961652222067252,150.0,33,33,48,119.0,HOSHIARPUR-I
31902,Mehrowal (108),HOSHIARPUR,31.3217468,75.97668,31902,1901.669445680105,1899.5054931640625,0.5041325232779453,0.1227375213772434,1.4124132510014138,-0.5022756058118257,-0.0558832120868501,790.2334722688096,22.580193486697112,1.0,71.0,20,30,112,84.0,MAHILPUR
32040,Kukkar Majara (248),HOSHIARPUR,31.1986256,76.15732,32040,1898.527945684072,1899.5050048828125,0.4756231661387384,0.0892824185186214,1.266415082455089,-0.488418214955252,-0.0244435007705081,851.4699283053773,22.057530697916604,1.0,248.0,115,111,281,288.0,GARHSHANKAR
31865,Haveli (302),HOSHIARPUR,31.40701,76.0358658,31865,1898.5315744994173,1899.5050048828125,0.4704093865347967,0.0989613738834975,1.3493161674276934,-0.4785483827592112,-0.03410876728143,948.3530017325838,21.85796620184743,1.0,136.0,42,60,270,195.0,MAHILPUR
31819,Tohlian (19),HOSHIARPUR,31.477478,76.01474,31819,1901.1704690014567,1899.50390625,0.4014135988060263,0.0246681209993945,1.0068723767915602,-0.4469624238649329,0.0392291538332887,903.97068290018,21.992633355513988,1.0,66.0,25,36,115,91.0,MAHILPUR
27965,Bohar Wadala (79),GURDASPUR,0.0,0.0,27965,1896.5301367571888,1899.5035400390625,0.5817562700582707,0.2321726934231279,1.7178137990404696,-0.5418402380069786,-0.1516497228717575,1160.8555111100573,22.030522602049302,1.0,98.0,31,60,96,110.0,KALANAUR
28912,Noorpur (419),GURDASPUR,32.0180168,75.03599,28912,1904.9010484624523,1899.4998779296875,0.5260300447005816,0.1907081625634049,1.3439435349027555,-0.5158398152182397,-0.104254748637549,1115.0650176217457,22.23160584795756,1.0,2.47,0,20,50,92.0,DERA BABA NANAK
31626,Hargarh (217),HOSHIARPUR,31.5315323,75.80504,31626,1898.8696730317488,1899.498046875,0.4955491605179192,0.0684130689089774,1.384765458272193,-0.4844741369542633,-0.0138659437148217,857.1935920771512,22.349496753970293,0.789264268747631,34.41,30,30,145,162.0,HOSHIARPUR-I
28491,Mochpur (717),GURDASPUR,31.90991,75.43588,28491,1902.249658523035,1899.4898681640625,0.5033325929850345,0.1486877886178706,1.485380584039493,-0.491823630999564,-0.0787187830786489,1177.1800325323975,22.09416743688266,1.0,35.0,5,0,240,41.0,KAHNUWAN
38538,Pasiwal (268),RUPNAGAR,31.2252254,76.4853745,38538,1900.5223762995813,1899.4893798828125,0.4052960592583858,0.0541881338846462,1.0030040275301657,-0.4370254134543382,0.0137927919419404,845.1160135676759,21.49261000459427,1.0,100.0,195,195,210,117.0,ANANDPUR SAHIB
39037,Kalewal (112),S.A.S Nagar,30.1261253,76.18241,39037,1901.4826579590456,1899.4847412109375,0.4315725511743659,0.0994200979283915,1.1877780173690302,-0.4646114099761004,-0.0169447128080426,899.1409334351914,22.399942850440937,1.0,125.0,0,38,181,174.0,KHARAR
28976,Dharamkot Randhawa (477),GURDASPUR,32.0360374,75.0294952,28976,1899.3688171757608,1899.4844970703125,0.3160119989456112,0.107566704836312,0.779924770550936,-0.3475015726925411,-0.001368308044776,1115.0650176217457,22.23160584795756,1.0,2.47,25,50,380,48.0,DERA BABA NANAK
32432,Thanwala (395),Shahid Bhagat Singh Nagar,31.0990982,76.36259,32432,1901.107079133992,1899.4833984375,0.4983281523313694,0.0648780749374721,1.2848922162850576,-0.505487156285537,-0.0069375223676182,815.3098317792313,22.24475471229374,1.0,126.0,30,30,90,153.0,BALACHAUR
30698,Muradpur Narial (86),HOSHIARPUR,31.5315323,75.889595,30698,1899.964900621976,1899.4820556640625,0.5196404753055658,0.1513836513563851,1.5467486041203824,-0.5087572902604582,-0.0833419869211752,819.167153285287,22.38549941746348,1.0,524.41,55,105,333,216.0,HOSHIARPUR-I
28111,Langah (226),GURDASPUR,32.0413055,75.4021759,28111,1901.0851297124848,1899.4820556640625,0.5468800745581592,0.2208182213649435,1.507165860268399,-0.5234966708689321,-0.1340318188968983,1110.9779122283358,22.020857509920177,1.0,60.0,120,60,141,92.0,GURDASPUR
31854,Jandoli (324),HOSHIARPUR,31.477478,76.01474,31854,1899.226099590297,1899.4814453125,0.414979886161772,0.0389714052662669,1.0434561470591637,-0.4479790449480701,0.0246327791982173,934.3196507761788,21.90054692947539,0.952509730512724,185.0,56,56,92,755.0,MAHILPUR
31891,Daduwal (62),HOSHIARPUR,31.477478,76.01474,31891,1901.3688408368653,1899.4808349609375,0.4455546619490314,0.1109990528298507,1.1880528381695008,-0.4658948465442641,-0.0335912372568316,837.4352831186563,22.33635154595432,1.0,200.0,34,36,175,216.0,MAHILPUR
28891,Doburji (431),GURDASPUR,32.0180168,75.03599,28891,1899.52845315717,1899.47998046875,0.594017317466016,0.262150272017332,1.632092378168423,-0.5539098861634698,-0.1743377147658883,1136.3471540620226,22.16224381140933,1.0,2.47,30,10,96,150.0,DERA BABA NANAK
28964,Mangian (479),GURDASPUR,32.0360374,75.0294952,28964,1899.696802200732,1899.479736328125,0.5217196619092673,0.1968124972529899,1.228958642985605,-0.5194805731610791,-0.1008798683977524,1115.0650176217457,22.23160584795756,1.0,189.0,100,100,189,245.0,DERA BABA NANAK
38730,Panjola (201),RUPNAGAR,30.9729729,76.51368,38730,1900.103663660645,1899.4783935546875,0.4981477796630725,0.1254651989422117,1.273742494033297,-0.5039698711673035,-0.0491300631276433,884.4000491311448,22.16996411897884,1.0,7.0,15,15,195,206.0,RUPNAGAR
32492,Mangupur (377),Shahid Bhagat Singh Nagar,31.1711712,76.2100449,32492,1899.1977977186448,1899.4779052734375,0.6420012915719067,0.163837033322002,1.9673505581779973,-0.5935994814979318,-0.1161496323251973,838.0659049866437,21.6876659920771,0.3692317690547013,131.0,278,125,150,614.0,SAROYA
38985,Dhode Majra (164),S.A.S Nagar,30.72813,76.74911,38985,1899.3528247453653,1899.4757080078125,0.4558859479398265,0.0821201802282902,1.1858381324733411,-0.470206837893688,-0.0165759671274586,814.0134456565278,22.43804828433952,0.969547921279069,51.0,18,20,42,72.0,MAJRI
28155,Tatley (213),GURDASPUR,32.044838,75.39647,28155,1899.2993905679389,1899.4752197265625,0.5915559263166691,0.2617540267946683,1.7892766710403711,-0.5504593245708064,-0.178747379248323,1110.9779122283358,22.020857509920177,1.0,47.3,122,70,115,133.0,GURDASPUR
38615,Patial (30),RUPNAGAR,30.9729729,76.51368,38615,1896.8249541522955,1899.4730224609375,0.5046649145159403,0.1535248508185962,1.2665069688453814,-0.5150141180316891,-0.0702019823727244,831.6264393737214,22.690114987082723,0.9166478545684472,50.0,50,50,400,90.0,RUPNAGAR
28206,Anandpur (668),GURDASPUR,32.08381,75.41791,28206,1897.6967217559816,1899.47216796875,0.6189421564071066,0.249079334232554,1.7298813956854149,-0.5774788861640737,-0.1696476782654502,1097.3557326009172,22.113313286249365,1.0,33.0,15,60,75,42.0,DINANAGAR
32042,Nangal (252),HOSHIARPUR,31.3197269,75.94398,32042,1898.69172855885,1899.469482421875,0.4745228216149842,0.0971112116165996,1.3015294371505843,-0.4813196308730404,-0.0323421219645726,851.4699283053773,22.057530697916604,1.0,170.0,25,102,127,239.0,MAHILPUR
38713,Santokhgarh (198),RUPNAGAR,30.9729729,76.51368,38713,1899.7217675833072,1899.4632568359375,0.5055284021532687,0.1400317683644154,1.3140215927945704,-0.51056392097781,-0.0621342598643511,884.4000491311448,22.16996411897884,1.0,87.0,50,20,82,116.0,RUPNAGAR
28938,Khushalpur (463),GURDASPUR,32.0360374,75.0294952,28938,1899.5341224254005,1899.4615478515625,0.5550987885385763,0.2294025724943675,1.5148088313646877,-0.5285603895081935,-0.1400679960789798,1115.0650176217457,22.23160584795756,1.0,94.0,60,80,165,105.0,DERA BABA NANAK
28430,Dalla Gorian (607),GURDASPUR,32.0360374,75.39083,28430,1900.7925093714707,1899.4600830078125,0.6015055307182554,0.2232313664377645,1.7787177047617777,-0.5631396237637056,-0.1505195804026624,1137.3035346593272,22.05123193236686,1.0,149.0,185,131,152,344.0,GURDASPUR
28269,Mokhe (661),GURDASPUR,32.04169,75.3021,28269,1900.0848058667657,1899.4600830078125,0.6104324619099237,0.249514532227443,1.7001214365458477,-0.5731927661961779,-0.1667433801040001,1097.3557326009172,22.113313286249365,1.0,112.0,72,129,162,125.0,GURDASPUR
31708,Pandori Mehtwan (197),HOSHIARPUR,31.54955,75.8831,31708,1900.033674329983,1899.4598388671875,0.4810509596720917,0.107164595636156,1.4106910049176795,-0.473597337946175,-0.0467231892594575,788.4978595187562,22.42155105340902,1.0,220.0,100,110,224,200.0,HOSHIARPUR-I
28170,Hardo Bathwala (338),GURDASPUR,32.0413,75.29369,28170,1899.7934241174312,1899.458984375,0.45148071026103,0.1033810187404339,1.2798117802339766,-0.4489894964407484,-0.0393239845138706,1100.7601628350126,21.98613245980878,0.4921956709199489,232.0,100,65,206,270.0,GURDASPUR
32370,Ghurka (430),Shahid Bhagat Singh Nagar,31.0630627,76.31261,32370,1899.0727953180983,1899.458984375,0.477438975965876,0.1294145862510051,1.2925228152064856,-0.4811880451987625,-0.0535897648861912,844.7756114413636,22.646918597549643,1.0,58.0,3,5,15,64.0,BALACHAUR
27953,Bhawana (74),GURDASPUR,31.8558559,75.13707,27953,1899.9907603774805,1899.4581298828125,0.5957086961674236,0.2302235042822573,1.8268781416038296,-0.5488324442901377,-0.1591317687087381,1160.8555111100573,22.030522602049302,1.0,1.0,0,1,1,133.0,KALANAUR
38727,Rampur (382),RUPNAGAR,30.9549541,76.52025,38727,1900.120905064201,1899.457275390625,0.519240347096508,0.1297797128796526,1.3625285736969472,-0.5202032167995608,-0.0574594772279146,884.4000491311448,22.16996411897884,1.0,124.0,100,100,162,212.0,RUPNAGAR
32439,Thopia (389),Shahid Bhagat Singh Nagar,31.0622616,76.30152,32439,1901.6646386006487,1899.456787109375,0.5335967084663331,0.0932395484028451,1.420694971567429,-0.5346186188979951,-0.0338125605218095,825.070686126727,22.212595946375647,0.9721591611287717,268.0,31,153,314,392.0,BALACHAUR
31560,Bhathian Brahmanan (261),HOSHIARPUR,31.5304813,75.9044,31560,1898.97719998822,1899.453125,0.3871321984732333,0.0001532734206753,0.986107240752569,-0.4299724684117555,0.0542872325692275,890.0315853764909,22.315053295634414,0.6441180284028659,96.0,155,126,260,96.0,HOSHIARPUR-II
38754,Kalal Majra (205),RUPNAGAR,30.9729729,76.51368,38754,1901.2916305492265,1899.4482421875,0.4759543817455544,0.1405239878652828,1.1938727129833435,-0.4946257918187791,-0.0540813340590898,884.4000491311448,22.16996411897884,1.0,30.0,40,30,136,150.0,RUPNAGAR
32497,Chandiani Khurd (231),Shahid Bhagat Singh Nagar,31.17905,76.22946,32497,1900.653177840472,1899.447021484375,0.4618051879736312,0.0454189557504462,1.1767672971079557,-0.4908010730463742,0.0125207533950574,842.8557309319871,21.668663676124027,0.8359151243878746,310.0,485,335,586,369.0,SAROYA
28210,Dakhla (662),GURDASPUR,32.0360374,75.39083,28210,1899.4815339468496,1899.445556640625,0.6249139218422742,0.25831875464519,1.7614044876423078,-0.5871057956110973,-0.1780251792873722,1097.3557326009172,22.113313286249365,1.0,50.0,155,70,100,56.0,GURDASPUR
28308,Manepur (376),GURDASPUR,32.0360374,75.39083,28308,1899.7452504077864,1899.4376220703125,0.5507410669317014,0.1992896193382127,1.6963926495681585,-0.5157663100281367,-0.1294792759798249,1116.4252931859216,21.990142443791992,1.0,173.0,270,100,128,175.0,GURDASPUR
28242,Piranbag (235),GURDASPUR,32.0360374,75.39083,28242,1900.9516450897568,1899.43701171875,0.5538949980162975,0.2071509887706489,1.6475432463460562,-0.5254237955093484,-0.1298413894577794,1115.9593406131166,21.98831793184121,1.0,30.0,135,70,169,36.0,GURDASPUR
32031,Barapur (361),HOSHIARPUR,31.261261,76.2827,32031,1899.2442105620075,1899.4320068359375,0.5377595393560994,0.0923062150925671,1.4355642857822948,-0.5334422789866876,-0.0341462006605536,851.4699283053773,22.057530697916604,1.0,80.0,135,0,225,288.0,GARHSHANKAR
32424,Golu Majra (408),Shahid Bhagat Singh Nagar,31.0450459,76.4033051,32424,1898.731572418044,1899.4287109375,0.5666734016416826,0.1320499488155366,1.6782481062543548,-0.5348000628589156,-0.0758504843532351,820.0952624506069,22.310068693917987,0.469626843794273,310.0,4,58,102,313.0,BALACHAUR
31991,Mehtabpur (260),HOSHIARPUR,31.19866,76.15726,31991,1900.3901706709623,1899.4283447265625,0.4023947194523872,0.0511384300776588,1.0511361435854036,-0.4254946166910704,0.0125781768043875,851.4699283053773,22.057530697916604,0.8654600328715029,100.0,59,50,199,113.0,GARHSHANKAR
28249,Sandhwan (392),GURDASPUR,32.0,75.50991,28249,1901.0319311985024,1899.42626953125,0.5223909375916576,0.1985658126575807,1.5103992405455653,-0.4982473304367493,-0.1203263358675944,1110.9779122283358,22.020857509920177,1.0,61.0,52,105,220,76.0,DHARIWAL
28257,Babri (342),GURDASPUR,32.0416946,75.29364,28257,1901.9124776891856,1899.426025390625,0.5150534794194016,0.1666277644124153,1.4917135652875015,-0.4936168860944483,-0.0952170238205235,1115.9593406131166,21.98831793184121,1.0,200.0,315,120,438,227.0,GURDASPUR
31859,Chandeli (373),HOSHIARPUR,31.4070854,76.0359955,31859,1898.924686626647,1899.425048828125,0.4637095630118406,0.093703994077162,1.2631664971309275,-0.4820680136981661,-0.0254288685162129,933.4726337272898,21.903116992916928,1.0,81.0,107,78,180,117.0,MAHILPUR
27985,Ruliana (83),GURDASPUR,0.0,0.0,27985,1896.700119040547,1899.4197998046875,0.559487934268519,0.2368793193425195,1.6983725936890617,-0.5185665516183987,-0.1523920319013222,1154.1728451745785,22.03866134248032,1.0,280.0,90,140,151,310.0,KALANAUR
38376,Raipur (491),RUPNAGAR,31.3873882,76.36386,38376,1902.253400429608,1899.4134521484375,0.4512628375926489,0.0420171539842412,1.1531612171889614,-0.473894811423908,0.0131964062757134,830.6255879809754,21.71718340171697,1.0,19.0,55,55,122,217.0,NURPUR BEDI
32524,Pojewal (371),Shahid Bhagat Singh Nagar,31.2252254,76.2536,32524,1900.1301496115875,1899.4090576171875,0.5698495757664919,0.0937681992692453,1.5692680128395091,-0.5553514670072861,-0.0434535017765877,842.8557309319871,21.668663676124027,1.0,99.0,302,210,367,665.0,SAROYA
32056,Dhamai (163),HOSHIARPUR,31.19866,76.15726,32056,1899.626061285212,1899.4088134765625,0.4633313508172934,0.1281543629784909,1.1875671532286551,-0.4775922753882167,-0.0495397505864289,842.9051330290231,22.277589438053848,1.0,163.0,49,69,326,188.0,GARHSHANKAR
28365,Bhatia (619),GURDASPUR,32.0180168,75.43975,28365,1898.067331762523,1899.4073486328125,0.6510701444372538,0.2240589985634758,2.044110017724708,-0.5804279802578268,-0.1643787880575488,1135.595315973987,22.065727221775774,1.0,95.0,32,60,82,103.0,KAHNUWAN
31617,Sothiana (176),HOSHIARPUR,31.58236,75.76483,31617,1897.26937046444,1899.398681640625,0.4783297902835248,0.0856329677881864,1.3219910807393354,-0.4792524606653843,-0.0260584546131089,933.1647916765896,22.47045580597884,1.0,48.58,30,30,109,156.0,HOSHIARPUR-I
30709,Kandhala Sheikhan (36),HOSHIARPUR,31.6140652,75.65602,30709,1901.0008890024803,1899.3970947265625,0.5463362814070412,0.1712350997555789,1.6804291818296764,-0.5193626239942454,-0.105765735545804,959.276372473468,22.438470679153,1.0,0.4,182,182,265,191.0,TANDA
32002,Purkhowal (268),HOSHIARPUR,31.4127483,75.98217,32002,1898.586437759261,1899.3941650390625,0.4688139988918116,0.0987030685508487,1.2574220639508058,-0.4789299113985092,-0.031656489851569,845.3001087865821,22.143959197500585,1.0,131.0,34,11,200,141.0,GARHSHANKAR
32521,Chandpur Rurki (366),Shahid Bhagat Singh Nagar,31.1711712,76.23111,32521,1899.597251605957,1899.3939208984375,0.5218430538200005,0.0726239932584786,1.3261363822498158,-0.5281262490017495,-0.0147791452249229,850.2816646651252,22.00388942144213,0.9975596730935292,231.0,10,20,186,787.0,SAROYA
31706,Randhawa Brota (192),HOSHIARPUR,31.5315323,75.889595,31706,1898.817302626388,1899.392578125,0.4981748773388633,0.1093746499948844,1.432359021712746,-0.4950143330254877,-0.0471950431759791,788.4978595187562,22.42155105340902,1.0,118.62,120,120,320,326.0,HOSHIARPUR-I
31441,Dhut Khurd (64),HOSHIARPUR,31.5315323,75.889595,31441,1898.986644202403,1899.388916015625,0.4581661147329773,0.0912179329511988,1.2453281249508197,-0.4691367478936846,-0.0271259137632058,809.747228305568,22.345829776931225,1.0,437.19,8,10,175,180.0,HOSHIARPUR-I
38548,Sangatpur (258),RUPNAGAR,31.2252254,76.4853745,38548,1900.9737089097096,1899.3875732421875,0.4501778832615714,0.0865026752511059,1.125831810422995,-0.47349189870065,-0.0139744441912608,845.1160135676759,21.49261000459427,1.0,200.0,107,107,107,220.0,ANANDPUR SAHIB
32021,Tabba (495),HOSHIARPUR,31.261261,76.2827,32021,1898.525648766293,1899.386962890625,0.6185709726863731,0.1256081175143404,1.7386248459771674,-0.5858506245174905,-0.0805550000241376,842.8557309319871,21.668663676124027,1.0,4.0,65,0,126,164.0,GARHSHANKAR
28980,Mehta (485),GURDASPUR,32.0253448,75.0240555,28980,1898.984259750228,1899.386962890625,0.5308326224131957,0.2121473296157472,1.1954802122203856,-0.5380888840010468,-0.1084087830313425,1087.4889254566615,22.280050852988527,1.0,80.0,40,40,90,88.0,DERA BABA NANAK
27893,Bhatoya (673),GURDASPUR,32.0360374,75.39083,27893,1899.500103528812,1899.38525390625,0.4781965501055282,0.1289303415817616,1.2125949136342484,-0.4784354868475631,-0.0565477284136023,1097.3557326009172,22.113313286249365,1.0,204.0,38,150,306,329.0,DINANAGAR
31831,Parsowal (325),HOSHIARPUR,31.477478,76.01474,31831,1899.1733637887687,1899.3846435546875,0.4025626054418504,0.0255469796124491,0.9481931173148233,-0.4406273493633484,0.0408125565154468,903.97068290018,21.992633355513988,1.0,142.0,56,79,160,162.0,MAHILPUR
38385,Ghahi Majra (497),RUPNAGAR,31.477478,76.33164,38385,1900.112842226644,1899.38232421875,0.7351119708440225,0.2232781254277976,2.3197854342918367,-0.6478661172526248,-0.1821358558745416,830.6255879809754,21.71718340171697,0.2409293292061921,158.0,65,65,90,209.0,NURPUR BEDI
38617,Doburji (26),RUPNAGAR,31.090313,76.53469,38617,1896.58646432119,1899.38037109375,0.4488252317823878,0.1192319161724029,1.4856428990481938,-0.419007815000787,-0.0648397038393077,819.4479365037113,22.333575603485624,0.4078372791290486,36.0,28,100,220,172.0,RUPNAGAR
28185,Paniar (313),GURDASPUR,32.0841866,75.41816,28185,1897.2152207358893,1899.3787841796875,0.5576025237808975,0.1777964387573215,1.581846374536243,-0.5317913863289706,-0.1081583755889508,1097.371180953446,22.11055002882512,1.0,348.0,42,0,193,448.0,DINANAGAR
28190,Keso Kalal (667),GURDASPUR,32.0180168,75.376,28190,1897.5344345784,1899.37744140625,0.5458928774611858,0.2294668449251626,1.5469942915087866,-0.4932089901371324,-0.1535437335044135,1097.3557326009172,22.113313286249365,1.0,17.0,10,20,40,29.0,DINANAGAR
28981,Singhpura (486),GURDASPUR,32.0253448,75.0240555,28981,1899.718990724451,1899.3768310546875,0.5552288881117016,0.2413294518068067,1.2964050551891722,-0.5462211544963776,-0.1376727565440245,1092.8260293453627,22.27067475926244,1.0,344.0,40,45,80,448.0,DERA BABA NANAK
38434,Singhpur (388),RUPNAGAR,31.2656021,76.3468857,38434,1901.3965755543795,1899.3681640625,0.4870492264587805,0.0921030759427556,1.1816501031454814,-0.5044677629928386,-0.0212622869061222,819.4062962781887,21.833838442016333,1.0,250.0,130,150,260,380.0,NURPUR BEDI
28283,Jagatpur Kalan (627),GURDASPUR,32.0413,75.40219,28283,1897.414834966237,1899.3680419921875,0.6307944565177207,0.2196430965078115,1.928531552333553,-0.5720651734295562,-0.1560993634565195,1135.595315973987,22.065727221775774,1.0,354.0,200,60,278,416.0,GURDASPUR
38663,Majri (353),RUPNAGAR,30.9729729,76.53469,38663,1901.7494870063983,1899.3670654296875,0.4704872521650136,0.1420322984719838,1.1618555253603984,-0.4923342278246859,-0.0549852387703005,820.01634578458,22.350216425169663,1.0,14.0,12,20,423,168.0,RUPNAGAR
31944,Jassowal (284),HOSHIARPUR,31.412796,75.98205,31944,1897.620397350283,1899.3651123046875,0.4122693581141641,0.0457822601775756,1.0642079499468118,-0.4437605772265859,0.0165142464301844,837.0815011670487,22.19709611623847,1.0,118.0,90,175,423,138.0,GARHSHANKAR
32502,Atal Majara (236),Shahid Bhagat Singh Nagar,31.1791782,76.2293854,32502,1899.590760513028,1899.3568115234375,0.4835688717373068,0.102932692377781,1.2445386613732847,-0.4952784439659091,-0.0334966275638805,842.8557309319871,21.668663676124027,1.0,127.0,90,86,178,142.0,SAROYA
31941,Padrana (275),HOSHIARPUR,31.2432442,76.09955,31941,1899.0506174884176,1899.3563232421875,0.4142779068060452,0.0710976040291937,1.019124434753052,-0.4484086012243097,0.0025030738246642,837.0815011670487,22.19709611623847,1.0,342.0,76,140,472,357.0,GARHSHANKAR
38368,Khamera (359),RUPNAGAR,31.2432442,76.47889,38368,1899.0197019512416,1899.355224609375,0.4747575638218038,0.082120195049932,1.161367434162801,-0.4969068346885719,-0.0118941104955201,838.7432314689969,21.59104286892499,1.0,420.0,150,150,175,332.0,ANANDPUR SAHIB
28203,Talabpur (652),GURDASPUR,32.04129,75.4023056,28203,1898.309959221812,1899.353759765625,0.5824259538246328,0.191762286708645,1.6138308753414663,-0.5536734074294648,-0.1207669626418668,1100.5684856229427,22.10931527531513,1.0,866.0,50,30,53,964.0,GURDASPUR
31076,Latifpur (238),HOSHIARPUR,32.0235634,75.65682,31076,1898.359210635865,1899.352783203125,0.566428512371769,0.20018508657393,1.825955353629753,-0.5250317527359765,-0.1336262986941172,1187.6022311856646,22.08084163640433,1.0,91.0,70,100,142,106.0,MUKERIAN
39097,Chandon Gobindgarh (179),S.A.S Nagar,30.7567558,76.63484,39097,1900.296583570953,1899.352783203125,0.3951514850512759,0.053483085600678,0.9110613156777856,-0.4452022311498748,0.0221143279384506,814.0134456565278,22.43804828433952,1.0,212.0,56,56,116,214.0,KHARAR
27988,Chhohan (80),GURDASPUR,31.8558559,75.2219238,27988,1897.8922643425744,1899.3497314453125,0.554044611748669,0.2406657288792916,1.5997617774103865,-0.5266482447873357,-0.1494526440625767,1153.3350472473608,22.03968168674559,1.0,119.0,32,50,120,240.0,KALANAUR
32054,Chak Gujran (161),HOSHIARPUR,31.1986122,76.1572342,32054,1898.5515039227791,1899.34814453125,0.4316703311505425,0.070347883020558,1.1048839582783785,-0.4481236234315411,-0.0033235948592607,851.4699283053773,22.057530697916604,1.0,93.0,15,25,106,101.0,GARHSHANKAR
32921,Lohar Majra Khurd (182),FATEHGARH SAHIB,30.71946,76.39791,32921,1900.24219020926,1899.346923828125,0.536502151764932,0.2211511920528868,1.460012071968272,-0.524792607204741,-0.1301656581471869,956.793064158191,22.8899654269361,1.0,158.0,88,56,208,172.0,KHAMANO
38351,Haripur (481),RUPNAGAR,31.2656689,76.3468246,38351,1897.646696014812,1899.3431396484375,0.5151150384656968,0.1061634851343801,1.6315963040030392,-0.4963980197049202,-0.0526610624404703,848.0462028278354,21.58402424004744,0.8639670449664864,200.0,75,80,102,189.0,NURPUR BEDI
39074,Kadi Majra (149),S.A.S Nagar,30.8288288,76.67133,39074,1900.7092449173056,1899.3424072265625,0.3913086681979315,0.0545676984783546,0.9620220612779466,-0.4298864770366315,0.0201028635247673,814.0134456565278,22.43804828433952,1.0,78.0,50,23,82,103.0,MAJRI
38372,Hirpur Ganura (490),RUPNAGAR,31.3873882,76.384964,38372,1900.2966146983783,1899.3387451171875,0.58011994483504,0.1388888361090265,1.6641825281537308,-0.5604475840218203,-0.0850142545510164,830.6255879809754,21.71718340171697,0.6380376032681445,55.0,38,45,88,294.0,NURPUR BEDI
31695,Bainstaniwal (155),HOSHIARPUR,31.5315323,75.80504,31695,1898.6314539944688,1899.3377685546875,0.4100357602994566,0.064885208626523,1.1463351960218289,-0.4287704375171293,-0.0016827791696298,797.1189829987687,22.433379448672497,1.0,50.2,140,140,210,144.0,HOSHIARPUR-I
27894,Maluk Mattu (670),GURDASPUR,32.0360374,75.39083,27894,1898.677994075569,1899.336181640625,0.4831460713625877,0.1476511846321561,1.2348775982995623,-0.4799878850489072,-0.0680617845441395,1097.3557326009172,22.113313286249365,1.0,66.0,10,17,87,72.0,DINANAGAR
28939,Kotha (462),GURDASPUR,32.0360374,75.0294952,28939,1898.6703500160988,1899.334716796875,0.5061094585702951,0.1888777235321784,1.3229616604083287,-0.4998120918750883,-0.0991100045165092,1115.0650176217457,22.23160584795756,1.0,109.0,65,80,165,115.0,DERA BABA NANAK
28108,Singhpur (391),GURDASPUR,32.0180168,75.3972549,28108,1901.4447480312813,1899.333984375,0.6122686023125816,0.2787523378382099,1.7288504992658509,-0.575363950298092,-0.1905478882735994,1110.9779122283358,22.020857509920177,1.0,264.0,85,100,215,292.0,DHARIWAL
31828,Chanthu Brahamana (27),HOSHIARPUR,31.477478,76.01474,31828,1898.580758594544,1899.3316650390625,0.3984632794452977,0.0407172888692521,0.9851196391801668,-0.4350492948947606,0.0275988328225771,903.97068290018,21.992633355513988,0.8130528963103183,100.0,121,120,158,117.0,MAHILPUR
39161,Manana (21),S.A.S Nagar,30.7144375,76.73592,39161,1898.3638391965883,1899.328369140625,0.4770039069311774,0.0990160743633216,1.285836420618062,-0.488141606874904,-0.0325601996297052,814.0134456565278,22.43804828433952,1.0,61.0,50,50,130,110.0,MAJRI
38535,Palasi (269),RUPNAGAR,31.2252254,76.4853745,38535,1900.1601195224976,1899.323974609375,0.4665400060343607,0.0853101438278878,1.2245831574813335,-0.4764152569632991,-0.0202200288801223,845.1160135676759,21.49261000459427,1.0,700.0,205,205,240,277.0,ANANDPUR SAHIB
28975,Gunia (476),GURDASPUR,32.0360374,75.0294952,28975,1900.77183812592,1899.3221435546875,0.6410549933738449,0.2424745406036806,1.6024982662446805,-0.6048456005308804,-0.1692774979753133,1115.0650176217457,22.23160584795756,1.0,2.0,1,1,1,174.0,DERA BABA NANAK
31976,Denowal Kalan (134),HOSHIARPUR,31.2432442,76.09955,31976,1899.631620623218,1899.3121337890625,0.4462412703196465,0.1321581636802255,1.110197056570425,-0.4672698650569601,-0.0458669067762113,824.7937652280228,22.51144758387028,1.0,186.0,45,32,271,199.0,GARHSHANKAR
38744,Brahman Majra (213),RUPNAGAR,30.9549541,76.4992447,38744,1901.912027134276,1899.3095703125,0.5100677835411978,0.1479889351069856,1.3989651738656748,-0.5034056745441842,-0.0730893701251,884.4000491311448,22.16996411897884,1.0,103.0,55,5,122,176.0,RUPNAGAR
28223,Bhun (326),GURDASPUR,32.04129,75.4023056,28223,1900.7798394187173,1899.3089599609375,0.593231496990279,0.2286953331388775,1.66852448238436,-0.5553450309263034,-0.1487576627103358,1121.07178968779,22.04559457392572,1.0,116.0,200,75,160,131.0,GURDASPUR
32030,Maira (481),HOSHIARPUR,31.5135136,75.7481461,32030,1899.9246305416584,1899.307861328125,0.5503127094451786,0.0860937174203598,1.4449211784025615,-0.5460544956323753,-0.0309460291714012,857.1694184310984,22.019247933849265,1.0,38.22,105,90,122,350.0,GARHSHANKAR
31065,Aulia (207),HOSHIARPUR,31.9459457,75.8476639,31065,1900.004703862853,1899.3045654296875,0.6434293579533438,0.2794846285101521,2.007370748022025,-0.5814543850888424,-0.203143452909662,1187.6022311856646,22.08084163640433,1.0,23.0,74,74,134,74.0,MUKERIAN
38718,Khanpur (378),RUPNAGAR,30.9729729,76.51368,38718,1897.562130327368,1899.302490234375,0.4788001866322413,0.1100067848070066,1.1898821856506967,-0.4970618704321673,-0.0322368107882933,874.6347101150592,22.19456082819724,1.0,35.0,30,30,90,143.0,RUPNAGAR
28302,Bahian (367),GURDASPUR,32.0360374,75.39083,28302,1899.613737932832,1899.2987060546875,0.5923676485231865,0.2271646365061425,1.8442466228607328,-0.5510224931489708,-0.1552537440209437,1115.9593406131166,21.98831793184121,1.0,124.0,130,130,248,145.0,GURDASPUR
31087,Mauli (433),HOSHIARPUR,31.9459457,75.6141,31087,1900.217638534734,1899.2987060546875,0.6229175174671507,0.2451108852165917,1.919374033049308,-0.5702057505450884,-0.1726504506604109,1171.2893683234302,22.069546225521155,1.0,111.0,70,70,120,213.0,MUKERIAN
38551,Sehjowal (252),RUPNAGAR,31.2432442,76.45782,38551,1898.950130778249,1899.2933349609375,0.477319189501093,0.0762505089643076,1.2269770768868806,-0.4969856335370599,-0.0118906691888942,853.9923819711106,21.75980066837434,1.0,300.0,310,310,410,184.0,ANANDPUR SAHIB
27986,Kalanaur (103),GURDASPUR,32.0180168,75.14224,27986,1897.4499882874888,1899.289794921875,0.5406844921291903,0.2204696387674081,1.5939805857318263,-0.5149081422341365,-0.1361324578236494,1138.0242016785248,22.102844723949936,0.9679184753823348,600.0,200,0,530,2694.0,KALANAUR
28306,Mahan Dev Kalan (371),GURDASPUR,32.1261253,75.33752,28306,1899.4315361831443,1899.28759765625,0.6121988412675846,0.2594921164627203,1.7663986870616049,-0.5581448868863522,-0.182654870935208,1115.9593406131166,21.98831793184121,1.0,90.0,72,70,114,117.0,DHARIWAL
38576,Barahmpur (348),RUPNAGAR,31.2432442,76.47889,38576,1901.361524736528,1899.2855224609375,0.571517148476176,0.1207017952353762,1.6503212673479108,-0.5454780854824242,-0.0721920681917323,845.6674420725458,21.49173188863604,0.7345548376080212,330.0,25,35,675,642.0,ANANDPUR SAHIB
28941,Kahlanwali(447),GURDASPUR,32.0360374,75.0294952,28941,1897.1760979603448,1899.2833251953125,0.5153010123595174,0.1803770808860433,1.421783466465374,-0.5014307456157135,-0.0999783451649166,1115.320424574137,22.23077343404972,1.0,168.0,100,100,235,183.0,DERA BABA NANAK
31464,Sarain (378),HOSHIARPUR,31.6576576,75.78074,31464,1894.5840473565715,1899.277587890625,0.4569402466619737,0.0726516122315227,1.2350171100234393,-0.4645997194917606,-0.0134308980066679,935.5591627766984,22.469599437629142,0.980797561556002,1.89,35,73,195,96.0,BHUNGA
32041,Maujipur (250),HOSHIARPUR,31.1986752,76.15731,32041,1898.5582040845024,1899.27099609375,0.4808879461848865,0.1005983023571807,1.3292222247886822,-0.4907163320240569,-0.0353130665262754,851.4699283053773,22.057530697916604,1.0,71.0,59,59,62,81.0,GARHSHANKAR
31647,Dhadda Fateh Singh (147),HOSHIARPUR,31.5855846,75.89128,31647,1898.3953829266293,1899.26904296875,0.4145821273645131,0.0530696825573914,1.1309135995272108,-0.4322729951692435,0.0057869480845798,846.6854783704179,22.501385909822545,1.0,86.4736,10,0,263,243.0,HOSHIARPUR-I
32449,Akliana (224),Shahid Bhagat Singh Nagar,31.0630627,76.29157,32449,1900.837490422144,1899.2659912109375,0.5210252596178042,0.0941370317254874,1.3669307001331072,-0.5287804898573749,-0.0328050567275551,828.9379867722886,22.1998544780825,1.0,179.0,23,100,169,179.0,BALACHAUR
38795,Beli Kalan (99),RUPNAGAR,31.7477474,75.76962,38795,1899.0095446985829,1899.2646484375,0.4983602131467176,0.1661518290382984,1.373843317243688,-0.4949633416386074,-0.0815156245112382,844.7756114413636,22.646918597549643,0.8432689239306392,28.0,0,0,2,40.0,CHAMKAUR SAHIB
38382,Barian (380),RUPNAGAR,31.1723614,76.4744,38382,1903.2090003388528,1899.2620849609375,0.4601876503064432,0.0564633111212847,1.1477618232384166,-0.4845410436959145,0.0047654244889611,830.6255879809754,21.71718340171697,1.0,200.0,80,0,143,144.0,NURPUR BEDI
28254,Mahan Dev Khurd (351),GURDASPUR,32.0360374,75.41209,28254,1899.2967377322063,1899.2591552734375,0.5880640888473985,0.2419540331916771,1.66623298187039,-0.5543570991775207,-0.157836693749618,1115.9593406131166,21.98831793184121,1.0,26.31,198,56,113,74.0,GURDASPUR
31832,Ghukkerwal( 325),HOSHIARPUR,31.477478,76.0358658,31832,1899.437245851264,1899.2579345703125,0.4051232346620043,0.0326696715706218,0.9998190156947508,-0.4400671752612083,0.0333857232192003,922.7243666601764,21.990047776943275,1.0,125.0,47,28,75,161.0,MAHILPUR
28261,Babehali (364),GURDASPUR,32.0360374,75.41209,28261,1899.7555082464423,1899.2569580078125,0.5953645027598881,0.2437308767502354,1.732394419752273,-0.5509326972134915,-0.165958574038553,1115.9593406131166,21.98831793184121,1.0,231.17,1147,417,1013,677.0,GURDASPUR
28114,Jaura Chhittran (221),GURDASPUR,32.0416,75.2937241,28114,1899.593915349172,1899.2550048828125,0.5589443893703998,0.2213505384115001,1.6093443381563934,-0.5266823349404145,-0.138759553535558,1110.9779122283358,22.020857509920177,1.0,310.0,345,350,431,313.0,GURDASPUR
28286,Meghian (631),GURDASPUR,32.04129,75.4023056,28286,1897.6548599050143,1899.2496337890625,0.6644678418118656,0.2662868583907323,2.1152675176652145,-0.5915088762170918,-0.1992852821739002,1135.595315973987,22.065727221775774,1.0,90.0,205,75,143,96.0,GURDASPUR
38692,Salaura (176),RUPNAGAR,30.9549541,76.52025,38692,1901.4456795504504,1899.245849609375,0.5593107584629352,0.1579213962340373,1.6469208923814749,-0.5325760336892073,-0.0927554052667513,903.4168812444108,22.62808539330217,1.0,5.0,15,5,80,105.0,RUPNAGAR
27962,Dostpur (76),GURDASPUR,31.8558559,75.13707,27962,1898.205108132495,1899.2454833984375,0.5644097610564054,0.2387510829428871,1.631867195176594,-0.531447850647791,-0.1517073218304279,1160.8555111100573,22.030522602049302,1.0,502.0,200,175,366,569.0,KALANAUR
27724,Muradpur (53),PATHANKOT,32.25225,75.52721,27724,1895.0611346439305,1899.2449951171875,0.4930691912526087,0.1239160068504071,1.3458317015324714,-0.4810240238157595,-0.0535962299801957,1075.4182877948183,22.03002051327053,1.0,9.0,0,7,9,89.0,NAROT JAIMAL SINGH
32017,Kalewal (491),HOSHIARPUR,31.5135136,75.7481461,32017,1898.8874127915867,1899.244384765625,0.688716544472902,0.201775370509293,2.0257560364666736,-0.6334975873283866,-0.1546078815713746,853.8491219123995,21.75862829700146,0.8869738627018768,119.0,60,35,175,356.0,GARHSHANKAR
28300,Bhainsa Becharag (615),GURDASPUR,32.0360374,75.39083,28300,1900.6990184907904,1899.2425537109375,0.6163393667088254,0.2153370302316376,1.9537624844044608,-0.5609771506856808,-0.1501455323466603,1135.595315973987,22.065727221775774,1.0,44.0,5,2,25,117.0,GURDASPUR
27888,Pachowal (678),GURDASPUR,32.1261253,75.46517,27888,1897.4478896841056,1899.24169921875,0.5854856797479042,0.2156195749792585,1.5994908143421998,-0.556772864376712,-0.1382948809728254,1105.766962135125,22.153748003215703,1.0,95.0,25,55,250,115.0,DINANAGAR
31997,Parowal (266),HOSHIARPUR,31.412899,75.98212,31997,1899.3777351664808,1899.240966796875,0.4997858798892575,0.1549161471082181,1.3268028257176994,-0.5038922889676656,-0.076472513635251,824.7937652280228,22.51144758387028,0.985148302789166,132.0,175,175,255,158.0,GARHSHANKAR
28265,Gazikot (644),GURDASPUR,32.0360374,75.39083,28265,1899.876997290671,1899.238525390625,0.5794101276016687,0.189936558285909,1.6975789619199235,-0.5418143508640478,-0.1233398282993835,1135.595315973987,22.065727221775774,1.0,523.0,55,120,400,604.0,GURDASPUR
31822,Kammowal (21),HOSHIARPUR,31.45946,75.97899,31822,1900.764743936758,1899.23828125,0.4146904667859824,0.0386422661849104,1.0136474616853064,-0.4582384555622719,0.0283909233607621,903.97068290018,21.992633355513988,1.0,78.0,27,31,74,87.0,MAHILPUR
38714,Sarari (359),RUPNAGAR,30.9729729,76.51368,38714,1899.0299984443952,1899.2371826171875,0.5343937117469505,0.1690619404943388,1.3677736428049183,-0.5325075185193222,-0.0867790093795733,884.399726628767,22.16996493128932,1.0,42.0,8,10,19,103.0,RUPNAGAR
31457,Bhekhowal (391),HOSHIARPUR,31.5943184,75.87488,31457,1894.0550737657643,1899.2349853515625,0.3792809264061218,0.0117196541309427,0.9273141955101478,-0.4166203893564524,0.044765016492222,935.5591627766984,22.469599437629142,1.0,107.48,6,20,70,298.0,HOSHIARPUR-I
32011,Mehandwani (478),HOSHIARPUR,31.261261,76.21947,32011,1899.164675916726,1899.2322998046875,0.6207277536414514,0.1393578367094843,1.7225263435347633,-0.5869765960691161,-0.0912111986784895,862.5153544356721,21.983339948702906,1.0,141.0,270,0,350,854.0,GARHSHANKAR
32023,Nainwan (490),HOSHIARPUR,31.5135136,75.7481461,32023,1899.3253451601213,1899.2314453125,0.5710497022481632,0.1015595291134355,1.6098811957945722,-0.5597470618501611,-0.0488009232508693,844.2659508981443,21.68020423761511,1.0,220.22,256,225,379,588.0,GARHSHANKAR
27805,Jogar (36),GURDASPUR,32.10811,75.32265,27805,1895.197094482104,1899.2310791015625,0.5853747262057454,0.2216873395314547,1.717950300092698,-0.5431126553646105,-0.1470816955625771,1080.4661336874333,22.02015352467458,1.0,173.0,139,123,196,202.0,DORANGLA
32574,Bhanguan (186),FATEHGARH SAHIB,30.64865,76.33959,32574,1899.7575782390209,1899.230224609375,0.4932325228237982,0.2209490669804076,1.1939111606169266,-0.5145819150971194,-0.1097636831564555,946.2463649918932,22.919862199345346,1.0,142.0,80,80,111,155.0,BASSI PATHANA
32494,Makhupur (228),Shahid Bhagat Singh Nagar,31.1711712,76.23111,32494,1900.4466871383383,1899.2281494140625,0.5044916637476644,0.0628651207318936,1.314214302621311,-0.5191444480837738,-0.0065872164153688,841.624460788338,21.71565687901205,0.9133223977128933,122.0,168,67,125,144.0,SAROYA
31820,Naunitpur (16),HOSHIARPUR,31.477478,76.01474,31820,1901.8784864873635,1899.2269287109375,0.5098790566486366,0.1298905033142798,1.398741753312988,-0.505863765699822,-0.0615009817740175,903.97068290018,21.992633355513988,1.0,101.0,38,28,151,117.0,MAHILPUR
38347,Dasgran (357),RUPNAGAR,31.2419033,76.4877853,38347,1898.7347837486927,1899.226806640625,0.4780412557225975,0.1016888781802151,1.283585681921275,-0.4864838236128221,-0.0334357316849547,845.1160135676759,21.49261000459427,1.0,350.0,120,150,250,227.0,ANANDPUR SAHIB
38983,Ghandauli (169),S.A.S Nagar,31.0990982,76.55196,38983,1899.258641093084,1899.2222900390625,0.4004841533326721,0.0333621547208107,0.9940618071096576,-0.4334947301735212,0.0303875760300369,814.0134456565278,22.43804828433952,0.8568972297052903,1.0,0,0,185,109.0,MAJRI
31632,Chak Raju singh(178),HOSHIARPUR,31.5315323,75.80504,31632,1898.163757477756,1899.2222900390625,0.469698754645969,0.1047504964662847,1.3469278652336625,-0.4650768141041754,-0.0399711732779471,788.4978595187562,22.42155105340902,1.0,392.73,100,100,260,181.0,HOSHIARPUR-I
31082,Amirpur (438),HOSHIARPUR,31.9459457,75.8476639,31082,1901.339316097916,1899.220947265625,0.5495076302220467,0.1899336260772124,1.5970744647753097,-0.5155574973560241,-0.1184768938230337,1181.418345588295,22.076559768207574,0.9409472809869808,113.0,65,95,125,143.0,MUKERIAN
28043,Kot Santokh Rai (401),GURDASPUR,32.1261253,75.33752,28043,1902.352895634546,1899.2183837890625,0.5549050524903025,0.2352251549778697,1.572731703603065,-0.5268006760579673,-0.1467859271510581,1110.9779122283358,22.020857509920177,1.0,339.0,505,50,1112,379.0,DHARIWAL
39070,Jhande Majra (144),S.A.S Nagar,30.81081,76.59401,39070,1898.7091768941848,1899.2158203125,0.3796934883879118,0.028915322222787,0.9028550748349152,-0.4378648508024677,0.0430290660827063,819.9032232839296,22.20330924452392,0.5684693668562515,72.0,82,82,133,94.0,MAJRI
30829,Khokhar Dawa Khri (79),HOSHIARPUR,31.81982,75.6590652,30829,1900.0454279789064,1899.215087890625,0.4887553416574565,0.1079232090693502,1.4698905117005232,-0.4855408400110158,-0.0469858740161687,1112.056669264735,22.16772088039693,1.0,129.0,40,35,176,150.0,DASUYA
32026,Ratanpur (487),HOSHIARPUR,31.2432442,76.12062,32026,1900.695259130472,1899.2149658203125,0.6127575545562982,0.1312216050370201,1.6719684899133584,-0.5779457290397152,-0.0772109317805716,847.8021482600859,21.70989199598531,1.0,40.48,66,40,70,167.0,GARHSHANKAR
28898,Khawaja Vardag (422),GURDASPUR,32.0180168,75.03599,28898,1904.7220182275023,1899.21337890625,0.6011450671625033,0.2520538006643814,1.6816829090872407,-0.5616179489594879,-0.1693269600707861,1136.3471540620226,22.16224381140933,1.0,2.47,150,80,243,312.0,DERA BABA NANAK
38719,Kudaspur (377),RUPNAGAR,30.9729729,76.51368,38719,1896.63131477562,1899.2119140625,0.5190861471867698,0.1539664170958447,1.2927069157236013,-0.5290924889902429,-0.0715048523943935,878.7253456683897,22.1842574303264,1.0,3.0,5,5,20,104.0,RUPNAGAR
31864,Malwandi (304),HOSHIARPUR,31.4070168,76.03586,31864,1898.636026680156,1899.2105712890625,0.4612740387760128,0.0900594046694908,1.2879718973907557,-0.4780497526917255,-0.0244402551662125,945.6459815514322,21.866179984099187,0.9534413948970334,31.0,2,3,16,34.0,MAHILPUR
38661,Akabarpur (356),RUPNAGAR,30.9729729,76.53469,38661,1900.104022690704,1899.2100830078125,0.4638662161129118,0.1317625414520389,1.135404091538975,-0.4896938214551184,-0.0454231003455239,820.1295644820027,22.33184712372599,1.0,18.0,10,100,245,119.0,RUPNAGAR
38484,Takhatgarh (416),RUPNAGAR,31.1531525,76.55348,38484,1895.824635185676,1899.199951171875,0.450093885170696,0.0615711493628154,1.0899488644208866,-0.4814006111758686,0.0054717623312479,802.2466841151612,22.41984541838633,1.0,243.0,25,25,575,301.0,NURPUR BEDI
28002,Dalelpur (111),GURDASPUR,31.8738747,75.215416,28002,1901.5435165381944,1899.1964111328125,0.5299353328830302,0.1864196461564504,1.530309090207038,-0.5086666243075051,-0.1082406353277248,1136.3471540620226,22.16224381140933,1.0,2.0,0,0,1,85.0,DINANAGAR
27792,Chak Ram Sahai (7),GURDASPUR,32.0,75.40368,27792,1897.5784311875163,1899.192626953125,0.429111554419092,0.1297818175708623,1.0655636041044434,-0.4231173104220341,-0.0559486572896867,1075.4182877948183,22.03002051327053,0.7439888247411649,95.0,0,0,5,218.0,DINANAGAR
30875,Pandori Malhian (53),HOSHIARPUR,31.6576576,75.78074,30875,1897.8489817852144,1899.19189453125,0.489875541747015,0.1237716240434567,1.406611437476602,-0.4887873844807062,-0.0567821964357286,959.276372473468,22.438470679153,1.0,175.0,49,43,102,217.0,BHUNGA
28247,Bandianwala (347),GURDASPUR,32.0360374,75.41209,28247,1900.292484288126,1899.191162109375,0.6110623199873135,0.2815109826017209,1.7810444598862978,-0.5650337200126342,-0.1956952492284256,1111.8846181224103,22.01493474541253,1.0,232.0,25,14,201,257.0,GURDASPUR
38554,Hazipur (250),RUPNAGAR,31.2432442,76.45782,38554,1900.0563895709536,1899.190673828125,0.4223280210559521,0.0240237757354399,0.9778582403805912,-0.4694525150975953,0.0401355347471259,853.9923819711106,21.75980066837434,1.0,99.0,100,100,132,83.0,ANANDPUR SAHIB
28153,Parson Ka Pind (214),GURDASPUR,32.04067,75.3634,28153,1899.046707921524,1899.1881103515625,0.5978884717762987,0.262362719726688,1.7939737588729576,-0.5537720002807222,-0.1801214683091347,1110.9779122283358,22.020857509920177,1.0,69.0,55,30,71,76.0,GURDASPUR
38556,Maujowal (260),RUPNAGAR,31.2432442,76.47889,38556,1897.1964284654505,1899.1829833984375,0.4350030618511732,0.0793356238586478,1.102222564608233,-0.4229164140983931,-0.0297346061635369,898.970140157563,21.4068506222296,0.8271871710057569,120.0,190,190,235,143.0,ANANDPUR SAHIB
32591,Rasulpur (101),FATEHGARH SAHIB,30.666666,76.4166641,32591,1899.4198361342128,1899.1822509765625,0.5040340175323742,0.2295041543073259,1.2166450139385978,-0.5228713262252088,-0.1180067707732081,936.571517865886,22.854862821640893,1.0,198.0,60,60,100,215.0,BASSI PATHANA
28156,Kotli Mohian (212),GURDASPUR,32.0420723,75.29434,28156,1899.248800600532,1899.1800537109375,0.6132265077387297,0.2761375015919305,1.78231270318755,-0.5704558952421477,-0.1899646255750451,1110.9779122283358,22.020857509920177,1.0,16.19,115,70,98,44.0,GURDASPUR
38540,Mehandpur (478),RUPNAGAR,31.2655411,76.346756,38540,1899.836613867329,1899.1796875,0.5332208801946381,0.0937754591259007,1.421485670568021,-0.5279313527154292,-0.0373282976911945,853.9923819711106,21.75980066837434,1.0,300.0,150,150,230,640.0,NURPUR BEDI
28183,Chulla (320),GURDASPUR,32.0360374,75.39083,28183,1896.9912198881675,1899.1785888671875,0.5635725177110572,0.2147855832548744,1.5746075470486836,-0.5417920662774787,-0.1342807338597124,1098.0391285675653,21.991073779862568,1.0,114.0,130,100,220,131.0,GURDASPUR
38681,Rautan (56),RUPNAGAR,31.1711712,76.5259247,38681,1900.52220340992,1899.1783447265625,0.4898181855890305,0.1054247382339539,1.266486204048764,-0.5074525214704688,-0.033731738423634,894.9805990007446,22.635374652803304,1.0,45.0,1,30,42,78.0,RUPNAGAR
31718,Dhah Urf Ram Nagar (203),HOSHIARPUR,31.5315323,75.889595,31718,1900.17874762856,1899.169677734375,0.4932051573503274,0.1073108378457767,1.469461773482272,-0.47860430877477,-0.0518965337720788,788.4978595187562,22.42155105340902,1.0,500.0,20,50,126,184.0,HOSHIARPUR-I
28930,Sadhanwali (441),GURDASPUR,32.0180168,75.03599,28930,1897.3992760682,1899.1680908203125,0.5773345075633152,0.2554436444988343,1.7457195204593488,-0.5440135344297309,-0.1697124627951143,1127.512485535913,22.19841936465242,1.0,97.0,18,30,68,120.0,DERA BABA NANAK
28253,Sohal (372),GURDASPUR,32.1261253,75.33752,28253,1899.1645722223336,1899.161865234375,0.5845478079279207,0.2460375618020188,1.6945961611886984,-0.5410755211694568,-0.1662478046819083,1115.3723240604918,21.99215242859144,1.0,500.0,502,500,1428,680.0,DHARIWAL
32517,Hyatpur (245),Shahid Bhagat Singh Nagar,31.2072067,76.26014,32517,1899.3654557903888,1899.157958984375,0.4378243022651031,0.0594834140167644,1.1351288995005753,-0.4599356164395024,0.0031473982123845,846.0725476344352,21.81387905446981,0.9622586250813092,133.0,190,51,172,154.0,SAROYA
32427,Balewal (406),Shahid Bhagat Singh Nagar,31.0630627,76.31261,32427,1899.8622094953405,1899.156982421875,0.5399895198110799,0.0926646595323016,1.4657122816234662,-0.5302988751087704,-0.0375266855741752,823.014841940617,22.34991659356528,1.0,76.0,40,40,101,154.0,BALACHAUR
28929,Haruwal (439),GURDASPUR,32.0360374,75.0294952,28929,1896.851588742686,1899.1552734375,0.5594788338190528,0.236359986724796,1.5015888579230503,-0.5384116490013539,-0.1456960439720408,1143.679368581704,22.15814563112668,1.0,247.0,110,110,280,327.0,DERA BABA NANAK
38547,Gohlani (263),RUPNAGAR,31.2432442,76.47889,38547,1899.8744368470643,1899.154052734375,0.551142943607291,0.1419601462222065,1.5076959188807968,-0.5310060772356582,-0.0807582444194874,845.1160135676759,21.49261000459427,1.0,100.0,30,20,50,156.0,ANANDPUR SAHIB
27963,Fatehpur (75),GURDASPUR,32.0180168,75.14224,27963,1898.749353076009,1899.1531982421875,0.6110754670943844,0.2540128325208131,1.879013805635643,-0.5567429614016203,-0.1783289082315706,1160.8555111100573,22.030522602049302,1.0,2.0,0,0,1,67.0,KAHNUWAN
31466,Adamwal (370),HOSHIARPUR,31.5855846,75.89128,31466,1895.253404777273,1899.1507568359375,0.4727099555238227,0.0694329223878245,1.2426423061036005,-0.4916839218980112,-0.0090618343980626,995.3788578123168,22.28275612601242,0.6178055208151549,10.0,6,0,120,306.0,HOSHIARPUR-I
28189,Ali Chak (669),GURDASPUR,32.1261253,75.48645,28189,1897.9689729269387,1899.1474609375,0.476884451399453,0.1475637511214609,1.2739102365398198,-0.4737766427014133,-0.069483322043763,1097.3557326009172,22.113313286249365,1.0,3.0,100,100,200,79.0,DINANAGAR
27858,Mugrala (292),GURDASPUR,32.0,75.40368,27858,1897.5131484856188,1899.145751953125,0.5630241079688468,0.2038507561109359,1.6014944811557374,-0.5321935063339679,-0.1282552144217481,1097.3557326009172,22.113313286249365,1.0,248.0,50,30,110,302.0,DINANAGAR
30701,Babak (10),HOSHIARPUR,31.6936932,75.61957,30701,1901.9918601896647,1899.145263671875,0.4806644374309803,0.117161624082144,1.4201142387381078,-0.4757549435343924,-0.0527046343608286,809.747228305568,22.345829776931225,1.0,0.1,64,64,243,147.0,TANDA
28307,Babri Nangal (377),GURDASPUR,32.0416679,75.2935,28307,1899.0914330604471,1899.1353759765625,0.6136494376089822,0.2539798880037811,1.8508765261795368,-0.5648868331071153,-0.1767865132481032,1115.9697108283206,21.988358538080583,1.0,80.9,315,310,620,485.0,GURDASPUR
31642,Pandori Mindomind (173),HOSHIARPUR,31.5315323,75.889595,31642,1898.2644423168565,1899.1317138671875,0.3563053548877193,0.0289507694858134,0.9210892596102932,-0.3909114344265212,0.0350921396223903,846.4111736566697,22.50100955695168,1.0,222.3,8,10,40,108.0,HOSHIARPUR-I
27979,Agwan (88),GURDASPUR,0.0,0.0,27979,1894.8207571032567,1899.1307373046875,0.5726867417130957,0.2572099755633069,1.71558663730405,-0.5331208077345262,-0.17177064069958,1144.317187142296,22.11118441000841,1.0,124.0,50,110,160,151.0,KALANAUR
31137,Khichian (261),HOSHIARPUR,31.9459457,75.6141,31137,1898.9198484114304,1899.1307373046875,0.4890448320163458,0.1159891452855642,1.4388280708535055,-0.4764545755201584,-0.0559062448492846,1172.5458895879756,22.23005605546656,0.5065894368069446,226.0,50,40,420,265.0,MUKERIAN
28370,Bhaini Milwan (623),GURDASPUR,32.0812149,75.46473,28370,1898.0796254799657,1899.129150390625,0.5972227179321994,0.2042101322844126,1.8257365266506944,-0.5473635531622326,-0.1378376586400174,1135.595315973987,22.065727221775774,1.0,4.0,2,2,2,385.0,KAHNUWAN
31735,Rajwan (288),HOSHIARPUR,31.36937,75.82165,31735,1901.7828519869088,1899.129150390625,0.3547431000316429,-0.0161189216650894,0.8862483704104395,-0.3982405441396806,0.0703839415206744,828.8790526797669,22.39218518476929,1.0,35.0,2,2,10,110.0,HOSHIARPUR-II
32015,Mansowal (484),HOSHIARPUR,0.0,0.0,32015,1899.550963107248,1899.1270751953125,0.6158870371825268,0.1429263063709443,1.7529756705551491,-0.586952571671785,-0.0918823273987181,853.9923819711106,21.75980066837434,1.0,120.0,230,0,320,791.0,GARHSHANKAR
28305,Talwandi (370),GURDASPUR,32.0360374,75.41209,28305,1899.522692032084,1899.12646484375,0.610415739409092,0.259916665510377,1.9149162902283527,-0.5568539932258304,-0.1846143324475335,1115.9593406131166,21.98831793184121,1.0,2.47,0,0,1,354.0,DORANGLA
31874,Buro Bari (37),HOSHIARPUR,31.477478,76.0358658,31874,1899.795164081631,1899.1231689453125,0.4667128272629459,0.1097171103604336,1.212725839753109,-0.4884102477550702,-0.0352658577933565,903.97068290018,21.992633355513988,0.7139938237288728,55.0,27,8,34,76.0,MAHILPUR
32428,Nighi (404),Shahid Bhagat Singh Nagar,31.1171169,76.35603,32428,1899.4672871024568,1899.1212158203125,0.5614810496475442,0.116473238000309,1.6022757157209857,-0.5390835230640191,-0.0608941375894534,815.3098317792313,22.24475471229374,0.6036810934751835,550.0,11,11,122,556.0,BALACHAUR
31989,Bagwain (145),HOSHIARPUR,31.2252254,76.12718,31989,1899.71906884672,1899.1199951171875,0.4194319307189483,0.0610378277099831,1.0850532787842222,-0.442760331216477,0.004511255353492,851.4699283053773,22.057530697916604,1.0,80.0,41,43,222,100.0,GARHSHANKAR
31090,Tanda Ram Sahai (246),HOSHIARPUR,31.9459457,75.8476639,31090,1899.3018792824269,1899.1192626953125,0.5960886557290213,0.228761892610326,1.8140267671785808,-0.5545262934245591,-0.1560327668155351,1187.6022311856646,22.08084163640433,1.0,307.0,20,60,597,353.0,MUKERIAN
30827,Jakowal (76),HOSHIARPUR,31.81982,75.68027,30827,1899.8050260769207,1899.116943359375,0.5139315352324874,0.1382940880225514,1.5173821687808795,-0.5052917673922499,-0.0733338125549103,1067.7499468183212,22.246239095362256,1.0,56.0,20,20,89,62.0,DASUYA
27978,Naharpur (89),GURDASPUR,31.8378372,75.14361,27978,1893.8163041036323,1899.113037109375,0.5729917363155917,0.2473459932919558,1.6576642586125854,-0.5392708076448491,-0.1588248182474814,1136.3471540620226,22.16224381140933,1.0,89.0,41,40,102,97.0,KALANAUR
28037,Boparai (220),GURDASPUR,32.0416,75.2937241,28037,1900.6848692646,1899.1053466796875,0.5706804000799323,0.2260877104295628,1.596488356872134,-0.540026287265553,-0.1413725773514982,1110.9779122283358,22.020857509920177,1.0,110.0,80,70,79,60.0,GURDASPUR
38435,Hiyatpur (501),RUPNAGAR,31.477478,76.33164,38435,1900.1210247159688,1899.104736328125,0.6802305806466665,0.205594811840281,2.0375449222920032,-0.6197208811493825,-0.1571354642176086,826.5140115702936,21.85881204394391,0.3888531150128826,152.0,175,175,275,592.0,NURPUR BEDI
38835,Dhaulran (288),RUPNAGAR,30.81081,76.51009,38835,1899.5159380554007,1899.10400390625,0.5163557463689847,0.1777980434511033,1.4272219445452463,-0.5111706863914802,-0.0961692061274644,916.721189301242,22.821435243015912,1.0,222.0,17,25,90,222.0,CHAMKAUR SAHIB
31960,Salempur (272),HOSHIARPUR,31.2432442,76.09955,31960,1899.1229326918883,1899.1021728515625,0.4423571926605902,0.0687373525056664,1.0899080795077771,-0.4698342242782053,0.0002224963032034,837.0815011670487,22.19709611623847,0.9838735486553906,130.0,175,170,270,162.0,GARHSHANKAR
38432,Sukhe Majra (498),RUPNAGAR,31.45946,76.3169556,38432,1903.407178195428,1899.0994873046875,0.5324861965735569,0.0873973261790809,1.3626203808861006,-0.533013807559021,-0.0290544959018755,830.6255879809754,21.71718340171697,1.0,104.0,85,90,153,143.0,NURPUR BEDI
38541,Bhangal (477),RUPNAGAR,31.2656212,76.34681,38541,1899.8562152109632,1899.0989990234375,0.524891743994806,0.1003868958653318,1.38175394681083,-0.5219654431014429,-0.0412298033983984,853.9923819711106,21.75980066837434,1.0,250.0,150,200,255,353.0,NURPUR BEDI
28371,Bhaini Millwan (703),GURDASPUR,32.0180168,75.4185,28371,1898.033679452855,1899.0941162109375,0.6590887614543447,0.2246765822618965,2.071373899017923,-0.586873404092156,-0.1662805417759555,1135.595315973987,22.065727221775774,1.0,356.0,230,360,468,28.0,KAHNUWAN
32022,Harban (496),HOSHIARPUR,31.261261,76.2827,32022,1898.729316366193,1899.0936279296875,0.6233712763338253,0.1344538594942218,1.8528917620813448,-0.5916525819944242,-0.0877533007212229,842.8557309319871,21.668663676124027,1.0,32.0,225,0,245,423.0,GARHSHANKAR
30704,Chahal (30),HOSHIARPUR,31.6140518,75.65573,30704,1900.95071507162,1899.0885009765625,0.4693890374525478,0.1110422411826083,1.3877288734848785,-0.4663750855919132,-0.0465695401091251,809.747228305568,22.345829776931225,1.0,0.1,14,14,32,36.0,TANDA
32028,Gaddiwal (483),HOSHIARPUR,31.27928,76.2551041,32028,1900.432740099728,1899.0859375,0.4419563405366089,0.0269611273292244,1.0463264500097882,-0.4847172235261592,0.0342161247254696,853.9923819711106,21.75980066837434,1.0,101.0,133,100,179,167.0,GARHSHANKAR
27952,Kamalpur Jattan (73),GURDASPUR,31.8558559,75.2219238,27952,1901.7727166238385,1899.0836181640625,0.4923900219262979,0.1487143182829869,1.399135171943284,-0.4832705404496581,-0.0752584623412339,1160.8555111100573,22.030522602049302,0.6651568276586679,322.0,13,30,48,344.0,KALANAUR
27785,Bharial (10),GURDASPUR,32.0837936,75.41797,27785,1899.9432166318609,1899.0804443359375,0.6166508539082566,0.2588535762599024,1.6746055438880454,-0.5719566490044103,-0.1731226528159728,1110.4655656030077,22.012461494917147,1.0,137.0,20,20,60,160.0,DINANAGAR
32050,Chak Singha (156),HOSHIARPUR,31.22917,76.13235,32050,1899.7854253913893,1899.076904296875,0.4560475018194209,0.1050150130209199,1.1880526402242124,-0.4655425237337986,-0.0339418070790814,851.4699283053773,22.057530697916604,1.0,176.0,59,79,340,198.0,GARHSHANKAR
27788,Mami Chak Ranga (12),GURDASPUR,32.09009,75.4353943,27788,1899.1054275759984,1899.0755615234375,0.4750309683942675,0.1671636208729316,1.2256128280841008,-0.4717110530586706,-0.0812468998318161,1110.4655656030077,22.012461494917147,0.9098451164970176,221.0,12,0,50,283.0,DINANAGAR
31085,Papin (244),HOSHIARPUR,31.9459457,75.6141,31085,1900.2805952130168,1899.0748291015625,0.6197981746867222,0.2383732624620618,1.8254151762413016,-0.5671943765132422,-0.1643970346822639,1187.6022311856646,22.08084163640433,1.0,19.0,50,50,74,46.0,MUKERIAN
32431,Kolar (402),Shahid Bhagat Singh Nagar,31.1171169,76.35603,32431,1900.3863668404504,1899.069091796875,0.5764655732933545,0.1343516226614866,1.6382784162597468,-0.545860512129766,-0.0776067339152525,815.3098317792313,22.24475471229374,0.4000009960570961,626.0,98,110,190,716.0,BALACHAUR
28116,Alisher (218),GURDASPUR,32.0416,75.2937241,28116,1899.825439908884,1899.0679931640625,0.582854402742881,0.2373443846631403,1.7468091434739517,-0.5425495685209699,-0.1593398042254809,1110.9779122283358,22.020857509920177,1.0,115.0,100,70,122,125.0,GURDASPUR
39004,Fatehpur (321),S.A.S Nagar,30.8288288,76.67133,39004,1898.7213241719933,1899.06787109375,0.4652840272855637,0.1098312882680387,1.137071983673534,-0.4935434634087725,-0.0276670577028771,834.5063853323877,22.057141368597,1.0,201.0,20,30,398,224.0,MAJRI
28201,Pakhowal (648),GURDASPUR,32.0410576,75.2943344,28201,1896.1764140480543,1899.0662841796875,0.60108662850591,0.2321881689090803,1.7578721402470272,-0.5524432059150269,-0.1567324972126561,1110.9283523477422,22.09642326022432,1.0,216.0,425,150,221,247.0,GURDASPUR
28157,Sidhwan (211),GURDASPUR,32.0424767,75.2937241,28157,1898.8427993753985,1899.06103515625,0.6013452634944434,0.2616687105479903,1.8607365635757207,-0.5544479325708168,-0.1828673762324612,1116.0486197788928,22.00089083097769,1.0,37.2,345,104,191,102.0,GURDASPUR
28003,Rasulpur (112),GURDASPUR,0.0,0.0,28003,1901.695948303764,1899.0596923828125,0.5313381796918873,0.2014115440792227,1.5731664217865688,-0.5073298291193423,-0.1225315664688344,1136.3471540620226,22.16224381140933,1.0,73.0,45,41,82,82.0,KALANAUR
38660,Alibak (357),RUPNAGAR,30.9909916,76.54914,38660,1899.374412831634,1899.0582275390625,0.4625690047832655,0.1147807132654397,1.117471460630699,-0.495057380719059,-0.0294291252483856,819.4475713183778,22.333564912274483,1.0,30.0,15,5,42,48.0,RUPNAGAR
27958,Chaura (66),GURDASPUR,31.8558559,75.13707,27958,1899.1734173015657,1899.056884765625,0.570040155370162,0.2484395358229502,1.634763856870697,-0.535904618257752,-0.158178513730888,1156.5998838311605,22.019524977448764,1.0,210.0,36,35,75,333.0,KALANAUR
38715,Bhaddal (360),RUPNAGAR,30.9729729,76.51368,38715,1899.185584307552,1899.056396484375,0.4537075474236026,0.1015103969898344,1.1238757419789631,-0.4831220154395538,-0.0224728075632274,884.4000491311448,22.16996411897884,1.0,55.0,20,5,140,160.0,RUPNAGAR
30864,Ambala (Jattan) (32),HOSHIARPUR,31.6756763,75.77427,30864,1898.42875810075,1899.05517578125,0.5160515644383156,0.1424399533480391,1.573444347391714,-0.4978323000453425,-0.0790273255978195,959.276372473468,22.438470679153,1.0,2.47,201,104,332,248.0,BHUNGA
32402,Bir Sobhuwal (206),Shahid Bhagat Singh Nagar,31.0630627,76.31261,32402,1900.4135633696665,1899.0538330078125,0.48942640879284,0.071478798135851,1.316341098298908,-0.4916714075786151,-0.0144705562775495,844.7756114413636,22.646918597549643,1.0,68.0,4,4,16,92.0,BALACHAUR
31961,Badesron (270),HOSHIARPUR,31.2432442,76.09955,31961,1899.511491345796,1899.0535888671875,0.4390915443415973,0.0972312153436986,1.1030119504861104,-0.4611693169090528,-0.0208229345422537,832.8450517730859,22.305475242480146,1.0,247.0,41,38,427,269.0,GARHSHANKAR
31646,Bahid (153),HOSHIARPUR,31.5315323,75.80504,31646,1899.506573994586,1899.047607421875,0.4409684337439083,0.0860086160152071,1.199643529475925,-0.4534393095425343,-0.0203451055925199,846.6854783704179,22.501385909822545,1.0,28.74,98,98,98,82.0,HOSHIARPUR-I
31097,Muradpur (233),HOSHIARPUR,31.9459457,75.6141,31097,1896.2915348616257,1899.0435791015625,0.6109028840778815,0.2566543537665241,1.8945444560931133,-0.5644292514880868,-0.1806018807998345,1234.1659130342236,22.051215711940657,1.0,35.0,40,40,50,202.0,MUKERIAN
32527,Singhpur (373),Shahid Bhagat Singh Nagar,31.18919,76.24561,32527,1899.6130333487056,1899.0421142578125,0.6459039450019358,0.1558581403847774,1.9939196154931595,-0.598424851118623,-0.1101193259880703,842.8557309319871,21.668663676124027,1.0,102.0,10,0,130,298.0,SAROYA
30748,Terkiana (204),HOSHIARPUR,31.8738747,75.59733,30748,1900.298074274792,1899.0419921875,0.5900864714450059,0.2144045621220753,1.837697338671948,-0.5410019611043211,-0.1482478696897455,1187.6022311856646,22.08084163640433,1.0,610.0,40,40,175,725.0,DASUYA
31070,Chhangla (241),HOSHIARPUR,31.9459457,75.8476639,31070,1899.93580523581,1899.0408935546875,0.6035733293632097,0.2369666580903386,1.9025610341100831,-0.5503951483162183,-0.1646776243235455,1187.6022311856646,22.08084163640433,1.0,122.0,0,62,280,135.0,MUKERIAN
38567,Dohkli (283),RUPNAGAR,31.2432442,76.47889,38567,1898.2718931222569,1899.037109375,0.4439778474769924,0.077391001129418,1.23648146003725,-0.4257636872031058,-0.0296419129079244,970.5038755301958,21.292937550897094,0.4697370653912827,750.0,100,100,170,161.0,ANANDPUR SAHIB
27956,Gadi Kalan (69),GURDASPUR,31.8558559,75.2219238,27956,1899.9001607287023,1899.0369873046875,0.6268754478232965,0.2332897176070167,1.9577465951176327,-0.570407297294437,-0.1686586576984193,1160.8555111100573,22.030522602049302,1.0,124.0,25,30,57,107.0,KALANAUR
31613,Bhakal (150),HOSHIARPUR,31.5855846,75.8701248,31613,1896.152538520764,1899.0345458984375,0.4389170375760384,0.0664620612346013,1.2325106785556947,-0.4463688656783337,-0.0088161391640598,860.9181363101246,22.49629547176084,1.0,18.2186,10,0,100,53.0,HOSHIARPUR-I
31850,Noorpur (317),HOSHIARPUR,31.4071655,76.03592,31850,1898.1167574315305,1899.032470703125,0.4707066429579984,0.091741770646565,1.2931638252138828,-0.482732130085074,-0.0260887890704842,951.2888136317628,21.84905820779653,1.0,184.0,87,52,121,186.0,MAHILPUR
38431,Samirowal (499),RUPNAGAR,31.2654686,76.34686,38431,1902.9383918825583,1899.02978515625,0.4379428729396742,0.0413367565115807,1.0638297454202963,-0.4715765518909999,0.0213230376854043,822.4953502387618,21.80171932756544,1.0,300.0,100,100,210,176.0,NURPUR BEDI
28281,Kohlian (635),GURDASPUR,32.0392151,75.29593,28281,1897.1875122683423,1899.0291748046875,0.6303278783304967,0.2296113729996632,1.866947904253197,-0.576903846886928,-0.1606713828067537,1135.595315973987,22.065727221775774,1.0,45.0,30,0,41,50.0,GURDASPUR
39072,Majri (147),S.A.S Nagar,30.8288288,76.67133,39072,1897.870920433015,1899.0279541015625,0.439600962760426,0.0901694866189791,1.0991269318034875,-0.4674326729787851,-0.0120059899831186,820.1256523707729,22.19444425953239,0.999908741543815,52.0,60,30,85,444.0,MAJRI
28919,Chaura (452),GURDASPUR,32.0360374,75.0294952,28919,1896.9278827760388,1899.02734375,0.5769556589222682,0.2386277659435383,1.6246236574249897,-0.5392792196920395,-0.1532662860307579,1136.3471540620226,22.16224381140933,1.0,110.0,100,25,25,222.0,DERA BABA NANAK
31886,Rakhial (60),HOSHIARPUR,31.3482761,76.0089,31886,1901.2800652728347,1899.0211181640625,0.5247812973537189,0.1736306990295031,1.446674376429764,-0.5245450487746904,-0.0958020771223964,903.97068290018,21.992633355513988,1.0,24.0,2,3,10,30.0,MAHILPUR
27817,Majhwal (17),GURDASPUR,32.09009,75.4353943,27817,1897.9624509519908,1899.015625,0.4221489686868598,0.1042924124300911,1.127894791088308,-0.4455644800902948,-0.0274732427632953,1110.4655656030077,22.012461494917147,0.6715762749676808,59.0,0,0,1,150.0,DINANAGAR
28894,Jiwan Nangal (424),GURDASPUR,32.0360374,75.0294952,28894,1903.48515552154,1899.00634765625,0.509097985108457,0.1490521486256204,1.4204979680091994,-0.4972799833636959,-0.0787335897004034,1136.3471540620226,22.16224381140933,1.0,2.47,35,70,100,153.0,DERA BABA NANAK
31915,Jandiala (298),HOSHIARPUR,31.4069424,76.0359039,31915,1897.953215990416,1899.0035400390625,0.48898418118058,0.0682314220622827,1.225671634833827,-0.5137043194480977,-0.0050412573110933,912.2343395729708,21.96807368214127,1.0,347.0,25,60,162,385.0,MAHILPUR
28159,Naharpur (209),GURDASPUR,32.04067,75.3634,28159,1899.352892161639,1899.0015869140625,0.5919297580389379,0.2583798534553684,1.6971602353602502,-0.5551124194091767,-0.1721323676481667,1110.9779122283358,22.020857509920177,1.0,173.0,160,75,178,183.0,GURDASPUR
31059,Aima Mangat (213),HOSHIARPUR,31.9469242,75.61605,31059,1898.2473761486967,1899.0008544921875,0.617566089178243,0.2541756145213904,1.901017938329639,-0.5696047950984757,-0.1801369485968458,1188.7681199355773,22.07960119871643,1.0,152.0,55,72,238,181.0,MUKERIAN
31501,Bajwara (355),HOSHIARPUR,31.36937,75.82165,31501,1895.992376471209,1898.9979248046875,0.4356475293300345,0.0429188779730837,1.1655933780211687,-0.4517721357713563,0.014154697705098,1001.3273590888764,22.044488450608213,0.5162351806307218,8.0,93,63,368,923.0,HOSHIARPUR-II
28106,Sanghar (395),GURDASPUR,32.1261253,75.33752,28106,1900.6660338256168,1898.99755859375,0.5563350397586567,0.2312352840939604,1.5945993031498915,-0.5296419263427551,-0.1458313931790261,1110.9779122283358,22.020857509920177,1.0,90.0,39,100,260,136.0,DHARIWAL
32016,Khurali (485),HOSHIARPUR,31.261261,76.2827,32016,1899.9115529762728,1898.994384765625,0.6057506468634835,0.1462439326863354,1.68143185387927,-0.5829745163693998,-0.0928645149612851,853.9923819711106,21.75980066837434,1.0,181.0,180,0,280,488.0,GARHSHANKAR
31725,Meghowal (210),HOSHIARPUR,31.5315323,75.889595,31725,1900.1747028048128,1898.9931640625,0.5490657290673141,0.1449591267063467,1.7753125612475114,-0.5191195884286463,-0.0895169231481561,788.4978595187562,22.42155105340902,1.0,162.0,70,100,395,240.0,HOSHIARPUR-I
28184,Maddowal (317),GURDASPUR,32.08386,75.41796,28184,1897.768369728239,1898.99267578125,0.598398772388343,0.2383735304214301,1.6705382405258429,-0.5618881481353517,-0.15871166432042,1097.3557326009172,22.113313286249365,1.0,74.0,45,80,190,118.0,DINANAGAR
38543,Sukhsal (255),RUPNAGAR,31.2432442,76.47889,38543,1900.4111061836,1898.98828125,0.4227980646680638,0.037318951607009,0.9837016108096936,-0.4694884063572332,0.0308527163542711,852.3562993537206,21.710552374400663,1.0,300.0,260,260,415,368.0,ANANDPUR SAHIB
31582,Bagpur (382),HOSHIARPUR,31.5675678,75.89776,31582,1896.293517100101,1898.9876708984375,0.4126073620024589,0.0294351155971995,1.0643758536057677,-0.4392175895516741,0.0274295732923644,935.5591627766984,22.469599437629142,0.5873283646870536,2.0,9,200,240,332.0,HOSHIARPUR-I
31075,Bishanpur (235),HOSHIARPUR,31.9468517,75.61596,31075,1898.782548425468,1898.9854736328125,0.5703927757684624,0.2032686085015854,1.7947247527215613,-0.5283535751223654,-0.1389212623011816,1187.6022311856646,22.08084163640433,1.0,175.0,52,75,197,127.0,MUKERIAN
31957,Pakhowal (273),HOSHIARPUR,31.4127769,75.98214,31957,1898.2430371088224,1898.9835205078125,0.4557210675440075,0.0690159311733735,1.1254155014333478,-0.4821980381832146,-0.0015136340778844,837.0815011670487,22.19709611623847,1.0,216.0,150,150,211,246.0,GARHSHANKAR
31956,Bharowal (282),HOSHIARPUR,31.4126968,75.98216,31956,1897.284297566896,1898.980712890625,0.4096340855260039,0.0525474092779242,1.0516124145427257,-0.4372337928992661,0.0122469417657852,837.0815011670487,22.19709611623847,1.0,335.0,55,90,156,378.0,GARHSHANKAR
32430,Mohan Majra (403),Shahid Bhagat Singh Nagar,31.0450459,76.4033051,32430,1900.542186429704,1898.9779052734375,0.5656739159254641,0.1381766761206478,1.6009182465590353,-0.5341583247380312,-0.0771694718206875,815.3098317792313,22.24475471229374,0.3844621966958867,339.0,22,71,127,339.0,BALACHAUR
31942,Dansiwal (276),HOSHIARPUR,31.4127445,75.98211,31942,1899.0136093178296,1898.97705078125,0.4371336115307881,0.0992633683535966,1.0955028428121092,-0.463928090323665,-0.0209719520310549,837.0815011670487,22.19709611623847,1.0,76.0,56,56,241,86.0,GARHSHANKAR
28921,Talwandi Goraya (453),GURDASPUR,32.0180168,75.03599,28921,1895.0866880214608,1898.9730224609375,0.5834456915577373,0.242135700178891,1.6184701720199652,-0.5386174865257525,-0.1568168832775654,1136.3471540620226,22.16224381140933,1.0,183.0,25,20,35,207.0,DERA BABA NANAK
31699,Dhamian Bedi (165),HOSHIARPUR,31.5315323,75.80504,31699,1899.100404291213,1898.9716796875,0.4890399203131467,0.1210836803684554,1.420933670581641,-0.4806750437489797,-0.0559116652413915,788.4978595187562,22.42155105340902,1.0,99.59,95,95,255,282.0,HOSHIARPUR-I
31440,Chandehar Alias Rampur (63),HOSHIARPUR,31.5315323,75.889595,31440,1900.2237103741577,1898.9713134765625,0.4417145434564563,0.0897158571771234,1.2729618433699694,-0.4492512779342389,-0.027888940058375,809.747228305568,22.345829776931225,1.0,133.38,2,5,85,69.0,HOSHIARPUR-I
28113,Hir (223),GURDASPUR,32.0390625,75.40436,28113,1900.5623121598985,1898.9708251953125,0.5415340652464714,0.1969198941338875,1.533740428350039,-0.5171144302001404,-0.1170024204459012,1110.9779122283358,22.020857509920177,1.0,34.41,200,75,125,95.0,GURDASPUR
38572,Bhaton (262),RUPNAGAR,31.2432442,76.47889,38572,1899.910256618828,1898.9691162109375,0.4954326005536024,0.0919088549650151,1.335228112177357,-0.4978476192790521,-0.0301431345021418,845.1160135676759,21.49261000459427,1.0,105.0,130,120,130,185.0,ANANDPUR SAHIB
27974,Sirje Chak (90),GURDASPUR,32.0180168,75.14224,27974,1892.6436591173865,1898.960693359375,0.5689857107321098,0.2515630719907971,1.6625251708764823,-0.5306502269861597,-0.1619630252531191,1137.4905680804827,22.161590452647363,1.0,211.0,46,58,159,226.0,KALANAUR
31400,Tejpur Khurd (397),HOSHIARPUR,31.7025318,75.861,31400,1893.083691787136,1898.96044921875,0.5186400239624183,0.1115713116620218,1.3076841875155856,-0.5365661994803848,-0.0450980316104272,939.7419341940954,22.44986338329912,1.0,12.0,6,0,22,18.0,BHUNGA
28198,Dalelpur (702),GURDASPUR,31.8378372,75.14361,28198,1896.037039571122,1898.959228515625,0.6604500276210128,0.2252717380104015,1.9145375519849903,-0.5972484433184841,-0.1643024343524956,1140.5144397547626,22.08900344995921,1.0,148.0,44,50,132,191.0,KALANAUR
31946,Helar (281),HOSHIARPUR,31.4127312,75.98215,31946,1897.5549431997736,1898.9560546875,0.4615407206449239,0.0609610195550036,1.1547211056606894,-0.490044812182026,0.0007397149088014,837.0815011670487,22.19709611623847,0.9993934795518696,77.0,55,89,91,82.0,GARHSHANKAR
28118,Bhopar Saidan (153),GURDASPUR,31.9639645,75.3103561,28118,1900.3295274784668,1898.948974609375,0.5895125016053371,0.2388181596693002,1.7430306010521035,-0.5479161961284568,-0.1593513334788906,1112.3499575365076,22.015454873722224,1.0,484.0,95,95,451,577.0,GURDASPUR
31080,Samra (243),HOSHIARPUR,31.9639645,75.84131,31080,1900.1999638461664,1898.9471435546875,0.6054865959191256,0.2393258909594018,1.8777872310712536,-0.5593192148277719,-0.1660515787680738,1187.6022311856646,22.08084163640433,1.0,54.0,40,41,85,86.0,MUKERIAN
32500,Paili (234),Shahid Bhagat Singh Nagar,31.1711712,76.23111,32500,1900.002343927373,1898.9459228515625,0.4874185359076702,0.0854432823428165,1.288236928480578,-0.5033543652737669,-0.0227997506519529,842.8557309319871,21.668663676124027,1.0,140.0,40,25,190,188.0,SAROYA
39162,Jhampur (22),S.A.S Nagar,30.7144375,76.73592,39162,1896.0013365242528,1898.94091796875,0.4657355360562705,0.0763405565236591,1.2200593414298748,-0.4806955926549287,-0.0141117447746011,814.0134456565278,22.43804828433952,0.8066839968724664,130.0,50,35,300,187.0,MAJRI
32055,Ramgarh (262),HOSHIARPUR,31.19866,76.15726,32055,1899.038871097076,1898.9366455078125,0.4693070065604279,0.1154687548608601,1.2408074431885323,-0.4754694034219517,-0.0429398937488092,851.4699283053773,22.057530697916604,1.0,84.0,35,50,170,98.0,GARHSHANKAR
38343,Nalhoti (486),RUPNAGAR,31.3873882,76.36386,38343,1898.409075048164,1898.9322509765625,0.6481136437855977,0.1758184511978276,1.9779287626905075,-0.5972240555894788,-0.1270564878181879,831.9389967887803,21.71197281381064,0.6064765320416742,210.0,33,35,369,453.0,NURPUR BEDI
38585,Nangli (354),RUPNAGAR,31.2432442,76.47889,38585,1898.3834570159493,1898.931640625,0.4772448873353392,0.0760859417594555,1.330599157340847,-0.4864920216034843,-0.0189147852956169,845.06798650054,21.488853271189434,0.9995713869729076,130.0,90,90,145,484.0,ANANDPUR SAHIB
38489,Bajrur (428),RUPNAGAR,31.1531525,76.5324249,38489,1895.022897230025,1898.9302978515625,0.4759650527815109,0.1372966753586343,1.279763340739439,-0.4700758976394247,-0.0668113365025184,793.7059685012862,22.11209894573296,0.9286352169685266,506.0,160,250,496,603.0,NURPUR BEDI
31853,Mehmadwal (320),HOSHIARPUR,31.40697,76.03586,31853,1898.1170386791591,1898.9287109375,0.4322293652788259,0.067194232002932,1.0789105108667352,-0.4685661376870082,0.004900727877938,951.225043172784,21.84925170345836,1.0,174.0,154,95,183,178.0,MAHILPUR
32044,Kullewal (256),HOSHIARPUR,31.198597,76.15715,32044,1899.64056969412,1898.9208984375,0.4417369455044138,0.0783660528974575,1.1073378144552564,-0.4693952291564988,-0.005895443777215,851.4699283053773,22.057530697916604,1.0,123.0,25,25,61,187.0,GARHSHANKAR
38578,Dab Khera (350),RUPNAGAR,31.2432442,76.47889,38578,1899.3615731271896,1898.9189453125,0.4749368193383049,0.0630832123869809,1.246737514180118,-0.4933976597629063,-0.0072528332341427,845.1160135676759,21.49261000459427,0.9295446289488388,132.0,80,200,280,225.0,ANANDPUR SAHIB
31084,Bagrohi (435),HOSHIARPUR,31.9459457,75.8476639,31084,1900.6677495827576,1898.9188232421875,0.5825155530518417,0.2056546616691408,1.7265822441209415,-0.5434595062542146,-0.1358214213867095,1168.6965166341097,22.0677508738755,1.0,70.0,60,60,80,115.0,MUKERIAN
32503,Sahiba (237),Shahid Bhagat Singh Nagar,31.1789913,76.22937,32503,1899.7495981131544,1898.917724609375,0.4536096676298518,0.0742166614885451,1.1749032942797868,-0.4756030893884211,-0.0079250327661208,836.9392148106327,21.89447605687017,1.0,250.0,90,251,382,425.0,SAROYA
27850,Udhipur (285),GURDASPUR,32.1261253,75.46517,27850,1896.2979516690616,1898.9136962890625,0.603541570106334,0.2591162554123303,1.7763242854693528,-0.5580694554654386,-0.1776651179629433,1097.86241376799,22.02268287755467,1.0,142.0,108,105,252,132.0,DINANAGAR
28165,Kala Nangal (238),GURDASPUR,31.9639645,75.3103561,28165,1899.4676800057632,1898.910400390625,0.5745009565676104,0.2191557304980219,1.6949564628373344,-0.5376403365488187,-0.1426536215229156,1099.5957116092952,21.98596502472598,1.0,170.0,155,155,201,186.0,GURDASPUR
28211,Mahandipur (316),GURDASPUR,32.0839577,75.41802,28211,1899.0938300136263,1898.9072265625,0.620430397094532,0.2377498340496897,1.7325151222200448,-0.5753855547642506,-0.16228239563264,1097.3557326009172,22.113313286249365,1.0,48.0,5,5,15,53.0,DINANAGAR
28164,Waryah (237),GURDASPUR,32.0360374,75.39083,28164,1900.109308605189,1898.9068603515625,0.5815248998788081,0.2342905902540523,1.7354253343729475,-0.5364871720780177,-0.1573954072706309,1101.400834890942,21.98622458129567,1.0,84.0,165,75,135,94.0,GURDASPUR
38388,Aggampur (360),RUPNAGAR,31.2252254,76.50645,38388,1898.599513249384,1898.898193359375,0.4063557464384772,0.0880959737281107,1.1004499428414365,-0.4067739293617876,-0.0239349767380265,819.2692301461585,21.835263617115366,0.8171294208300633,50.0,99,100,130,1247.0,ANANDPUR SAHIB
38612,Chak Dhera (27),RUPNAGAR,31.0270271,76.62014,38612,1894.7791574733308,1898.8974609375,0.4906361488684903,0.1449723797284091,1.5328767710548612,-0.4504605215072929,-0.0884737088938365,830.1507702802862,22.654232171661924,0.5011736654494295,50.0,50,50,100,285.0,RUPNAGAR
31094,Salehrian Khurd (248),HOSHIARPUR,31.9459457,75.82643,31094,1899.2469270096,1898.896484375,0.6094215676599879,0.2302725121163255,1.9350768464833776,-0.5517868524711776,-0.1615881028606533,1187.6022311856646,22.08084163640433,1.0,149.0,32,61,204,167.0,MUKERIAN
31936,Moela (125),HOSHIARPUR,31.5135136,75.7481461,31936,1901.2139099626745,1898.894775390625,0.4858127785824424,0.1723468092185574,1.2091668292518267,-0.5003128799623915,-0.0787058156761457,824.7937652280228,22.51144758387028,1.0,35.55,29,21,115,112.0,GARHSHANKAR
38381,Thana (381),RUPNAGAR,31.2656651,76.34687,38381,1901.586415032238,1898.893310546875,0.4595442575953692,0.0582022171269071,1.114218009219022,-0.48493768731782,0.0067659920917963,828.4465892182155,21.739840018125232,1.0,600.0,200,200,600,351.0,NURPUR BEDI
28191,Mano Nangal (666),GURDASPUR,32.0360374,75.39083,28191,1897.9071851443464,1898.8924560546875,0.5355885004083212,0.2099182058186081,1.4574478266665545,-0.5178047059652805,-0.1257368591898939,1097.3557326009172,22.113313286249365,1.0,60.0,40,20,70,69.0,DINANAGAR
31618,Bains Khurd (177),HOSHIARPUR,31.6078529,75.859024,31618,1896.868596296914,1898.8880615234375,0.4289194316870905,0.0530577795874024,1.1404027530140892,-0.4486247150119496,0.0066876917697334,935.5591627766984,22.469599437629142,1.0,31.0,28,28,82,96.0,HOSHIARPUR-I
32499,Jitpur (233),Shahid Bhagat Singh Nagar,31.1790085,76.22929,32499,1900.977735249888,1898.8875732421875,0.4993717281306601,0.0740846180937045,1.2952433836692945,-0.5168930078588916,-0.0152660695138527,842.8557309319871,21.668663676124027,1.0,52.0,0,0,100,60.0,SAROYA
32382,Hassanpur Khurd (433),Shahid Bhagat Singh Nagar,31.0630627,76.29157,32382,1900.8910673408168,1898.885986328125,0.493587111304955,0.1168216591715494,1.3585680738763426,-0.4970580470199479,-0.04785369449959,844.7756114413636,22.646918597549643,1.0,70.0,2,12,40,81.0,BALACHAUR
38563,Talwara (279),RUPNAGAR,31.2432442,76.47889,38563,1899.8048451044856,1898.8818359375,0.3654078895796888,0.1367515792054811,1.306490479444271,-0.3032952280802399,-0.0938492373929288,971.2861719539064,21.291691791985272,0.2582113221192336,87.0,188,188,253,230.0,ANANDPUR SAHIB
28935,Mann (448),GURDASPUR,32.0180168,75.03599,28935,1895.387008044543,1898.879150390625,0.55499488002438,0.2207267079132287,1.5406944276596637,-0.5269505899516594,-0.1349800568234559,1131.6486875931942,22.17755689822501,1.0,70.0,50,50,100,70.0,DERA BABA NANAK
38746,Chararian (204),RUPNAGAR,30.9729729,76.51368,38746,1901.5833196523624,1898.877197265625,0.5183351203120471,0.1600189786826654,1.378729208245814,-0.5149062772904313,-0.0802706918974463,884.4000491311448,22.16996411897884,1.0,6.0,55,10,210,245.0,RUPNAGAR
31921,Meghowal (296),HOSHIARPUR,31.4070015,76.03578,31921,1897.8140040248927,1898.8760986328125,0.4507641747835005,0.045579240710505,1.1095856825339794,-0.4857632844400986,0.0164505170414879,837.0815011670487,22.19709611623847,0.9657885395421716,443.0,32,151,377,543.0,MAHILPUR
31449,Bagewal (79),HOSHIARPUR,31.6083431,75.86649,31449,1893.5591509650008,1898.8759765625,0.4796619509847532,0.093060999455757,1.3471231896780844,-0.4819272285968724,-0.0317387624870083,846.6854783704179,22.501385909822545,1.0,108.69,22,21,70,55.0,HOSHIARPUR-I
28364,Chhawala (625),GURDASPUR,32.0360374,75.39083,28364,1898.369626459336,1898.8729248046875,0.5926476265218047,0.1993416830564823,1.80948029935665,-0.5415665834370255,-0.1357648914827091,1135.595315973987,22.065727221775774,1.0,264.0,195,155,415,323.0,GURDASPUR
31570,Fatehgarh Niara (232),HOSHIARPUR,31.54955,75.9888153,31570,1898.74189338835,1898.8712158203125,0.4852749546112441,0.0891261150124985,1.373567682119788,-0.4850732793215692,-0.0298447015293769,890.0315853764909,22.315053295634414,0.8882895978511409,142.0,70,70,271,296.0,HOSHIARPUR-I
31963,Akalgarh (123),HOSHIARPUR,31.5135136,75.7481461,31963,1900.268003043545,1898.86865234375,0.4524826053831221,0.1167105920836105,1.1729073947130173,-0.4640214033860734,-0.0402715562967669,824.7937652280228,22.51144758387028,1.0,98.65,78,71,135,94.0,GARHSHANKAR
31876,Sherpur (322),HOSHIARPUR,31.477478,76.01474,31876,1898.571691222375,1898.866943359375,0.4579217953070897,0.0674961891146171,1.2201514365995496,-0.4723654934952376,-0.0060931466944262,908.3698761957716,21.979285093071866,1.0,68.0,30,20,115,92.0,MAHILPUR
32519,Karimpur Chahwala (370),Shahid Bhagat Singh Nagar,31.2252254,76.2536,32519,1899.2126019517625,1898.8658447265625,0.4686128433907945,0.0544837707562275,1.2331626347804625,-0.4894309535627051,0.001066310100949,844.9722210855676,21.76420748444194,0.9897490628571448,99.0,150,135,253,182.0,SAROYA
28363,Guria (626),GURDASPUR,32.0360374,75.41209,28363,1899.0735235846944,1898.861572265625,0.5850764733983811,0.1912443064585824,1.813657221094395,-0.5368931709101653,-0.1274316204942641,1135.595315973987,22.065727221775774,1.0,76.0,40,40,52,81.0,GURDASPUR
32032,Kunail (364),HOSHIARPUR,31.1986122,76.1572342,32032,1899.1709983028209,1898.860595703125,0.680881327548996,0.173775219879164,2.0677366015975744,-0.6038475872849961,-0.1295987835862325,851.4699283053773,22.057530697916604,1.0,92.0,120,120,140,331.0,GARHSHANKAR
27855,Deeda (289),GURDASPUR,32.1261253,75.46517,27855,1896.261270199073,1898.859130859375,0.5363436813704352,0.1688462559608387,1.5055637944934326,-0.514263389396381,-0.0966887751451617,1093.3882580525471,22.092307581950443,1.0,102.0,130,100,300,142.0,DINANAGAR
31639,Nainowal Jattan (186),HOSHIARPUR,31.5943184,75.87488,31639,1898.3522985448471,1898.85595703125,0.4643049570218246,0.1025611415946149,1.3129337448380842,-0.4686302078701622,-0.0361136831086516,790.6142635375737,22.4244548122215,1.0,39.0,85,85,179,115.0,HOSHIARPUR-I
31686,Dadupur Garoya (126),HOSHIARPUR,31.5315323,75.97415,31686,1900.1231454630856,1898.855712890625,0.4952558355928312,0.1279515693575985,1.454289046140094,-0.4869933464114498,-0.0612143490552641,770.0725472656965,22.40985471845192,1.0,230.0,70,70,175,242.0,HOSHIARPUR-I
31071,Umarpur (209),HOSHIARPUR,31.9459457,75.82643,31071,1898.82236364112,1898.853515625,0.6118432468367252,0.233726807476441,1.9495969480156248,-0.5578371296699526,-0.1656125101182791,1187.6022311856646,22.08084163640433,1.0,121.0,22,28,103,135.0,MUKERIAN
32039,Ror Majara (251),HOSHIARPUR,31.19866,76.15726,32039,1898.7530271055111,1898.850830078125,0.5300357559381573,0.1199607053225653,1.471627076094681,-0.5261986513645439,-0.0584469318630102,851.4699283053773,22.057530697916604,1.0,99.0,69,89,287,181.0,GARHSHANKAR
31637,Pathial (184),HOSHIARPUR,31.6083431,75.86649,31637,1898.5675509457576,1898.8504638671875,0.4799807208275469,0.1040503249475064,1.3949918948825473,-0.4784204186326691,-0.0414539321292595,894.4964674777112,22.48428587975265,1.0,175.0,25,26,172,79.0,HOSHIARPUR-I
32053,Samundra (160),HOSHIARPUR,31.19866,76.15726,32053,1899.2829055250763,1898.849609375,0.4061738217203435,0.0647305913601348,1.0214492833871978,-0.4319017972617269,0.0041553090092237,851.4699283053773,22.057530697916604,1.0,234.0,99,99,444,296.0,GARHSHANKAR
28168,Hem Rajpur (241),GURDASPUR,32.0413,75.29369,28168,1898.869062401538,1898.845947265625,0.5719882987333578,0.2103715944557179,1.665828939235314,-0.5364368662955724,-0.1349055686556808,1099.9935409238824,21.986022228138992,0.9511353500979858,150.0,110,60,150,357.0,GURDASPUR
38550,Melwan (257),RUPNAGAR,31.2432442,76.45782,38550,1901.2217469857887,1898.8377685546875,0.4270890492467712,0.0235629385046379,0.9730318182328008,-0.4778292803601494,0.0415550044116431,851.959009907682,21.69859342610404,1.0,80.0,180,180,260,62.0,ANANDPUR SAHIB
31829,Singhpur (28),HOSHIARPUR,31.44144,75.9855,31829,1898.792939346728,1898.834716796875,0.4475540998523155,0.0721231939701131,1.0817168699872464,-0.4885273290249322,0.0027613114924216,903.97068290018,21.992633355513988,1.0,138.0,82,86,214,171.0,MAHILPUR
39025,Khizarabad (322),S.A.S Nagar,30.72813,76.74911,39025,1899.0233581941952,1898.83447265625,0.4365271510474085,0.0611616158725643,1.0669050591552678,-0.4707359671586413,0.0092027690170844,826.8487985606594,22.039825542596475,0.9747010482437852,350.0,600,500,1100,875.0,MAJRI
31571,Dagana Kalan (231),HOSHIARPUR,31.5315323,75.9107361,31571,1898.687563361052,1898.82763671875,0.4716350755852137,0.0727450669267864,1.3157473413907717,-0.4751567494968177,-0.0147808415231275,890.0315853764909,22.315053295634414,0.7158217373305616,264.29,85,100,325,268.0,HOSHIARPUR-I
32501,Dharampur (235),Shahid Bhagat Singh Nagar,31.1711712,76.2100449,32501,1900.18225163284,1898.8275146484375,0.4730472835637592,0.0684224157282857,1.2448117277999031,-0.4958975189127698,-0.0070667246402371,842.8557309319871,21.668663676124027,1.0,42.0,12,0,50,52.0,SAROYA
38979,Sangalan (171),S.A.S Nagar,30.8828831,76.6935654,38979,1897.2465250812031,1898.820556640625,0.4234248833001293,0.0521097423043413,1.0697208606003692,-0.4515623011917496,0.013898303308923,814.0134456565278,22.43804828433952,1.0,70.0,25,16,82,86.0,MAJRI
32020,Haibowal (494),HOSHIARPUR,31.261261,76.2827,32020,1898.6342290406883,1898.816650390625,0.5354433427913905,0.0895550711441793,1.4477502784127672,-0.5412684100333993,-0.0339619911507818,842.8557309319871,21.668663676124027,0.9814963098892456,24.0,90,0,140,125.0,GARHSHANKAR
32567,Kotla Fazal (171),FATEHGARH SAHIB,30.599247,76.4816,32567,1901.5811284642289,1898.8165283203125,0.5043812301888226,0.2191563704969238,1.23314922895874,-0.5206573785765133,-0.1126647057526845,943.9769459812846,22.91906183700329,1.0,450.0,12,100,240,306.0,KHERA
27951,Sarangwal (71),GURDASPUR,31.8558559,75.2219238,27951,1900.4679170725583,1898.8133544921875,0.2852757336860078,0.0261030389011869,0.8002026360739336,-0.3320209430420834,0.043810634074472,1160.8555111100573,22.030522602049302,0.9981016479885866,3.0,0,0,5,60.0,KALANAUR
27895,Jakria (302),GURDASPUR,32.0841866,75.41816,27895,1897.743323042711,1898.812744140625,0.5936334110830249,0.2213202360915193,1.6912003110446523,-0.5532305095855242,-0.1452682173905524,1097.3557326009172,22.113313286249365,1.0,75.0,50,60,160,88.0,DINANAGAR
27665,Chhaurian (63),PATHANKOT,32.25225,75.52721,27665,1893.6093059924565,1898.80908203125,0.6735367197132376,0.2579887108851679,2.151550904370345,-0.59630028010797,-0.1980072443799893,1070.7328753475308,21.992222222338995,1.0,25.0,0,15,37,150.0,NAROT JAIMAL SINGH
32450,Dhaktana (210),Shahid Bhagat Singh Nagar,31.0630627,76.29157,32450,1901.2847698074545,1898.8045654296875,0.5079473267873716,0.0781303155305302,1.3129650774624686,-0.5233011975105549,-0.0185725707773913,828.9379867722886,22.1998544780825,1.0,48.0,25,40,118,60.0,BALACHAUR
32045,Thana (253),HOSHIARPUR,31.1984577,76.15718,32045,1899.005667292931,1898.80224609375,0.5274236365214766,0.1375224017720512,1.4201052141815471,-0.521607553510477,-0.067052344423812,851.4699283053773,22.057530697916604,1.0,2.47,47,25,197,150.0,GARHSHANKAR
31432,Badala (511),HOSHIARPUR,31.6795979,75.8107147,31432,1895.6271458980868,1898.8016357421875,0.5054097768084018,0.1257663458383219,1.3856133881322712,-0.5078525599203424,-0.0601516508118196,859.614944156137,22.475384287341853,1.0,215.0,42,0,100,239.0,BHUNGA
27868,Ghesal (697),GURDASPUR,32.09009,75.456665,27868,1897.113058618223,1898.8004150390625,0.6005420968271187,0.236631751110546,1.585394270154736,-0.5720198364079947,-0.1532930540622034,1097.3557326009172,22.113313286249365,1.0,88.0,25,50,200,99.0,DINANAGAR
28384,Kathana (587),GURDASPUR,32.0180168,75.4185,28384,1901.3117783701312,1898.7994384765625,0.499277545946026,0.1678895922985883,1.4840473082738534,-0.4852898543886974,-0.0921955788576136,1149.1040381600756,22.05418457981392,1.0,61.0,22,21,90,61.0,KAHNUWAN
28224,Warah (359),GURDASPUR,32.03829,75.3964157,28224,1900.7376182876587,1898.7984619140625,0.5581756490085459,0.2075837535177031,1.5963659540003607,-0.5324086000064656,-0.1301314633413086,1130.1780024041143,22.0443709922476,1.0,71.0,3,40,65,80.0,GURDASPUR
27890,Maha Rajpur (676),GURDASPUR,32.0841866,75.41816,27890,1897.112598559832,1898.7979736328125,0.5821595103265964,0.1984000346238854,1.596306990403879,-0.5444953176453412,-0.1240411555540563,1097.8153383559877,22.11552271693364,1.0,152.0,45,0,82,160.0,DINANAGAR
32010,Bhadiar (479),HOSHIARPUR,31.5135136,75.7481461,32010,1899.109834378411,1898.795654296875,0.533335422658715,0.0696067865321796,1.4233588680374982,-0.5319309714581665,-0.0188045069320636,862.5153544356721,21.983339948702906,1.0,50.0,305,285,386,573.0,GARHSHANKAR
31923,Jiwanpur Jattan (294),HOSHIARPUR,31.41272,75.98218,31923,1897.953320239124,1898.7945556640625,0.4242996560539069,0.0379140294569503,1.0690433428092323,-0.4655998018866725,0.0243181223078337,837.0815011670487,22.19709611623847,1.0,95.0,72,50,197,113.0,GARHSHANKAR
31422,Nangal Kanungoan (410),HOSHIARPUR,31.5201321,75.76207,31422,1892.595845330438,1898.7916259765625,0.4756870177135484,0.0920026939441711,1.2962906936998706,-0.4791111291218907,-0.0319030485782747,874.3232965511347,22.44593786261017,0.8323222450895124,2.47,50,0,83,111.0,BHUNGA
31088,Abdullapur (432),HOSHIARPUR,31.9468,75.61598,31088,1899.696840316036,1898.78369140625,0.5554412387703258,0.1687500284268198,1.6960230232224978,-0.5153682600467571,-0.1045888556053553,1187.6022311856646,22.08084163640433,1.0,243.0,60,72,310,259.0,MUKERIAN
28207,Rasulpur Gagrotian (314),GURDASPUR,32.0838432,75.4180145,28207,1898.1654350590968,1898.779541015625,0.5835651144037884,0.2035425229705256,1.5997430490774278,-0.5548277868928105,-0.1277707308261063,1097.3557326009172,22.113313286249365,1.0,96.0,50,45,145,106.0,DINANAGAR
32522,Chhuchhewal (368),Shahid Bhagat Singh Nagar,31.2252254,76.2536,32522,1900.390672260676,1898.7791748046875,0.6221397541031063,0.1279600165135758,1.7742497033788331,-0.5819166047667963,-0.0788759848615959,843.3918649763986,21.692866145614328,1.0,44.0,110,50,107,278.0,SAROYA
31649,Zarab Dial (135),HOSHIARPUR,31.5315323,75.889595,31649,1899.226064023656,1898.7772216796875,0.4928821290032183,0.1331318050574999,1.4470913534784866,-0.4850509143102666,-0.0665967240471442,846.6854783704179,22.501385909822545,1.0,37.65,26,26,76,104.0,HOSHIARPUR-I
32426,Malewal (405),Shahid Bhagat Singh Nagar,31.2516041,75.52348,32426,1899.6039896214609,1898.77587890625,0.5192706966700322,0.0752399381557047,1.3740211430213192,-0.5154454033168028,-0.0200272971820888,833.9038769817179,22.498535659106725,1.0,10.0,20,2,115,106.0,BALACHAUR
27967,Chak Takhatpur (85),GURDASPUR,31.8378372,75.14361,27967,1897.767472523081,1898.774169921875,0.5557255543523127,0.2372593791372229,1.637988066908186,-0.5215178598017954,-0.1494927969301993,1172.0646562983889,22.141834456036747,0.9709097940753028,1.0,0,0,1,84.0,KALANAUR
39082,Bazidpur (152),S.A.S Nagar,30.81081,76.57304,39082,1899.4501069008527,1898.7684326171875,0.4686416406838475,0.0979977329066306,1.226199612693034,-0.4826078343283827,-0.0246138631199941,814.0134456565278,22.43804828433952,1.0,120.0,25,20,59,149.0,MAJRI
31394,Naushehra (413),HOSHIARPUR,31.6290226,75.8526154,31394,1893.852007192912,1898.766845703125,0.415366620829094,0.0289296000047371,1.044873450946204,-0.4521060396954945,0.0280354986963494,1007.465572263304,22.126864858801014,1.0,300.6,22,0,136,135.0,BHUNGA
38552,Bainspur (253),RUPNAGAR,31.2363358,76.48301,38552,1898.5473399685504,1898.7647705078125,0.4504538099415229,0.0560351505082849,1.0822109219011826,-0.4818259142949095,0.0090864691070376,853.9923819711106,21.75980066837434,1.0,200.0,70,70,75,78.0,ANANDPUR SAHIB
31908,Paddi Khutti (287),HOSHIARPUR,31.41186,76.0139847,31908,1899.86279944672,1898.7635498046875,0.4830201210383461,0.120885875804528,1.328711929215733,-0.4919595672361942,-0.0496533952031661,807.7572634324971,22.43689357690014,1.0,185.0,36,30,258,199.0,GARHSHANKAR
31845,Chak Narial (336),HOSHIARPUR,0.0,0.0,31845,1897.2865402601003,1898.7630615234375,0.6125470980519532,0.1498589562146794,1.6767133151592732,-0.5760884934750373,-0.0947030620278722,951.2888136317628,21.84905820779653,0.7993210621831038,140.0,35,70,130,370.0,MAHILPUR
30744,Brarowal (459),HOSHIARPUR,31.8018017,75.5807,30744,1900.5713802585744,1898.7630615234375,0.6190572245060477,0.2359978581562047,1.9162280545258643,-0.54476545881276,-0.1763659483514884,1127.0050156007574,22.16955890702811,1.0,82.0,20,17,20,129.0,DASUYA
32595,Karimpura (190),FATEHGARH SAHIB,30.64865,76.40242,32595,1899.626224196461,1898.7581787109375,0.4889474665441693,0.2216127411010873,1.2011567636341771,-0.5104595808169797,-0.1112325535152987,946.2426110788432,22.91983697909867,1.0,104.0,25,25,48,275.0,BASSI PATHANA
38477,Kangar (506),RUPNAGAR,31.3873882,76.384964,38477,1897.4139114194063,1898.75048828125,0.4884147160104738,0.0681068847360863,1.1810627710906,-0.5113038312753506,-0.0044550539699966,806.2983215041637,22.269112357528183,1.0,170.0,50,50,215,257.0,NURPUR BEDI
28293,Jagatpur Khurd (640),GURDASPUR,32.0410576,75.2943344,28293,1898.213498691824,1898.7489013671875,0.6287184727267116,0.2219220709629071,1.9853645004737432,-0.5639723417370304,-0.1591638897140899,1135.595315973987,22.065727221775774,1.0,80.0,260,110,131,88.0,GURDASPUR
32498,Nanowal (232),Shahid Bhagat Singh Nagar,31.1711712,76.23111,32498,1901.1325626835005,1898.7431640625,0.5217481338576828,0.095984621490639,1.4064695135809733,-0.5286504980799023,-0.0361511033730923,842.8557309319871,21.668663676124027,1.0,100.0,65,51,95,135.0,SAROYA
27957,Chhod (67),GURDASPUR,31.8558559,75.2219238,27957,1899.0221770852445,1898.739013671875,0.5614014571324627,0.2252459246705429,1.7137163622251093,-0.5230175590326784,-0.1467196563534921,1160.8555111100573,22.030522602049302,1.0,100.0,10,30,46,116.0,KALANAUR
30759,Ashrafpur (143),HOSHIARPUR,31.6936932,75.81015,30759,1898.0956904335576,1898.7364501953125,0.5950443973813613,0.2196434231329468,1.8385376175628143,-0.5559636472863362,-0.1487624963649416,1073.0177256276506,22.24859892509784,1.0,24.0,25,30,72,66.0,DASUYA
31833,Nassran (327),HOSHIARPUR,31.4071655,76.03592,31833,1899.889029524644,1898.73583984375,0.4717429435680256,0.0822364976917408,1.1491234463173927,-0.501326323346093,-0.0092290198107719,940.114335812053,21.986345531730635,1.0,192.0,42,80,220,221.0,MAHILPUR
32516,Begampur (244),Shahid Bhagat Singh Nagar,31.1711712,76.23111,32516,1899.556544130216,1898.7349853515625,0.472642672708736,0.100953800467632,1.2304631904583283,-0.4859010019531243,-0.0309663148947018,844.5122651929684,21.743443892622743,1.0,30.8,90,95,171,367.0,SAROYA
38542,Daghaur (254),RUPNAGAR,31.2432442,76.45782,38542,1898.683385680616,1898.73486328125,0.4662763231300176,0.0549074246152911,1.1015100116648897,-0.4729394737900895,0.0008423571275359,853.9923819711106,21.75980066837434,1.0,146.0,23,20,194,172.0,ANANDPUR SAHIB
31922,Mehngerwal (295),HOSHIARPUR,31.40697,76.0358047,31922,1898.0750426967268,1898.73388671875,0.4518776536011835,0.0507513207741321,1.220994473404614,-0.4767050328915457,0.0058827945399999,837.0815011670487,22.19709611623847,0.9857316264463316,231.0,35,82,213,292.0,MAHILPUR
27954,Kukkar (72),GURDASPUR,32.0,75.40368,27954,1900.3184483443467,1898.733642578125,0.691626786930941,0.2846590141978624,2.260791641160842,-0.6136295210233543,-0.2226125506668109,1160.8555111100573,22.030522602049302,1.0,42.0,15,20,60,51.0,DINANAGAR
27889,Rasulpur (677),GURDASPUR,32.0540543,75.40567,27889,1897.8591673501949,1898.7333984375,0.560130258510972,0.1776427369534343,1.509407213525962,-0.5469463542203491,-0.1050271843038441,1098.169187041844,22.11722374903612,1.0,181.0,181,58,208,196.0,DINANAGAR
38424,Balowal (366),RUPNAGAR,31.2252254,76.4853745,38424,1895.210078593831,1898.73095703125,0.380084213227093,0.0983050019578275,1.4160670187341138,-0.3771736555488857,-0.0302933883742096,817.4521270205872,21.85415734445013,1.0,16.19,15,20,25,33.0,ANANDPUR SAHIB
31720,Baupur (205),HOSHIARPUR,31.54955,75.8831,31720,1900.3260537427727,1898.7293701171875,0.4866200321055189,0.0973187275138178,1.4067050809474522,-0.4780084683657442,-0.0400415891591179,788.4978595187562,22.42155105340902,1.0,98.8,2,3,8,57.0,HOSHIARPUR-I
38553,Surewal (251),RUPNAGAR,31.2252254,76.4643,38553,1895.438295319169,1898.727783203125,0.4633325126657219,0.0500649185292212,1.14269901868334,-0.4888882647925319,0.0115621690780508,853.9923819711106,21.75980066837434,0.9681930627760942,89.0,99,99,145,138.0,ANANDPUR SAHIB
27816,Nikka (16),GURDASPUR,32.09009,75.4353943,27816,1898.651286790497,1898.724853515625,0.2413683927204994,0.0943876654346488,0.5590770224313119,-0.2829310993664581,0.0091955639675054,1110.4655656030077,22.012461494917147,0.3264411647815243,47.0,0,0,1,49.0,DINANAGAR
32434,Mansewal (393),Shahid Bhagat Singh Nagar,31.0630627,76.29157,32434,1901.544661964564,1898.724609375,0.4956845888183523,0.0703559602740856,1.2703062937521827,-0.508895821756328,-0.0093702375709508,815.3098317792313,22.24475471229374,0.9593723464292816,76.0,9,52,87,77.0,BALACHAUR
28360,Balra (612),GURDASPUR,32.0360374,75.39083,28360,1899.8249009700253,1898.7220458984375,0.5284106379360876,0.1466720997911333,1.4817126160424603,-0.52118699241641,-0.0752553401470484,1135.595315973987,22.065727221775774,1.0,70.0,13,8,13,244.0,GURDASPUR
38577,Ajauli (349),RUPNAGAR,31.2432442,76.47889,38577,1899.9970039918865,1898.7215576171875,0.4261741624835805,0.0321810908440494,1.0323687388230374,-0.4510525632321227,0.0209783041530068,845.1160135676759,21.49261000459427,1.0,198.0,50,200,550,263.0,ANANDPUR SAHIB
39092,Rurkee Kham (82),S.A.S Nagar,30.71452,76.73604,39092,1900.4162996795271,1898.7198486328125,0.4690471827145335,0.0983964295060053,1.303744942572605,-0.4829038268239023,-0.0310505210989512,814.0134456565278,22.43804828433952,1.0,50.0,50,50,335,190.0,MAJRI
32443,Raju Majra (383),Shahid Bhagat Singh Nagar,31.0824451,76.24694,32443,1897.716766203256,1898.7196044921875,0.7483464321178601,0.2482990872384867,2.50146796663159,-0.6618812742854588,-0.2066509548862093,816.9826282263575,22.18713304462607,0.1388571934988166,131.0,30,41,231,166.0,BALACHAUR
39000,Sangatpura (146),S.A.S Nagar,31.0990982,76.55196,39000,1897.239133253796,1898.7193603515625,0.4321352301575803,0.0909164948297428,1.0262297161790237,-0.4759413900500313,-0.0070854193039526,824.157828371753,22.03374054833552,1.0,1.0,10,6,224,194.0,MAJRI
27789,Toor (8),GURDASPUR,31.8738747,75.42759,27789,1899.0041027134257,1898.71923828125,0.4306257824362032,0.1400869985917161,1.0903632518096782,-0.4448417748255864,-0.0516670135636829,1103.7835122955275,22.015809266954943,0.8923550006351326,147.0,10,10,34,246.0,DINANAGAR
31926,Gandhowal (291),HOSHIARPUR,31.4070854,76.0359955,31926,1898.5930170561005,1898.714599609375,0.4390787526774162,0.071445380134443,1.2207239003908212,-0.4642503841584988,-0.0117438474191129,837.0815011670487,22.19709611623847,0.9008594753793558,96.0,14,20,57,102.0,MAHILPUR
28268,Raowal (323),GURDASPUR,32.04129,75.4023056,28268,1900.5659178445333,1898.7130126953125,0.5693686883274313,0.205547896345398,1.5581750943463348,-0.5436584815440632,-0.1257843135719636,1097.3557326009172,22.113313286249365,1.0,53.0,120,60,135,65.0,GURDASPUR
32422,Sabhuwal (410),Shahid Bhagat Singh Nagar,31.0630627,76.31261,32422,1899.7157356749287,1898.7061767578125,0.5276254312339977,0.111348848308441,1.4665270191731998,-0.5173541348131199,-0.051034514563097,844.7756114413636,22.646918597549643,1.0,49.0,30,30,92,59.0,BALACHAUR
27863,Shahpur (298),GURDASPUR,32.0,75.48866,27863,1898.4235806556355,1898.7000732421875,0.6013617103721429,0.2195696043530277,1.7171740119136785,-0.5581745692671015,-0.1475217239833541,1097.3557326009172,22.113313286249365,1.0,109.0,0,50,96,124.0,DHARIWAL
31073,Taggar Khurd (211),HOSHIARPUR,31.9459457,75.82643,31073,1897.71796763484,1898.6968994140625,0.5710572695388011,0.2018017038069999,2.088269026437485,-0.5267158592064503,-0.1353052375055402,1187.6022311856646,22.08084163640433,1.0,80.0,42,62,100,89.0,MUKERIAN
38584,Bhanupali (353),RUPNAGAR,31.2432442,76.45782,38584,1898.943185791195,1898.696533203125,0.4516620691421358,0.0620499398050633,1.195441076973035,-0.475358283484774,-0.0001120052571648,845.1160135676759,21.49261000459427,1.0,98.0,240,242,302,114.0,ANANDPUR SAHIB
27824,Thakarpur (29),GURDASPUR,32.10811,75.30138,27824,1895.6594093462568,1898.6959228515625,0.6541648040915233,0.2609861283262393,2.062309081983723,-0.5885617656548691,-0.1960747421590792,1116.9335886147592,21.990576500857262,0.8917950061989964,57.0,55,55,72,65.0,DORANGLA
38580,Kalitran (351),RUPNAGAR,31.2432442,76.47889,38580,1899.708123102916,1898.6956787109375,0.4748476733857605,0.0748015866388143,1.2084041542706176,-0.4885759172958965,-0.0136454432791533,845.1160135676759,21.49261000459427,0.9769283601169992,118.0,75,180,380,316.0,ANANDPUR SAHIB
31929,Painsra (288),HOSHIARPUR,31.4127216,75.9821548,31929,1898.754024592052,1898.6937255859375,0.4632390918749647,0.0923062895685561,1.2543198419428614,-0.4784540185359747,-0.0271881944392031,830.0947230060141,22.254230138830984,1.0,246.0,35,65,172,267.0,GARHSHANKAR
38637,Ahmedpur (19),RUPNAGAR,31.0270271,76.62014,38637,1898.4583378318111,1898.6875,0.4924306302119904,0.1398986049245014,1.3005149476704918,-0.4920641792655554,-0.0626412397265778,819.4475713183778,22.333564912274483,1.0,30.0,50,10,60,65.0,RUPNAGAR
28231,Hayat Nagar (236),GURDASPUR,32.0416946,75.29364,28231,1900.910706419796,1898.6837158203125,0.5433839655933119,0.1794284445312833,1.5948799060401193,-0.5143752568319699,-0.1077787860641504,1115.8266043626288,21.98829884585124,0.9999740254379916,466.0,1500,60,670,514.0,GURDASPUR
38433,Saupur (500),RUPNAGAR,31.45946,76.3169556,38433,1903.0263135380883,1898.6834716796875,0.4924408815291038,0.0715020541444594,1.205130179266378,-0.511532277733195,-0.0075424346484716,823.4495716520918,21.791797601633256,1.0,112.0,65,65,105,142.0,NURPUR BEDI
31096,Mahiul-Dinpur Dalel (234),HOSHIARPUR,31.9459457,75.6141,31096,1898.8246668102088,1898.6807861328125,0.6010713343353222,0.2356124444851209,1.8202497306799,-0.5581531229413517,-0.1606941578024766,1188.9078885054823,22.079452493102924,1.0,205.0,70,100,120,570.0,MUKERIAN
31078,Dad (340),HOSHIARPUR,31.9459457,75.82643,31078,1898.769960494824,1898.678955078125,0.5989504109963947,0.2336384174643417,1.895866613405161,-0.5516779775182115,-0.1623801921728949,1187.6022311856646,22.08084163640433,1.0,73.0,12,37,60,79.0,MUKERIAN
38636,Dugri (346),RUPNAGAR,31.0810814,76.55849,38636,1898.5595011987511,1898.677734375,0.5231988902144618,0.1292644379941522,1.421596425466246,-0.5186313877338196,-0.0598214631275336,819.4475713183778,22.333564912274483,0.9989303059347956,68.0,60,60,260,180.0,RUPNAGAR
31925,Raniala (292),HOSHIARPUR,31.40701,76.0357361,31925,1898.5132801872285,1898.676513671875,0.4155733467766727,0.0323725957610962,1.1806449015434128,-0.4408907924434877,0.01746460857422,837.0815011670487,22.19709611623847,0.84193907430154,127.0,27,45,104,188.0,MAHILPUR
27787,Kukar (11),GURDASPUR,32.09009,75.4353943,27787,1899.2697679007488,1898.6737060546875,0.603759420134799,0.2432607539558741,1.631007152280881,-0.5626290442064015,-0.1601403810321598,1110.4655656030077,22.012461494917147,1.0,88.0,0,5,10,93.0,DINANAGAR
31568,Chak Gujjran (234),HOSHIARPUR,31.5315323,75.9107361,31568,1899.5238419583368,1898.671875,0.4775501521716838,0.0867207479377299,1.4088880573143268,-0.4785638772451523,-0.0318723842596375,888.9241028668295,22.31621492348883,0.840830445969784,176.0,25,25,245,246.0,HOSHIARPUR-I
31705,Sandhra (169),HOSHIARPUR,31.5315323,75.80504,31705,1898.353293059794,1898.6644287109375,0.449198496115372,0.0818003719062525,1.307495701037795,-0.4535315064160825,-0.0208801883988403,788.4978595187562,22.42155105340902,1.0,124.29,70,70,283,344.0,HOSHIARPUR-I
38623,Lohgarh Fidey(23),RUPNAGAR,31.0990982,76.55196,38623,1898.3738512271257,1898.65966796875,0.4542600112459538,0.0956596615205278,1.2040102916993876,-0.4717711209160368,-0.0228481975173141,819.4475713183778,22.333564912274483,1.0,122.0,20,80,195,144.0,RUPNAGAR
38341,Gochar (484),RUPNAGAR,31.2655849,76.3469238,38341,1897.969244196668,1898.656005859375,0.650811822952065,0.1689731416414334,2.0085009360354817,-0.5929034419297826,-0.12354380635636,835.4418279223606,21.698076295505484,0.3876181919321086,150.0,70,100,200,322.0,NURPUR BEDI
27950,Gadi Khurd (70),GURDASPUR,31.8558559,75.2219238,27950,1899.615185935788,1898.652099609375,0.131102405018528,0.019344193399607,0.2946373376124344,-0.204966164600112,0.0846193993756599,1160.8555111100573,22.030522602049302,0.5972871636010716,1.0,0,0,5,48.0,KALANAUR
31435,Lalowal (505),HOSHIARPUR,31.6576576,75.78074,31435,1897.925871139597,1898.6513671875,0.501504608454128,0.1169454725861619,1.5024751635240463,-0.4859955192043916,-0.0566727860747491,959.276372473468,22.438470679153,1.0,120.0,53,71,85,131.0,BHUNGA
32419,Mehndipur (401),Shahid Bhagat Singh Nagar,31.0630627,76.29157,32419,1899.917395320472,1898.6497802734375,0.5158947556653443,0.0944739560369098,1.4439808233864273,-0.510964071273213,-0.0378060958829384,815.3098317792313,22.24475471229374,1.0,116.0,15,15,55,201.0,BALACHAUR
30880,Darapur (52),HOSHIARPUR,31.6576576,75.78074,30880,1895.9222999384967,1898.643798828125,0.5514176161564849,0.1588058620477032,1.599318282810064,-0.5306539788167243,-0.0930398315377429,969.5765505988531,22.359343102917155,1.0,298.0,0,67,196,360.0,BHUNGA
28222,Ram Nagar (327),GURDASPUR,32.04124,75.29328,28222,1900.8690472721487,1898.63671875,0.5567244682765332,0.191734903548243,1.579687541242459,-0.5287138257065399,-0.1196412189583049,1108.1129733442483,21.98718971185012,1.0,250.0,200,60,386,242.0,GURDASPUR
30883,Jhambowal (50),HOSHIARPUR,31.72973,75.75488,30883,1894.2669584853527,1898.6328125,0.6148691284345301,0.1906524929553067,1.759634902915318,-0.581111762899058,-0.1275844895333987,987.988719623317,22.217897946298365,1.0,1.0,63,49,109,132.0,BHUNGA
31660,Mundian Jattan (113),HOSHIARPUR,31.54955,75.9888153,31660,1901.2343189339829,1898.6304931640625,0.493082875182399,0.1257813988838091,1.4155702754275643,-0.4919660039609075,-0.0591742447278528,843.1760418432085,22.486606802154192,1.0,40.0,40,40,90,97.0,HOSHIARPUR-I
32019,Sekhowal (493),HOSHIARPUR,31.2432442,76.33137,32019,1898.054710951135,1898.629638671875,0.7277238225877156,0.2236957269967499,2.2843680125710497,-0.6491579095230282,-0.181242658069693,843.0933720637228,21.67060841677368,0.415781908814993,30.0,42,30,57,916.0,GARHSHANKAR
31931,Saila Khurd (285),HOSHIARPUR,31.4127369,75.98213,31931,1898.0687282306649,1898.61669921875,0.4142495756146734,0.0487342169953274,1.1322329043510315,-0.4420522759904402,0.0098290727546667,837.0815011670487,22.19709611623847,0.9854966450287224,95.0,150,150,755,159.0,GARHSHANKAR
28279,Chuharpur (637),GURDASPUR,32.0360374,75.41209,28279,1897.944256462251,1898.614013671875,0.6154202655068418,0.2160057617743676,1.828529755455796,-0.559768237500286,-0.1484740018709552,1135.595315973987,22.065727221775774,1.0,33.0,12,10,40,36.0,DINANAGAR
31868,Pathrala (307),HOSHIARPUR,31.35377,75.9904861,31868,1899.5775340857865,1898.6124267578125,0.4483200067677162,0.0847693646815898,1.160090414140302,-0.4769757718325229,-0.0109459758939473,810.2588082051834,22.47674371028292,1.0,78.0,20,30,77,99.0,MAHILPUR
32593,Hussainpura (99),FATEHGARH SAHIB,30.738739,76.36895,32593,1899.128060094156,1898.610595703125,0.4957454351729609,0.2340942049875608,1.173189696180539,-0.5219959494259949,-0.1178613888097639,940.4647507682892,22.881019071203102,1.0,124.0,30,30,70,133.0,BASSI PATHANA
38555,Chhotewal (259),RUPNAGAR,31.2432442,76.47889,38555,1898.388440448688,1898.6099853515625,0.4404670157779655,0.0383945248649755,1.069145418175364,-0.4761981105804591,0.0233832115236671,846.6794348577602,21.53967109458902,0.9889074602319587,134.0,20,20,260,157.0,ANANDPUR SAHIB
32496,Khurdan (230),Shahid Bhagat Singh Nagar,31.2252254,76.2536,32496,1900.0560731572543,1898.609375,0.5046355654574447,0.0854734294525111,1.353914666185564,-0.5157497493111467,-0.0257191353429895,836.8784268409929,21.89679611750361,0.8323356537219685,107.0,70,95,103,124.0,SAROYA
31851,Rampur (318),HOSHIARPUR,31.4070225,76.03592,31851,1897.8274526496027,1898.6087646484375,0.4991088749310369,0.0867157227833289,1.2828582070292556,-0.5133881332175486,-0.0239524115844514,951.2888136317628,21.84905820779653,0.9824791354204764,314.0,87,56,300,461.0,MAHILPUR
38482,Jhandian (515),RUPNAGAR,31.0810814,76.55849,38482,1898.22729778128,1898.603759765625,0.6379305135162779,0.1666946511285283,1.8442584376103908,-0.5958460451029627,-0.1144273160059221,804.5869105377014,22.388478407367497,0.452750701287158,2.4,102,100,182,367.0,NURPUR BEDI
31611,Kotla Naudh Singh (143),HOSHIARPUR,31.5855846,75.89128,31611,1895.029362010844,1898.599609375,0.4828166549703481,0.0996394459135945,1.415861513394618,-0.4744530157572276,-0.0436797562190442,866.4081978275342,22.494331901904346,1.0,0.01107,0,0,260,234.0,HOSHIARPUR-I
31581,Bassi Nau (180),HOSHIARPUR,31.5855846,75.89128,31581,1897.7516110465167,1898.5926513671875,0.4657237611547173,0.0564253269889274,1.3025095908108029,-0.4698810303501883,-0.0052338568517051,935.5591627766984,22.469599437629142,0.6435394871058411,11.0,40,40,302,26.0,HOSHIARPUR-I
28200,Nadala (647),GURDASPUR,32.0410576,75.2943344,28200,1896.713022971279,1898.5904541015625,0.6086626397359179,0.2096406306852699,1.7260957524841298,-0.5654825902408345,-0.1383740172944819,1135.595315973987,22.065727221775774,1.0,136.0,220,55,92,156.0,GURDASPUR
38582,Darauli (352),RUPNAGAR,31.2432442,76.47889,38582,1898.1307876872088,1898.5863037109375,0.4911412374030943,0.0843835059018008,1.302293317070433,-0.4913150110516586,-0.0337045464684966,845.1160135676759,21.49261000459427,0.9317259944111608,100.0,150,160,410,457.0,ANANDPUR SAHIB
27964,Shahur (78),GURDASPUR,0.0,0.0,27964,1897.398175434958,1898.5858154296875,0.578076922612667,0.228791186855628,1.6910901459917511,-0.5411646626991575,-0.1484121238444578,1160.8555111100573,22.030522602049302,1.0,585.0,0,200,258,546.0,KALANAUR
31650,Allowal (136),HOSHIARPUR,31.5315323,75.889595,31650,1898.6038880878275,1898.5794677734375,0.4410053657217623,0.0785760899500166,1.1963106083942696,-0.4545592133241033,-0.0157133891571213,846.6854783704179,22.501385909822545,1.0,659.49,15,50,253,289.0,HOSHIARPUR-I
31574,Akhlaspur (374),HOSHIARPUR,31.5943184,75.87488,31574,1897.9621789611945,1898.5738525390625,0.3393592114031092,-0.0115258629181686,0.9588695406964256,-0.3674709920886242,0.0556804356808228,925.6433687312278,22.43593966915393,0.0,22.0,22,30,86,65.0,HOSHIARPUR-I
38440,Jatpur (392),RUPNAGAR,31.1711712,76.42063,38440,1900.7819627014,1898.5732421875,0.457963174554047,0.0481866793803562,1.1028947464275458,-0.4867412409207108,0.0149594011246802,817.4521270205872,21.85415734445013,1.0,2.4,50,25,50,238.0,NURPUR BEDI
38639,Balawalpur (20),RUPNAGAR,31.0990982,76.59405,38639,1899.475856146784,1898.57275390625,0.5511043133242508,0.1571723874552855,1.5951774711395603,-0.5197113777012595,-0.0962127230120183,819.9993341444174,22.34971839025064,0.8984886743391817,33.0,7,30,75,57.0,RUPNAGAR
31614,Bhola (148),HOSHIARPUR,31.53794,75.8924942,31614,1896.6088286949432,1898.560791015625,0.4428856551680894,0.0810703417392212,1.1762534529566508,-0.4525864025584173,-0.0144518135464196,846.6854783704179,22.501385909822545,1.0,12.14,0,0,1,36.0,HOSHIARPUR-I
31863,Ladhewal (311),HOSHIARPUR,31.40705,76.035675,31863,1899.2847696127944,1898.560546875,0.4584205557328701,0.0833020844679678,1.2004245969638785,-0.4844780885636689,-0.0137180047713637,951.2840993565763,21.84907251209624,1.0,121.0,7,25,96,154.0,MAHILPUR
31692,Kandiana (158),HOSHIARPUR,31.5315323,75.889595,31692,1897.799068003207,1898.559326171875,0.4807073386030669,0.1046207794764011,1.3772235047754977,-0.4815777069679307,-0.0392886557913562,788.4978595187562,22.42155105340902,1.0,74.49,90,90,309,212.0,HOSHIARPUR-I
28920,Tapalan (455),GURDASPUR,32.0180168,75.03599,28920,1897.8285440147813,1898.5589599609375,0.5343929577892601,0.2018362345241565,1.4765600754963173,-0.5130090136576898,-0.118582302532767,1136.3471540620226,22.16224381140933,1.0,152.0,30,30,50,176.0,DERA BABA NANAK
31644,Giganwal (152),HOSHIARPUR,31.54955,75.9888153,31644,1897.7877071332405,1898.5587158203125,0.4141114499983197,0.0557653337117826,1.144638904042416,-0.4272815504622135,0.0028433388534457,846.6854783704179,22.501385909822545,1.0,120.0,150,150,250,174.0,HOSHIARPUR-I
38732,Akalgarh Urf Burjwala (202),RUPNAGAR,30.8288288,76.56642,38732,1900.7694062799733,1898.55859375,0.529773900293611,0.1519263859861479,1.453197102021112,-0.5163757400871312,-0.0776313658393702,884.4000491311448,22.16996411897884,1.0,2.47,10,2,125,200.0,RUPNAGAR
27763,Adalatgarh (131),PATHANKOT,32.27027,75.52089,27763,1897.887132568417,1898.5540771484375,0.497805070729233,0.1371718112636033,1.387332351208661,-0.4895208191716265,-0.0682070743588359,1075.4182877948183,22.03002051327053,1.0,56.0,0,40,60,217.0,NAROT JAIMAL SINGH
28193,Kalijpur (671),GURDASPUR,32.10811,75.47155,28193,1898.8989226178107,1898.553955078125,0.5131314760151706,0.1465551473371804,1.3179968528386412,-0.5169521169975044,-0.0698519199464335,1097.3557326009172,22.113313286249365,1.0,494.0,150,50,700,560.0,DINANAGAR
30936,Keharwali (132),HOSHIARPUR,31.8378372,75.71625,30936,1897.92832036758,1898.5537109375,0.4103713766753992,0.0682631789623894,1.220301121145812,-0.422918471928799,-0.0097471639534775,1121.7783483674425,22.15049259431709,0.7985223613282201,84.0,14,8,35,136.0,DASUYA
31583,Bassi Muda (179),HOSHIARPUR,31.5675678,75.89776,31583,1897.056980466959,1898.5528564453125,0.4114827680790185,0.0526311032766854,1.1730563490469346,-0.4267012678200285,0.004304845066566,935.5591627766984,22.469599437629142,0.9905410940756632,200.0,11,10,190,40.0,HOSHIARPUR-I
31836,Sarangwal (330),HOSHIARPUR,31.40697,76.03573,31836,1898.3764634813008,1898.5426025390625,0.4408309458334967,0.0582023443098232,1.111920137262406,-0.4709512946045106,0.0063330616435873,951.2888136317628,21.84905820779653,1.0,180.0,142,120,345,117.0,MAHILPUR
30836,Shekhpur Khurd (7),HOSHIARPUR,31.6936932,75.78898,30836,1898.6961028976227,1898.5411376953125,0.5374126176100056,0.1449705371703014,1.6004200903868302,-0.5188692845873377,-0.0822524972688497,1047.0305149991818,22.282957063013857,1.0,3.0,5,3,6,34.0,BHUNGA
39094,Jakar Majra (80),S.A.S Nagar,30.7144375,76.73592,39094,1900.353170669805,1898.533935546875,0.4018103579546594,0.0548234818404843,0.9527133507890888,-0.450557811055368,0.0217098174935378,814.0134456565278,22.43804828433952,1.0,52.0,50,50,137,89.0,MAJRI
31713,Talwandi Kanungoian (198),HOSHIARPUR,31.5315323,75.889595,31713,1899.540060861479,1898.5333251953125,0.4452129643430288,0.0815334077698439,1.3421529229513345,-0.4443267763455952,-0.0234285912993008,788.4978595187562,22.42155105340902,1.0,264.29,25,30,205,122.0,HOSHIARPUR-I
27761,Rajpur Rajputan (132),PATHANKOT,32.27027,75.49958,27761,1897.801751451426,1898.5323486328125,0.4599526716726063,0.1088991096355788,1.2404096187228686,-0.4509031543191433,-0.0462168063358673,1075.4182877948183,22.03002051327053,1.0,68.0,0,25,52,72.0,NAROT JAIMAL SINGH
38353,Spalwan (479),RUPNAGAR,31.45946,76.3169556,38353,1897.8513732604504,1898.531005859375,0.5809192011028536,0.1484723730496867,1.551451648151909,-0.5553485442763547,-0.0875118627200696,853.0463515412029,21.731323876171725,0.9291129172958228,300.0,55,55,75,243.0,NURPUR BEDI
31621,Lachowal (183),HOSHIARPUR,31.5581474,75.84971,31621,1898.455065674548,1898.5308837890625,0.4688946337706364,0.0805546855419658,1.2653907847191328,-0.4794476920509389,-0.0176736617954349,935.5591627766984,22.469599437629142,0.799304832059678,60.34,435,0,200,164.0,HOSHIARPUR-I
27818,Alowal (19),GURDASPUR,32.09009,75.4353943,27818,1897.429550452106,1898.5284423828125,0.2710104417981392,0.0565377452582846,0.690848761419118,-0.3045678810463925,0.0287367687075503,1110.4655656030077,22.012461494917147,0.5551193289017649,2.0,0,0,1,95.0,DINANAGAR
27852,Awankha (286),GURDASPUR,32.1261253,75.48645,27852,1896.097424099623,1898.528076171875,0.519225968679752,0.1605883929050243,1.4420169103508262,-0.5019018712999531,-0.0900209529870221,1094.779555436665,22.071548549082063,0.9123672702172788,965.0,500,946,1990,1130.0,DINANAGAR
32036,Ghagon Roranwali (259),HOSHIARPUR,31.1986523,76.1572647,32036,1899.064042423088,1898.5263671875,0.5105644805822531,0.1165699940861312,1.3706819319698529,-0.5186247350173935,-0.0483744934754216,851.4699283053773,22.057530697916604,1.0,145.0,79,90,270,174.0,GARHSHANKAR
31615,Pandori Khajoor (151),HOSHIARPUR,31.54955,75.8831,31615,1897.362022107268,1898.5234375,0.4251628992046091,0.0565385628891213,1.1548168258126104,-0.4412759957358581,0.0032832338162749,846.6854783704179,22.501385909822545,1.0,417.43,35,45,150,208.0,HOSHIARPUR-I
38345,Mahain (358),RUPNAGAR,31.2252254,76.50645,38345,1897.583867665031,1898.522216796875,0.4811908192002686,0.0945867268193995,1.2714474634363144,-0.4853284657100614,-0.0287209634798655,845.1160135676759,21.49261000459427,0.9396824977722036,199.0,0,100,303,202.0,ANANDPUR SAHIB
31968,Lallian (130),HOSHIARPUR,31.5135136,75.7481461,31968,1899.2359586111995,1898.5184326171875,0.5142632448385239,0.1436055213505981,1.3541663063035354,-0.5164376546328505,-0.0688531165262975,824.7937652280228,22.51144758387028,0.921623027228634,111.0,65,55,203,121.0,GARHSHANKAR
38545,Kulgraon (264),RUPNAGAR,31.2432442,76.47889,38545,1900.337802123236,1898.5164794921875,0.436725794680143,0.0788300591005,1.0471235134941683,-0.4735575876154941,-0.0021985383930051,845.1160135676759,21.49261000459427,1.0,120.0,150,150,220,68.0,ANANDPUR SAHIB
31077,Lola (239),HOSHIARPUR,31.9459457,75.82643,31077,1898.3451721344773,1898.5142822265625,0.6144409049634556,0.2557431379042271,1.9096512813583544,-0.5632114388508885,-0.1782864056134608,1187.6022311856646,22.08084163640433,1.0,49.0,14,78,138,57.0,MUKERIAN
30749,Baja Chak (197),HOSHIARPUR,31.8378372,75.71625,30749,1897.5563221941045,1898.511962890625,0.5875650920966018,0.2093582797052252,1.842308697743552,-0.5408964215638248,-0.1420341941894774,1187.6022311856646,22.08084163640433,1.0,174.0,10,40,210,209.0,DASUYA
28943,Mahal Nangal (467),GURDASPUR,32.0360374,75.0294952,28943,1900.099848946836,1898.5091552734375,0.5258204330309674,0.1989245573194762,1.3300378845884302,-0.5176419000762487,-0.1048485842387829,1115.0650176217457,22.23160584795756,1.0,71.0,25,30,52,82.0,DERA BABA NANAK
38649,Dhaloh (347),RUPNAGAR,31.0270271,76.62014,38649,1896.8120748186595,1898.508056640625,0.66765008575523,0.1839260105069703,2.0258972147150485,-0.6107760178725585,-0.1335563087101128,819.4475713183778,22.333564912274483,1.0,15.0,12,20,23,247.0,RUPNAGAR
32440,Takarla (388),Shahid Bhagat Singh Nagar,31.0824451,76.24694,32440,1899.0708720649056,1898.4969482421875,0.6196756039346838,0.1455968738268281,1.837328678857362,-0.5816698642748094,-0.0952453990313469,815.3119025893035,22.244747889662747,0.3969369502401731,466.0,2,0,61,775.0,BALACHAUR
38783,Kulian (95),RUPNAGAR,30.9009018,76.41402,38783,1898.0815360292256,1898.488525390625,0.5571641746170557,0.1758397308814626,1.5475298695943631,-0.544022115415737,-0.1031344155339819,916.721189301242,22.821435243015912,1.0,90.0,24,0,68,102.0,CHAMKAUR SAHIB
31638,Lohar Kangnan (185),HOSHIARPUR,31.6084175,75.86644,31638,1898.761004130608,1898.4793701171875,0.459114739461758,0.0942008307145558,1.330197459169272,-0.4610141873859791,-0.0313999867407577,845.3127619134576,22.4995025087939,1.0,69.0,10,10,82,91.0,HOSHIARPUR-I
38573,Palsari (347),RUPNAGAR,31.2432442,76.45782,38573,1899.9449117280053,1898.4793701171875,0.4726466500449417,0.0792442886581758,1.2948374358455574,-0.4703709126405581,-0.0244992561641712,845.1160135676759,21.49261000459427,0.972066951740906,66.0,20,10,80,120.0,ANANDPUR SAHIB
32008,Shahpur (359),HOSHIARPUR,31.5135136,75.7481461,32008,1899.4432010587168,1898.47607421875,0.5829217499146774,0.1294763646210322,1.6996990280355229,-0.5546857765225067,-0.0770068184843317,851.4699283053773,22.057530697916604,1.0,18.0,35,17,103,213.0,GARHSHANKAR
32442,Bhanewal (384),Shahid Bhagat Singh Nagar,31.1171169,76.35603,32442,1898.7907187869453,1898.4757080078125,0.6005809360428733,0.1381683112262336,1.7250557362302967,-0.5722671303373316,-0.0845735745379425,815.722061356966,22.24339655305621,0.4207362514149552,400.0,20,54,87,62.0,BALACHAUR
39083,Boothgarh (155),S.A.S Nagar,30.8288288,76.67133,39083,1898.3979801152063,1898.47412109375,0.4440888001906645,0.0968061527174354,1.1314844590963569,-0.4658267191876451,-0.0199457953389111,814.0134456565278,22.43804828433952,1.0,90.0,72,72,108,133.0,MAJRI
27948,Behalpur (65),GURDASPUR,31.8558559,75.2219238,27948,1898.6034648480736,1898.4683837890625,0.6454102458031408,0.2641919351896195,2.041125356775804,-0.579159544630903,-0.1940970598879557,1160.8555111100573,22.030522602049302,1.0,2.0,0,0,5,107.0,KALANAUR
32014,Majari (475),HOSHIARPUR,31.2972965,76.2696838,32014,1898.867042375502,1898.4647216796875,0.5660952177982086,0.1062520801021228,1.5465769305532495,-0.5587710635914688,-0.0535995754880873,853.9923819711106,21.75980066837434,1.0,60.0,102,0,170,162.0,GARHSHANKAR
38640,Malikpur (35),RUPNAGAR,30.9729729,76.51368,38640,1899.3067803608128,1898.46240234375,0.5163536955331541,0.1180890790204644,1.51141693923318,-0.4950658189701382,-0.0578077391828513,820.360923610475,22.36030432899036,0.7918994672921377,150.0,35,1,270,134.0,RUPNAGAR
38624,Rawal Majra (22),RUPNAGAR,31.0990982,76.55196,38624,1898.0431603861605,1898.45654296875,0.5310850356458676,0.1431664693043267,1.520849122230505,-0.5115762779594326,-0.0762786256672331,819.4475713183778,22.333564912274483,0.8550441518186176,49.0,33,30,33,49.0,RUPNAGAR
32433,Balowal Saunkhari (394),Shahid Bhagat Singh Nagar,31.1531525,76.30083,32433,1899.2665607226784,1898.4559326171875,0.6540069584495115,0.1763659555218548,1.978026602611414,-0.6012193336579302,-0.1266090992610823,815.3098317792313,22.24475471229374,0.4314352918898137,241.0,4,5,14,1454.0,BALACHAUR
31924,Bharatpur Jattan (293),HOSHIARPUR,31.2292671,76.13244,31924,1897.995414030008,1898.451416015625,0.4411121313421257,0.0590015715227649,1.192454592279896,-0.4674108688698639,0.0020052517419151,837.0815011670487,22.19709611623847,0.9447782740003182,121.0,69,60,95,232.0,GARHSHANKAR
32033,Chak Gujran (362),HOSHIARPUR,31.1984577,76.15718,32033,1899.499466359252,1898.446533203125,0.6158372824694971,0.1487633005519502,1.8072357986223648,-0.5759677347013953,-0.09708481654242,851.4699283053773,22.057530697916604,1.0,2.47,25,19,42,260.0,GARHSHANKAR
27851,Manj (284),GURDASPUR,32.0,75.40368,27851,1896.0243027922857,1898.4462890625,0.6114534300061583,0.2496300188919652,1.722591762279144,-0.5668772992865346,-0.1680221682684063,1088.9113174154484,22.03912529478277,1.0,2.47,1,0,1,37.0,KAHNUWAN
39003,Mianpur (324),S.A.S Nagar,30.81081,76.59401,39003,1896.9826948337704,1898.44287109375,0.4622462087384662,0.1126946496444137,1.1494227134117143,-0.4864035278121524,-0.0306554964713806,824.157828371753,22.03374054833552,0.9942564194240576,340.0,29,130,400,281.0,MAJRI
31846,Jhanjowal (299),HOSHIARPUR,31.4069881,76.03575,31846,1898.1776091178613,1898.4296875,0.4861099125936073,0.0756658851065224,1.22217277154064,-0.5141848135307007,-0.010678496570984,951.2888136317628,21.84905820779653,1.0,191.0,35,75,162,208.0,MAHILPUR
32006,Birampur (357),HOSHIARPUR,31.2432442,76.09955,32006,1898.674745965292,1898.4237060546875,0.5953029616256021,0.1387491669810377,1.7443811592157992,-0.5621292747995412,-0.0855149214139841,857.7521181833049,22.01533401231536,1.0,451.0,34,43,305,1280.0,GARHSHANKAR
27865,Samu Chak (296),GURDASPUR,32.10811,75.47155,27865,1897.4530320846827,1898.4212646484375,0.5717235811832033,0.1970537836793721,1.56801891543068,-0.5382391764975731,-0.1246980893572613,1097.3557326009172,22.113313286249365,1.0,280.0,60,50,225,321.0,DINANAGAR
27879,Mirpur (686),GURDASPUR,32.0,75.40368,27879,1895.568094929958,1898.41845703125,0.4132842394217273,0.186020299430894,1.0897427367424688,-0.3980021314603326,-0.0797366583431913,1117.235490958919,22.20887986177746,0.942923546475199,2.47,1,0,1,54.0,GURDASPUR
27872,Jharoli (694),GURDASPUR,32.0360374,75.39083,27872,1897.400074158613,1898.4168701171875,0.5367249340112296,0.1466261851578783,1.366124994370005,-0.5336928182890954,-0.0727627139061061,1106.1657512344188,22.155665074232413,1.0,612.0,15,36,70,674.0,DINANAGAR
27656,Taragarh (146),PATHANKOT,32.25225,75.52721,27656,1893.3971030199664,1898.4151611328125,0.5831223933691341,0.2187494961052236,1.64155009444684,-0.5460463816886709,-0.1393436758930465,1072.7854959240378,22.00878118072225,1.0,275.0,0,187,562,333.0,NAROT JAIMAL SINGH
31641,Pandori Bhawa (172),HOSHIARPUR,31.5315323,75.889595,31641,1898.4093866844985,1898.4141845703125,0.4424930239793239,0.0795815214598086,1.1927282973038038,-0.4597411094373261,-0.0129320038330177,821.7367497970977,22.46715563536536,1.0,232.18,25,35,75,102.0,HOSHIARPUR-I
38618,Gunu Majra (24),RUPNAGAR,31.0900249,76.54442,38618,1897.5363415119136,1898.4114990234375,0.502776955145783,0.1618945720613291,1.277400277371149,-0.510464931329434,-0.0742445189507276,819.7944602020086,22.343720474913923,1.0,65.0,25,50,76,83.0,RUPNAGAR
38429,Mawa (383),RUPNAGAR,31.18919,76.4773,38429,1899.5613548336344,1898.4112548828125,0.4362765071773421,0.0373636040607453,1.0438279865731557,-0.4694240969714031,0.0257767119932659,817.4521270205872,21.85415734445013,1.0,75.0,100,150,200,156.0,NURPUR BEDI
30998,Lamin (194),HOSHIARPUR,31.8738747,75.59733,30998,1897.9381617534664,1898.4110107421875,0.5698942140891545,0.2011608545729117,1.7759832745457875,-0.5321551331316033,-0.1335276183552913,1194.4106127517832,22.073597915179,1.0,93.0,25,55,272,162.0,DASUYA
28937,Chakanwali (456),GURDASPUR,32.0180168,75.03599,28937,1898.5618671068528,1898.4102783203125,0.5349046208323134,0.1925297392594183,1.4948626389857451,-0.5141271515345297,-0.112004572171741,1135.2934270791045,22.16567808360791,1.0,70.0,35,15,38,85.0,DERA BABA NANAK
32003,Hajipur (354),HOSHIARPUR,31.2432442,76.1417,32003,1897.806001036856,1898.407470703125,0.5625154867056972,0.1085125927619367,1.579250417204076,-0.548472305970786,-0.0548650075547847,861.6950606286281,21.99023402246321,0.9979833744696488,183.0,168,148,502,560.0,GARHSHANKAR
31707,Bhatha (193),HOSHIARPUR,31.5315323,75.889595,31707,1898.972586685388,1898.406982421875,0.487391341572432,0.1168909808276613,1.4005621067855747,-0.483217118055618,-0.053491123655484,788.4978595187562,22.42155105340902,1.0,26.0,20,20,30,76.0,HOSHIARPUR-I
27768,Ismailpur (126),PATHANKOT,32.216217,75.5185547,27768,1897.5994475436264,1898.405517578125,0.6312701168534519,0.2559661327378529,1.781676666834361,-0.5891453277499772,-0.1762617162847042,1075.4182877948183,22.03002051327053,1.0,36.0,0,1,2,55.0,NAROT JAIMAL SINGH
28202,Lahri Viran (651),GURDASPUR,32.0841866,75.41816,28202,1898.273975242078,1898.4033203125,0.5391975120459491,0.1798306034349149,1.435826095978695,-0.5284232621042488,-0.099336665955147,1097.3557326009172,22.113313286249365,1.0,105.0,0,50,57,117.0,DINANAGAR
31640,Sehjowal (171),HOSHIARPUR,31.6961231,75.78239,31640,1898.5840145603488,1898.3985595703125,0.4722936245370194,0.0920373196552845,1.3240491260113272,-0.4750276056279919,-0.0306095923512204,794.5705094810464,22.429882879790995,1.0,25.0,65,0,100,176.0,BHUNGA
30811,Ralhan (73),HOSHIARPUR,31.8018017,75.6655045,30811,1899.423759662146,1898.3924560546875,0.553966449563508,0.1759567469284961,1.699906242032804,-0.5225291683203788,-0.1115336494832506,1093.3727243988828,22.207644685174767,1.0,207.0,38,20,312,240.0,DASUYA
32429,Jandi (400),Shahid Bhagat Singh Nagar,31.0810814,76.36914,32429,1900.223059760997,1898.3858642578125,0.5635683103803605,0.1221555209257409,1.5554672085579009,-0.5437791342418911,-0.0635458102101716,815.3098317792313,22.24475471229374,1.0,90.0,11,91,155,90.0,BALACHAUR
30828,Kumpur (77),HOSHIARPUR,31.6756763,75.64723,30828,1899.883684510443,1898.3846435546875,0.4772978734250991,0.0988626581478031,1.3449511910756071,-0.4827181646415525,-0.0361719146341958,1080.9017758755936,22.22293206464344,1.0,0.1,5,5,76,82.0,TANDA
27969,Pakiwan (96),GURDASPUR,31.8558559,75.2219238,27969,1896.042339399787,1898.380615234375,0.524571241567788,0.1969155966124447,1.5509193224219846,-0.5022343881035224,-0.1170955513059295,1172.0646562983889,22.141834456036747,1.0,139.0,46,100,167,171.0,KALANAUR
31719,Mandial (204),HOSHIARPUR,31.54955,75.8831,31719,1900.443926632098,1898.3758544921875,0.4687991158616444,0.1040601250861294,1.4153732751000885,-0.4607009431870033,-0.0442140515388302,788.4978595187562,22.42155105340902,1.0,177.84,32,35,212,104.0,HOSHIARPUR-I
31079,Bhatian Jattan (247),HOSHIARPUR,31.90991,75.71182,31079,1899.308326805396,1898.3671875,0.5966821735655785,0.2175083235079165,1.890400340675464,-0.5484224245879409,-0.1501272811225987,1187.6022311856646,22.08084163640433,1.0,110.0,100,85,150,123.0,MUKERIAN
32445,Shahbazpur (380),Shahid Bhagat Singh Nagar,31.0630627,76.31261,32445,1898.542908890196,1898.3648681640625,0.671239750437851,0.1885894476068297,2.110316934346385,-0.6127549986643843,-0.1425772778335189,829.2178388535913,21.888578236747005,0.3798046787351806,147.0,8,65,102,199.0,BALACHAUR
38659,Bagwali (358),RUPNAGAR,30.9729729,76.53469,38659,1898.59944262644,1898.3646240234375,0.5357372919072115,0.1528825059549698,1.4572039394996756,-0.5342608003006093,-0.0769047016498311,841.7009656213617,22.277513579298525,1.0,9.0,14,10,53,169.0,RUPNAGAR
38436,Nurpur Khurd (503),RUPNAGAR,31.1711712,76.3995743,38436,1898.643726323994,1898.3604736328125,0.7015136891901198,0.2130110613835796,2.104557207023834,-0.6367103345429812,-0.1653385540263605,816.7537186680139,22.15262984911068,0.342429961173004,158.0,55,15,160,929.0,NURPUR BEDI
38745,Ramgarh Alias Dekwala (203),RUPNAGAR,30.8288288,76.56642,38745,1901.0138761496823,1898.3572998046875,0.5220951726760334,0.1241603648580277,1.4076234560608156,-0.5207977753268399,-0.0544106997213317,884.4000491311448,22.16996411897884,1.0,90.0,25,2,118,166.0,RUPNAGAR
31226,Chanaur (397),HOSHIARPUR,32.0,75.61614,31226,1891.9143096522023,1898.3494873046875,0.6278504343648056,0.2338143972042351,1.870582215550636,-0.5789434361100452,-0.1617369995513979,1121.1506816556353,22.09689591121986,1.0,200.0,190,350,410,135.0,MUKERIAN
31140,Ghalian (252),HOSHIARPUR,31.9470921,75.616,31140,1899.493463381949,1898.3472900390625,0.5817971147368352,0.191287891326854,1.7903614166615665,-0.5370472268148907,-0.124276376721072,1186.435132388801,22.09240805629687,1.0,125.0,12,40,76,52.0,MUKERIAN
31072,Alipur (210),HOSHIARPUR,31.9639645,75.84131,31072,1897.5997273957664,1898.34033203125,0.6150264211283483,0.2384799245091775,1.954025665117919,-0.5635270805109778,-0.1697005976595346,1187.6022311856646,22.08084163640433,1.0,23.8,90,90,110,66.0,MUKERIAN
32518,Karimpur Dhiani (246),Shahid Bhagat Singh Nagar,31.1531525,76.30083,32518,1899.034066987232,1898.340087890625,0.4916649419376855,0.0767750813381523,1.3023460540480096,-0.5031183036794422,-0.0165869266134889,846.9676584244071,21.854286657404376,0.8868774328407575,85.0,110,159,275,183.0,SAROYA
31062,Devi Dass (198),HOSHIARPUR,31.9459457,75.8476639,31062,1897.1090700403088,1898.335205078125,0.604663452624257,0.2215531803688374,1.8711691237067791,-0.5585312297978056,-0.1510558473309393,1187.6022311856646,22.08084163640433,1.0,118.0,52,50,172,137.0,MUKERIAN
31953,Kukkaran (278),HOSHIARPUR,31.41278,75.98214,31953,1896.585561473235,1898.333251953125,0.4570787233959551,0.0642309904080486,1.1735371917889328,-0.4808973495791582,-0.0032584708301498,837.0815011670487,22.19709611623847,0.8443289737666212,358.0,200,200,348,393.0,GARHSHANKAR
32013,Kukowal (476),HOSHIARPUR,31.319437,75.94364,32013,1898.6155804813936,1898.3331298828125,0.6043057910681244,0.1299250802699633,1.6905573896631625,-0.5788738729724475,-0.0808774123632016,853.9923819711106,21.75980066837434,1.0,77.0,47,55,113,210.0,MAHILPUR
38995,Majra (332),S.A.S Nagar,30.8288288,76.67133,38995,1895.949760880109,1898.3277587890625,0.520528711141979,0.1100101459004091,1.3632089534726617,-0.5191977769535951,-0.0440736085584509,820.7048470224458,22.17136026468586,0.737141202663214,186.0,112,100,151,471.0,MAJRI
28278,Chandar Bhan (645),GURDASPUR,32.0412865,75.4023056,28278,1897.9369566229925,1898.3243408203125,0.6192011299372107,0.2341939685731231,1.847694063936032,-0.568046143131977,-0.1641210757082714,1135.595315973987,22.065727221775774,1.0,197.0,220,130,191,207.0,GURDASPUR
31599,Bure Rajputtan (86),HOSHIARPUR,31.5315323,75.889595,31599,1898.425950973311,1898.3231201171875,0.4587128688163426,0.0898399440283125,1.2840963495060735,-0.4697032708942568,-0.0262768829178087,846.6854783704179,22.501385909822545,1.0,247.0,25,19,48,109.0,HOSHIARPUR-I
27892,Chak Alia (674),GURDASPUR,32.1261253,75.46517,27892,1898.6621773633567,1898.3223876953125,0.5143576604259692,0.1348779280363813,1.3298771583555602,-0.5105108928625423,-0.0639172871829575,1097.3557326009172,22.113313286249365,1.0,167.0,35,0,172,195.0,DINANAGAR
31848,Halluwal (301),HOSHIARPUR,31.347496,75.97626,31848,1898.2333029243705,1898.3223876953125,0.4506973281645056,0.0631142390070147,1.1389810933037383,-0.4866092145014389,0.0045141521900626,951.2888136317628,21.84905820779653,1.0,207.0,100,100,301,239.0,MAHILPUR
32491,Kukar Suha (378),Shahid Bhagat Singh Nagar,31.15722,76.30162,32491,1898.6605419238665,1898.3035888671875,0.6863171505820345,0.1834530921387745,2.196331819274552,-0.6191545902863461,-0.141283110566574,834.352127302775,21.7023993827535,0.194224821485629,78.0,115,58,115,421.0,SAROYA
30707,Bhagian (34),HOSHIARPUR,31.6576576,75.69607,30707,1901.2095666586856,1898.3017578125,0.5000292153015427,0.1367840817497023,1.5214226318853623,-0.4838089476595946,-0.0733954660996481,959.276372473468,22.438470679153,1.0,0.1,0,0,100,78.0,TANDA
28195,Pandori Bainsan (649),GURDASPUR,32.0,75.40368,28195,1895.910596602077,1898.299560546875,0.6035396778167884,0.2308110221109151,1.7066247411981663,-0.56307349754692,-0.1529360652929751,1097.6946282407573,22.114942435617174,1.0,440.0,235,230,369,473.0,DINANAGAR
38960,Burana (327),S.A.S Nagar,30.8288288,76.5874,38960,1895.2242965244047,1898.2926025390625,0.5412641623456916,0.1113353114658418,1.411950186806269,-0.5325410955353931,-0.0453581987876321,824.157828371753,22.03374054833552,0.4144830407842781,80.0,6,6,6,318.0,MAJRI
31951,Bharatpur Rajputan (352),HOSHIARPUR,31.3202438,75.9759445,31951,1895.9249646634305,1898.2889404296875,0.6398025208511101,0.1581563639580477,1.8700703935080667,-0.594405163263745,-0.107623455867088,862.5153544356721,21.983339948702906,1.0,90.0,8,8,30,354.0,MAHILPUR
38549,Bhikhapur (256),RUPNAGAR,31.2432442,76.47889,38549,1901.8726701815488,1898.28515625,0.4141980697652471,0.0287314271281767,0.9945407165671504,-0.4593005530577452,0.0347499594192648,846.0539972771645,21.520844579654103,1.0,17.0,15,30,70,20.0,ANANDPUR SAHIB
31143,Miani Malahan (430),HOSHIARPUR,31.9459457,75.6141,31143,1899.9150689873188,1898.283447265625,0.6073930724443198,0.229941577970559,1.828749503629017,-0.5639629269773131,-0.1583456360483853,1158.777463824045,22.17092699067106,1.0,2.0,4,4,4,17.0,MUKERIAN
31945,Batthal (283),HOSHIARPUR,31.44144,76.0066147,31945,1897.7491598645631,1898.282470703125,0.4471568215071837,0.064552056637729,1.1431660535694097,-0.4721407966349509,-0.0013146007395134,837.0815011670487,22.19709611623847,1.0,117.0,50,50,57,127.0,GARHSHANKAR
31714,Taragarh (213),HOSHIARPUR,31.5315323,75.99529,31714,1899.247078360841,1898.2818603515625,0.4444945730399611,0.0595633589881895,1.2426689800797932,-0.4474256008606367,-0.0052507159376689,788.4978595187562,22.42155105340902,0.770590771884433,237.0,50,50,217,272.0,HOSHIARPUR-I
27794,Marara (2),GURDASPUR,32.07207,75.44179,27794,1895.4640703164791,1898.2764892578125,0.5594072421508121,0.1951951858470803,1.6197076484845463,-0.5237667613201467,-0.122890442419023,1075.4182877948183,22.03002051327053,1.0,65.0,20,35,60,510.0,DINANAGAR
28290,Kharian (634),GURDASPUR,32.0413,75.29369,28290,1897.2976667149792,1898.27490234375,0.6411173000052789,0.2184921652162266,1.9097440770148588,-0.5843743519358696,-0.1545729630517002,1135.595315973987,22.065727221775774,1.0,28.0,0,1,1,29.0,GURDASPUR
38387,Bhaini (382),RUPNAGAR,31.2655926,76.34685,38387,1901.2257950077008,1898.27392578125,0.4609067939589947,0.0591119221331271,1.1351196637426928,-0.4831723419944593,0.004905459452987,818.0282355853384,21.84816712959481,1.0,400.0,90,100,160,177.0,NURPUR BEDI
27968,Rose (94),GURDASPUR,0.0,0.0,27968,1897.0709782331205,1898.2689208984375,0.5790726965441108,0.2536859670913875,1.6960515477683424,-0.5404591563871445,-0.1656399234610458,1172.0646562983889,22.141834456036747,1.0,175.0,44,100,180,235.0,KALANAUR
28163,Tung (207),GURDASPUR,32.0416946,75.29364,28163,1899.922736439162,1898.2685546875,0.5481032400989139,0.1954819432852792,1.5952613593289628,-0.5208031683268964,-0.1204479809919592,1111.8038277189555,22.00163535098989,1.0,121.0,220,75,240,142.0,GURDASPUR
31061,Gaunspur (190),HOSHIARPUR,31.9459457,75.82643,31061,1897.0754728080449,1898.2650146484375,0.5692112660205908,0.1946307122134027,1.7447723887577151,-0.5339883146603411,-0.1253520268082148,1187.6022311856646,22.08084163640433,1.0,58.0,28,30,119,66.0,MUKERIAN
38627,Saini Majra (336),RUPNAGAR,31.0900249,76.54442,38627,1895.2105898214668,1898.2628173828125,0.5198246441468435,0.1144269694631973,1.383960549260859,-0.5104404394987446,-0.0527397597923807,819.4475713183778,22.333564912274483,0.999098806360884,140.0,20,12,208,185.0,RUPNAGAR
27821,Nithar (20),GURDASPUR,32.07207,75.4205246,27821,1897.815439701851,1898.2608642578125,0.5227650817609942,0.1478196293307773,1.5847904404541546,-0.4962983614278849,-0.0855069140300399,1110.4655656030077,22.012461494917147,0.9216021081908804,1.0,0,0,1,53.0,DINANAGAR
38586,Jindbari (355),RUPNAGAR,31.2628078,76.45583,38586,1897.4548146676343,1898.2589111328125,0.4667356669683648,0.069360756179622,1.1615277637362136,-0.4869941200796513,-0.0076386111688569,844.7972768731071,21.46767804727688,0.9999193624998068,150.0,240,240,310,656.0,ANANDPUR SAHIB
28192,Kot Bhalla (650),GURDASPUR,32.0841866,75.41816,28192,1898.7639427717424,1898.2589111328125,0.5376285485314529,0.1645988546225839,1.4180957958560927,-0.5293017876986734,-0.0888896767832749,1097.3557326009172,22.113313286249365,1.0,91.0,60,20,110,104.0,DINANAGAR
27654,Jani Chak (149),PATHANKOT,32.216217,75.56115,27654,1893.3626495211704,1898.2557373046875,0.5888510824121083,0.2055108607620159,1.7009768086675876,-0.5499709073727125,-0.1337191864014522,1071.568237263731,21.998961277459248,1.0,102.0,0,76,131,121.0,NAROT JAIMAL SINGH
38997,Manakpur Sharif (330),S.A.S Nagar,31.0990982,76.55196,38997,1896.8866573690043,1898.25537109375,0.4221549707571925,0.0818781841492163,1.0126492454507603,-0.4646338690120689,-0.0007228431701474,820.0554479770636,22.197242278917432,1.0,442.2,43,70,612,641.0,MAJRI
28924,Shahpur Goraya (433),GURDASPUR,32.0180168,75.03599,28924,1892.465576631433,1898.25341796875,0.5490492122133115,0.2277706841908192,1.4881989452668856,-0.5258743735219751,-0.1373198122826101,1136.3471540620226,22.16224381140933,1.0,300.0,100,100,295,506.0,DERA BABA NANAK
31849,Kaharpur (316),HOSHIARPUR,31.3396244,75.99403,31849,1898.4362842988985,1898.2532958984375,0.4853932221825017,0.0910121899224481,1.3122582405482388,-0.4962434440038644,-0.0291927822771919,951.2888136317628,21.84905820779653,1.0,178.0,32,25,208,265.0,MAHILPUR
32037,Chak Rautan (363),HOSHIARPUR,31.1986122,76.1572342,32037,1899.199586768388,1898.248291015625,0.4671839667628598,0.0570786689627965,1.199194084923247,-0.4929070474191883,0.0021851946175852,851.4699283053773,22.057530697916604,1.0,56.0,38,50,183,112.0,GARHSHANKAR
38437,Kartarpur (502),RUPNAGAR,31.3873882,76.36386,38437,1901.0012298025977,1898.244140625,0.5203652785961932,0.0940237092276495,1.3267694724632804,-0.5266511468533317,-0.0326777468968147,826.8465676244786,21.79338407976584,0.9140485887128632,160.0,70,218,318,223.0,NURPUR BEDI
30873,Rupowal (37),HOSHIARPUR,31.6936932,75.78898,30873,1896.240692013992,1898.2431640625,0.5127747933732153,0.1246938536500606,1.4260796002588003,-0.5076358803835211,-0.0607088920047947,959.276372473468,22.438470679153,1.0,5.1,30,39,209,172.0,BHUNGA
27791,Mamwal (14),GURDASPUR,32.09009,75.4353943,27791,1899.402065275968,1898.239501953125,0.3978132299235302,0.0832638885888561,0.9759532879137308,-0.4345134863538549,-0.004421015441176,1105.2498201977776,22.015074632798623,0.8856225833252291,59.0,0,0,1,60.0,DINANAGAR
38350,Samundari (482),RUPNAGAR,31.26561,76.34682,38350,1897.807792977704,1898.2393798828125,0.5473659415567563,0.1112782729229463,1.4803499378123877,-0.5274888349960439,-0.0566861788251428,842.059934607041,21.57195169328041,0.8569890748449177,200.0,90,90,150,175.0,NURPUR BEDI
27870,Kunda Lalowal (696),GURDASPUR,32.0,75.40368,27870,1897.2555700699988,1898.22705078125,0.543045270518481,0.1585209201287008,1.3984355439183984,-0.5336923593961489,-0.0831819731361729,1097.3557326009172,22.113313286249365,1.0,50.61,130,4,178,139.0,DINANAGAR
28936,Khalilpur (451),GURDASPUR,32.0360374,75.0294952,28936,1896.7659942315693,1898.22509765625,0.6169084267889711,0.2707144875478242,1.778959179059748,-0.5645476137929225,-0.1864820955281543,1136.3471540620226,22.16224381140933,1.0,47.0,25,25,35,52.0,DERA BABA NANAK
31861,Kaindowal (314),HOSHIARPUR,31.35377,75.99054,31861,1898.6888162343537,1898.2200927734375,0.4590088168485662,0.0708275475883059,1.216931936517823,-0.481913870541179,-0.0079852438701531,951.2888136317628,21.84905820779653,1.0,86.0,56,70,127,125.0,MAHILPUR
38352,Palahta (480),RUPNAGAR,31.2655869,76.34686,38352,1897.6611127315127,1898.21875,0.49660200920324,0.096152798407117,1.1529495982946754,-0.4883727990053165,-0.0396774453098086,848.6507700766506,21.599010944145864,0.8768925485594414,200.0,80,70,130,230.0,NURPUR BEDI
28502,Baryar (CT),GURDASPUR,32.0412827,75.40228,28502,1898.965223206576,1898.21875,0.5680648274034601,0.1916106105896485,1.6361387607794846,-0.5371808467151814,-0.1234304384613349,1097.8657999065483,22.02207719662646,1.0,83.0,120,65,166,0.0,GURDASPUR
31074,Khanpur (212),HOSHIARPUR,32.04287,75.6291351,31074,1898.1413026628225,1898.2119140625,0.6235455272373953,0.2627506647056593,2.081075779412523,-0.5648592010437935,-0.1904953060698068,1187.6022311856646,22.08084163640433,1.0,211.0,5,62,300,240.0,MUKERIAN
30884,Khiala Balanda (49),HOSHIARPUR,31.6576576,75.78074,30884,1893.8694195589687,1898.2001953125,0.54888337216966,0.1629750155744648,1.6176944174452237,-0.52692782101888,-0.0999153688403646,987.988719623317,22.217897946298365,1.0,215.0,50,48,122,253.0,BHUNGA
27876,Jandi (690),GURDASPUR,32.1261253,75.46517,27876,1896.2963944689768,1898.197998046875,0.5125017611168236,0.1354753688090468,1.3364327545602463,-0.5123279568800801,-0.0627213088182376,1117.235490958919,22.20887986177746,1.0,316.0,50,30,400,347.0,DINANAGAR
38755,Kakron (206),RUPNAGAR,30.9909916,76.50711,38755,1900.4731985723888,1898.191162109375,0.4478949202583062,0.1041421398138659,1.0918173326207108,-0.4732393270632709,-0.0221383779461055,884.4000491311448,22.16996411897884,1.0,130.0,50,20,135,166.0,RUPNAGAR
27798,Munnanwali (283),GURDASPUR,32.1261253,75.46517,27798,1895.765746520808,1898.1885986328125,0.5719302707523378,0.216570766500932,1.6124288080907343,-0.5403934834212194,-0.138855908443219,1093.8056515933838,21.99407886355172,1.0,107.0,250,55,300,117.0,DINANAGAR
38423,Buraj (363),RUPNAGAR,31.2252254,76.4853745,38423,1895.276801887083,1898.1883544921875,0.4815678195452594,0.1377949059430165,1.2189479245175292,-0.4915155962005322,-0.0570174914856584,817.4521270205872,21.85415734445013,1.0,103.0,20,38,41,132.0,ANANDPUR SAHIB
31665,Fattowal (119),HOSHIARPUR,31.53794,75.89249,31665,1898.951461350067,1898.1883544921875,0.4977759025016194,0.1294082803635383,1.3878653286415776,-0.4933882705915988,-0.0588769385450504,846.6854783704179,22.501385909822545,0.9999458640720932,59.51,32,68,328,166.0,HOSHIARPUR-I
38785,Sheikhupur (96),RUPNAGAR,30.8828831,76.42063,38785,1896.455348301093,1898.1827392578125,0.5193567703014245,0.1548777412293914,1.3759747933150552,-0.5238808886054898,-0.0773352125869146,916.721189301242,22.821435243015912,1.0,119.0,69,62,108,137.0,CHAMKAUR SAHIB
32435,Khewewal (391),Shahid Bhagat Singh Nagar,31.0270271,76.36783,32435,1902.2437528941173,1898.17333984375,0.587024012478466,0.1399922103655725,1.6247657759070175,-0.5652058082236244,-0.0803292165401166,818.5400257100905,22.23411229854589,1.0,61.0,40,40,150,85.0,BALACHAUR
30751,Ganga Chak (148),HOSHIARPUR,31.8738747,75.59733,30751,1899.2373462084568,1898.171630859375,0.6367403798332357,0.2368759481272193,2.0515695725053327,-0.5751719547513259,-0.1713161786536946,1187.6022311856646,22.08084163640433,1.0,110.0,50,52,91,122.0,DASUYA
31063,Makha (200),HOSHIARPUR,31.9639645,75.60769,31063,1897.2774652329813,1898.1602783203125,0.5631251712107995,0.2004386538685711,1.816774624917438,-0.5275260324120258,-0.1347142662622071,1187.6022311856646,22.08084163640433,1.0,0.69,20,22,150,79.0,MUKERIAN
31852,Bhullewal Gujjran (339),HOSHIARPUR,31.40702,76.03607,31852,1898.1169091168367,1898.16015625,0.491061209212964,0.0938860053014735,1.3078989273070956,-0.5072731691976609,-0.0303694045149249,951.2888136317628,21.84905820779653,1.0,85.0,33,32,90,153.0,MAHILPUR
31631,Sahaipur (191),HOSHIARPUR,31.5315323,75.80504,31631,1898.4967312317144,1898.153564453125,0.4984679250861071,0.115767609565317,1.5056972540075364,-0.4799575984039175,-0.0570649990994254,788.4978595187562,22.42155105340902,1.0,59.1,40,40,110,178.0,HOSHIARPUR-I
31842,Kangar (334),HOSHIARPUR,31.3221779,75.97668,31842,1896.8937144237584,1898.15283203125,0.6314948925325491,0.1870210872076611,1.745827738769108,-0.59487577285142,-0.1283452541539865,951.2888136317628,21.84905820779653,0.5689481155181955,155.0,54,45,86,553.0,MAHILPUR
27811,Faridpur (35),GURDASPUR,32.0360374,75.41209,27811,1896.259570371268,1898.1461181640625,0.6039259572068694,0.2377141199823407,1.7517530182508605,-0.5595703432505335,-0.1596570052785496,1086.19173450699,22.01456055487261,1.0,86.0,65,85,125,102.0,DORANGLA
28287,Narainpur (632),GURDASPUR,32.0413,75.29369,28287,1897.8126526157805,1898.1439208984375,0.6595259134638239,0.2267197409975472,2.011886177801184,-0.59365200853076,-0.166930353625498,1135.595315973987,22.065727221775774,1.0,42.0,90,44,82,48.0,GURDASPUR
27813,Ogra (33),GURDASPUR,32.1261253,75.33752,27813,1896.6401824510085,1898.1385498046875,0.6169786343060659,0.2340607245104967,1.96939856084035,-0.553704905156619,-0.1692550641401145,1088.6189034179572,22.02340687973029,0.9192317325341236,220.0,44,44,136,101.0,DORANGLA
38633,Thali (16),RUPNAGAR,31.0990982,76.55196,38633,1895.7078881255684,1898.13232421875,0.4540627865399223,0.0639000831552971,1.202891635800421,-0.4684687558077435,-0.0026433105384837,819.4475713183778,22.333564912274483,1.0,82.0,10,100,347,123.0,RUPNAGAR
30743,Sud (458),HOSHIARPUR,31.8738747,75.59733,30743,1900.87245449592,1898.1279296875,0.6721465354802032,0.2930118470598713,2.125977327287987,-0.6012008008306181,-0.2252529019465589,1137.4427584689197,22.15427754385335,1.0,42.0,10,9,11,108.0,DASUYA
30978,Hardothala (138),HOSHIARPUR,31.8378372,75.73746,30978,1897.872042916756,1898.1260986328125,0.5239907511408318,0.1618316906959542,1.638888166515631,-0.5043160862894517,-0.0951360266507422,1121.7783483674425,22.15049259431709,1.0,150.0,8,0,187,173.0,DASUYA
28124,Aluna (164),GURDASPUR,32.0416946,75.29364,28124,1898.340852911286,1898.1158447265625,0.5991262044921581,0.2570976065311383,1.785333569459372,-0.5552746575669065,-0.174912014730593,1129.259580652942,21.94887067172812,1.0,97.0,210,75,88,140.0,GURDASPUR
28358,Chhawar Rian (Bangar) (610),GURDASPUR,31.8918915,75.52723,28358,1900.0856324064048,1898.1099853515625,0.5359990577945611,0.0980914180198296,1.5003350056130376,-0.5238140803929201,-0.0442307043972471,1127.231503798244,22.032755253244424,1.0,22.0,16,0,116,273.0,KAHNUWAN
32425,Tundewal (407),Shahid Bhagat Singh Nagar,31.0538044,76.31044,32425,1899.026085679704,1898.109619140625,0.5464498696534877,0.1113619460867284,1.5507592874973228,-0.5281226636326426,-0.0534880444859768,815.3098317792313,22.24475471229374,0.6605718351967469,150.0,40,40,106,377.0,BALACHAUR
30835,Nangal (81),HOSHIARPUR,31.8018017,75.6655045,30835,1899.095927073566,1898.1092529296875,0.5133199391196136,0.1338333176902941,1.5331772201180496,-0.504485638861697,-0.0690422458306773,1121.7783483674425,22.15049259431709,1.0,41.0,80,80,125,54.0,DASUYA
27867,Tughial (698),GURDASPUR,32.1261253,75.46517,27867,1896.0198516877224,1898.095947265625,0.5679914115839052,0.2000153326429429,1.5593008519077332,-0.5359740684324339,-0.1270512614020173,1097.3557326009172,22.113313286249365,1.0,48.0,30,15,55,66.0,DINANAGAR
31426,Makimpur (70),HOSHIARPUR,31.6407661,75.77769,31426,1892.299436493645,1898.0927734375,0.4991841262773282,0.1184529830031707,1.3250134552910304,-0.5029016737156711,-0.0518145972822209,926.8198928747776,22.340617184529087,1.0,0.18,60,0,68,86.0,BHUNGA
27856,Doaba (294),GURDASPUR,32.1261253,75.46517,27856,1896.463574325886,1898.084228515625,0.6115681368638152,0.2199545964839129,1.7278086383454103,-0.5733798220439201,-0.1484967337204004,1097.3557326009172,22.113313286249365,1.0,2.47,175,35,200,68.0,DINANAGAR
27874,Chaunta (692),GURDASPUR,32.1261253,75.46517,27874,1896.6723146982808,1898.083984375,0.509090946352862,0.1306393460043382,1.2917635737472466,-0.5113789232192638,-0.0559791430206368,1117.235490958919,22.20887986177746,1.0,445.0,510,25,600,502.0,DINANAGAR
31726,Khanpur (408),HOSHIARPUR,31.6576576,75.78074,31726,1899.7824978858407,1898.0789794921875,0.4931818311699172,0.1019607081828833,1.498688393818547,-0.4779875835346111,-0.0457711985785734,788.4978595187562,22.42155105340902,1.0,80.0,0,40,120,92.0,BHUNGA
28187,Naurangpur (312),GURDASPUR,32.0360374,75.41209,28187,1896.293257658204,1898.07861328125,0.5056595982893444,0.1416940805610134,1.4270325028299464,-0.4954469263598633,-0.0717475038524449,1097.3557326009172,22.113313286249365,1.0,15.0,15,50,60,60.0,DORANGLA
27653,Mahi-Ul-Dinpur (150),PATHANKOT,32.216217,75.5185547,27653,1894.2883157377269,1898.07861328125,0.5916694992446377,0.2159456546770555,1.660750106888437,-0.5557310251743304,-0.1387721685881216,1072.2177544029412,22.00420108037283,1.0,102.0,0,67,146,115.0,NAROT JAIMAL SINGH
31091,Golra (251),HOSHIARPUR,32.02356,75.65683,31091,1899.0643502110584,1898.0751953125,0.5583400826174921,0.1897721007134898,1.564260556644779,-0.5352835492836503,-0.1143151160393511,1187.6022311856646,22.08084163640433,1.0,88.0,0,30,149,102.0,MUKERIAN
27947,Kalupur (168),GURDASPUR,31.9639645,75.3103561,27947,1897.5252573503133,1898.0740966796875,0.6270686903456324,0.2434251324429197,1.92260275669861,-0.5726237858183432,-0.1719405217172836,1149.4636772698382,22.00108320243353,0.9754002199941518,62.0,11,12,23,74.0,GURDASPUR
38760,Kheri (373),RUPNAGAR,30.9729729,76.53469,38760,1897.092545398881,1898.072509765625,0.5023277619674645,0.1208015072131155,1.322653040423914,-0.5109993121221834,-0.0459644332847879,850.0425477939783,22.09227273490341,1.0,8.0,20,25,187,322.0,RUPNAGAR
30819,Nussa (95),HOSHIARPUR,31.8738747,75.74585,30819,1898.2728510203813,1898.0692138671875,0.4942418896805967,0.1072809977821348,1.5679245286169898,-0.4845437722948784,-0.0536464956225967,1121.7783483674425,22.15049259431709,0.8420097774812886,90.0,0,0,2,125.0,DASUYA
31630,Chandpur (190),HOSHIARPUR,31.5315323,75.80504,31630,1898.4712563950325,1898.065673828125,0.5168580616108694,0.1029513361127824,1.5063171412777965,-0.5016069192407612,-0.0478199043614428,788.4978595187562,22.42155105340902,0.7898722430832175,46.96,8,8,26,161.0,HOSHIARPUR-I
28356,Man (608),GURDASPUR,32.04129,75.4023056,28356,1900.6227029540355,1898.0635986328125,0.5972071814382423,0.2002044582241754,1.761091744348488,-0.5593543253896487,-0.1325450529394944,1133.340667404908,22.045914181098443,1.0,163.0,300,60,231,334.0,GURDASPUR
27806,Chitti (37),GURDASPUR,32.0360374,75.41209,27806,1896.656604027845,1898.0609130859375,0.5991784286410392,0.2475251945732595,1.7328668879561255,-0.5595500352112804,-0.1661025129906296,1095.881979446348,21.99002028021108,1.0,30.0,24,50,82,151.0,DORANGLA
27799,Dodwan (279),GURDASPUR,32.1261253,75.46517,27799,1894.748280371557,1898.0606689453125,0.6008988741711632,0.2486508362294832,1.7161772775699202,-0.5597737924147898,-0.1665073466961128,1092.1037370532133,21.997405583843324,1.0,267.0,61,60,460,297.0,DINANAGAR
31093,Attalgarh (249),HOSHIARPUR,31.94746,75.61623,31093,1899.3712860470112,1898.059326171875,0.5932716951881338,0.2138833034976692,1.8188239351269968,-0.5455141076800177,-0.1456607758283497,1187.601439474542,22.08084948258088,0.9918945748416024,300.0,0,72,333,200.0,MUKERIAN
32012,Binewal (477),HOSHIARPUR,31.477478,76.01474,32012,1899.4106735172177,1898.0572509765625,0.5180077184967332,0.0755081141728452,1.335785649823303,-0.5291159400954238,-0.0208842499551598,857.3283529410604,21.847296029048664,1.0,7.0,0,0,2,841.0,MAHILPUR
38790,Muzafat (97),RUPNAGAR,30.9009018,76.41402,38790,1896.9349808105744,1898.056640625,0.500234694667899,0.1485502832085202,1.3502769457151524,-0.5058770853748445,-0.0720002897148744,916.721189301242,22.821435243015912,1.0,33.0,10,0,100,39.0,CHAMKAUR SAHIB
32447,Bhaddi (385),Shahid Bhagat Singh Nagar,31.067255,76.3065948,32447,1898.764216666659,1898.0517578125,0.5876682140185397,0.139982157930631,1.698159728489841,-0.5660508734937063,-0.084359086977346,820.8569871359792,22.16496653343728,0.6929342242139296,1317.0,58,60,251,1296.0,BALACHAUR
30833,Dholowal (8),HOSHIARPUR,31.6936932,75.78898,30833,1896.010888008604,1898.0458984375,0.5570355188439169,0.1767270917688609,1.7297822574557358,-0.5235214578047219,-0.1112556087548099,1040.99205001444,22.2936581364752,1.0,6.0,31,75,113,70.0,BHUNGA
31151,Kalechpur Kalota (426),HOSHIARPUR,31.9459457,75.82643,31151,1897.4013377751,1898.038818359375,0.5036408171254505,0.2020069237178219,1.489515701979816,-0.4636024391801404,-0.1158248193291903,1170.9996793853493,22.23325300038949,1.0,100.0,50,60,134,109.0,MUKERIAN
27766,Mastgarh (128),PATHANKOT,32.216217,75.5185547,27766,1897.6491877706003,1898.0274658203125,0.279830080437665,0.0517383640900946,0.6502476742647245,-0.341879647996116,0.0334088560960836,1075.4182877948183,22.03002051327053,0.8967153488522498,42.0,1,1,2,79.0,NAROT JAIMAL SINGH
32034,Sadarpur (360),HOSHIARPUR,31.5135136,75.7481461,32034,1899.388753078294,1898.0257568359375,0.5921175342428328,0.1364013656177241,1.7004589638869725,-0.5632357095534142,-0.0819884105440581,851.4699283053773,22.057530697916604,1.0,60.64,52,26,102,261.0,GARHSHANKAR
38494,Bathlour Khad (521),RUPNAGAR,31.1531525,76.5324249,38494,1894.474689861467,1898.022705078125,0.6723469358414129,0.2022062993002445,2.10646034052714,-0.6062921142137222,-0.1514389791752787,825.5730628055758,22.634428904614417,0.3791542933242068,160.0,70,90,130,1039.0,NURPUR BEDI
27731,Makhanpur (120),PATHANKOT,32.216217,75.49725,27731,1897.7704300879109,1898.0223388671875,0.4847266856588118,0.1262936553599622,1.201272206107573,-0.5128738391567653,-0.045553416078933,1075.4182877948183,22.03002051327053,1.0,23.0,13,37,67,286.0,NAROT JAIMAL SINGH
32000,Rampur (353),HOSHIARPUR,31.2432442,76.09955,32000,1898.755021312184,1898.0216064453125,0.4558349288773885,0.0761821388112128,1.1499407725094404,-0.4783389030670931,-0.008891556962539,837.2824203473081,22.195407511940456,0.9479861616571216,374.0,41,40,338,1010.0,GARHSHANKAR
31643,Shekhupur (174),HOSHIARPUR,31.60042,75.854126,31643,1898.311474011031,1898.01513671875,0.4716386992471819,0.0913908986543174,1.371892014615681,-0.4709198237431281,-0.0321460732944321,846.6854783704179,22.501385909822545,1.0,45.34,38,28,136,126.0,HOSHIARPUR-I
30867,Thinda (24),HOSHIARPUR,31.6756763,75.81661,30867,1896.7172219264887,1898.0142822265625,0.5088695593477055,0.1425662355277193,1.5195687568077931,-0.4981229553120926,-0.0762369248831579,959.276372473468,22.438470679153,1.0,83.0,0,41,151,105.0,BHUNGA
27795,Doburji (1),GURDASPUR,32.1261253,75.33752,27795,1894.3523603200413,1898.0125732421875,0.5341600720534811,0.1629200725175751,1.4686536554966343,-0.5143353611884837,-0.0894797886260032,1075.4182877948183,22.03002051327053,1.0,120.0,75,45,97,132.0,DHARIWAL
28503,Tibri (CT),GURDASPUR,32.04169,75.3021,28503,1900.341901645358,1898.01171875,0.5717551148413277,0.1807440121305076,1.6403321306001055,-0.5354589859544828,-0.1162017969173395,1115.9593406131166,21.98831793184121,1.0,206.0,150,200,351,0.0,GURDASPUR
38355,Behlu (293),RUPNAGAR,31.2418938,76.48777,38355,1896.0207626333488,1898.010986328125,0.4781606133845155,0.0796803668722744,1.2556292065062882,-0.4895896939759703,-0.0169624609981628,845.1160135676759,21.49261000459427,1.0,180.0,10,98,108,106.0,ANANDPUR SAHIB
31696,Adhkara (156),HOSHIARPUR,31.5315323,75.80504,31696,1898.4992438580207,1898.0096435546875,0.4580329807451714,0.0751469201996122,1.2443479197228826,-0.4656086424161227,-0.0128750067697342,788.4978595187562,22.42155105340902,1.0,46.96,30,30,112,129.0,HOSHIARPUR-I
31446,Nangal Isher (69),HOSHIARPUR,31.5201321,75.76207,31446,1892.6916311787784,1898.008544921875,0.4960458031605455,0.1177547234089681,1.318602381620584,-0.500790949049315,-0.0507563264985046,879.1051996574611,22.4363442258236,1.0,27.9,21,20,208,189.0,BHUNGA
27790,Raji Beli (13),GURDASPUR,32.09009,75.4353943,27790,1897.854318435272,1898.0048828125,0.3326995424421561,0.0758399866662077,0.7717119707745981,-0.4023619671975756,0.0150915055091077,1082.2767655488135,22.02658435091294,0.8701758331959311,1.0,0,0,1,38.0,DINANAGAR
31847,Alamwal (300),HOSHIARPUR,31.4070225,76.03555,31847,1898.080710406984,1897.9991455078125,0.5135988803831448,0.1167253025710469,1.382377075429488,-0.5236652377056472,-0.0492902326406165,951.2888136317628,21.84905820779653,1.0,64.0,5,3,15,74.0,MAHILPUR
31947,Baddowal (345),HOSHIARPUR,31.3624229,76.04003,31947,1897.6544701705373,1897.995361328125,0.4863313265965657,0.0701815779409808,1.248195975276976,-0.503200107216952,-0.0112677644053391,837.1176090711915,22.19679265112318,0.9374105063057132,225.0,38,50,121,311.0,MAHILPUR
28890,Shakri (454),GURDASPUR,32.0180168,75.03599,28890,1894.9727081633407,1897.995361328125,0.5856732859896947,0.2504403499005255,1.5864417341394166,-0.5488584328620962,-0.1605182947044494,1136.3471540620226,22.16224381140933,1.0,185.0,25,25,57,201.0,DERA BABA NANAK
38404,Tarapur (323),RUPNAGAR,31.261261,76.4724045,38404,1897.0909664705096,1897.993408203125,0.6016599671086789,0.1466045590967624,1.601985404734883,-0.5887381974542373,-0.0902327541254803,834.2733610265826,21.47794586649154,1.0,800.0,180,180,200,242.0,ANANDPUR SAHIB
31717,Pawal (211),HOSHIARPUR,31.5315323,75.889595,31717,1899.4719492389488,1897.9891357421875,0.5176167203700576,0.130483649322966,1.5246444333075768,-0.5043300077583299,-0.0654292871717429,788.4978595187562,22.42155105340902,1.0,167.0,80,80,251,219.0,HOSHIARPUR-I
31698,Kalkat (167),HOSHIARPUR,31.54955,75.86195,31698,1898.116414685732,1897.9879150390625,0.4687367249246754,0.0847886578767506,1.3125733045248282,-0.4729956436605199,-0.023423168437092,788.4978595187562,22.42155105340902,1.0,28.74,40,40,103,87.0,HOSHIARPUR-I
27524,Gharota Khurd (284),PATHANKOT,32.1621628,75.58014,27524,1895.3674889802755,1897.9822998046875,0.5072288410824008,0.1436114816313053,1.325544901192533,-0.505330713174347,-0.0691436013901421,1109.221759574444,22.024061555590567,0.8730460007785792,65.0,12,12,35,231.0,GHAROTA
38488,Sarthali (427),RUPNAGAR,31.0810814,76.55849,38488,1896.390059727178,1897.981201171875,0.5053822768452286,0.1284510736100736,1.214224588447387,-0.5206401825004259,-0.0496396018612822,802.2341818397399,22.4193949255544,0.938808559416914,75.0,150,150,688,301.0,NURPUR BEDI
38346,Dher (295),RUPNAGAR,31.2418938,76.48777,38346,1897.083418742445,1897.97119140625,0.4560005173488785,0.0753902315305762,1.1636564370033575,-0.4815760095721552,-0.0057906673081201,845.0530108378491,21.487681857322546,1.0,100.0,300,300,465,265.0,ANANDPUR SAHIB
27976,Lopa (95),GURDASPUR,31.8558559,75.2219238,27976,1894.0497490864552,1897.9661865234375,0.5591824711220641,0.2416538218008735,1.6748305395897105,-0.5263449538720564,-0.1541850540434349,1171.796796499114,22.14198751393557,1.0,151.0,42,50,178,171.0,KALANAUR
31518,Kasampur (322),HOSHIARPUR,31.5099583,76.05055,31518,1899.165991906012,1897.962158203125,0.4255809459976782,0.0500861731018373,1.1114327937562256,-0.4455657538419607,0.0147313044963166,1029.7934654166595,21.975286113537663,1.0,2.45,0,0,1,19.0,HOSHIARPUR-II
38625,Ratanpura (14),RUPNAGAR,31.0810814,76.55849,38625,1896.305361288389,1897.9620361328125,0.4479450271776653,0.0835171919432657,1.4635752287863055,-0.4296541226299242,-0.0371261890357892,819.4475713183778,22.333564912274483,0.2357658880142215,34.0,10,50,110,64.0,RUPNAGAR
27857,Haveli (293),GURDASPUR,32.1261253,75.48645,27857,1897.3345232702152,1897.9593505859375,0.5725586816045387,0.2203246881583651,1.6069325003711437,-0.5398163852045337,-0.1386762070927196,1097.3557326009172,22.113313286249365,1.0,2.0,16,20,40,52.0,DINANAGAR
27771,Lassian (123),PATHANKOT,32.27027,75.52089,27771,1899.744970607919,1897.958251953125,0.5734040894910629,0.2051022288315537,1.5341324850561182,-0.5517424547142948,-0.1251777823555511,1106.8940933655197,22.014250836357355,1.0,147.0,12,15,50,263.0,NAROT JAIMAL SINGH
31060,Pind Sahibka (201),HOSHIARPUR,31.9639645,75.60769,31060,1897.657367011235,1897.95556640625,0.6239986805990709,0.2371945712443994,2.004606863306214,-0.569508515421621,-0.1698324838656496,1187.6022311856646,22.08084163640433,1.0,109.0,20,30,126,123.0,MUKERIAN
27882,Sidhpur (684),GURDASPUR,32.0360374,75.39083,27882,1894.3681658672083,1897.9532470703125,0.5297858856731036,0.1731378565132583,1.5418432728528484,-0.4952976018220458,-0.0977346070613657,1117.235490958919,22.20887986177746,0.9385479705970978,132.0,33,126,252,254.0,DINANAGAR
30821,Raju Dawa Khri (78),HOSHIARPUR,31.9819813,75.68626,30821,1898.941707424648,1897.9520263671875,0.5963548951017356,0.2089060585028773,1.8346093234079,-0.5615644334620745,-0.1407686066052808,1121.7783483674425,22.15049259431709,1.0,79.0,20,10,52,108.0,DASUYA
30832,Argowal (10),HOSHIARPUR,31.6936932,75.78898,30832,1895.1395482499904,1897.949951171875,0.5155203442328742,0.1334720883162031,1.4827156649952191,-0.5079833616444981,-0.0685376585561724,1060.9512906525206,22.237915260848,1.0,5.0,65,69,489,387.0,BHUNGA
31716,Jandu Janda (212),HOSHIARPUR,31.5315323,75.889595,31716,1899.527950474763,1897.948486328125,0.4724371808899162,0.0880834366102908,1.4766225390934349,-0.4609843170397057,-0.0343647866726264,788.4978595187562,22.42155105340902,0.7280008856868433,224.77,15,35,52,145.0,HOSHIARPUR-I
38635,Alipur (18),RUPNAGAR,31.0270271,76.62014,38635,1897.7280073545248,1897.9464111328125,0.4762188493560854,0.1234519108404284,1.0283612119390422,-0.4705712669227461,-0.0553577587100437,819.4475713183778,22.333564912274483,1.0,60.0,20,50,200,101.0,RUPNAGAR
38342,Raisera (485),RUPNAGAR,31.3873882,76.384964,38342,1898.9188751059403,1897.944580078125,0.5395217791332928,0.1172632769350572,1.5320181027690565,-0.523670632198497,-0.0622142956267456,838.3565007374639,21.614832480314305,0.640991069358356,40.0,15,20,61,332.0,NURPUR BEDI
28276,Jattuwal (654),GURDASPUR,32.04129,75.40229,28276,1899.177016140896,1897.940673828125,0.5597616945274155,0.1495700509360837,1.5536479052148655,-0.5425846285367564,-0.0856212302426302,1135.595315973987,22.065727221775774,1.0,112.0,250,80,260,152.0,GURDASPUR
27982,Azampur (97),GURDASPUR,31.8558559,75.2219238,27982,1896.525090459224,1897.935546875,0.5397895941187041,0.2441389338262174,1.566923427380018,-0.5162239624058316,-0.1515436989023102,1172.0646562983889,22.141834456036747,1.0,2.0,0,0,1,74.0,KALANAUR
30872,Ramdaspur (38),HOSHIARPUR,31.6936932,75.78898,30872,1895.269283184895,1897.935302734375,0.5850951873804762,0.182807113041312,1.7657708332126316,-0.5499959434052584,-0.1188136544849404,959.276372473468,22.438470679153,1.0,4.2,35,35,202,186.0,BHUNGA
38480,Balewal (513),RUPNAGAR,31.1531525,76.55348,38480,1897.852810658249,1897.932373046875,0.6087471776670134,0.1520032678944311,1.6767953530720527,-0.5838837061889488,-0.0956621812859525,805.9729891922698,22.369900228770888,0.5223658937055893,0.75,40,40,140,616.0,NURPUR BEDI
28148,Maseet (202),GURDASPUR,32.0360374,75.39083,28148,1897.421565193701,1897.9322509765625,0.6198720700615706,0.2770409288014619,1.938277953142496,-0.5655142666303616,-0.1959875210041752,1129.259580652942,21.94887067172812,1.0,50.2,215,65,71,135.0,GURDASPUR
27819,Hassanpur (18),GURDASPUR,32.10811,75.30138,27819,1896.1381099560365,1897.9317626953125,0.6815204224204565,0.2655922942340579,2.2122725516675774,-0.5998359056668077,-0.2046280325170355,1110.543062580148,22.01219927864424,0.4348076022296396,90.0,65,55,60,125.0,GURDASPUR
27854,Talwandi (288),GURDASPUR,32.0360374,75.41209,27854,1895.9109243493003,1897.927734375,0.5213778320820495,0.1550124318435122,1.424334307946511,-0.514742278971649,-0.0824605812077045,1076.2430804767102,22.00153282689809,1.0,44.93,502,143,259,160.0,GURDASPUR
27804,Jhabkra (4),GURDASPUR,32.08389,75.418045,27804,1895.4073858793947,1897.9219970703125,0.6098159536860215,0.2394275374058692,1.811903952831154,-0.5605586767000879,-0.1657387775667332,1075.4547237950333,22.030002258489365,0.9903300259451836,60.0,35,35,60,737.0,DINANAGAR
38565,Hambewal (281),RUPNAGAR,31.2432442,76.47889,38565,1897.8080363613665,1897.9190673828125,0.3960940518062728,0.0366290865194342,1.075397115480679,-0.4035779659568584,0.0046388973340715,971.2861719539064,21.291691791985272,0.3020919871929133,200.0,270,270,280,212.0,ANANDPUR SAHIB
32448,BUNGRI (386),Shahid Bhagat Singh Nagar,31.0630627,76.31261,32448,1899.857589751056,1897.91845703125,0.5151193455697461,0.096159110705146,1.3393747777851623,-0.5252936098984822,-0.031545300154766,828.9379867722886,22.1998544780825,1.0,38.0,4,53,82,37.0,BALACHAUR
31532,Bassi Kalan (316),HOSHIARPUR,31.5135136,75.91723,31532,1898.4452733768603,1897.91650390625,0.4231566959297503,0.034049909723004,1.1149961768782022,-0.4484583063153715,0.0230772293135,976.2226698597484,21.98267194251618,0.87370769874725,42.0,0,9,500,42.0,HOSHIARPUR-II
30938,Panwan (109),HOSHIARPUR,31.8018017,75.68671,30938,1895.2996617375463,1897.9141845703125,0.5049377243848694,0.1485767778587814,1.5603784768017075,-0.4908458351734059,-0.0836114933355721,1121.7783483674425,22.15049259431709,1.0,318.0,65,8,196,353.0,DASUYA
38976,Chahar Majra (19),S.A.S Nagar,30.35963,76.3640442,38976,1897.4660937938008,1897.9124755859375,0.5155837683816396,0.1072020316819219,1.309559659583191,-0.514407290442206,-0.0434196962253081,814.0134456565278,22.43804828433952,1.0,255.0,0,95,178,134.0,KHARAR
28129,Radhan (156),GURDASPUR,32.0416946,75.29364,28129,1897.4443414821008,1897.9122314453125,0.6327413711498051,0.2867979838234321,1.9205157032714373,-0.578564356580588,-0.207538017688985,1129.259580652942,21.94887067172812,1.0,283.0,120,80,135,299.0,GURDASPUR
31525,Bathula (318),HOSHIARPUR,31.5135136,75.91723,31525,1898.671381213936,1897.9105224609375,0.4302954205427275,0.0647993543493022,1.1795532495968886,-0.4464281052027771,-0.001991456440105,992.1936171302136,21.980470021041068,1.0,295.5,175,50,107,508.0,HOSHIARPUR-II
27814,Maheshpur (6),GURDASPUR,32.0,75.40368,27814,1896.8867090404744,1897.91015625,0.661025202126664,0.2580584388544776,2.0890208753572943,-0.5940457599115598,-0.1958646243070214,1076.544310597087,22.02945636517464,1.0,115.0,0,0,1,116.0,DINANAGAR
27810,Jainpur (32),GURDASPUR,32.10811,75.30138,27810,1896.2201580989813,1897.907958984375,0.6056311336171355,0.2261248640474898,1.838954587405392,-0.5557221985073346,-0.1567958827413608,1106.3704326308343,22.0145131953486,1.0,115.0,77,55,103,130.0,DORANGLA
31450,Hariana (76),HOSHIARPUR,0.0,0.0,31450,1893.490917636827,1897.90234375,0.4796759395289314,0.1034430181424943,1.3353604927149625,-0.4795145971712457,-0.0445717509450692,848.4872655691703,22.50074148443412,0.7420013391182209,1225.15,40,29,329,773.0,HOSHIARPUR-I
31145,Zahidpur (428),HOSHIARPUR,31.9459457,75.6141,31145,1898.47630642266,1897.901123046875,0.5476016834231735,0.2343639301860688,1.6263424500099248,-0.5042188488232505,-0.146052665459001,1161.451582918445,22.188073476150382,1.0,40.0,60,100,200,377.0,MUKERIAN
31843,Fatehpur (337),HOSHIARPUR,31.3221779,75.97668,31843,1897.18965578122,1897.898193359375,0.5453868085560172,0.1234642146380689,1.458106480988837,-0.5379247262406519,-0.0635724973659263,951.2888136317628,21.84905820779653,0.8643448012855205,146.0,30,40,163,242.0,MAHILPUR
38658,Bholon Kalewal (362),RUPNAGAR,30.9729729,76.51368,38658,1897.6000394136447,1897.89453125,0.5374690989489487,0.1294484531608419,1.4379840228631604,-0.537039118331612,-0.0587665483483849,833.3572108579335,22.29852963510333,1.0,131.0,35,20,100,145.0,RUPNAGAR
28181,Gandhian (318),GURDASPUR,32.0360374,75.39083,28181,1895.7429319260568,1897.8935546875,0.5233992668591585,0.1592457184455761,1.513396954248016,-0.5014838087567667,-0.0921216035470147,1097.9969722618875,21.998614307243884,1.0,199.0,230,168,551,221.0,GURDASPUR
38354,Khanpur (356),RUPNAGAR,31.24391,76.48432,38354,1898.0354786322123,1897.890869140625,0.4662418903112886,0.1009870842395993,1.1538566918720785,-0.4702586779959999,-0.0347984916346306,845.1160135676759,21.49261000459427,1.0,400.0,0,45,97,122.0,ANANDPUR SAHIB
27949,Khogowal (64),GURDASPUR,31.8558559,75.2219238,27949,1898.7581750630384,1897.8880615234375,0.4410896751507129,-0.0040574246161417,1.0634489121760908,-0.4757431749140474,0.0539731491587225,1160.8555111100573,22.030522602049302,0.267508125934186,3.0,0,0,5,150.0,KALANAUR
28186,Jahangirpur (311),GURDASPUR,32.0840149,75.417984,28186,1896.328699446592,1897.87744140625,0.5166292448687826,0.163123264513212,1.4878724405365766,-0.4976037751310841,-0.0926995427730486,1097.3557326009172,22.113313286249365,1.0,59.0,30,30,60,59.0,DINANAGAR
32027,Malkowal (486),HOSHIARPUR,0.0,0.0,32027,1899.5610542580853,1897.877197265625,0.4994145630866008,0.0652766028981194,1.304995261555474,-0.5227654733334081,-0.0073307682439663,853.9923819711106,21.75980066837434,1.0,142.0,170,0,290,198.0,GARHSHANKAR
28934,Machhrala (449),GURDASPUR,32.0360374,75.0294952,28934,1894.597419390112,1897.874755859375,0.5407856628099148,0.233667736514409,1.3667200812559914,-0.5285224079842248,-0.1346503648136698,1136.3471540620226,22.16224381140933,1.0,97.0,35,30,88,113.0,DERA BABA NANAK
30977,Jalota (135),HOSHIARPUR,31.8378372,75.73746,30977,1896.406775734748,1897.8734130859375,0.5036436179882016,0.1269037633620598,1.5232696580169969,-0.4925487240127128,-0.0652287145699678,1121.7783483674425,22.15049259431709,1.0,158.0,58,8,314,186.0,DASUYA
27873,Baheri (693),GURDASPUR,32.1261253,75.46517,27873,1897.1605953892413,1897.8729248046875,0.5717059396395153,0.2037180056343258,1.4612917358489437,-0.55105756606356,-0.1208919779715594,1117.235490958919,22.20887986177746,1.0,106.0,31,25,99,122.0,DINANAGAR
38664,Khalidpur (352),RUPNAGAR,30.9729729,76.53469,38664,1898.866487087526,1897.8707275390625,0.6188601740774762,0.1793174663847477,1.84504366474768,-0.5842917001811849,-0.1196142343483811,819.4475713183778,22.333564912274483,1.0,5.0,5,5,44,176.0,RUPNAGAR
38634,Singhpura (17),RUPNAGAR,31.0810814,76.57953,38634,1896.7064028545271,1897.8609619140625,0.4620128575521524,0.075193976654618,1.192768276255373,-0.485053352105928,-0.007825817261786,819.4475713183778,22.333564912274483,1.0,58.0,10,30,62,59.0,RUPNAGAR
38430,Mukari (387),RUPNAGAR,31.35135,76.39788,38430,1899.3148768657256,1897.85986328125,0.4157572526229147,0.0329352275296424,0.9835113533361428,-0.4537905465831849,0.0310651453314339,817.4521270205872,21.85415734445013,1.0,150.0,150,175,214,231.0,NURPUR BEDI
31523,Kila Sher Khan (336),HOSHIARPUR,31.5135136,75.91723,31523,1898.556204911957,1897.8548583984375,0.4158419856085557,0.0414124850921539,1.1212492461936758,-0.4402007820548146,0.014254432136058,1029.7934654166595,21.975286113537663,1.0,15.0,20,18,27,17.0,HOSHIARPUR-II
31590,Dadiana Khurd (139),HOSHIARPUR,31.60051,75.8542,31590,1894.0538658664093,1897.8538818359375,0.5046496040249147,0.1164118994878775,1.471038509423668,-0.4977122930383257,-0.0566089024925458,896.9030016460911,22.48342516117316,1.0,42.92,34,40,218,301.0,HOSHIARPUR-I
38626,Inderpura (12),RUPNAGAR,31.0990982,76.55196,38626,1894.454919233849,1897.8531494140625,0.5418532360577873,0.1817856209651745,1.4263581483530103,-0.5247572568509862,-0.1036636928252662,819.4475713183778,22.333564912274483,0.8561556222083163,40.0,5,15,34,75.0,RUPNAGAR
38588,Thalon (292),RUPNAGAR,31.2432442,76.45782,38588,1896.0561987282424,1897.8521728515625,0.4562507655507483,0.0609291300255407,1.1153182015348984,-0.4673224356145141,-0.0051799855181378,843.4477972668209,21.3621201729749,1.0,130.0,255,250,395,202.0,ANANDPUR SAHIB
32001,Bilron (51),HOSHIARPUR,31.2432442,76.09955,32001,1897.1256196699976,1897.8504638671875,0.6434809116768639,0.1624034852976514,1.907740935206048,-0.6008472849870831,-0.1125478843647021,858.2878689789223,22.01886940937853,0.9030884751597588,587.0,80,80,412,883.0,GARHSHANKAR
30934,Gangian (111),HOSHIARPUR,31.8378372,75.73746,30934,1897.6425990155403,1897.8424072265625,0.5414482937189692,0.1821037604488884,1.7257916274188123,-0.5175894331311675,-0.1114743402283833,1121.7783483674425,22.15049259431709,1.0,101.0,13,0,124,102.0,DASUYA
38426,Mothapur (386),RUPNAGAR,31.1711712,76.4627457,38426,1897.309128857666,1897.840576171875,0.4724685297576866,0.0776342265912846,1.1531356480105663,-0.4944543612848563,-0.0091664320261292,817.4521270205872,21.85415734445013,1.0,50.0,130,125,150,251.0,NURPUR BEDI
38428,Gobindpur (384),RUPNAGAR,31.3873882,76.36386,38428,1899.0539523713933,1897.8382568359375,0.469340076622135,0.0621087187507907,1.1567997308690985,-0.4935146920057754,0.0016787186293292,817.4521270205872,21.85415734445013,1.0,17.0,55,55,72,193.0,NURPUR BEDI
27728,Paharipur (50),PATHANKOT,32.28829,75.45064,27728,1897.3948569439272,1897.8350830078125,0.4067338997863333,0.1068761873781474,1.036275602216769,-0.432369891425776,-0.0252168766071548,1075.4182877948183,22.03002051327053,1.0,108.0,40,20,90,157.0,NAROT JAIMAL SINGH
27972,Mirakchana (100),GURDASPUR,31.8558559,75.13707,27972,1892.0346569799733,1897.826171875,0.5459829279607283,0.2276320266837133,1.6025334485929457,-0.5157154792759937,-0.1411316850160517,1151.528657099156,22.15356894135493,1.0,112.0,82,80,110,126.0,KALANAUR
31593,Beron kangri (81),HOSHIARPUR,31.6083431,75.86649,31593,1893.6935509353705,1897.825927734375,0.5334116430818863,0.1293895934852776,1.4991001422529966,-0.5226244624961266,-0.0673149787490255,846.6854783704179,22.501385909822545,1.0,756.0,66,65,100,444.0,HOSHIARPUR-I
38473,Nurpur Kalan (394),RUPNAGAR,31.18919,76.4773,38473,1897.5285786658687,1897.8233642578125,0.4015297690487116,0.0331696855567671,1.008718041637275,-0.436510220698594,0.0259248729440501,817.4521270205872,21.85415734445013,1.0,45.0,65,65,70,186.0,NURPUR BEDI
31616,Asalpur (175),HOSHIARPUR,31.5675678,75.89776,31616,1897.0131687421483,1897.8211669921875,0.4186458050733512,0.053489952823409,1.136369100775443,-0.4375251086467963,0.006525926246561,852.0443327233465,22.499469267388324,1.0,0.02245,20,0,95,136.0,HOSHIARPUR-I
31508,Buthgarh (347),HOSHIARPUR,31.5135136,75.91723,31508,1897.9541575495527,1897.8194580078125,0.4411684765159033,0.0413646432821163,1.1734580144689564,-0.4574082859172698,0.0154108099590796,1000.3727145845352,22.04680923273501,0.9072349359564968,108.8,20,52,244,163.0,HOSHIARPUR-II
39071,Khera (145),S.A.S Nagar,30.81081,76.57304,39071,1898.2080760799515,1897.815673828125,0.4647542969192743,0.1093930233951194,1.217777586484565,-0.4844774232030869,-0.0311497418829913,822.884286663869,22.08449797528659,1.0,88.0,26,28,205,126.0,MAJRI
38349,Kahanpur (483),RUPNAGAR,0.0,0.0,38349,1897.9364056741283,1897.8095703125,0.524785476976887,0.092196013474735,1.429795931003509,-0.5151694211022667,-0.037911950237533,833.19453857166,21.680553597002284,0.948462006664061,200.0,700,90,150,259.0,NURPUR BEDI
31666,Bagewal Gujjran (120),HOSHIARPUR,31.6033821,75.850975,31666,1898.895362826408,1897.8076171875,0.5443004947976028,0.1532643209826843,1.5741115635780198,-0.5271479249895628,-0.0856266082237134,846.6854783704179,22.501385909822545,1.0,29.96,8,8,38,82.0,HOSHIARPUR-I
38571,Jol (286),RUPNAGAR,31.261261,76.4724045,38571,1899.402381863653,1897.80712890625,0.4831892887409637,0.0677080818565916,1.2865750754270282,-0.483933094581871,-0.0160859404140732,916.0776891305858,21.3796079033036,0.9482651741321524,50.0,25,21,409,72.0,ANANDPUR SAHIB
38427,Lodipur (362),RUPNAGAR,31.2432442,76.47889,38427,1896.315622437572,1897.8038330078125,0.4411558482545443,0.0888994343559787,1.122494482004201,-0.4575262683140736,-0.0182967589764552,817.4521270205872,21.85415734445013,0.996645436171956,50.0,96,105,114,549.0,ANANDPUR SAHIB
31740,Ramu Thiara (238),HOSHIARPUR,31.5315323,75.889595,31740,1899.9542813988496,1897.8031005859375,0.5380713920486871,0.1308379264597168,1.583216778636919,-0.5157742963610847,-0.0726233370131478,788.4978595187562,22.42155105340902,0.5654286526709558,101.214,25,35,42,112.0,HOSHIARPUR-I
27715,Jaitpur (48),PATHANKOT,32.28829,75.36538,27715,1897.7671244876265,1897.80126953125,0.4697935255205709,0.0681627303695493,1.1981088025902145,-0.4854967750753173,-0.003251208065134,1075.4182877948183,22.03002051327053,1.0,75.0,32,5,26,82.0,NAROT JAIMAL SINGH
31150,Noshehra (427),HOSHIARPUR,31.9459457,75.6141,31150,1897.780925456286,1897.7999267578125,0.5525670554558043,0.2375215064101583,1.6723456647631587,-0.5000436430820278,-0.1501315857781275,1160.8976386780464,22.18545233199646,1.0,304.0,40,50,427,363.0,MUKERIAN
38405,Mohiwal (324),RUPNAGAR,31.2432442,76.47889,38405,1897.4893843300688,1897.7969970703125,0.6027338587803007,0.1431868917342033,1.6494126138080056,-0.5838425840510436,-0.0858144621848443,843.1248707788552,21.284410524307244,0.5405915111257585,900.0,137,137,150,256.0,ANANDPUR SAHIB
38764,Ghanauli (CT),RUPNAGAR,31.0900249,76.54442,38764,1896.175843791584,1897.78955078125,0.5146780973104236,0.1203993367226448,1.527200195292738,-0.4790666592829293,-0.0724986965456801,819.4475713183778,22.333564912274483,0.4277694793598503,12.0,500,102,690,0.0,RUPNAGAR
31916,Khanni (340),HOSHIARPUR,31.3221779,75.97668,31916,1898.1850453789664,1897.7857666015625,0.5761849345806966,0.1285842199609291,1.5456963123225271,-0.5594350551206807,-0.0710754087602974,948.9334779788848,21.85623591013887,0.8524240726261595,394.0,40,70,202,770.0,MAHILPUR
38591,Oustee Colony Block-A (OG),RUPNAGAR,31.1711712,76.44169,38591,1896.492100660039,1897.7802734375,0.4644949763893404,0.0808883856768329,1.285749931227841,-0.4759889468530274,-0.0244545372592344,968.4069827985812,21.64922776071032,0.7112933421198456,75.0,100,1,80,0.0,NURPUR BEDI
30826,Tulluwal (68),HOSHIARPUR,31.6756763,75.5625458,30826,1900.1894451620724,1897.779052734375,0.5262700710763595,0.1374036138830786,1.5425499040006596,-0.5096068718107747,-0.0735257475173453,971.575617083176,22.416674557055305,1.0,2.02,0,0,126,68.0,TANDA
30939,Jandaur (98),HOSHIARPUR,31.8378372,75.71625,30939,1896.495882437144,1897.7772216796875,0.5260121106847045,0.1590164719648347,1.6420888912147806,-0.508992155340474,-0.0931674485869567,1121.7783483674425,22.15049259431709,1.0,175.0,22,0,192,196.0,DASUYA
31691,Barial (160),HOSHIARPUR,31.54955,75.9888153,31691,1899.37318031168,1897.7742919921875,0.49730642460401,0.1210990747201546,1.4968594528056538,-0.4888195857068744,-0.0587018777282118,782.2681566739309,22.41793394407249,1.0,103.0,10,10,81,103.0,HOSHIARPUR-I
32007,Khanpur (358),HOSHIARPUR,31.40697,76.03573,32007,1899.0780244615628,1897.772705078125,0.5251865823088738,0.0980243706125913,1.4729623710776778,-0.5215634172577138,-0.0410308690953543,853.6332548172985,22.0429999036468,1.0,44.0,40,44,315,508.0,MAHILPUR
28121,Hardo Chhani (163),GURDASPUR,32.0416946,75.29364,28121,1899.5754563526689,1897.770751953125,0.5218149531205356,0.1909893583898204,1.499423622114904,-0.5015989410631476,-0.109115758869083,1138.9373836614438,21.973880579190126,1.0,211.0,210,80,298,273.0,GURDASPUR
27582,Chuhan (277),PATHANKOT,32.1261253,75.529,27582,1895.849768597036,1897.76611328125,0.5400889482661183,0.1506059486753573,1.388352719745084,-0.5289562507152583,-0.0779054771157998,1112.7922591237798,22.18502034554956,1.0,275.0,85,80,292,301.0,GHAROTA
28928,Metla (440),GURDASPUR,32.0360374,75.0294952,28928,1897.700146143103,1897.7581787109375,0.5185830606692039,0.1967144247598501,1.3771993386110937,-0.5120139859352927,-0.1114799369427085,1172.0367433673764,22.14185040577855,1.0,150.0,40,40,120,120.0,DERA BABA NANAK
27869,Gopalia (699),GURDASPUR,32.1261253,75.48645,27869,1895.831794143716,1897.7572021484375,0.6084880443847068,0.2278810053509405,1.6010324152139217,-0.5741660717857525,-0.1473274692479077,1097.3557326009172,22.113313286249365,1.0,2.0,20,12,80,63.0,DINANAGAR
27726,Sheikhupur Majiri (51),PATHANKOT,32.216217,75.5185547,27726,1895.009869321256,1897.750732421875,0.5424918885411332,0.1768765393354727,1.527862756200064,-0.5161229168331607,-0.1015892317604535,1075.4182877948183,22.03002051327053,1.0,250.0,55,101,160,362.0,NAROT JAIMAL SINGH
31702,Raipur (195),HOSHIARPUR,31.5315323,75.80504,31702,1899.0497084432247,1897.7445068359375,0.5161294298699715,0.1200919565386791,1.5324845684352286,-0.503685463975369,-0.0614782729772253,788.4978595187562,22.42155105340902,1.0,51.82,60,50,216,145.0,HOSHIARPUR-I
31954,Hyatpur (280),HOSHIARPUR,31.2293434,76.13239,31954,1895.884649144752,1897.7430419921875,0.479319946880949,0.0574393436376365,1.1887206446393117,-0.5073581791570462,0.0026855844102456,837.0815011670487,22.19709611623847,1.0,69.0,8,10,92,77.0,GARHSHANKAR
27862,Bara (299),GURDASPUR,32.10811,75.47155,27862,1898.208071576452,1897.7425537109375,0.6082209034343975,0.2253130749502818,1.6988507855243655,-0.5665261135143008,-0.1513651401792302,1097.3557326009172,22.113313286249365,1.0,32.38,8,8,47,82.0,DINANAGAR
27866,Akbarpur (295),GURDASPUR,32.10811,75.47155,27866,1895.88864036046,1897.739501953125,0.6103379699095323,0.2218952048118947,1.6918143099193317,-0.5538484119274765,-0.1559580292297076,1097.3557326009172,22.113313286249365,1.0,100.0,10,30,50,120.0,DINANAGAR
28357,Chopra (609),GURDASPUR,32.0413322,75.40184,28357,1899.9581759659468,1897.7294921875,0.6182056420659681,0.2166821738011231,1.842409855549544,-0.5715880804614232,-0.1494313322098998,1128.2692734219029,22.022579299817213,1.0,67.0,200,65,200,368.0,GURDASPUR
38478,Barari (510),RUPNAGAR,31.1531525,76.55348,38478,1896.827127969652,1897.7291259765625,0.479757105883593,0.0734782310274394,1.160906635448973,-0.5047147930073207,-0.0070648934915568,802.8077050972396,22.39897375547355,1.0,0.75,85,90,200,215.0,NURPUR BEDI
28194,Bhagwanpur (672),GURDASPUR,32.10811,75.47155,28194,1898.4134612052712,1897.72509765625,0.5253949500477363,0.1456971167908633,1.3907648840688966,-0.5196085702020037,-0.072854266147003,1097.4564615657914,22.11379751357568,1.0,253.0,35,50,146,286.0,DINANAGAR
39085,Takipur (158),S.A.S Nagar,30.8828831,76.6935654,39085,1898.4965892858013,1897.7215576171875,0.430594681780852,0.0795225080997653,1.0630401856143832,-0.460809873307837,-0.0041992619845903,814.0134456565278,22.43804828433952,0.9711717727127376,94.0,50,33,87,138.0,MAJRI
30820,kalajhingar (82),HOSHIARPUR,31.81982,75.68027,30820,1898.7534861617817,1897.7210693359375,0.4873449304612899,0.1179584900928653,1.419519835596736,-0.4849059005875142,-0.0545532978658408,1121.7783483674425,22.15049259431709,0.9439315928554268,81.0,20,20,85,99.0,DASUYA
31690,Pandori Khangurian (159),HOSHIARPUR,31.5315323,75.99529,31690,1899.2038020599955,1897.71923828125,0.4717471056607305,0.1053699622969162,1.338691717165203,-0.4703566766890621,-0.0405590585958093,785.6143852219254,22.419876841643926,1.0,146.0,70,70,275,162.0,HOSHIARPUR-I
30874,Nangal (36),HOSHIARPUR,31.6576576,75.8019,30874,1897.4945699804664,1897.718017578125,0.5083494190876097,0.1261590733908257,1.4593414533110314,-0.4986724152106006,-0.0620118029906365,959.276372473468,22.438470679153,1.0,66.0,58,51,110,71.0,BHUNGA
38648,Sanana (348),RUPNAGAR,30.9729729,76.53469,38648,1902.4523558467904,1897.71435546875,0.5527799589869989,0.1440489373804686,1.4849388498518608,-0.5429201910973286,-0.0749193809990114,819.898753241106,22.346773771058988,1.0,10.0,40,12,182,534.0,RUPNAGAR
28282,Bhadana (636),GURDASPUR,32.0360374,75.39083,28282,1897.517689443875,1897.712158203125,0.6453346220095991,0.216146292861617,1.8981292376590453,-0.5867421819501144,-0.1540159493944117,1135.595315973987,22.065727221775774,1.0,71.0,6,5,18,84.0,GURDASPUR
27973,Rura (102),GURDASPUR,0.0,0.0,27973,1891.9360641746969,1897.7078857421875,0.5696022720181395,0.2432312709034468,1.808896545113289,-0.5219587474771552,-0.1617158878595674,1136.3471540620226,22.16224381140933,1.0,71.0,22,80,105,81.0,KALANAUR
27853,Jhakhar Pindi (287),GURDASPUR,32.1261253,75.48645,27853,1895.144110551114,1897.7060546875,0.5833399267191468,0.1973115208315609,1.6494510736008097,-0.5524159655809697,-0.1254533830647545,1079.0998976869046,22.016658181029847,0.990867905962903,5.0,100,10,120,81.0,DINANAGAR
38607,Majri (11),RUPNAGAR,31.09916,76.5470047,38607,1893.2324257460664,1897.7049560546875,0.4639080514384827,0.1404317016063719,1.3340391630179396,-0.4398673936122743,-0.0765856711563655,799.1996586657846,22.089034016495592,0.9007764107915428,71.0,25,25,50,120.0,RUPNAGAR
27891,Sadana (675),GURDASPUR,32.0841866,75.41816,27891,1898.6779755722,1897.701904296875,0.5076162519462911,0.1034332351381388,1.3086542942651094,-0.5114438799225879,-0.0374039912611446,1097.3557326009172,22.113313286249365,1.0,249.0,27,30,140,320.0,DINANAGAR
28204,Sirkian (665),GURDASPUR,32.04129,75.4023056,28204,1898.3146763258576,1897.6949462890625,0.5270677795973429,0.1367431491480498,1.3975568215199856,-0.5200253104131888,-0.0672204227865587,1097.3557326009172,22.113313286249365,1.0,60.0,70,72,95,89.0,GURDASPUR
30993,Usman Shahid (142),HOSHIARPUR,31.81982,75.61665,30993,1897.9321985542,1897.689208984375,0.5624100067058272,0.1986857881667952,1.7293425786410226,-0.534650641782694,-0.1273974399290051,1113.194376781824,22.167763537722607,1.0,358.0,69,9,409,500.0,DASUYA
27877,Dhaki (689),GURDASPUR,32.1261253,75.46517,27877,1896.1432353180608,1897.67822265625,0.4416663899348264,0.0594312320964059,1.097824765581627,-0.4642436379160792,0.0041629930153257,1117.235490958919,22.20887986177746,0.9848053860940637,127.0,10,33,75,157.0,DINANAGAR
38579,Jandla (341),RUPNAGAR,31.2432442,76.47889,38579,1898.657434128932,1897.677001953125,0.5471126298019857,0.1195536673145776,1.517068938294476,-0.5174139361456064,-0.0725508084366529,845.1160135676759,21.49261000459427,0.9430857660743044,110.0,20,20,170,123.0,ANANDPUR SAHIB
28214,Abul Khair (329),GURDASPUR,32.0360374,75.39083,28214,1897.849623766444,1897.6719970703125,0.5160998432328582,0.1583322229481965,1.5048325386600474,-0.4984199447278485,-0.0881691279805806,1098.068917076816,21.98574548872073,1.0,80.0,205,50,83,195.0,GURDASPUR
38421,Thappal (322),RUPNAGAR,31.2432442,76.47889,38421,1895.4282769325653,1897.671875,0.7069876425202991,0.2340199766712404,1.9421150425960303,-0.6240056053879062,-0.1932690867928073,817.4521270205872,21.85415734445013,1.0,83.0,96,96,110,240.0,ANANDPUR SAHIB
31387,Jallowal (57),HOSHIARPUR,31.5196457,75.76203,31387,1893.1616791266065,1897.6705322265625,0.4977625630500201,0.0915044930051347,1.305073828971054,-0.5056333107055848,-0.0285472102893125,987.988719623317,22.217897946298365,1.0,1.0,50,50,80,306.0,BHUNGA
27730,Chhani Gujjran (130),PATHANKOT,32.2342339,75.53352,27730,1897.898472859417,1897.6678466796875,0.191007695033654,0.0036639247341192,0.4070180382018951,-0.2721217140717649,0.0783929437907078,1075.4182877948183,22.03002051327053,1.0,6.0,0,0,1,33.0,NAROT JAIMAL SINGH
28136,Paharipur (195),GURDASPUR,32.1081734,75.30957,28136,1895.95571911666,1897.6600341796875,0.5797893569441421,0.2382344245772547,1.752064920256987,-0.5370365190783157,-0.1580944043855132,1129.259580652942,21.94887067172812,1.0,109.0,15,15,15,128.0,DORANGLA
31092,Kalsan (268),HOSHIARPUR,31.9459457,75.6141,31092,1898.689058884216,1897.656005859375,0.5725316918123762,0.2005899936578457,1.6854103089780774,-0.5404767337315659,-0.1277876101415483,1185.3484753683108,22.10317726573477,0.9559513597325108,56.0,90,90,135,148.0,MUKERIAN
31606,Lidder (137),HOSHIARPUR,31.6176777,75.85321,31606,1896.4520938544,1897.6553955078125,0.4159774063047058,0.0527176390429421,1.1195765438189238,-0.4370544013533239,0.0081107750788654,846.6854783704179,22.501385909822545,1.0,26.34,12,20,94,74.0,HOSHIARPUR-I
32018,Sihwan (492),HOSHIARPUR,0.0,0.0,32018,1898.521106090064,1897.64404296875,0.5409601070579239,0.1037766573912161,1.4508343635228462,-0.54508764873253,-0.0429704582221954,847.2567887255517,21.704679814962887,0.7569472854437358,32.0,55,0,285,158.0,GARHSHANKAR
27749,Balour (136),PATHANKOT,32.216217,75.5185547,27749,1894.8589071505355,1897.6436767578125,0.5696419362003609,0.2012791539136864,1.5457270802584944,-0.5442231292330293,-0.1234366430143831,1075.4182877948183,22.03002051327053,1.0,165.0,185,185,238,220.0,NAROT JAIMAL SINGH
31064,Langah (202),HOSHIARPUR,31.9459457,75.82643,31064,1898.8754029104048,1897.6383056640625,0.6185834495523402,0.2346717404061573,1.973375339084371,-0.5631100578813074,-0.1672628281914475,1187.6022311856646,22.08084163640433,1.0,0.78,20,30,88,82.0,MUKERIAN
27769,Shahpur (124),PATHANKOT,32.2342339,75.53352,27769,1897.8706231165352,1897.6363525390625,0.5868707078795151,0.2273529648352167,1.5739440027134426,-0.5563093480820216,-0.1438233098544209,1079.6897540764764,22.02788046817926,1.0,3.0,0,0,1,33.0,NAROT JAIMAL SINGH
27826,Mirzapur (23),GURDASPUR,32.10811,75.32265,27826,1897.2538855045304,1897.6339111328125,0.6000171145795243,0.2095888563584122,1.907831589223204,-0.5470240702347066,-0.1477205727075316,1115.756182932717,21.994560332749924,0.8690761436307439,35.0,50,27,59,184.0,DORANGLA
27718,Bhagwal (44),PATHANKOT,32.28829,75.36538,27718,1896.1321005060704,1897.6318359375,0.5546091120576183,0.1667628784067353,1.467224059311587,-0.5465351952953266,-0.0910525301645785,1073.1087152912417,22.020310687328845,1.0,25.0,12,11,60,96.0,NAROT JAIMAL SINGH
27765,Zainpur Kukkar (125),PATHANKOT,32.2342339,75.53352,27765,1898.009529844361,1897.630615234375,0.260924340958154,0.0684529494399274,0.645473285711433,-0.3221081670451456,0.0265400072485766,1075.4182877948183,22.03002051327053,0.8458195596904353,7.0,0,0,1,42.0,NAROT JAIMAL SINGH
31844,Ganguwal (328),HOSHIARPUR,31.3221779,75.97668,31844,1897.293061341344,1897.627197265625,0.5964472068846954,0.14253220515258,1.5904568453692172,-0.5736609169815314,-0.0842937696286438,951.2888136317628,21.84905820779653,0.7125398335220979,63.0,10,10,31,165.0,MAHILPUR
38628,Ghanaula (337),RUPNAGAR,31.0990982,76.55196,38628,1895.119649299512,1897.6268310546875,0.5072906675554312,0.1338422082643121,1.226842672472995,-0.5205603513158847,-0.0544641203366951,819.4475713183778,22.333564912274483,1.0,107.0,100,100,335,155.0,RUPNAGAR
27733,Akhwara (119),PATHANKOT,32.25225,75.52721,27733,1897.0599615211888,1897.625732421875,0.5642189878580305,0.2074252271465344,1.5650411468371284,-0.5332010719334519,-0.1265871875762568,1075.4182877948183,22.03002051327053,1.0,120.0,42,42,85,335.0,NAROT JAIMAL SINGH
38483,Bahman Majra (425),RUPNAGAR,31.0810814,76.55849,38483,1896.4462579066844,1897.625244140625,0.4542975921618873,0.0456218974250957,1.06978318277941,-0.49296099792882,0.0194053865131743,802.2466841151612,22.41984541838633,1.0,0.3,100,100,800,117.0,NURPUR BEDI
30933,Randhawa (96),HOSHIARPUR,31.8738747,75.74585,30933,1897.226847400428,1897.6224365234375,0.5107492964438851,0.1266812332447415,1.5946598610680562,-0.5047685733771111,-0.0644967965780333,1121.7783483674425,22.15049259431709,1.0,140.0,14,0,242,193.0,DASUYA
38647,Ladhal (349),RUPNAGAR,31.0270271,76.62014,38647,1899.7183052563223,1897.62060546875,0.5691529418609458,0.1503317460346593,1.736116652360228,-0.534036086715257,-0.0943585832183316,819.5199731059266,22.33568455612308,0.9848157285408456,50.0,50,25,95,199.0,RUPNAGAR
27887,Habibpur (679),GURDASPUR,32.0360374,75.39083,27887,1895.6611289205543,1897.62060546875,0.5511634339059094,0.1861925667560608,1.5003842312999258,-0.5258618756631283,-0.109760434730173,1117.2343954799449,22.20887459555715,1.0,101.0,20,23,143,112.0,DINANAGAR
28138,Kathgarh (194),GURDASPUR,32.10811,75.30138,28138,1895.9322032162768,1897.6201171875,0.6018663016763053,0.2698048988592412,1.806461765235112,-0.5584610205501883,-0.1845650555419356,1118.4812079263315,21.96161328365812,1.0,100.0,82,30,115,110.0,DORANGLA
32446,Nanowal (382),Shahid Bhagat Singh Nagar,31.1171169,76.35603,32446,1899.064735999971,1897.617431640625,0.5548626601151302,0.1111204149671335,1.5409293893102445,-0.5459539938979017,-0.0546669318465459,826.530318780688,22.165414442238795,0.8505240340201212,211.0,5,52,88,210.0,BALACHAUR
31431,Daulowal (516),HOSHIARPUR,31.5855846,75.89128,31431,1894.662039855056,1897.6114501953125,0.4733042438422037,0.0941142545981048,1.2597790317744306,-0.4858223917894862,-0.0292798253563333,934.5440521009688,22.325120681054383,1.0,56.0,8,12,102,77.0,HOSHIARPUR-I
27786,Rajpur Chib (9),GURDASPUR,32.0837936,75.41797,27786,1899.7838045768544,1897.60302734375,0.6120947446010468,0.227181888421347,1.7543740377986763,-0.5724420105108651,-0.1542675799110533,1110.4655656030077,22.012461494917147,1.0,55.0,12,12,34,60.0,DINANAGAR
38562,Khera Bagh (233),RUPNAGAR,31.2432442,76.47889,38562,1898.0071972051248,1897.598876953125,0.4541341609894227,0.1439772685462107,1.3037454878072448,-0.4277100557603646,-0.0698681770905623,971.2861719539064,21.291691791985272,0.7315546605862012,100.0,45,45,102,38.0,ANANDPUR SAHIB
28122,Alihar Pindi (166),GURDASPUR,32.0416946,75.29364,28122,1897.5681981213404,1897.592041015625,0.5479497349758226,0.2246403589188087,1.6017626912645828,-0.5192565603456426,-0.1385700815426081,1129.259580652942,21.94887067172812,1.0,85.0,210,65,128,96.0,GURDASPUR
27908,Miani Jhabelian (258),GURDASPUR,32.10811,75.47155,27908,1894.368031803792,1897.5845947265625,0.5257585848468943,0.2826548958634418,1.5818035772141812,-0.4581576046008115,-0.1693046126239334,1098.068917076816,21.98574548872073,1.0,180.0,53,55,97,244.0,DINANAGAR
28150,Dakhla (155),GURDASPUR,32.0360374,75.41209,28150,1899.7280689120528,1897.583740234375,0.6140242116234358,0.2750900568743101,1.863715085342568,-0.5656168909160688,-0.1915040960138883,1124.2104650489207,21.96875232911101,1.0,2.47,0,1,2,191.0,GURDASPUR
27860,Doburji (300),GURDASPUR,32.10811,75.47155,27860,1897.0713902671805,1897.5736083984375,0.5917566031266639,0.2007949087715545,1.730024349214864,-0.5497866741427758,-0.1322669027364715,1097.3557326009172,22.113313286249365,1.0,121.406,200,200,340,138.0,DINANAGAR
27864,Dhamrai (297),GURDASPUR,32.1261253,75.46517,27864,1898.5616556318785,1897.570556640625,0.521932054058286,0.1507908495779719,1.421861881292288,-0.5049583578012702,-0.0830319540709126,1097.3557326009172,22.113313286249365,1.0,103.0,25,25,300,115.0,DINANAGAR
31834,Badhana (328),HOSHIARPUR,31.4070435,76.03588,31834,1900.1300751446263,1897.56640625,0.4393830804414124,0.0580818096698298,1.121804704653898,-0.4678314701871193,0.0065235521717867,1030.022308348678,21.893687875279845,0.9663790717543288,49.0,47,2,87,63.0,MAHILPUR
27747,Baknour (145),PATHANKOT,32.216217,75.5185547,27747,1894.9216990731284,1897.564697265625,0.5436220654951183,0.1833667103792796,1.48352276971752,-0.524822099094546,-0.1044213855452648,1075.4182877948183,22.03002051327053,1.0,99.0,0,165,327,161.0,NAROT JAIMAL SINGH
31579,Bassi Ballo (376),HOSHIARPUR,31.5855846,75.89128,31579,1896.399554238766,1897.562255859375,0.4216176049761223,0.0332069737107694,1.1078299586097315,-0.4465934688316293,0.023880939957673,935.5591627766984,22.469599437629142,0.6129798995868947,0.1452,20,0,26,29.0,HOSHIARPUR-I
27721,Kathana (41),PATHANKOT,32.28829,75.3866959,27721,1896.2690400974104,1897.5611572265625,0.5165838193547025,0.1401479610449877,1.4088260339161145,-0.4928166099798277,-0.0682947071796872,1007.3147163165193,21.743701801016417,1.0,106.0,10,23,38,110.0,NAROT JAIMAL SINGH
30997,Unchi Bassi (195),HOSHIARPUR,31.8738747,75.59733,30997,1898.3805195776029,1897.5567626953125,0.5492385123089416,0.1327959482515124,1.677964639324666,-0.5207242529310916,-0.0759365942263306,1208.1590810681053,22.058970346089303,1.0,215.0,50,50,350,360.0,DASUYA
28140,Ganji (188),GURDASPUR,32.10811,75.30138,28140,1896.166649498443,1897.549072265625,0.5171995006874794,0.1810484919071333,1.5646022493385656,-0.488423745652654,-0.1097640699034139,1098.068917076816,21.98574548872073,1.0,58.0,150,140,180,69.0,DORANGLA
31465,Sainchan (377),HOSHIARPUR,31.5315323,75.889595,31465,1895.3284917604497,1897.5478515625,0.4482347691595275,0.0632339045588924,1.2155107718626703,-0.4629213631005546,-0.0059180946535128,938.6811534676564,22.45984808267511,0.865803375831239,353.21,25,34,152,222.0,HOSHIARPUR-I
27801,Bahmani (269),GURDASPUR,31.8738747,75.42759,27801,1894.3977069369407,1897.5435791015625,0.56890485923192,0.2207813105937983,1.5761297424027132,-0.5391561629260313,-0.1384641760241645,1086.3998201649958,22.008554989764992,1.0,347.0,55,192,392,403.0,DINANAGAR
38993,Hoshiarpur (159),S.A.S Nagar,30.8288288,76.67133,38993,1897.9277166707147,1897.5406494140625,0.4196134656922735,0.0323319151696582,0.99793162404441,-0.451682011827113,0.0310534310666658,814.0134456565278,22.43804828433952,0.7211835724461313,221.0,14,11,430,304.0,MAJRI
32444,Jitpur (381),Shahid Bhagat Singh Nagar,31.0630627,76.31261,32444,1898.0843410710108,1897.5357666015625,0.7632060019225306,0.254447347029432,2.569540190951217,-0.6724861666862171,-0.2152975391548625,830.6255879809754,21.71718340171697,0.0,44.0,5,50,77,42.0,BALACHAUR
31612,Muradpur Guru (142),HOSHIARPUR,31.6035461,75.85127,31612,1895.6888766399888,1897.5257568359375,0.5124076544883515,0.1017842186547243,1.406440409342916,-0.506317494470668,-0.043391431697104,935.5591627766984,22.469599437629142,1.0,23.48,28,30,166,74.0,HOSHIARPUR-I
27975,Alawalpur (101),GURDASPUR,0.0,0.0,27975,1892.1972556796848,1897.5228271484375,0.5587393194281518,0.2294176873771161,1.7151706293317492,-0.5166040237944776,-0.1477412116168798,1144.7404485653983,22.157447794903884,1.0,53.0,22,50,66,62.0,KALANAUR
38560,Bhabhaur Sahib (234),RUPNAGAR,31.2432442,76.47889,38560,1895.877917638764,1897.5169677734375,0.4840784441670385,0.1287874051962188,1.5738262087457175,-0.4256475291791875,-0.099975028032495,971.0294662974082,21.32356934522695,0.6922290712611854,60.0,80,80,115,569.0,ANANDPUR SAHIB
39080,Phantwan (87),S.A.S Nagar,30.81081,76.57304,39080,1900.229484671613,1897.512939453125,0.4521605311857359,0.0827574298971939,1.1953825325281628,-0.4670838398480994,-0.0136462532756509,814.0134456565278,22.43804828433952,1.0,176.0,36,48,190,228.0,MAJRI
27525,Gharota Kalan (278),PATHANKOT,32.18018,75.59509,27525,1895.160295050562,1897.5087890625,0.4287648090736117,0.0584018881631636,1.079798014513264,-0.4454607968624168,0.0036668810741067,1108.4403521626534,22.0060401885944,1.0,1537.0,850,290,1000,612.0,GHAROTA
38996,Rajgarh (331),S.A.S Nagar,31.0990982,76.55196,38996,1897.6743729847665,1897.5086669921875,0.4506778401939034,0.1207643011805879,1.1058857990206246,-0.4789696670866643,-0.0325657572464573,814.0134456565278,22.43804828433952,1.0,3.0,0,50,107,99.0,MAJRI
38581,Bhalowal (290),RUPNAGAR,31.2432442,76.47889,38581,1898.8293397736663,1897.5009765625,0.4516912910727552,0.0689671950306252,1.2523197419523633,-0.4669863627253676,-0.0104724802883991,845.1160135676759,21.49261000459427,0.927882422544388,5.0,0,0,35,39.0,ANANDPUR SAHIB
31424,Lehal (74),HOSHIARPUR,31.5196457,75.76203,31424,1892.601928136311,1897.49951171875,0.5158066412066188,0.1380408478849255,1.432377530104794,-0.5148424840361178,-0.0710609446399978,846.6854783704179,22.501385909822545,0.9971277540043187,8.05,20,22,123,110.0,BHUNGA
32004,Lehra (355),HOSHIARPUR,31.2432442,76.09955,32004,1897.45288316032,1897.497802734375,0.6142287562969645,0.141182760655949,1.8270266752784348,-0.5743240501219213,-0.0912062633974664,862.5153544356721,21.983339948702906,1.0,96.0,21,10,107,240.0,GARHSHANKAR
28128,Singowal (158),GURDASPUR,32.0360374,75.39083,28128,1897.551528081376,1897.4969482421875,0.6480930039223425,0.2933370407718458,2.037835676598295,-0.5869369432361451,-0.2159637202384826,1129.259580652942,21.94887067172812,1.0,97.0,170,35,50,102.0,GURDASPUR
30817,Ajmer (94),HOSHIARPUR,31.8378372,75.73746,30817,1898.7229732936644,1897.496337890625,0.5521537323695949,0.1645167774770759,1.7352220855987046,-0.524456292541514,-0.1004247829905173,1121.7783483674425,22.15049259431709,1.0,40.0,1,0,2,66.0,DASUYA
31858,Gogron (321),HOSHIARPUR,31.22917,76.13235,31858,1898.429771967788,1897.495361328125,0.4269077574337904,0.0456232905592421,1.082626008505266,-0.4662416006994661,0.0187033470438141,940.3599612401708,21.882219103466166,1.0,131.0,25,31,131,240.0,GARHSHANKAR
27745,Dalelpur (111),PATHANKOT,32.27027,75.49958,27745,1896.2233110407144,1897.4947509765625,0.6014661538286596,0.2082511348943869,1.754365049291062,-0.551147335878892,-0.1387922233546594,1075.4182877948183,22.03002051327053,1.0,5.0,0,2,7,47.0,NAROT JAIMAL SINGH
27822,Muradpur (24),GURDASPUR,30.9189186,75.9033356,27822,1896.9680761750665,1897.4930419921875,0.6174907424482318,0.2168322697211784,1.9630102305168533,-0.5604854638572675,-0.1542044617830921,1110.4655656030077,22.012461494917147,0.6628892065208993,70.0,20,20,30,70.0,DORANGLA
27920,Hakimpur (180),GURDASPUR,31.8558559,75.2219238,27920,1895.5697327598584,1897.492919921875,0.6120222934031321,0.2788830316435277,1.7881215321213813,-0.5639678856760697,-0.1920560565400409,1108.6877175194677,21.97319152935932,1.0,296.0,98,180,250,61.0,KALANAUR
31517,Jatpur (323),HOSHIARPUR,31.5099583,76.05055,31517,1898.4423249076,1897.4854736328125,0.4058235150926012,0.0440217866126903,1.0348363320863454,-0.4404224525612227,0.0203197473769903,1029.7934654166595,21.975286113537663,1.0,143.0,18,20,58,145.0,HOSHIARPUR-II
27898,Haripur (306),GURDASPUR,32.1261253,75.48645,27898,1896.502046298368,1897.4788818359375,0.4779781125360104,0.1154206654634355,1.328531032730471,-0.4738092921187862,-0.0478603223706134,1097.3557326009172,22.113313286249365,1.0,355.0,16,32,124,65.0,DINANAGAR
28127,Chaguwala (160),GURDASPUR,32.04067,75.3634,28127,1899.3757058237816,1897.4774169921875,0.5690144236512426,0.2105450946167612,1.7176461870193025,-0.5331440509514859,-0.1360553194243824,1129.259580652942,21.94887067172812,1.0,141.0,292,120,270,160.0,GURDASPUR
28161,Chak Araian (204),GURDASPUR,32.0360374,75.39083,28161,1898.8154730581248,1897.4686279296875,0.622086432016116,0.2765582928799388,1.8880291746608675,-0.569772956625377,-0.1963079872795754,1129.1833913364849,21.9491706787012,1.0,165.0,166,60,118,178.0,GURDASPUR
31467,Ajowal (371),HOSHIARPUR,31.5855846,75.89128,31467,1896.4510609679508,1897.4569091796875,0.365187709160125,0.0054357550566408,1.0085926380479358,-0.394706888043349,0.0443661218010136,935.5591627766984,22.469599437629142,0.3010950026911253,0.00801,10,12,860,336.0,HOSHIARPUR-I
31602,Khabal (109),HOSHIARPUR,31.5196457,75.76203,31602,1897.373692393812,1897.4554443359375,0.4490370606968619,0.0723917551542237,1.224055840206937,-0.4640788561840542,-0.0115498240714544,846.6854783704179,22.501385909822545,1.0,90.0,40,0,154,110.0,BHUNGA
31952,Abowal (350),HOSHIARPUR,31.32023,75.9759445,31952,1896.880698950108,1897.4549560546875,0.5617189911825904,0.1268637909338534,1.5143802080123707,-0.5532019226118728,-0.0681711395287461,837.0815011670487,22.19709611623847,1.0,44.0,3,1,8,59.0,MAHILPUR
31468,Kotli Gounspur (369),HOSHIARPUR,31.5135136,75.9594955,31468,1896.186214777064,1897.45166015625,0.4464481561296794,0.0551067044694155,1.172046929806652,-0.4681999793068416,0.0037348030195008,980.4361059847416,22.313319529878303,0.7282411111371077,222.0,25,25,250,317.0,HOSHIARPUR-I
31627,Badial (216),HOSHIARPUR,31.36937,75.82165,31627,1898.713343151864,1897.442626953125,0.4786340049093234,0.0590299137928966,1.3533654161165158,-0.4745986711201813,-0.0076847188871336,820.0552749978997,22.388450780950937,0.33217161672458,30.0,85,58,175,129.0,HOSHIARPUR-II
28147,Lakhowal (201),GURDASPUR,31.9639645,75.3103561,28147,1897.3733058019816,1897.439208984375,0.6127650043454533,0.273931630986884,1.8385676797782184,-0.5631498851728935,-0.1922716231622368,1116.93197897618,21.963444842447625,1.0,298.0,177,177,271,324.0,GURDASPUR
28149,Sarai (203),GURDASPUR,32.0433159,75.29439,28149,1898.188939059327,1897.4390869140625,0.6051649629182666,0.2602388532952409,1.847010518012636,-0.5594273838164961,-0.1801285288178279,1129.259580652942,21.94887067172812,1.0,2.47,0,0,1,207.0,KALANAUR
38566,Nangal Nikku (282),RUPNAGAR,31.2432442,76.45782,38566,1898.2958220625017,1897.4390869140625,0.4572601714263568,0.0675763662080569,1.295945285779118,-0.457532507719115,-0.0186401832937546,971.2861719539064,21.291691791985272,0.6897021534618775,110.0,180,180,205,454.0,ANANDPUR SAHIB
31057,Mansurpur (215),HOSHIARPUR,31.9459457,75.82643,31057,1897.097763529236,1897.4324951171875,0.5938437984816541,0.23721149815181,1.8341192169306664,-0.5523876389154799,-0.1609407228212653,1203.6746372225296,22.06374153300784,1.0,1.8,216,58,472,302.0,MUKERIAN
31486,Naru Nangal Khas (340),HOSHIARPUR,31.3923435,75.81488,31486,1897.630157148007,1897.42578125,0.4107576434263764,0.0489873074795904,1.025340726299179,-0.4512440864400621,0.0228331507349117,1029.7934654166595,21.975286113537663,0.9435042413341892,40.08,98,98,300,109.0,HOSHIARPUR-II
38570,Patti (287),RUPNAGAR,31.2432442,76.47889,38570,1899.89253009128,1897.425537109375,0.5324609245975155,0.0920509894589725,1.426319757859734,-0.5379868281013558,-0.0349676067202772,970.6959929280338,21.29263161576401,0.8738950069496418,80.0,30,30,280,275.0,ANANDPUR SAHIB
27746,Narainpur (108),PATHANKOT,32.28829,75.45064,27746,1894.2821204975128,1897.423095703125,0.5091353115419419,0.1462160412650856,1.4656494643767908,-0.4887469478233094,-0.0782946053666063,1075.4182877948183,22.03002051327053,1.0,29.0,15,23,130,85.0,NAROT JAIMAL SINGH
38474,Rure Majra (504),RUPNAGAR,31.1531525,76.55348,38474,1899.0347060018653,1897.4171142578125,0.4571431227808697,0.0401736470105016,1.0825736323854698,-0.4918933005590443,0.0216430483540714,817.4521270205872,21.85415734445013,1.0,0.25,55,60,140,92.0,NURPUR BEDI
31510,Bassi Qazian (326),HOSHIARPUR,31.5135136,75.91723,31510,1897.163114311052,1897.4166259765625,0.4373574134458916,0.0612551894980342,1.1878476781696836,-0.4583601524263093,0.0017080363517468,1029.7934654166595,21.975286113537663,1.0,14.0,0,2,2,17.0,HOSHIARPUR-II
30699,Sikri (66),HOSHIARPUR,31.6756763,75.77427,30699,1896.6937802247508,1897.4114990234375,0.5061771494125781,0.12467317566173,1.4366343897792695,-0.5019715218809081,-0.0608335780718077,846.4333859047249,22.500324285923284,1.0,340.0,119,209,501,481.0,BHUNGA
27878,Ramwal (688),GURDASPUR,32.0360374,75.39083,27878,1896.0936559071083,1897.4031982421875,0.5532683749451479,0.2047058464631528,1.402614234134281,-0.5521426555340145,-0.1165149255254323,1117.235490958919,22.20887986177746,1.0,77.0,0,13,33,110.0,DINANAGAR
31163,Kolian (418),HOSHIARPUR,31.9459457,75.6141,31163,1894.5197057727776,1897.402587890625,0.5552977180291419,0.1890370801018772,1.6332541749971907,-0.5075864488388983,-0.1197614765838607,1168.6254115983727,22.235512203939297,1.0,164.0,0,0,64,193.0,MUKERIAN
30995,Mian Ka Pind (152),HOSHIARPUR,31.8738747,75.59733,30995,1896.870811598702,1897.39501953125,0.5216736745703117,0.1309599775070094,1.490940552323899,-0.5113012316237524,-0.0655103018771195,1176.6919515113063,22.09225088768324,1.0,75.0,70,70,113,211.0,DASUYA
27820,Wazirpur Jattan (21),GURDASPUR,32.10811,75.32265,27820,1896.3554522785707,1897.392578125,0.6940574241641257,0.2720244671887568,2.2379654940374616,-0.6129580495755337,-0.2123433476075052,1110.4655656030077,22.012461494917147,0.5900474915833469,16.0,15,10,36,21.0,DORANGLA
28291,Godhar (630),GURDASPUR,32.0360374,75.39083,28291,1897.5297166170064,1897.3917236328125,0.66935914181458,0.2209967805263081,2.052722778648365,-0.5991006831119456,-0.1635747006222386,1135.595315973987,22.065727221775774,1.0,29.0,1,1,1,34.0,GURDASPUR
38994,Sultanpur (333),S.A.S Nagar,31.0990982,76.55196,38994,1895.759993815528,1897.380859375,0.5182700751335279,0.1190723378962333,1.3508588306198464,-0.521513220603051,-0.0486036635321717,820.0496016734041,22.19747528528697,1.0,40.0,30,30,35,120.0,MAJRI
38793,Jasran (102),RUPNAGAR,30.9189186,76.51241,38793,1897.835858436452,1897.3804931640625,0.5037855775273599,0.2264517917347045,1.1990030594007048,-0.5305547387512599,-0.1148303512524492,916.721189301242,22.821435243015912,1.0,80.0,25,20,54,95.0,CHAMKAUR SAHIB
27803,Aima (3),GURDASPUR,31.90991,75.41466,27803,1895.4514493132515,1897.363525390625,0.5848504895156228,0.2096339030567865,1.6950946286670048,-0.5428818734612776,-0.1358413164132846,1075.8699194235032,22.029137712126577,1.0,29.0,10,10,36,32.0,DINANAGAR
31421,Khanpur (239),HOSHIARPUR,31.61414,75.8540649,31421,1893.672871762891,1897.36083984375,0.5702647983730342,0.1686641088619887,1.5691659141519796,-0.5560688819495776,-0.1011757157899859,935.5591627766984,22.469599437629142,1.0,32.38,42,45,160,120.0,HOSHIARPUR-I
38389,Mahrauli (308),RUPNAGAR,31.2252254,76.4853745,38389,1897.5194236852817,1897.349609375,0.4562296300856199,0.0821891118856524,1.0889804629543176,-0.4850245659921452,-0.0071057292193354,821.3979968566227,21.765906891344645,0.8923376616992637,4048.0,170,180,200,37.0,ANANDPUR SAHIB
30816,Khera Kotli (113),HOSHIARPUR,31.8738747,75.74585,30816,1898.754817598881,1897.3480224609375,0.5320601511911701,0.1431602602510062,1.5760950147941586,-0.5186695219802159,-0.0797421069792886,1121.584852960257,22.1508819069082,1.0,151.0,45,53,93,177.0,DASUYA
31126,Piru Chak (279),HOSHIARPUR,31.9586525,75.66817,31126,1897.5734958609632,1897.33544921875,0.629588452624601,0.2423167078961445,1.9549949341122328,-0.5774403684473229,-0.1725945796287558,1196.9809269419595,22.302497859110964,1.0,14.0,0,10,10,24.0,HAJIPUR
38638,Chandpur (21),RUPNAGAR,31.0810814,76.55849,38638,1898.7701692412315,1897.3345947265625,0.4698220545827841,0.1150334321624103,1.1740116785873282,-0.4784200608542615,-0.0422564534373415,819.4475713183778,22.333564912274483,1.0,59.0,20,15,50,86.0,RUPNAGAR
27716,Hamza (49),PATHANKOT,32.28829,75.45064,27716,1897.2836394335377,1897.3314208984375,0.223338103717179,0.0376335675836042,0.5014747431117694,-0.284091123274729,0.0506639483500792,1075.4182877948183,22.03002051327053,1.0,42.0,0,0,2,47.0,NAROT JAIMAL SINGH
31416,Chak Gujran (396),HOSHIARPUR,0.0,0.0,31416,1892.5740929852184,1897.3280029296875,0.4690664467131702,0.0738923019845426,1.176699693209839,-0.4901511235093189,-0.0157752330937705,945.839320736298,22.42109337890185,0.6134111904319864,200.0,27,52,110,304.0,BHUNGA
31521,Bassi Jaura (319),HOSHIARPUR,31.5135136,75.91723,31521,1897.86886194128,1897.3265380859375,0.359208687071369,0.0276870893037184,0.9557334795400094,-0.4071689249582949,0.043694713268011,1029.7934654166595,21.975286113537663,1.0,43.0,8,27,83,49.0,HOSHIARPUR-II
32520,Bholewal (367),Shahid Bhagat Singh Nagar,31.18919,76.24561,32520,1899.564279358276,1897.3260498046875,0.446297059484829,0.0276135259638882,1.127982991522153,-0.4757510176021174,0.0262557950772268,849.8055543079772,21.982396575549974,0.9046409184954576,37.0,5,50,95,111.0,SAROYA
27725,Datyal (52),PATHANKOT,32.27027,75.52089,27725,1894.785009875225,1897.325927734375,0.4896471916972142,0.1439043195452415,1.2560125381117475,-0.4895364500457765,-0.0599506349516222,1075.4182877948183,22.03002051327053,1.0,99.9,0,87,185,132.0,NAROT JAIMAL SINGH
27709,Kilpur (70),PATHANKOT,32.216217,75.5185547,27709,1896.31826928502,1897.3226318359375,0.4961234759116896,0.111067230454367,1.3892423795911182,-0.4770678999743791,-0.048820930643391,989.6025898864168,21.66923708322446,1.0,87.0,110,110,211,122.0,NAROT JAIMAL SINGH
27896,Jhande Chak (304),GURDASPUR,32.1261253,75.48645,27896,1896.0009457385604,1897.3177490234375,0.5270823337005942,0.1593127266014973,1.4768485528846351,-0.5157867771742103,-0.0865115875460494,1097.3557326009172,22.113313286249365,1.0,2.0,15,5,100,94.0,DINANAGAR
27648,Madarpur (152),PATHANKOT,32.1261253,75.529,27648,1895.608090782717,1897.31689453125,0.5777532228361056,0.2217306343784355,1.5670797875100468,-0.5493567045572912,-0.1389165462582957,1074.280890265644,22.018166135821986,1.0,155.0,125,142,230,138.0,GHAROTA
28123,Nurpur (165),GURDASPUR,32.0412445,75.40223,28123,1898.412490383557,1897.3160400390625,0.5938129429699168,0.2554432381640613,1.7995048141719283,-0.5460990039981638,-0.1724505083503525,1129.259580652942,21.94887067172812,1.0,87.0,110,10,32,112.0,GURDASPUR
31620,Kheowal (223),HOSHIARPUR,31.6084728,75.86645,31620,1897.6125477821724,1897.3155517578125,0.4818653734840155,0.0771316090012715,1.3370609319862623,-0.4778239737453111,-0.0209928531118818,935.5591627766984,22.469599437629142,0.7337816478063718,24.48,12,10,59,69.0,HOSHIARPUR-I
27977,Khadar (91),GURDASPUR,32.0180168,75.14224,27977,1892.8025947266808,1897.310791015625,0.5171969887825707,0.1982930814681296,1.4359357505255528,-0.5043939577205485,-0.111501911184428,1145.2330655922617,22.15716630836809,1.0,60.0,12,50,72,62.0,KALANAUR
30871,Chohak (22),HOSHIARPUR,31.6936932,75.78898,30871,1894.7581443752715,1897.303466796875,0.548763869058306,0.153330684001486,1.5724333838466849,-0.5319620425363593,-0.0880192535141985,960.5081453806982,22.429008007397165,0.9980577652743088,3.3,43,36,265,198.0,BHUNGA
27669,Barket (66),PATHANKOT,32.25225,75.52721,27669,1893.8479311533908,1897.3033447265625,0.5508929469383785,0.1284751852106623,1.6306416758981794,-0.5197213724853791,-0.0734432011383102,1075.4182877948183,22.03002051327053,0.3800491198914523,75.0,0,7,10,114.0,NAROT JAIMAL SINGH
38441,Saini Majra (395),RUPNAGAR,31.1531525,76.5324249,38441,1897.398810848531,1897.300537109375,0.4326810754458071,0.0576994282968943,1.049003423389646,-0.4671552890664237,0.0098842688258091,817.4521270205872,21.85415734445013,1.0,146.0,250,110,342,169.0,NURPUR BEDI
27946,Baupur Afganan (167),GURDASPUR,31.9639645,75.3103561,27946,1896.321430798719,1897.2987060546875,0.5861213277006528,0.2358956879095932,1.7807459761644269,-0.5415845456426289,-0.1577350550228262,1129.259580652942,21.94887067172812,0.9800462011712268,129.0,85,85,124,171.0,GURDASPUR
38479,Bassali (512),RUPNAGAR,31.1711712,76.42063,38479,1897.0549600238528,1897.2974853515625,0.6428387268203459,0.1693083167329118,1.82058117397246,-0.6017553332818101,-0.1162487624383174,807.3680259676636,22.351201980820708,0.4492423519954954,140.0,25,25,150,773.0,NURPUR BEDI
27729,Bearial Jattan (121),PATHANKOT,32.2342339,75.53352,27729,1898.15042567744,1897.2939453125,0.5137253055608872,0.1314368146283635,1.2839337338611538,-0.5248898188052263,-0.0542828003103973,1075.4182877948183,22.03002051327053,1.0,21.0,1,1,1,153.0,NAROT JAIMAL SINGH
28125,Ali Nangal (171),GURDASPUR,32.10811,75.30138,28125,1898.26001425283,1897.2923583984375,0.5802310063894041,0.2348954828446315,1.72063960052846,-0.5406179104654074,-0.1551552156667676,1129.259580652942,21.94887067172812,1.0,235.0,155,110,204,262.0,DORANGLA
31404,Bassi Walidad (404),HOSHIARPUR,31.7025318,75.861,31404,1892.6139029663427,1897.2879638671875,0.506342549614689,0.0865855588512121,1.292949991202783,-0.5135382074054692,-0.031181109678215,947.3834331145569,22.41380761481232,0.6555393259757852,2.9,5,0,12,40.0,BHUNGA
28933,Agwan (435),GURDASPUR,32.0360374,75.0294952,28933,1894.2300303750023,1897.28759765625,0.5474424624529924,0.2306018649433404,1.436250529567668,-0.530026111108537,-0.1368579657203671,1136.3471540620226,22.16224381140933,1.0,169.0,30,25,53,190.0,DERA BABA NANAK
39001,Kubaheri (323),S.A.S Nagar,30.8828831,76.6935654,39001,1897.605283404968,1897.2833251953125,0.4450157822999914,0.0761155935061376,1.0913804745233255,-0.477519283539882,-0.0017493450967255,824.157828371753,22.03374054833552,1.0,226.0,60,58,295,361.0,MAJRI
31058,Sherpur (214),HOSHIARPUR,32.0235748,75.65689,31058,1898.439262159836,1897.2657470703125,0.6042788021797395,0.2394552253882414,1.892319108238981,-0.5542343144770402,-0.165765230774771,1192.1889381512638,22.075961647484807,1.0,0.8,52,80,151,91.0,MUKERIAN
38655,Jhandian (365),RUPNAGAR,30.9549541,76.52025,38655,1893.931710965821,1897.26513671875,0.6658106797176064,0.1872604562712028,1.9117523265460448,-0.615608001490001,-0.1322831400972352,819.4475713183778,22.333564912274483,0.5220657469246314,87.0,15,20,30,362.0,RUPNAGAR
27796,Bharath Qazi Chak (281),GURDASPUR,32.0360374,75.41209,27796,1894.570058883943,1897.2620849609375,0.583918070769941,0.226363339606877,1.6126288261731654,-0.5502430731292096,-0.144526680985749,1075.4182877948183,22.03002051327053,1.0,410.0,50,91,191,450.0,DINANAGAR
38442,Simbal Majra (391),RUPNAGAR,31.18919,76.4773,38442,1898.332349599155,1897.261962890625,0.4552104118026603,0.0705734016302271,1.0554703442378128,-0.4885272374503601,0.0031137716012233,817.4521270205872,21.85415734445013,1.0,45.0,270,270,300,140.0,NURPUR BEDI
27770,Rajpur Jattan (122),PATHANKOT,32.2342339,75.53352,27770,1898.2670710384912,1897.2601318359375,0.5798955082391422,0.2079691609776424,1.5333951377848916,-0.5614555232505297,-0.126465968642231,1076.8176253061972,22.02931943191541,1.0,7.0,0,0,1,112.0,NAROT JAIMAL SINGH
31425,Kutabpur (72),HOSHIARPUR,31.5196457,75.76203,31425,1892.031255916769,1897.2598876953125,0.5343729674901028,0.1421500827592984,1.4641334871931824,-0.5286913978877114,-0.0768697858074198,947.1846580735398,22.29976061420048,1.0,56.11,10,10,108,163.0,BHUNGA
39002,Abhipur (329),S.A.S Nagar,30.8288288,76.5874,39002,1897.5345869143748,1897.2578125,0.4332971349905731,0.0678892690544408,1.0740333559288735,-0.4647528530015407,0.0052940668638347,824.157828371753,22.03374054833552,1.0,167.0,28,60,93,231.0,MAJRI
27815,Mamka Khizarpur (15),GURDASPUR,32.09009,75.4353943,27815,1898.207551620745,1897.2545166015625,0.6066317575665109,0.1978772900434394,1.860040384792708,-0.5645813269177008,-0.1367249408246646,1110.4655656030077,22.012461494917147,0.5403208147586464,235.0,0,0,1,244.0,DINANAGAR
27762,Rajo Beli (116),PATHANKOT,32.2342339,75.53352,27762,1896.8398400066253,1897.2503662109375,0.4053883167208881,0.0528623504644947,0.6788652548091052,-0.4142713195661261,0.0041537590176873,1075.4182877948183,22.03002051327053,0.9554884840129932,40.0,0,20,35,51.0,NAROT JAIMAL SINGH
30825,Gambhowal (75),HOSHIARPUR,31.81982,75.68027,30825,1899.373315739812,1897.2496337890625,0.5347676412878547,0.1478159355290608,1.619506714745763,-0.5174772449861074,-0.0853414947872445,1121.7783483674425,22.15049259431709,1.0,107.0,21,8,258,155.0,DASUYA
38500,Abiana Kalan (433),RUPNAGAR,31.1711712,76.4627457,38500,1896.46854836974,1897.2451171875,0.4801193276164085,0.0903198484884065,1.1994185054681694,-0.4952939261103536,-0.0236976285118502,796.6005329967708,22.21639840418933,1.0,175.0,100,151,211,219.0,NURPUR BEDI
27835,Gahlari (42),GURDASPUR,32.1261253,75.33752,27835,1896.2514526613727,1897.240234375,0.579477820016724,0.2264474900362834,1.71079335488674,-0.5396415969966692,-0.1501701962265148,1126.9605214306855,21.95158870906275,1.0,187.0,530,130,368,212.0,DORANGLA
27740,Shahpur Gopi (60),PATHANKOT,32.25225,75.52721,27740,1896.1301004513173,1897.2379150390625,0.3437457009073379,-0.042711611765547,1.0125675789573672,-0.3866948192369251,0.0871493748893896,1075.4182877948183,22.03002051327053,0.0155985348528282,14.0,0,2,11,34.0,NAROT JAIMAL SINGH
28277,Mallowal (653),GURDASPUR,32.0360374,75.39083,28277,1898.4122929255943,1897.2373046875,0.569857429395474,0.1590190888176735,1.576798252757062,-0.5466588700334953,-0.09366792304562,1135.3574450844062,22.06602323283226,1.0,194.0,50,85,130,219.0,GURDASPUR
27918,Jiwan Chak (182),GURDASPUR,32.10811,75.30138,27918,1896.7549151691624,1897.2362060546875,0.5034564759952566,0.1521939356454105,1.5068784993979654,-0.4833615837232224,-0.0855871222532295,1117.8554320708406,21.96235310024035,1.0,35.0,52,35,150,42.0,DORANGLA
31520,Mehina (320),HOSHIARPUR,31.5135136,75.91723,31520,1898.840176313788,1897.2275390625,0.3990378631363926,0.027010781364874,1.0207186833561517,-0.4352820568962353,0.0348568928928972,1029.7934654166595,21.975286113537663,1.0,605.0,0,65,225,243.0,HOSHIARPUR-II
27759,Rakwal (115),PATHANKOT,32.216217,75.5185547,27759,1896.422948558622,1897.2264404296875,0.4689920367403613,0.1069086516974164,1.2140482739140637,-0.4761511526691889,-0.0356879957776237,1075.4182877948183,22.03002051327053,1.0,43.0,0,60,82,73.0,NAROT JAIMAL SINGH
27880,Naroba (687),GURDASPUR,32.0540543,75.40567,27880,1895.1798225309835,1897.2252197265625,0.5833828225467876,0.233443449141045,1.519986425783212,-0.5701539369168072,-0.1461233865828034,1117.235490958919,22.20887986177746,1.0,46.0,1,0,1,48.0,DINANAGAR
38961,Dulwan (337),S.A.S Nagar,30.8288288,76.5874,38961,1893.0674104223008,1897.2216796875,0.5845958348169082,0.1194491462766618,1.7284381263252226,-0.5506968205097947,-0.065311268558638,824.157828371753,22.03374054833552,0.2494451652144554,54.0,70,72,120,474.0,MAJRI
38650,Chararian (345),RUPNAGAR,31.0270271,76.62014,38650,1897.856302205029,1897.216796875,0.4724978160323064,0.0872039474982649,1.170959828313204,-0.4975037530102332,-0.0140687391823323,819.4475713183778,22.333564912274483,1.0,25.0,25,12,22,48.0,RUPNAGAR
31159,Sadullapur Kalota (424),HOSHIARPUR,31.927927,75.59927,31159,1896.5356269372344,1897.215576171875,0.5329850722074463,0.1608226025172513,1.540986383157445,-0.5041683766290908,-0.0915109496474769,1171.8173707090327,22.23712213861068,1.0,58.0,150,150,210,182.0,MUKERIAN
31703,Chalopur (166),HOSHIARPUR,31.5315323,75.80504,31703,1898.5449209111337,1897.2138671875,0.4561194623471232,0.0885288098554846,1.294647306020734,-0.4595031805797901,-0.0254876308075744,788.4978595187562,22.42155105340902,1.0,19.83,30,30,111,60.0,HOSHIARPUR-I
27881,Fakkarpur (685),GURDASPUR,32.0360374,75.39083,27881,1894.43644476773,1897.208740234375,0.4342239185986987,0.1497645218405585,1.1762919779344134,-0.4248973642306545,-0.0569016817806533,1117.235490958919,22.20887986177746,0.921991130948958,17.0,0,0,11,31.0,DINANAGAR
38583,Duhnal (291),RUPNAGAR,31.2432442,76.47889,38583,1897.473457352282,1897.207763671875,0.5464599707976313,0.1216103435428063,1.1907392432972614,-0.5188333173646489,-0.0740046743122698,845.1160135676759,21.49261000459427,0.8716949764746521,150.0,100,100,142,139.0,ANANDPUR SAHIB
31513,Bassi Daud Khan (331),HOSHIARPUR,31.5315323,75.9107361,31513,1897.6838853729969,1897.2032470703125,0.4248841488700684,0.0591286705170727,1.1256121949704985,-0.4535024137916591,0.0067600691269388,1029.7934654166595,21.975286113537663,0.9999676014531044,72.0,0,35,72,79.0,HOSHIARPUR-II
27507,Aner (293),PATHANKOT,32.144146,75.62904,27507,1890.7096218144568,1897.2005615234375,0.4706527198037196,0.0907734616907317,1.236308152249411,-0.4714740156985659,-0.0248716007650984,1121.1506816556353,22.09689591121986,1.0,80.0,78,111,221,186.0,PATHANKOT
38439,Gurse Majra (393),RUPNAGAR,31.1711712,76.42063,38439,1901.990025575491,1897.19775390625,0.4591900471135561,0.0561879414306486,1.0692061710849452,-0.4932214490663007,0.0121815101891896,817.4521270205872,21.85415734445013,1.0,44.0,12,12,70,51.0,NURPUR BEDI
38443,Lasari (390),RUPNAGAR,31.261261,76.4513245,38443,1898.0356244557104,1897.196044921875,0.4437665387213783,0.0685213112386426,1.0245666167483145,-0.478744542075952,0.0055171099968172,817.4521270205872,21.85415734445013,1.0,90.0,150,112,160,115.0,NURPUR BEDI
27924,Madhepur (176),GURDASPUR,32.1261253,75.33752,27924,1896.131390109227,1897.1917724609375,0.6105428318315009,0.2573217268354348,1.85913463056051,-0.5591290397762849,-0.1800531791293133,1129.259580652942,21.94887067172812,1.0,73.0,95,72,125,82.0,DORANGLA
28927,Bhagtana Tulianwala (437),GURDASPUR,32.03277,75.0280762,28927,1894.04631182814,1897.1905517578125,0.5469025474618232,0.2113926076705287,1.4747341552055957,-0.5214840253689405,-0.1249779355249724,1161.5177906207657,22.14786104569753,0.9818144698917032,236.0,90,90,184,259.0,DERA BABA NANAK
27732,Bharial Harchanda (117),PATHANKOT,32.25225,75.52721,27732,1897.5201568497223,1897.1861572265625,0.5499242011517357,0.1723963578057039,1.5214347822201586,-0.5297985082262799,-0.0987370735983488,1075.4182877948183,22.03002051327053,1.0,12.0,0,1,1,112.0,NAROT JAIMAL SINGH
31050,Balhaddah (190),HOSHIARPUR,31.9086132,75.68524,31050,1895.481163077502,1897.1822509765625,0.5619073740745225,0.2057193087749547,1.7537819241363972,-0.5314965760212759,-0.1333587360023166,1236.247518937816,22.029085885063463,1.0,92.0,90,90,130,109.0,HAJIPUR
27744,Naurangpur (112),PATHANKOT,32.18018,75.59509,27744,1896.309856373072,1897.18212890625,0.5354001949629102,0.1715344257032013,1.4828291963415483,-0.5138566199528867,-0.0960039759867677,1075.4182877948183,22.03002051327053,1.0,350.0,83,45,139,47.0,GHAROTA
28130,Lole Nangal (157),GURDASPUR,32.0416946,75.29364,28130,1897.828720622446,1897.1783447265625,0.6037947470273073,0.2625646380058886,1.719738047154009,-0.5668528854978652,-0.1766009030156145,1129.259580652942,21.94887067172812,1.0,215.0,160,55,137,231.0,GURDASPUR
27793,Makaura (5),GURDASPUR,32.0,75.40368,27793,1896.0721098828392,1897.1761474609375,0.5947200256388714,0.2191747219146387,1.7102783796352043,-0.5510116626981992,-0.147617209789112,1075.4182877948183,22.03002051327053,1.0,120.0,40,60,185,215.0,DINANAGAR
27943,Qadianwali (172),GURDASPUR,32.0416946,75.29364,27943,1896.8128991375809,1897.1759033203125,0.5860269389961802,0.246401367023281,1.6835665729515257,-0.5528669226898352,-0.1616072888854675,1129.259580652942,21.94887067172812,1.0,178.0,150,60,82,210.0,GURDASPUR
30937,Saggal (110),HOSHIARPUR,31.8378372,75.73746,30937,1896.2318330810288,1897.1729736328125,0.529915180100688,0.1547374078148475,1.605163115369168,-0.5155098035461918,-0.088029862637663,1121.7783483674425,22.15049259431709,1.0,85.0,16,0,170,140.0,DASUYA
31224,Mirpur (480),HOSHIARPUR,32.0,75.63739,31224,1892.0243350162168,1897.167236328125,0.6180118051728773,0.2293615870924377,1.823431209248452,-0.5705645445171855,-0.1568942738291525,1119.2149518089384,22.1522624801164,1.0,100.0,47,40,56,111.0,MUKERIAN
31268,Depur (588),HOSHIARPUR,31.8918915,75.97288,31268,1896.240343586802,1897.1666259765625,0.6370240348481233,0.2453464810580293,1.8066356831728905,-0.584227895133327,-0.1753820952973602,1223.9943983962437,22.189141458361576,1.0,2.0,80,80,125,566.0,TALWARA
38468,Munna (414),RUPNAGAR,31.1531525,76.55348,38468,1894.9909595820727,1897.1656494140625,0.4839816901765674,0.0907530250283885,1.218730870172854,-0.5055928707833783,-0.0191971656681911,802.2788815512581,22.418647577212383,0.6044826445572332,0.78,80,80,145,112.0,NURPUR BEDI
31447,Bariana (68),HOSHIARPUR,31.6756763,75.81661,31447,1893.4571820000044,1897.159912109375,0.4718435920210923,0.106589170594151,1.281105988036448,-0.4788144742384567,-0.0391228614048769,846.6854783704179,22.501385909822545,1.0,2.47,187,103,210,260.0,BHUNGA
27970,Passin (98),GURDASPUR,31.8558559,75.2219238,27970,1895.737611405309,1897.1597900390625,0.5358241914054946,0.2141915422373506,1.495494624723914,-0.5195955844893445,-0.1264568935352325,1172.0646562983889,22.141834456036747,0.998978179575958,2.0,0,0,1,63.0,KALANAUR
27734,Chak Akhawara (56),PATHANKOT,32.216217,75.53985,27734,1895.789871533009,1897.158203125,0.5984407328031373,0.2054952131062041,1.7561996920166756,-0.5500644459703413,-0.1337965033103554,1075.4182877948183,22.03002051327053,1.0,23.0,2,0,2,29.0,NAROT JAIMAL SINGH
31156,Musahibpur (312),HOSHIARPUR,32.0,75.63739,31156,1897.657216932254,1897.1551513671875,0.5973703019325296,0.2102852517860689,1.8446730679992736,-0.5512869267409244,-0.1435959139595324,1171.8278768470186,22.237171851380083,1.0,150.0,240,182,385,301.0,MUKERIAN
27743,Gajju Khalsa (114),PATHANKOT,32.25225,75.52721,27743,1896.047960222269,1897.152099609375,0.4178168277117411,0.0678265892520071,0.4394602905514317,-0.4275357824722159,-0.009885869246125,1075.4182877948183,22.03002051327053,0.9309158140425148,28.0,10,0,40,116.0,NAROT JAIMAL SINGH
31494,Bassi Hasmat Khan (343),HOSHIARPUR,31.5135136,75.91723,31494,1896.97545785477,1897.149658203125,0.4253015130790433,0.0450621809009501,1.079805401999862,-0.461104358696156,0.0210546473545581,1029.7934654166595,21.975286113537663,1.0,38.46,52,52,150,109.0,HOSHIARPUR-II
31610,Dhaliwal (145),HOSHIARPUR,31.5315323,75.889595,31610,1895.6436023913304,1897.144775390625,0.4846146341969379,0.1055495436064647,1.4384456817770497,-0.4800861815389294,-0.0462844943479606,846.6854783704179,22.501385909822545,1.0,138.32,15,15,106,62.0,HOSHIARPUR-I
28167,Dewal (240),GURDASPUR,31.8558559,75.13707,28167,1896.4296589641745,1897.1435546875,0.5899366344221119,0.2312445322377146,1.7040852504808173,-0.5540152746009219,-0.1540880475263463,1098.068917076816,21.98574548872073,1.0,70.0,45,60,73,117.0,GURDASPUR
30972,Chhaurian (102),HOSHIARPUR,31.7657661,75.65722,30972,1895.0357162090083,1897.1431884765625,0.5466541402163746,0.1603235077301671,1.5792392943636042,-0.5281954699968776,-0.0941850164810952,1121.7783483674425,22.15049259431709,1.0,70.0,45,36,67,82.0,DASUYA
38725,Kishanpura (375),RUPNAGAR,30.9549541,76.4992447,38725,1895.566876442905,1897.14013671875,0.4882804712760053,0.0962213665518227,1.2674003657875146,-0.5086883609384406,-0.0246731182926282,877.6970790750856,22.15480693347836,1.0,42.0,5,1,5,47.0,RUPNAGAR
27520,Dhaki Nimmon (285),PATHANKOT,32.10811,75.59918,27520,1895.4976125214328,1897.1357421875,0.3458360703892187,0.083497042354771,0.8953637048086606,-0.3591213216163684,0.0054686958746382,1117.235490958919,22.20887986177746,0.3962941159899525,41.0,0,2,5,237.0,PATHANKOT
31512,Bassi Kundian (330),HOSHIARPUR,31.5135136,75.91723,31512,1897.1015873947165,1897.1300048828125,0.4705666966127827,0.0857097389019758,1.3341089007678837,-0.482461247726866,-0.0227010420347547,1029.7934654166595,21.975286113537663,1.0,18.62,2,2,2,51.0,HOSHIARPUR-II
30888,Galowal (40),HOSHIARPUR,31.8738747,75.49124,30888,1894.9636905427344,1897.1298828125,0.5249760004483053,0.1272303169177536,1.4434112881737111,-0.5224909979440162,-0.0637904674621304,982.8493725712444,22.25737921261387,1.0,112.0,70,85,155,133.0,DASUYA
28926,Bhagtana Boharwala (438),GURDASPUR,32.0180168,75.01474,28926,1892.782785602093,1897.126220703125,0.5667458830771839,0.2307322825311819,1.518837821017814,-0.5349872956214042,-0.141687357791954,1139.7534327326748,22.1602974280528,1.0,301.0,91,121,190,360.0,DERA BABA NANAK
30990,Chak Mehra (137),HOSHIARPUR,31.8378372,75.71625,30990,1897.1558386313195,1897.1181640625,0.5514323299836326,0.1825390454399366,1.664674511400852,-0.5309598445372774,-0.1124958820615708,1121.7783483674425,22.15049259431709,1.0,230.0,12,0,146,276.0,DASUYA
32005,Sauli (356),HOSHIARPUR,31.2432442,76.12062,32005,1898.3178744211707,1897.1162109375,0.6116984075459282,0.1411057639131483,1.8406172279916584,-0.5727976916201991,-0.0920860230773945,861.1498596895158,21.99251180654416,1.0,110.0,19,15,104,301.0,GARHSHANKAR
28131,Bhulia (196),GURDASPUR,32.04126,75.40223,28131,1896.4422986358663,1897.1058349609375,0.6296307808483045,0.2733716960891052,1.8864081816601888,-0.5756331560900682,-0.1937573939039349,1129.259580652942,21.94887067172812,1.0,127.0,120,70,123,146.0,GURDASPUR
30887,Bahla (47),HOSHIARPUR,31.6936932,75.78898,30887,1893.9924765835665,1897.104736328125,0.5719896080409316,0.1785322594545837,1.677275245250264,-0.5457104001348071,-0.1130535340932608,987.988719623317,22.217897946298365,1.0,6.0,21,31,232,170.0,BHUNGA
28143,Bhago Kanwan (263),GURDASPUR,32.0412254,75.40225,28143,1895.093022213517,1897.1004638671875,0.5774269470321473,0.2429767556371721,1.7116902236467546,-0.5290627351400653,-0.1582665565169342,1098.068917076816,21.98574548872073,1.0,350.0,210,75,267,386.0,GURDASPUR
30991,Sarinpur (139),HOSHIARPUR,31.8378372,75.73746,30991,1898.4151582929287,1897.1002197265625,0.5340685293383918,0.1685622303848092,1.6319301105131716,-0.5163218729180888,-0.0974205084815262,1121.7783483674425,22.15049259431709,1.0,170.0,36,0,133,210.0,DASUYA
30931,Mangarh (2),HOSHIARPUR,31.6936932,75.78898,30931,1896.3442534287567,1897.099365234375,0.5363743824973674,0.1435231872305495,1.6557035140846843,-0.5144710214239309,-0.0818500343100245,1121.7783483674425,22.15049259431709,1.0,6.0,31,52,152,193.0,BHUNGA
31511,Mal Mazara (327),HOSHIARPUR,31.5302734,75.9033356,31511,1896.9527671559945,1897.0992431640625,0.4522630608510442,0.0760063976586235,1.2135792646561296,-0.4712007883670221,-0.0108020811095061,1029.7934654166595,21.975286113537663,1.0,190.0,7,175,281,214.0,HOSHIARPUR-II
27758,Khokhar Kotli (144),PATHANKOT,32.28829,75.45064,27758,1895.7895704052348,1897.0987548828125,0.5152536749584563,0.167762382101978,1.4376388065171313,-0.4981479925838419,-0.0906589954097745,1075.4182877948183,22.03002051327053,1.0,36.0,50,102,200,50.0,NAROT JAIMAL SINGH
27702,Bamial (37),PATHANKOT,32.3063049,75.35905,27702,1897.878933936822,1897.0972900390625,0.4041802230984335,0.0659171809081797,0.9563116240138316,-0.4508687816272147,0.0115325707939954,991.9298685806544,21.670048576009066,0.9911843270798364,696.0,158,80,860,780.0,BAMIAL
38962,Palhanpur (334),S.A.S Nagar,30.8288288,76.5874,38962,1894.772658452743,1897.094482421875,0.5922503644550027,0.1373511930288039,1.7351016998601578,-0.5588200905474862,-0.081317920377099,824.157828371753,22.03374054833552,0.4481295927867101,85.0,80,28,165,257.0,MAJRI
27720,Jainpur (42),PATHANKOT,32.27027,75.52089,27720,1895.7700482940447,1897.0933837890625,0.5628713940574318,0.1687781443718165,1.5520345928111294,-0.5301217720785548,-0.0987055686839796,1065.9197689067637,21.9900871641484,1.0,83.0,0,45,78,88.0,NAROT JAIMAL SINGH
28179,Dala (252),GURDASPUR,32.04209,75.40743,28179,1894.5727144096609,1897.0877685546875,0.5724420745459456,0.2273264042529587,1.649284861693758,-0.5400862349810347,-0.1469577858708158,1098.068917076816,21.98574548872073,1.0,85.0,85,0,100,156.0,DINANAGAR
27812,Kahna (34),GURDASPUR,32.10811,75.30138,27812,1896.7918761889248,1897.0848388671875,0.6362619968790726,0.2381884618457777,1.981731653675796,-0.5728193828464933,-0.1722838737924436,1098.2729790830726,22.018570096322485,0.992436579521724,80.0,31,17,70,88.0,DORANGLA
31161,Mehtabpur (423),HOSHIARPUR,31.9459457,75.6141,31161,1895.7641620938232,1897.0718994140625,0.5679758516157902,0.2096024222030119,1.6460578241490629,-0.5187330463250565,-0.1324698787465082,1159.803532011683,22.180275256248866,1.0,595.0,500,500,660,902.0,MUKERIAN
38652,Chak Karman (342),RUPNAGAR,31.0990982,76.55196,38652,1894.6156358766048,1897.0714111328125,0.6265105872545116,0.1609294028063327,1.7854713190550622,-0.5893515666777119,-0.105239982168796,819.4475713183778,22.333564912274483,1.0,30.0,51,55,163,232.0,RUPNAGAR
28940,Rampur (461),GURDASPUR,32.0180168,75.01474,28940,1898.5713352691016,1897.06787109375,0.503870148560847,0.1767639163663887,1.2393417821938049,-0.5127321671227641,-0.0829548979129969,1118.2267050352164,22.22130138070888,1.0,30.0,20,20,41,32.0,DERA BABA NANAK
27980,Barila Kalan (92),GURDASPUR,0.0,0.0,27980,1894.2085287768225,1897.066162109375,0.5432589927098598,0.2268718264250223,1.6173892774884862,-0.5143371478993403,-0.1413719487898452,1165.097756695482,22.14581541553691,1.0,63.0,22,60,134,69.0,KALANAUR
31506,Chhauni Kalan (348),HOSHIARPUR,31.36937,75.82165,31506,1897.1506293592768,1897.064453125,0.3985884346781917,0.0099217796011415,1.0575485522921937,-0.4262246088096673,0.0436713540100088,1029.7934654166595,21.975286113537663,0.7851260287744575,90.0,135,165,445,344.0,HOSHIARPUR-II
27859,Singowal (291),GURDASPUR,32.10811,75.47155,27859,1897.8280963015216,1897.0625,0.5696383372846042,0.1746159266364005,1.6088436318754191,-0.5403893909321608,-0.10647619987331,1097.3557326009172,22.113313286249365,1.0,58.0,22,22,150,77.0,DINANAGAR
27937,Thundi (57),GURDASPUR,32.1261253,75.33752,27937,1896.676165874769,1897.0615234375,0.5779836170728937,0.2227806773522983,1.782826046094916,-0.5331478708717751,-0.1501268653702379,1129.259580652942,21.94887067172812,1.0,80.0,80,70,140,97.0,DORANGLA
31138,Bhattian Rajputtan (260),HOSHIARPUR,31.9459457,75.8476639,31138,1898.098941740732,1897.0611572265625,0.5651602913626261,0.1730241213597072,1.6781267307077172,-0.5341131753137655,-0.1061855123624012,1171.8278768470186,22.237171851380083,0.9503110591222544,35.0,90,60,150,95.0,MUKERIAN
27727,Pharwal 45),PATHANKOT,32.25225,75.52721,27727,1895.7533312209068,1897.0594482421875,0.5261275110508948,0.1627787902387551,1.4368154917258331,-0.5126141630723523,-0.0858587099469668,1075.4182877948183,22.03002051327053,1.0,99.0,0,103,243,196.0,NAROT JAIMAL SINGH
31608,Fatehpur (149),HOSHIARPUR,31.53794,75.8924942,31608,1896.9391600154088,1897.056396484375,0.4969180603336557,0.1157716398742741,1.4209339197170945,-0.4930768016090289,-0.0521589634516708,846.6854783704179,22.501385909822545,1.0,22.26,24,26,69,72.0,HOSHIARPUR-I
31423,Nikiwal (73),HOSHIARPUR,31.5198727,75.76193,31423,1892.557551645817,1897.0546875,0.4946524573177491,0.1197848952647382,1.3331888068099014,-0.4937016328347786,-0.0542013617700639,847.4001891221395,22.49995202979555,0.9993862403568764,74.0,41,0,94,127.0,BHUNGA
31955,Bariana (346),HOSHIARPUR,31.4222088,75.9936752,31955,1896.4531631962288,1897.052001953125,0.4984382720648386,0.0785011423195588,1.2634764443296185,-0.5200518536684717,-0.0165967120191063,837.0815011670487,22.19709611623847,0.9991008701095996,48.0,40,20,46,52.0,GARHSHANKAR
27741,Chak Gajju (58),PATHANKOT,32.25225,75.52721,27741,1896.499653269836,1897.03857421875,0.4056437279465472,0.0436742783153772,0.8855620066506686,-0.4091571256533982,0.0081564973536458,1075.4182877948183,22.03002051327053,0.1853616944465544,123.0,10,5,10,75.0,NAROT JAIMAL SINGH
27885,Gulelra (682),GURDASPUR,32.0360374,75.39083,27885,1894.770865750016,1897.0380859375,0.6334333289832484,0.2250410270245402,1.9012430702831573,-0.5777867550495008,-0.1625487844908695,1117.235490958919,22.20887986177746,1.0,34.0,17,17,107,42.0,DINANAGAR
28132,Khokhar (197),GURDASPUR,32.041256,75.40222,28132,1896.7749504130968,1897.0374755859375,0.5870300732995841,0.2452288343625476,1.7692554219773788,-0.5478159439012954,-0.1665762256194056,1129.259580652942,21.94887067172812,1.0,145.0,200,85,154,162.0,GURDASPUR
28119,Balagan (161),GURDASPUR,32.04129,75.4023056,28119,1900.041939582054,1897.0369873046875,0.6073031599511718,0.2555602288974773,1.806200447136253,-0.5618177544568363,-0.1749324236362709,1120.9893201673033,21.981436074926727,1.0,129.0,365,143,250,358.0,GURDASPUR
30818,Berchha (83),HOSHIARPUR,31.8378372,75.71625,30818,1899.4022968612032,1897.0355224609375,0.5141482492110787,0.1302889194092354,1.5463231194593487,-0.5016809939811666,-0.067519102405827,1121.7783483674425,22.15049259431709,0.9999313003425364,352.0,14,0,329,352.0,DASUYA
38564,Dubheta (280),RUPNAGAR,31.2432442,76.47889,38564,1898.0423017334049,1897.035400390625,0.2655535461922553,0.0855370395387403,1.1947456127129064,-0.225302313838337,-0.059896141792918,971.2861719539064,21.291691791985272,0.0537640999499834,184.0,340,340,430,260.0,ANANDPUR SAHIB
38438,Gopalpur (389),RUPNAGAR,31.2656,76.34684,38438,1902.464236655677,1897.034423828125,0.4912920157674291,0.0720712319191495,1.2134883735155484,-0.5045025312720398,-0.0087936824826923,820.7174571817237,21.820205359634308,1.0,700.0,48,48,69,87.0,NURPUR BEDI
27710,Ghazi Barwan (40),PATHANKOT,32.28829,75.3866959,27710,1895.7640526553107,1897.03369140625,0.4819678245014108,0.1090974142487534,1.2527615113519874,-0.4821203762239192,-0.0398493597703405,989.6025898864168,21.66923708322446,1.0,101.0,45,83,185,219.0,NAROT JAIMAL SINGH
30868,Chipra (25),HOSHIARPUR,31.6756763,75.81661,30868,1895.375311331596,1897.02685546875,0.5101430020814118,0.1327003216412093,1.464367579962546,-0.5060016279724875,-0.0653353284653465,959.276372473468,22.438470679153,1.0,62.0,0,79,154,74.0,BHUNGA
38448,Lakhno (401),RUPNAGAR,31.18919,76.4773,38448,1895.533124617985,1897.018310546875,0.4430167247717816,0.074317725253282,1.0853302087044885,-0.4747122513813608,-0.0034117678816281,817.4521270205872,21.85415734445013,1.0,35.0,35,35,40,39.0,NURPUR BEDI
27666,Datyal (62),PATHANKOT,32.25225,75.52721,27666,1895.7211074541376,1897.017822265625,0.5192101007754943,0.1681100786601327,1.3507282986991664,-0.470352854099428,-0.1095641703192021,1075.4182877948183,22.03002051327053,0.8062219465755904,61.0,0,79,103,61.0,NAROT JAIMAL SINGH
27899,Mirjanpur (308),GURDASPUR,32.1261253,75.46517,27899,1895.657180337932,1897.01513671875,0.5996927486779902,0.2226944793952555,1.651812900104537,-0.5662855194056508,-0.1429366873128575,1097.98005512074,22.00164028790429,1.0,59.0,30,10,68,65.0,DINANAGAR
28126,Makandpur (159),GURDASPUR,32.0360374,75.39083,28126,1898.132524657568,1897.011474609375,0.5851072696334508,0.2249533684892974,1.7689947581306564,-0.5435706030529087,-0.1494146430485345,1129.259580652942,21.94887067172812,1.0,54.0,100,20,39,64.0,GURDASPUR
30869,Hardo Patti Braich (9),HOSHIARPUR,31.6936932,75.78898,30869,1895.067220027004,1897.01025390625,0.5826474332323511,0.1900636658545502,1.7347760264049368,-0.5492409226850568,-0.1224938301035491,959.276372473468,22.438470679153,1.0,3.0,7,30,40,46.0,BHUNGA
27936,Thaman (60),GURDASPUR,32.10811,75.30138,27936,1896.3053759711588,1897.0098876953125,0.496912169914104,0.1624885316754501,1.496598199212629,-0.476287775124511,-0.0929854610716153,1129.259580652942,21.94887067172812,1.0,52.0,80,80,124,63.0,DORANGLA
31592,Hussainpur Guru (138),HOSHIARPUR,31.6176777,75.85321,31592,1894.3660968673216,1897.0020751953125,0.4697739162040268,0.0913530921986027,1.2847041068615563,-0.4763196073996878,-0.0287081456193818,846.6854783704179,22.501385909822545,1.0,44.0,48,42,240,145.0,HOSHIARPUR-I
31281,Chak Mirpur (379),HOSHIARPUR,31.9459457,75.8476639,31281,1897.5656246553733,1897.00146484375,0.5859458313941266,0.1583636150698088,1.614800564181058,-0.5561435768556613,-0.0942499505282635,1232.312828406882,22.055688107424643,0.957027679128338,2.47,49,80,151,359.0,TALWARA
38491,Dhamana (517),RUPNAGAR,31.1351357,76.51788,38491,1897.037210606505,1896.9974365234375,0.6162959872830819,0.1569277176039194,1.7800196936602106,-0.581123387269216,-0.1021302723071936,802.7289396015465,22.413381551041365,0.5485803130695128,20.0,32,30,115,966.0,NURPUR BEDI
27840,Sandar (268),GURDASPUR,32.10811,75.32265,27840,1895.2697094461705,1896.99658203125,0.5228364763227885,0.1527454564742588,1.4939138075651974,-0.4968825413152062,-0.0835684971361254,1093.1361289645076,21.995387574689428,1.0,36.0,55,28,96,43.0,DORANGLA
30973,Takipur (101),HOSHIARPUR,31.8018017,75.6655045,30973,1895.1333931155264,1896.9918212890625,0.6109381825191811,0.2378027943789537,1.910183569479296,-0.566245377950394,-0.1665315141388907,1121.7783483674425,22.15049259431709,1.0,65.0,8,0,56,65.0,DASUYA
27848,Ismailpur (276),GURDASPUR,32.1261253,75.46517,27848,1896.0721979175385,1896.98779296875,0.6189026524795513,0.2553368298204901,1.8039071736827168,-0.5686011645788185,-0.1772244562745649,1098.0658778997692,21.986289108420216,1.0,64.0,35,36,80,71.0,DINANAGAR
38348,Boothgarh (276),RUPNAGAR,31.2656174,76.3468246,38348,1898.6326679741733,1896.98291015625,0.5498027400816882,0.11967937656374,1.3413888785139667,-0.5457346971932369,-0.055422325885857,840.6638971825324,21.561609144406635,0.9681355772181178,150.0,40,10,75,70.0,NURPUR BEDI
27939,Sanghour (48),GURDASPUR,32.0540543,75.40567,27939,1895.9099099413083,1896.9794921875,0.5757699897057956,0.2208154971311714,1.723577956003743,-0.5329329943714337,-0.1454944620060608,1129.259580652942,21.94887067172812,1.0,69.0,90,80,180,69.0,DORANGLA
31519,Haripur (321),HOSHIARPUR,31.5302734,75.9033356,31519,1898.036036436841,1896.97802734375,0.4288199996648214,0.0529944372683631,1.0729870038550275,-0.4616635185454464,0.0137580218394043,1029.7934654166595,21.975286113537663,1.0,64.0,10,45,76,64.0,HOSHIARPUR-II
31504,Nangal Shahidan (346),HOSHIARPUR,31.5135136,75.91723,31504,1897.568887517847,1896.976318359375,0.4740101065883316,0.0656351454757094,1.261822535662673,-0.4773528747371403,-0.0059874996771384,1029.7934654166595,21.975286113537663,0.987680340429074,102.0,18,50,350,150.0,HOSHIARPUR-II
38611,Awankot (7),RUPNAGAR,31.09916,76.5470047,38611,1895.21183209598,1896.975830078125,0.4891727314080706,0.1747402842143062,1.5217489212404076,-0.4779938724287696,-0.0932797225750515,801.8140816208986,22.120607996397847,0.7021937573302887,235.0,55,1,255,355.0,RUPNAGAR
27834,Naushera (43),GURDASPUR,32.10811,75.30138,27834,1895.8535087387447,1896.9710693359375,0.5651421261892164,0.2006611919135792,1.6879009320102438,-0.5247676364002025,-0.1298722888374323,1129.259580652942,21.94887067172812,1.0,146.0,86,25,180,171.0,DORANGLA
31580,Khakli (383),HOSHIARPUR,31.5675678,75.89776,31580,1897.318914561691,1896.9710693359375,0.4142481342160578,0.0368957026620006,1.0896051240837477,-0.4329667527875067,0.0203368239469326,935.5591627766984,22.469599437629142,0.9521084930045234,5.0,129,125,168,120.0,HOSHIARPUR-I
27808,Thathi (31),GURDASPUR,32.0360374,75.41209,27808,1896.623535202468,1896.970703125,0.5336998394266362,0.1792070574981158,1.509543923059114,-0.5105766968387653,-0.1045872016173118,1124.757480399308,21.95707840835672,1.0,125.0,60,60,135,132.0,DORANGLA
39081,Dhakoran Khurd (153),S.A.S Nagar,30.8288288,76.67133,39081,1900.0889624285112,1896.9691162109375,0.4394439447604749,0.0803884177234326,1.1596008838976253,-0.4549060512312026,-0.0113085405409664,814.0134456565278,22.43804828433952,1.0,2.0,0,0,40,87.0,MAJRI
38724,Hirdapur (374),RUPNAGAR,30.9729729,76.53469,38724,1894.0311039945043,1896.9674072265625,0.5492408973801663,0.1285461441812507,1.4778751813139728,-0.5382473913994067,-0.0615291542425013,832.5394227656319,22.04286506878679,0.5543305511552832,15.0,20,25,175,344.0,RUPNAGAR
27912,Uchha Dhakala (262),GURDASPUR,32.10811,75.30138,27912,1894.728495055592,1896.965576171875,0.5504074865135395,0.2633218897312171,1.6457268271128656,-0.5058180278870075,-0.1654605181829141,1098.068917076816,21.98574548872073,1.0,140.0,350,120,170,139.0,DORANGLA
38475,Jatauli (505),RUPNAGAR,31.1711712,76.4838,38475,1897.294075579388,1896.9627685546875,0.6527838866524169,0.1764673398327008,1.8619803730288127,-0.6074056139978188,-0.1250595956319209,810.1959778790578,22.296268796454275,0.5570507478950432,29.8,108,100,180,406.0,NURPUR BEDI
31694,Chakowal Brahmana (157),HOSHIARPUR,31.5315323,75.80504,31694,1898.499117917065,1896.96044921875,0.4175605169207589,0.0682254175514045,1.14095479953094,-0.4353110627295662,-0.0042683151574499,809.7565671816706,22.450718527647894,1.0,59.51,80,80,183,167.0,HOSHIARPUR-I
27921,Talwandi (179),GURDASPUR,32.10811,75.30138,27921,1896.306888953044,1896.9573974609375,0.6225678838662968,0.2726328489357883,1.8346929334417743,-0.5745772847323143,-0.190168601493779,1129.259580652942,21.94887067172812,1.0,40.0,35,20,50,48.0,DINANAGAR
38453,Mirpur (406),RUPNAGAR,31.45946,76.3169556,38453,1893.853913163631,1896.952392578125,0.4406957421931724,0.0884397531006802,1.0282051262195782,-0.4769641291111378,-0.0075414587172761,817.4521270205872,21.85415734445013,1.0,65.0,75,75,111,73.0,NURPUR BEDI
38470,Asmanpur (509),RUPNAGAR,31.1711712,76.42063,38470,1895.895105313023,1896.9517822265625,0.4429443525638054,0.063156977351633,1.024965522804922,-0.4834655690189886,0.0102998455083446,804.2700429530846,22.34457040199923,0.9997947301192224,121.0,25,25,160,146.0,NURPUR BEDI
27714,Khudaipur (47),PATHANKOT,32.3063049,75.40168,27714,1897.4104353007729,1896.9501953125,0.3640736607898485,0.0125678171421457,0.837806720799641,-0.4269467689924296,0.0567434391825087,1002.113676247498,21.721835765761448,1.0,40.0,0,0,83,81.0,NAROT JAIMAL SINGH
30750,Sadarpur (196),HOSHIARPUR,31.8738747,75.49124,30750,1897.58902547344,1896.941162109375,0.5705931372510112,0.1822487611398694,1.6694751263136014,-0.5308545069025249,-0.1193574323521761,1187.6022311856646,22.08084163640433,1.0,145.0,70,70,220,180.0,DASUYA
28135,Umarpur Khurd (174),GURDASPUR,32.10811,75.30138,28135,1896.0914803939745,1896.93896484375,0.5724319666841149,0.2425444851800677,1.7013514399543932,-0.5355101381952977,-0.1576264486974441,1129.259580652942,21.94887067172812,1.0,142.0,20,17,67,154.0,DORANGLA
27672,Bahadurpur (72),PATHANKOT,32.25225,75.52721,27672,1895.1931530022248,1896.9354248046875,0.496802117170413,0.1209871300825118,1.429957953333736,-0.4748829673992029,-0.0590652951388562,989.6025898864168,21.66923708322446,0.8196084481288095,111.0,125,125,570,243.0,NAROT JAIMAL SINGH
38629,Bikkon (338),RUPNAGAR,31.0990982,76.55196,38629,1894.9709604253223,1896.9345703125,0.5189041105981745,0.1496099296016735,1.277143784327434,-0.5261618463606094,-0.0698004104804021,819.4475713183778,22.333564912274483,1.0,110.0,40,50,105,131.0,RUPNAGAR
27767,Kajley (127),PATHANKOT,32.25225,75.52721,27767,1897.5943408656267,1896.9288330078125,0.6064842856447898,0.2377720975803768,1.6817115347385885,-0.5799156935545055,-0.1605366085679173,1075.4182877948183,22.03002051327053,0.97251592273731,1001.0,22,10,33,128.0,NAROT JAIMAL SINGH
30814,Bodal (93),HOSHIARPUR,31.8378372,75.71625,30814,1898.51669395064,1896.92822265625,0.5450460338466003,0.1569396347744747,1.626552172588918,-0.527651749036439,-0.0920306191352361,1121.7783483674425,22.15049259431709,0.9968046662526132,305.0,14,0,302,402.0,DASUYA
31135,Manj Kala (265),HOSHIARPUR,32.0238762,75.65889,31135,1898.6907184920983,1896.9227294921875,0.5252260660940737,0.1482605052259898,1.6092067961863814,-0.5011962201566506,-0.084981897350806,1171.8278768470186,22.237171851380083,1.0,139.0,10,62,301,200.0,MUKERIAN
38498,Dahirpur (435),RUPNAGAR,31.1711712,76.42063,38498,1895.4159993789387,1896.9215087890625,0.4880466915530302,0.0946294279545768,1.2219740840234383,-0.5020759872741892,-0.0259221061320691,797.4835709946233,22.24821679521729,1.0,118.0,50,50,91,166.0,NURPUR BEDI
38465,Paharon (423),RUPNAGAR,31.1711712,76.42063,38465,1894.557984705176,1896.9169921875,0.5401536564627507,0.1760089667449048,1.3241480824810172,-0.5435361061713418,-0.0899094846334113,798.960949717755,22.301450986749924,1.0,51.0,0,0,3,57.0,NURPUR BEDI
31917,Harjiana (341),HOSHIARPUR,31.3221779,75.97668,31917,1897.4460950208768,1896.9151611328125,0.4972189020000225,0.0775315559209528,1.2877446272086703,-0.5082463994719307,-0.018717291602373,856.3647352174324,22.13833195917992,0.8716279771739694,250.0,22,60,130,456.0,MAHILPUR
27981,Balim (93),GURDASPUR,0.0,0.0,27981,1894.460382948303,1896.9140625,0.5554535133798887,0.2341358960141241,1.6934574859370184,-0.5171190947491726,-0.1509157839964004,1172.0646562983889,22.141834456036747,1.0,94.0,22,30,42,101.0,KALANAUR
27757,Haibat Pindi (142),PATHANKOT,32.25225,75.52721,27757,1895.6564697490053,1896.9136962890625,0.5796902591054415,0.2116279587575815,1.5868897075594348,-0.5464279641790315,-0.1311958371585584,1075.4182877948183,22.03002051327053,1.0,121.0,35,70,234,146.0,NAROT JAIMAL SINGH
31460,Bassi Kasso (384),HOSHIARPUR,31.6084023,75.86647,31460,1895.0096130021004,1896.9136962890625,0.3983990055684163,0.0289264506293346,1.0121975592691956,-0.426925018104874,0.0290370186409302,935.5591627766984,22.469599437629142,0.9955938968396092,65.1822,32,0,80,185.0,HOSHIARPUR-I
27883,Bianpur (683),GURDASPUR,32.0360374,75.39083,27883,1893.990092935584,1896.910888671875,0.5686422731974001,0.2040425416727005,1.6856696766380006,-0.5238009059344998,-0.1274030209000655,1117.235490958919,22.20887986177746,1.0,363.0,290,42,313,421.0,DINANAGAR
31503,Mehitpur (345),HOSHIARPUR,31.5135136,75.91723,31503,1895.9468675635671,1896.903564453125,0.4881962690544543,0.0892986074880634,1.3175561140233358,-0.4963775019276075,-0.0251678392399463,1029.7934654166595,21.975286113537663,0.990470519432639,102.0,84,94,188,138.0,HOSHIARPUR-II
31509,Chagran (325),HOSHIARPUR,31.5302734,75.9033356,31509,1897.890050937864,1896.899658203125,0.4778397898638539,0.0679543980231286,1.3024351202448197,-0.4871259444464618,-0.0075464688923917,1029.7934654166595,21.975286113537663,1.0,191.0,10,101,451,216.0,HOSHIARPUR-II
28925,Maira Ransihke (436),GURDASPUR,32.0360374,75.0294952,28925,1891.8998651874267,1896.8988037109375,0.5069658177742562,0.1784840576365725,1.373655730066383,-0.4905417503956555,-0.0970503230513131,1136.3471540620226,22.16224381140933,1.0,49.0,40,25,46,58.0,DERA BABA NANAK
31524,Bassi Shah Mohamad (334),HOSHIARPUR,31.5135136,75.91723,31524,1898.776218060548,1896.895751953125,0.4729111222536808,0.0915170272116205,1.2729154627733836,-0.4914855564253718,-0.0249116245809715,1029.7934654166595,21.975286113537663,1.0,13.0,0,3,11,16.0,HOSHIARPUR-II
31374,Aima (428),HOSHIARPUR,0.0,0.0,31374,1894.374615909736,1896.884521484375,0.4942264817792997,0.1124124024726392,1.318501146196913,-0.5003672015159556,-0.0467652339998122,987.988719623317,22.217897946298365,1.0,5.0,5,0,8,46.0,BHUNGA
30975,Odrah (134),HOSHIARPUR,31.8378372,75.71625,30975,1896.5635122046765,1896.8837890625,0.5601312607329748,0.1861729207910736,1.7533366940159796,-0.5320149645801591,-0.1185000075735295,1121.7783483674425,22.15049259431709,1.0,90.0,9,0,154,108.0,DASUYA
31601,Pandori Bawa Dass (108),HOSHIARPUR,31.5379658,75.89244,31601,1897.5688902275929,1896.8831787109375,0.4974480164266855,0.1197335899798002,1.3579617052651016,-0.4981393104670827,-0.0511256150529699,846.6854783704179,22.501385909822545,1.0,45.34,34,60,230,122.0,HOSHIARPUR-I
31838,Suna (332),HOSHIARPUR,31.4070282,76.03589,31838,1897.0430370094173,1896.8814697265625,0.6819436496685463,0.2195269285386341,2.0246785062632973,-0.6251816225212428,-0.1665810291345143,980.2394768118214,21.857795081746414,0.415206665816197,175.0,87,42,142,819.0,MAHILPUR
27516,Mirthal (288),PATHANKOT,32.10811,75.59918,27516,1893.481570040076,1896.88037109375,0.4471405389373654,0.0663922859351443,1.118532538283472,-0.4649519924195141,-0.0009317732220924,1117.235490958919,22.20887986177746,1.0,2.47,80,80,717,610.0,PATHANKOT
31146,Tur (255),HOSHIARPUR,31.9459457,75.6141,31146,1899.1176140494192,1896.878173828125,0.6155150401246215,0.2328302178426404,1.878369959887277,-0.5649771936251491,-0.1602403042296946,1171.8278768470186,22.237171851380083,1.0,26.0,25,30,92,77.0,MUKERIAN
38416,Chandpur (368),RUPNAGAR,31.2432442,76.49996,38416,1894.8970134337608,1896.87744140625,0.4319973453245109,0.0628095945308693,1.1412171542305027,-0.4441144998959414,-0.0020990186312636,817.4521270205872,21.85415734445013,1.0,560.0,200,200,292,632.0,ANANDPUR SAHIB
38485,Bhaton (424),RUPNAGAR,31.1531525,76.55348,38485,1895.9223290132643,1896.871337890625,0.4727899863687642,0.0956400025571398,1.1184542135417532,-0.4997127030234494,-0.0191497829745034,802.2466841151612,22.41984541838633,1.0,42.0,90,50,163,48.0,NURPUR BEDI
28144,Magar Mudian (191),GURDASPUR,32.1261253,75.33752,28144,1895.896047322588,1896.8680419921875,0.5802739869962585,0.2200178042367672,1.7062114147763068,-0.5438931779342988,-0.1428542480938285,1098.068917076816,21.98574548872073,1.0,260.0,80,111,159,264.0,DORANGLA
27917,Bugna (183),GURDASPUR,32.09009,75.30779,27917,1896.48568095704,1896.8670654296875,0.5708743343649287,0.226097229819359,1.7084421474769973,-0.5349021441696109,-0.1454134776159091,1108.8111616854662,21.97304558885997,1.0,27.0,60,26,82,32.0,DORANGLA
31948,Lasara (347),HOSHIARPUR,31.3222122,75.9766846,31948,1897.5664508338425,1896.863525390625,0.5534140657988623,0.1131935800164762,1.4792740651471237,-0.5446139214724062,-0.0566507308308318,842.8106439038577,22.148946133546133,0.5734138107428554,255.0,22,85,238,425.0,MAHILPUR
31502,Balaspur (356),HOSHIARPUR,31.3923531,75.81489,31502,1896.3876647636807,1896.857421875,0.4428188463682418,0.0577711600615331,1.148864116705248,-0.4702806023660323,0.007106668431708,1029.7934654166595,21.975286113537663,1.0,44.93,135,135,235,147.0,HOSHIARPUR-II
31577,Bassi Khizar Khan (372),HOSHIARPUR,31.5855846,75.89128,31577,1897.603848983472,1896.854248046875,0.3891541686102823,0.0106682677790422,0.993316764328517,-0.4185175973231173,0.0447980322690622,935.5591627766984,22.469599437629142,0.4163134577395908,0.20583,0,0,87,15.0,HOSHIARPUR-I
31183,Gujjar Katrala (281),HOSHIARPUR,32.0,75.61614,31183,1896.09639783336,1896.8504638671875,0.5875072662041922,0.2182643639167422,1.8080575367992968,-0.5461426166728096,-0.1480403578009518,1173.8392551907991,22.24239568374777,1.0,91.0,188,190,288,104.0,MUKERIAN
31136,Pawar (266),HOSHIARPUR,32.0,75.61614,31136,1898.8672665627607,1896.8494873046875,0.5656004448572318,0.1647322887852679,1.6706882625651174,-0.5311324368001559,-0.1026154648436916,1171.8278768470186,22.237171851380083,0.9229031228460618,210.0,150,150,167,116.0,MUKERIAN
31177,Mojowal (316),HOSHIARPUR,31.9459457,75.6141,31177,1895.6488641363449,1896.844482421875,0.6076265789319808,0.2233241974248871,1.8632726825783463,-0.557720045911063,-0.1528112671652122,1171.8278768470186,22.237171851380083,1.0,67.0,45,45,80,183.0,MUKERIAN
38998,Ranguana (335),S.A.S Nagar,30.8288288,76.5874,38998,1896.2640778265395,1896.8421630859375,0.5267975267250028,0.1219395509551925,1.3521283860286963,-0.5308424424908474,-0.0525196755863747,824.157828371753,22.03374054833552,1.0,70.0,35,35,35,66.0,MAJRI
27836,Mughlani Chak (41),GURDASPUR,32.10811,75.30138,27836,1896.526829679773,1896.83935546875,0.5569115247489513,0.211585544277111,1.65539944430666,-0.5222458045763279,-0.1389118376441864,1103.5687075981946,21.979243422214417,1.0,70.5,400,10,49,18.0,DORANGLA
31522,Bassi Ali Khan (333),HOSHIARPUR,31.5135136,75.91723,31522,1898.3903056244487,1896.83154296875,0.4769091100475577,0.087873044266958,1.2516234876543757,-0.4933688814023645,-0.0207742814082468,1026.2819652676849,21.975770245595783,1.0,41.0,0,70,103,45.0,HOSHIARPUR-II
31919,Mahlewal (344),HOSHIARPUR,31.3669529,76.038765,31919,1897.5306894292669,1896.8277587890625,0.5290736739086584,0.0889868449021693,1.3788808877757863,-0.5320008235109974,-0.0309602011501845,837.0815011670487,22.19709611623847,0.9999530540353776,91.0,4,4,13,138.0,MAHILPUR
27915,Khutha (185),GURDASPUR,32.10811,75.30138,27915,1897.090258025661,1896.8265380859375,0.6330730843895431,0.2876376643983047,1.813909207050868,-0.5805630043052791,-0.202327156468701,1098.068917076816,21.98574548872073,1.0,49.0,35,30,55,53.0,DORANGLA
31489,Bassi Alladin (335),HOSHIARPUR,31.5135136,75.91723,31489,1898.2631937952235,1896.8199462890625,0.432357087083119,0.0622022838025032,1.0552566269772012,-0.4680783093934923,0.0103844818699987,1029.7934654166595,21.975286113537663,1.0,19.0,10,5,12,20.0,HOSHIARPUR-II
30706,Kaloya (33),HOSHIARPUR,31.6140614,75.6559143,30706,1901.2686483106008,1896.8153076171875,0.5726457638691963,0.1824535676163423,1.807785025125625,-0.5294385609384062,-0.1180111189814991,959.276372473468,22.438470679153,1.0,3.64,65,70,285,183.0,TANDA
31920,Chak Natha (343),HOSHIARPUR,0.0,0.0,31920,1897.2950825600608,1896.8111572265625,0.4931460176475317,0.0742725260472103,1.2292618521518526,-0.5137342447411193,-0.011998780162111,837.0815011670487,22.19709611623847,0.8193193663123576,95.0,20,25,60,114.0,MAHILPUR
38999,Khadri (336),S.A.S Nagar,30.8288288,76.5874,38999,1895.6767054542013,1896.799072265625,0.5558283326082833,0.1101532710902298,1.559641643999957,-0.5400828902216325,-0.0525941106739659,824.157828371753,22.03374054833552,0.9052100241852944,54.0,30,25,35,76.0,MAJRI
38422,Mataur (364),RUPNAGAR,31.2252254,76.4853745,38422,1894.893701999301,1896.7957763671875,0.5056592583235904,0.1281534325239192,1.3446143390709269,-0.5058865868386787,-0.0601045567926293,817.4521270205872,21.85415734445013,1.0,113.0,10,10,23,113.0,ANANDPUR SAHIB
27751,Raji (138),PATHANKOT,32.28829,75.4719543,27751,1895.4449317879416,1896.7943115234375,0.5846526959819639,0.2165441396179276,1.6024416811958997,-0.5542804434096339,-0.1369529052386693,1075.4182877948183,22.03002051327053,1.0,31.0,0,23,65,35.0,NAROT JAIMAL SINGH
31207,Nathuwal (326),HOSHIARPUR,31.9459457,75.89014,31207,1894.076896081084,1896.791748046875,0.5733933752622696,0.2088886679218236,1.6476764870084817,-0.5440071994950398,-0.1301882551611954,1171.8278768470186,22.237171851380083,1.0,2.5,62,64,140,83.0,TALWARA
30932,Kolar (97),HOSHIARPUR,31.8378372,75.71625,30932,1896.5257783294624,1896.7906494140625,0.5205012569725515,0.1373599859394989,1.532307256071134,-0.5115390778162107,-0.0726413310879888,1121.7783483674425,22.15049259431709,1.0,65.0,9,0,130,109.0,DASUYA
27913,Kathiali (264),GURDASPUR,32.0540543,75.40567,27913,1895.54448225381,1896.7823486328125,0.6215249455850889,0.2768618860633076,1.837106191460208,-0.5712806569412149,-0.1930462162211553,1098.068917076816,21.98574548872073,1.0,146.0,195,160,250,149.0,DORANGLA
31950,Gajjar (349),HOSHIARPUR,31.3202248,75.97598,31950,1896.6008265544929,1896.778564453125,0.6160446404060222,0.138154548230565,1.79982832225287,-0.5769478398451298,-0.0896386279609059,860.8442291037969,21.997384747288,0.7846728522522071,384.0,18,78,220,806.0,MAHILPUR
31147,Taluwal (256),HOSHIARPUR,31.9459457,75.6141,31147,1898.5540341300105,1896.7772216796875,0.5854145539864171,0.2042767010076092,1.7682677945925556,-0.5414116988109114,-0.1364243554906078,1171.8278768470186,22.237171851380083,1.0,17.0,27,27,73,50.0,MUKERIAN
30831,Bhana (3),HOSHIARPUR,31.6936932,75.78898,30831,1896.9599574164383,1896.7718505859375,0.5104928887024218,0.1401730114460595,1.6024032397844497,-0.4925342326867039,-0.0776377704164744,1121.7783483674425,22.15049259431709,1.0,6.0,29,31,234,117.0,BHUNGA
28197,Khera (701),GURDASPUR,32.1261253,75.46517,28197,1894.3725191599967,1896.76904296875,0.5435351999552457,0.1986548312251692,1.564959352966682,-0.4933539640786597,-0.1198426821681219,1163.3533453603418,22.1996850810531,1.0,2.47,5,0,21,97.0,DINANAGAR
30752,Sehge (149),HOSHIARPUR,31.8738747,75.49124,30752,1898.0367920442395,1896.767578125,0.6246542237156795,0.2292959148590939,2.065155492531853,-0.5637631538868104,-0.1654098954099686,1124.3294285906609,22.172871657516,1.0,78.0,25,50,98,88.0,DASUYA
31635,Dhugga (187),HOSHIARPUR,31.53794,75.89252,31635,1898.5352670974016,1896.7672119140625,0.5026868957348214,0.1131342633148288,1.435599652675722,-0.4944716423837302,-0.050611414985968,788.4978595187562,22.42155105340902,1.0,30.03,16,25,75,93.0,HOSHIARPUR-I
31429,Hazipur (515),HOSHIARPUR,31.6795025,75.81032,31429,1893.9930479824984,1896.76611328125,0.4886060129994168,0.0826516193296883,1.2982535373043058,-0.4949303050149811,-0.0219129665867638,987.988719623317,22.217897946298365,1.0,7.23,50,0,85,40.0,BHUNGA
27944,Dugri (170),GURDASPUR,32.10811,75.32265,27944,1897.224599829656,1896.7650146484375,0.5608637193422609,0.2264641279804705,1.5396030786914936,-0.5340750873225065,-0.1387920914185147,1129.259580652942,21.94887067172812,1.0,150.0,150,110,320,264.0,DORANGLA
27807,Naurangpur (38),GURDASPUR,32.0840149,75.417984,27807,1896.6069155495463,1896.764404296875,0.5290510317950708,0.1508230606552746,1.5420109356893377,-0.496788688539544,-0.0861232040759722,1114.7556961630198,21.966017728730147,1.0,40.0,20,18,38,62.0,DINANAGAR
38367,Dholowal (307),RUPNAGAR,31.2252254,76.50645,38367,1898.023942364328,1896.762451171875,0.4670236254145828,0.0835774542442236,1.1147659370745322,-0.4981941250402172,-0.0088740617369028,842.4760239271308,21.348858517956195,1.0,14.0,0,0,9,16.0,ANANDPUR SAHIB
38425,Amarpur Bela (385),RUPNAGAR,31.3873882,76.36386,38425,1895.9951962903845,1896.759521484375,0.4434886626439108,0.0568119270220692,1.0410879918473257,-0.478600728676505,0.0128731622997275,817.4521270205872,21.85415734445013,1.0,152.0,23,25,74,201.0,NURPUR BEDI
28178,Matwan (250),GURDASPUR,32.03829,75.3964157,28178,1895.4123331738672,1896.7587890625,0.5779543998304787,0.2261089787426477,1.683901980989979,-0.543928075951079,-0.1476416483563054,1098.068917076816,21.98574548872073,1.0,90.0,150,75,105,208.0,GURDASPUR
38651,Dangauli (344),RUPNAGAR,31.0810814,76.55849,38651,1895.8624328033973,1896.75537109375,0.6226494071989784,0.1761739158413518,1.8003431059876112,-0.587135236335497,-0.1167512739223778,819.4475713183778,22.333564912274483,1.0,40.0,50,20,205,246.0,RUPNAGAR
27871,Chechian (695),GURDASPUR,32.10811,75.47155,27871,1898.2649779093424,1896.7537841796875,0.5629692224842514,0.1755904123984697,1.4833129133856184,-0.5484420890409621,-0.100231241733102,1097.3557326009172,22.113313286249365,1.0,80.0,25,25,90,73.0,DINANAGAR
27760,Taharpur (133),PATHANKOT,32.27027,75.52089,27760,1896.57166194302,1896.7462158203125,0.4161741097837533,0.0866835139011955,0.9192807540079482,-0.4197181546698314,-0.0221669518001075,1075.4182877948183,22.03002051327053,0.8509153363048243,35.0,0,31,64,59.0,NAROT JAIMAL SINGH
31949,Mehdood (348),HOSHIARPUR,31.3211861,75.9780045,31949,1897.3182064872424,1896.74462890625,0.59666366982931,0.1377704483713286,1.6970606179489764,-0.5697411149731589,-0.0852776922942048,852.793383738656,22.065047237611857,0.5114868546498018,288.0,40,80,168,686.0,MAHILPUR
31182,Mahi-Ul-Dinpur Gazi(311),HOSHIARPUR,32.0,75.61614,31182,1896.8234236598248,1896.744140625,0.6285813592637569,0.2476660459452816,1.9768830407095888,-0.5724304295025661,-0.1770229096356477,1171.8278768470186,22.237171851380083,1.0,170.0,155,150,174,188.0,MUKERIAN
38418,Mehndali Kalan (367),RUPNAGAR,31.2364388,76.48312,38418,1894.964474087997,1896.7415771484375,0.4587576539924822,0.1041639023513936,1.1417578105277169,-0.4790010533307547,-0.0287726501530817,817.4521270205872,21.85415734445013,1.0,76.0,120,120,129,85.0,ANANDPUR SAHIB
27797,Kaira (282),GURDASPUR,32.1261253,75.46517,27797,1895.2453848682528,1896.7401123046875,0.5771748244447247,0.2193260894100133,1.589235184240745,-0.5477003934372745,-0.1380813990188852,1075.4182877948183,22.03002051327053,1.0,350.0,75,55,305,145.0,DINANAGAR
27719,Basau Barwan (43),PATHANKOT,32.3963966,75.5195,27719,1896.1455534383945,1896.7347412109375,0.4979200882714484,0.1073823214679229,1.317976426957339,-0.4920868217866671,-0.0397901488012358,1012.5942173817022,21.7658976993157,1.0,155.0,60,60,187,184.0,NAROT JAIMAL SINGH
27522,Ghandran (290),PATHANKOT,32.1261253,75.6141052,27522,1893.9935347432893,1896.733154296875,0.4900552877721704,0.1092850007274028,1.326550534176253,-0.4842124572069171,-0.0461206807050139,1117.235490958919,22.20887986177746,1.0,500.0,98,98,158,210.0,PATHANKOT
27925,Jandey (47),GURDASPUR,32.10811,75.30138,27925,1895.8719169195003,1896.7252197265625,0.6025841723124662,0.2469397267714534,1.815147370355052,-0.5537433393975866,-0.1700565031694403,1129.259580652942,21.94887067172812,1.0,89.0,48,37,135,99.0,DORANGLA
31098,Panjdhera Gazi (218),HOSHIARPUR,31.9087257,75.68526,31098,1895.659667036344,1896.71484375,0.6285919905497712,0.2714037878319674,1.9550409712802053,-0.576948314629266,-0.1936739426488638,1236.247518937816,22.029085885063463,1.0,21.0,12,12,27,65.0,HAJIPUR
30940,Thaker (99),HOSHIARPUR,31.8378372,75.73746,30940,1895.2040602814243,1896.7088623046875,0.5229419863893733,0.146730441359378,1.5211376620377013,-0.5144836256419104,-0.0793438451180099,1121.7783483674425,22.15049259431709,1.0,148.0,18,0,104,148.0,DASUYA
31129,Chima (283),HOSHIARPUR,31.9819813,75.7499847,31129,1896.552971928365,1896.7056884765625,0.6000590296746051,0.2327795119377529,1.7731369091169429,-0.564385950498234,-0.1555985157060574,1207.869449537029,22.3307768832658,1.0,113.0,37,37,87,134.0,HAJIPUR
30824,Duggal Dawa Khri (84),HOSHIARPUR,31.81982,75.6590652,30824,1899.1682118806696,1896.6995849609375,0.55898117715047,0.1602433887274459,1.7534635759359312,-0.5347969672143247,-0.1014642193277002,1121.7783483674425,22.15049259431709,1.0,69.0,32,0,135,93.0,DASUYA
31148,Kolian (258),HOSHIARPUR,31.9459457,75.6141,31148,1897.6146357637915,1896.6978759765625,0.5520786309982565,0.1810053012143195,1.6106736205659948,-0.5249878404770684,-0.1122503900544373,1171.8278768470186,22.237171851380083,1.0,193.0,20,72,311,221.0,MUKERIAN
30889,Bagha (39),HOSHIARPUR,31.6576576,75.75957,30889,1894.5282507723105,1896.6976318359375,0.5962987934521672,0.1829618596051962,1.7260099210185462,-0.5635768788652676,-0.1196014534459742,987.9061510704172,22.21853225081098,1.0,1.52,86,86,210,134.0,BHUNGA
38568,Meghpur (284),RUPNAGAR,31.2432442,76.49996,38568,1899.2193085672384,1896.6949462890625,0.5184985713802017,0.1044028903960738,1.3695983736045951,-0.5109916457908256,-0.0510091419510156,971.2861719539064,21.291691791985272,0.7983945380904768,176.0,100,100,310,186.0,ANANDPUR SAHIB
27698,Simbal (8),PATHANKOT,32.31462,75.34723,27698,1898.335446452142,1896.686767578125,0.5582642756817101,0.1691360033167194,1.4002864293972042,-0.5532162319616375,-0.0907590863226361,1009.581420681202,21.676203450020942,1.0,40.0,16,16,21,268.0,BAMIAL
38390,Chandesar (309),RUPNAGAR,31.2252254,76.50645,38390,1895.7243449780824,1896.6826171875,0.4694029585223301,0.0863685172758115,1.193836317182548,-0.4887038507971611,-0.0169831591959879,840.3439707639382,21.342175027050818,0.9620572607890462,88.0,0,50,182,88.0,ANANDPUR SAHIB
31495,Mehlanwali (344),HOSHIARPUR,31.5135136,75.91723,31495,1895.359928586926,1896.67041015625,0.5038424757790418,0.1013082571946039,1.3890973715797326,-0.503890987661196,-0.0392544617410707,1029.7934654166595,21.975286113537663,0.9233138401439354,196.92,180,180,479,926.0,HOSHIARPUR-II
31219,Akam (404),HOSHIARPUR,32.02355,75.65683,31219,1893.8976118879425,1896.6683349609375,0.5871036623829236,0.2489052131514765,1.7098552546666037,-0.5528737271321715,-0.164646594012524,1167.4966954203762,22.234927257415347,1.0,88.0,25,71,103,98.0,MUKERIAN
38445,Jhinjri (397),RUPNAGAR,31.3873882,76.36386,38445,1895.697344158422,1896.666748046875,0.4331635940021083,0.036439613622709,1.0164818386025922,-0.4715808399865803,0.0284585354209903,817.4521270205872,21.85415734445013,1.0,100.0,45,50,203,177.0,NURPUR BEDI
27737,Sherpur (55),PATHANKOT,31.8918915,75.9304352,27737,1895.3594761585127,1896.6630859375,0.5359307029979857,0.1112912777670217,1.5658621603743794,-0.5104810239248396,-0.0547494799344461,1075.4182877948183,22.03002051327053,1.0,41.0,65,150,305,43.0,SUJANPUR
27971,Momanpur (99),GURDASPUR,31.8558559,75.13707,27971,1894.9202290975245,1896.6566162109375,0.5053389463552131,0.1628781939932587,1.377487808221462,-0.4941681733407211,-0.0811718289915338,1172.0646562983889,22.141834456036747,0.8128714552555611,43.0,15,15,16,66.0,KALANAUR
31391,Kunt (519),HOSHIARPUR,31.6103973,75.85529,31391,1892.716946574244,1896.6563720703125,0.5205738141968974,0.1349496364901172,1.4952253258205337,-0.5032113714375679,-0.0712837747910602,987.988719623317,22.217897946298365,1.0,17.4,45,35,94,155.0,HOSHIARPUR-I
27875,Sakandra (691),GURDASPUR,32.1261253,75.46517,27875,1896.726237939984,1896.6553955078125,0.4896239934791124,0.0968730174398729,1.2088680947905013,-0.5034897444709252,-0.0261741991986785,1117.235490958919,22.20887986177746,1.0,67.0,5,0,35,83.0,DINANAGAR
27696,Sakol (7),PATHANKOT,32.2908936,75.37794,27696,1899.0919804122448,1896.648193359375,0.5456354075547274,0.157652931636006,1.3696661471345122,-0.5482959544940823,-0.0801837906973976,1010.7982399871248,21.676627739595745,1.0,145.0,55,21,65,200.0,BAMIAL
27508,Andoi (292),PATHANKOT,32.144146,75.65032,27508,1891.3834690003368,1896.638671875,0.4937823915944906,0.1100052424743085,1.2619412829457684,-0.492020052159715,-0.0394889560865533,1119.3021512565256,22.14976836440548,1.0,72.0,120,120,225,364.0,PATHANKOT
27832,Chakri (27),GURDASPUR,0.0,0.0,27832,1896.4938971941813,1896.6358642578125,0.69397439049021,0.2755232042302225,2.322204296483492,-0.6063793311107666,-0.2173578653914125,1129.259580652942,21.94887067172812,0.9879206198777226,50.0,45,10,50,169.0,KALANAUR
28173,Halla (245),GURDASPUR,32.0412521,75.29456,28173,1899.055464008988,1896.634521484375,0.5377875014274989,0.1689512898709487,1.5397630598786856,-0.5143785882738906,-0.0984909987454516,1098.068917076816,21.98574548872073,1.0,101.0,250,158,273,110.0,GURDASPUR
38403,Nanowal (318),RUPNAGAR,31.261261,76.4724045,38403,1894.924063568207,1896.633544921875,0.5032394182727327,0.0685590489345468,1.20029152556727,-0.5296310261317491,-0.0043211932757252,836.463591529457,21.428960765026623,1.0,60.0,120,90,95,118.0,ANANDPUR SAHIB
31231,Kallowal (392),HOSHIARPUR,32.0,75.61614,31231,1890.8591715392529,1896.629638671875,0.6472969605403774,0.2247852034144014,1.910977147298488,-0.593661283570604,-0.16227293916116,1121.1506816556353,22.09689591121986,1.0,87.0,155,40,67,95.0,MUKERIAN
30987,Hirapur (174),HOSHIARPUR,31.8378372,75.71625,30987,1895.4135001999448,1896.6246337890625,0.5598761997432632,0.160789878201392,1.689405591995686,-0.5380193693899521,-0.0981474876822365,1136.196947593111,22.13520013893016,1.0,20.0,5,0,37,18.0,DASUYA
30992,Bhattida Pind (140),HOSHIARPUR,31.8378372,75.71625,30992,1897.2509596229645,1896.6201171875,0.5464093424611269,0.1766480477962911,1.5886162726180104,-0.5334865468529134,-0.1028348938074839,1121.7783483674425,22.15049259431709,1.0,56.0,6,0,60,57.0,DASUYA
38469,Raipur (415),RUPNAGAR,31.0990982,76.55196,38469,1895.851832117361,1896.614013671875,0.466687989386615,0.0839998025433852,1.1467008683569058,-0.4920221393761727,-0.0139763641829729,802.2466841151612,22.41984541838633,0.898355546967405,0.75,72,55,136,110.0,NURPUR BEDI
31055,Barota Urf Puro Nangal (220),HOSHIARPUR,31.9086132,75.68524,31055,1895.138715081756,1896.6119384765625,0.5740036238590372,0.2063379970659603,1.7667057090884757,-0.5348349340599821,-0.1344941514080436,1236.247518937816,22.029085885063463,1.0,182.0,60,65,135,199.0,HAJIPUR
38472,Azampur (507),RUPNAGAR,31.1711712,76.42063,38472,1895.9889568669,1896.6063232421875,0.4202929425906328,0.0429720098315336,1.0159361381787146,-0.4585219197170281,0.0224417290267278,817.4521270205872,21.85415734445013,1.0,300.0,70,140,193,188.0,NURPUR BEDI
38569,Manakpur (285),RUPNAGAR,31.2432442,76.47889,38569,1898.8704435528923,1896.603515625,0.5962076481900265,0.1514040634711208,1.7043120693699545,-0.5691679358596072,-0.0950594119293545,971.2861719539064,21.291691791985272,0.6970384943076269,800.0,260,260,295,168.0,ANANDPUR SAHIB
31181,Dhaula Khera(310),HOSHIARPUR,32.04287,75.6291351,31181,1896.165862165832,1896.6031494140625,0.6315857034298913,0.2456731558231912,1.9239708833116096,-0.5776761239931351,-0.1766589852821993,1171.8278768470186,22.237171851380083,1.0,161.0,15,70,212,184.0,MUKERIAN
31839,Maili Panahpur(333),HOSHIARPUR,31.4070473,76.03566,31839,1895.88082178441,1896.590576171875,0.6730630152820972,0.2091128123427377,1.978334895916311,-0.6151453218299069,-0.1575138784675174,970.7736013177998,21.85319103872515,0.298333852008302,65.0,1,5,10,2747.0,MAHILPUR
31100,Panjdhera Kalan (217),HOSHIARPUR,31.9087257,75.68526,31100,1895.5128038909345,1896.5894775390625,0.6124131065065967,0.2591953247898623,1.89353160280657,-0.5668417836012958,-0.1839836488345541,1236.247518937816,22.029085885063463,1.0,250.0,100,100,198,294.0,HAJIPUR
31200,Nangal Awana (336),HOSHIARPUR,32.0,75.61614,31200,1895.837790686724,1896.587158203125,0.5926802367975003,0.209654232831053,1.7413460161827587,-0.5554909842064316,-0.1374773433457603,1177.493700169721,22.251886791189943,1.0,60.0,70,70,130,95.0,MUKERIAN
30935,Bajwa (112),HOSHIARPUR,31.8378372,75.73746,30935,1898.021595832898,1896.5855712890625,0.5120393968404323,0.130813626522894,1.3319969605154307,-0.5033618397786765,-0.0676091068567134,1121.7783483674425,22.15049259431709,1.0,101.0,13,0,121,107.0,DASUYA
38447,Saskaur (400),RUPNAGAR,31.1531525,76.5324249,38447,1894.2417771963767,1896.584228515625,0.4183572004186487,0.0563816821309151,0.9526516981584734,-0.4659495280650999,0.020218958813264,817.4521270205872,21.85415734445013,1.0,114.0,50,40,173,137.0,NURPUR BEDI
27674,Dalpat Tarf Narot (79),PATHANKOT,32.25225,75.52721,27674,1894.5758532911632,1896.57421875,0.5161394315362415,0.1468892261950474,1.4161723916718618,-0.4923862698936918,-0.0750307618245039,991.100734816912,21.652559197091964,0.9052110956672772,12.5,0,55,95,229.0,NAROT JAIMAL SINGH
27739,Bhattian (59),PATHANKOT,32.25225,75.52721,27739,1895.5838024590769,1896.57421875,0.4098841375947815,-0.0085375922514692,0.989374907319308,-0.457037312897831,0.0589154715078621,1075.4182877948183,22.03002051327053,0.7318275026033295,7.0,0,5,5,49.0,NAROT JAIMAL SINGH
28166,Mustfabad Saidan (239),GURDASPUR,32.0416946,75.29364,28166,1896.8380058670475,1896.5709228515625,0.6173497062509946,0.2673325308217008,1.814164100923345,-0.5706041218359873,-0.1861713560368472,1098.068917076816,21.98574548872073,1.0,163.0,200,110,165,181.0,GURDASPUR
31428,Nurpur (514),HOSHIARPUR,31.5198727,75.76193,31428,1894.084370297488,1896.5667724609375,0.5308107210152765,0.1308580321222323,1.478836238451091,-0.5214503126779482,-0.0673848256378046,987.988719623317,22.217897946298365,1.0,2.47,46,0,115,106.0,BHUNGA
38721,Kakaut (368),RUPNAGAR,30.9549541,76.4992447,38721,1893.496055423954,1896.566650390625,0.5346363783524081,0.1196493964999955,1.397894632177825,-0.5330078264884681,-0.0507888784286415,848.0909221230211,22.013268709311934,0.730990404544367,162.0,25,30,100,237.0,RUPNAGAR
27519,Khokhar (286),PATHANKOT,32.1261253,75.6141052,27519,1895.2169206126373,1896.5618896484375,0.5135703379002758,0.1656686096941294,1.3822908946162498,-0.4935489777112983,-0.0875525850376177,1117.235490958919,22.20887986177746,0.8764793222306997,10.0,0,0,2,82.0,PATHANKOT
28145,Sheikha (192),GURDASPUR,32.0412331,75.4022446,28145,1895.901389837819,1896.5535888671875,0.5606276565624627,0.2251974731521312,1.6073706435774406,-0.5348878393128288,-0.1420381013857036,1098.068917076816,21.98574548872073,1.0,320.0,210,65,308,345.0,GURDASPUR
31603,Khadiala Sainian (107),HOSHIARPUR,31.600359,75.85411,31603,1898.18402370956,1896.553466796875,0.4332356446594148,0.0679538269746199,1.1697381015237698,-0.4490299322012356,-0.0060141799725085,846.6854783704179,22.501385909822545,0.9808616293441133,121.45,48,66,438,353.0,HOSHIARPUR-I
28162,Chak Tarara (206),GURDASPUR,32.0416946,75.29364,28162,1899.6516319981208,1896.545654296875,0.618825789074721,0.2626357624314888,1.9011949066490883,-0.5637230880976937,-0.1862965293740648,1114.2655687811457,21.984360303071124,1.0,58.0,0,0,1,61.0,GURDASPUR
30976,Ballagan (133),HOSHIARPUR,31.8378372,75.71625,30976,1897.2336784404904,1896.54541015625,0.5143492325502975,0.1232019806034946,1.5242500466983395,-0.5082581676073944,-0.0605566168090454,1121.7783483674425,22.15049259431709,1.0,33.19,55,22,170,139.0,DASUYA
27942,Umarpur Kalan (173),GURDASPUR,32.10811,75.32265,27942,1895.9222334481688,1896.540771484375,0.6004719348532338,0.2491618430006323,1.8097032860216504,-0.5569862905168473,-0.1708015737064774,1129.259580652942,21.94887067172812,1.0,12.0,11,22,67,162.0,DORANGLA
28169,Ali Chak (242),GURDASPUR,32.0360374,75.41209,28169,1896.5259632919729,1896.5390625,0.5756241119541591,0.218374840051369,1.6562541402680857,-0.5420399060625545,-0.1400509135424692,1098.068917076816,21.98574548872073,1.0,192.0,290,68,256,213.0,GURDASPUR
28171,Bhukra (243),GURDASPUR,31.9639645,75.3103561,28171,1896.7636713124507,1896.5384521484375,0.5886446494218559,0.2214742676434216,1.7207302885287794,-0.5510173924346353,-0.1458241970723185,1098.068917076816,21.98574548872073,1.0,70.0,54,54,84,87.0,GURDASPUR
28141,Ganja (187),GURDASPUR,32.0360374,75.41209,28141,1895.8995146533864,1896.531494140625,0.5982575149791729,0.26647984442746,1.7199068079440525,-0.5558819084143607,-0.1789825833977301,1098.068917076816,21.98574548872073,1.0,99.0,19,66,120,116.0,DORANGLA
27717,Madho Jainpur (46),PATHANKOT,32.25225,75.52721,27717,1896.163720904836,1896.530517578125,0.5043220244309919,0.1252011836029214,1.3458714901942552,-0.5059851943444627,-0.0549266309097546,1075.4182877948183,22.03002051327053,1.0,12.0,0,2,6,42.0,NAROT JAIMAL SINGH
31139,Porika (259),HOSHIARPUR,31.9459457,75.6141,31139,1898.64505802184,1896.52734375,0.5860962602515125,0.1888042889252946,1.7573435551861816,-0.542771728931465,-0.1219378578960136,1174.317112552173,22.2125025213683,1.0,132.0,140,140,190,329.0,MUKERIAN
27983,Dhidowal (86),GURDASPUR,31.8378372,75.14361,27983,1896.861479381448,1896.52587890625,0.5497935788859784,0.2492043168963007,1.5870900158126573,-0.5234928204275991,-0.1560446018624933,1170.556016526206,22.126852984459664,1.0,50.0,22,40,92,62.0,KALANAUR
31840,Lalwan (339),HOSHIARPUR,31.3222122,75.9766846,31840,1896.420409312519,1896.5244140625,0.7224423118354807,0.2150982281945027,2.14172098045238,-0.6494111716457989,-0.1694809626039292,959.0017466422748,21.84324897017011,0.2298009515206595,1304.0,40,108,272,1342.0,MAHILPUR
27910,Majithi (260),GURDASPUR,32.1261253,75.33752,27910,1894.5667262522784,1896.5224609375,0.5551794144469258,0.2216390610148651,1.6293164608291442,-0.5241276074732587,-0.1398431236129346,1098.068917076816,21.98574548872073,1.0,106.0,53,42,80,120.0,DORANGLA
31123,Fattuwal (272),HOSHIARPUR,31.9459457,75.8476639,31123,1898.1802709396345,1896.5162353515625,0.6055947631703331,0.2201361146519183,1.8714460994604871,-0.5599232646231885,-0.1514060607451837,1171.8278768470186,22.237171851380083,1.0,300.0,50,42,223,135.0,MUKERIAN
31514,Kundla (329),HOSHIARPUR,31.5135136,75.91723,31514,1897.5545347093275,1896.5107421875,0.4140067754962825,0.0547844928698956,1.1068968492871762,-0.4427764033628564,0.0128555861495062,1029.7934654166595,21.975286113537663,1.0,45.0,0,50,74,54.0,HOSHIARPUR-II
31578,Kakon (375),HOSHIARPUR,31.5855846,75.89128,31578,1897.1415182724847,1896.5072021484375,0.3779070258874599,0.0104144411166375,0.9792652900279796,-0.4069022629100248,0.0427759758727531,935.5591627766984,22.469599437629142,0.8759433179423339,3.0,40,40,425,301.0,HOSHIARPUR-I
27841,Niwan Dhakala (267),GURDASPUR,32.1261253,75.33752,27841,1895.170329535055,1896.5069580078125,0.5851584754437843,0.2315971801058786,1.7273173473080066,-0.5428473850699922,-0.1541225095694479,1098.068917076816,21.98574548872073,1.0,129.0,100,80,140,132.0,DORANGLA
27945,Adi (169),GURDASPUR,32.1261253,75.33752,27945,1896.428383110576,1896.504638671875,0.5672652439525505,0.2207965074334409,1.6663356775841696,-0.5310711646557058,-0.1401158235589506,1129.259580652942,21.94887067172812,1.0,436.0,300,2,290,526.0,DORANGLA
38357,Surewal (296),RUPNAGAR,31.2628078,76.45583,38357,1895.1294181934863,1896.5029296875,0.5320699505881622,0.1187543517307794,1.3772823260341571,-0.5251779549455367,-0.056967151549701,842.6815095450056,21.30218025047225,0.7699914971685661,40.0,8,150,200,491.0,ANANDPUR SAHIB
30813,Jhingar Khurd (87),HOSHIARPUR,31.81982,75.68027,30813,1899.031076044476,1896.5008544921875,0.5646884707510254,0.1889607312799925,1.853151328225188,-0.5228124247024757,-0.127544054099538,1121.7783483674425,22.15049259431709,1.0,61.0,36,20,187,77.0,DASUYA
31607,Pandori Mail (146),HOSHIARPUR,31.6176777,75.85321,31607,1896.240808273336,1896.500244140625,0.4786928693304181,0.1025219957635251,1.3655887885411493,-0.4781222610979419,-0.0402943692012272,846.6854783704179,22.501385909822545,1.0,45.74,28,54,164,119.0,HOSHIARPUR-I
30834,Raja Kalan (5),HOSHIARPUR,31.6936932,75.78898,30834,1896.8366049345789,1896.4886474609375,0.5743726990786496,0.1810847135092382,1.7717948485422337,-0.5390638649011944,-0.1159342646289989,1061.896264235334,22.256612706453623,1.0,2.02,45,22,127,77.0,BHUNGA
38481,Tibba Nangal (514),RUPNAGAR,31.1711712,76.42063,38481,1898.5336176362407,1896.4853515625,0.6487435658204096,0.1774044970353728,1.9259501850828509,-0.605374469972075,-0.126762928614233,806.6475613307483,22.360858662750186,0.3477891788323874,106.0,100,25,240,623.0,NURPUR BEDI
27928,Wazirpur Afganan (49),GURDASPUR,32.1261253,75.33752,27928,1896.578529040278,1896.4827880859375,0.5762375718612928,0.2170944380509035,1.7248750811244362,-0.5321649900046439,-0.1415156070056027,1129.259580652942,21.94887067172812,1.0,15.0,300,40,105,87.0,DORANGLA
28139,Mansura (189),GURDASPUR,32.10811,75.30138,28139,1895.1635130292457,1896.481689453125,0.5596819810031551,0.2244866871037709,1.6318380500419591,-0.5276126351741506,-0.1421474851664421,1098.068917076816,21.98574548872073,1.0,56.0,2,0,30,64.0,DORANGLA
27756,Saharanpur (134),PATHANKOT,32.25225,75.52721,27756,1895.7266162777496,1896.4796142578125,0.556014920960584,0.1888898279553288,1.567197065036567,-0.5253623214505746,-0.113541319995551,1075.4182877948183,22.03002051327053,1.0,91.0,0,21,179,122.0,NAROT JAIMAL SINGH
38656,Bhagalan (364),RUPNAGAR,30.9549541,76.52025,38656,1895.7734880987016,1896.4781494140625,0.6479654489267722,0.1776366486764282,1.8315100849680648,-0.604740037776721,-0.1208151715794553,819.4475713183778,22.333564912274483,0.9890375263988478,69.0,55,140,150,267.0,RUPNAGAR
38363,Paili Khurd (301),RUPNAGAR,31.2252254,76.50645,38363,1893.8660311683293,1896.4744873046875,0.5560753277314001,0.1376991705081791,1.661529351401792,-0.5023130633595642,-0.101320497751419,842.5593766381638,21.29262687155017,0.5245576543523982,1.0,0,9,31,14.0,ANANDPUR SAHIB
38420,Jhinjri (365),RUPNAGAR,31.2432442,76.47889,38420,1896.0486473951416,1896.473876953125,0.6685069608635882,0.203839795003201,1.8574420351153635,-0.6216096696162284,-0.1525728550475584,817.4086164199691,21.847903369147907,1.0,700.0,0,60,150,492.0,ANANDPUR SAHIB
31492,Manan (341),HOSHIARPUR,31.5135136,75.91723,31492,1897.315579703297,1896.467529296875,0.4820485687660096,0.0912295438047364,1.283568304405083,-0.5012635594387009,-0.023034709435691,1029.7934654166595,21.975286113537663,0.9200207620734796,149.0,0,90,280,392.0,HOSHIARPUR-II
28137,Rawal Pindi (193),GURDASPUR,32.10811,75.30138,28137,1895.4317427104315,1896.462158203125,0.58377549821681,0.2505117783283407,1.7258581983444328,-0.5458687029055526,-0.1660140914460207,1128.8087672122922,21.94940364093191,1.0,34.0,9,0,25,38.0,DORANGLA
27935,Shahpur Afgana (59),GURDASPUR,32.10811,75.32265,27935,1895.975304617655,1896.4560546875,0.574663598441954,0.2153968593664999,1.6821077203350978,-0.5345489079829882,-0.1393042043789756,1129.259580652942,21.94887067172812,1.0,160.4,350,25,140,185.0,DORANGLA
31516,Barkian Tanuran (324),HOSHIARPUR,31.5099583,76.05055,31516,1897.8617370819863,1896.4541015625,0.5016283471946744,0.1048291124396761,1.3921396227339242,-0.5092860661914983,-0.0393271898683938,1029.7934654166595,21.975286113537663,1.0,2.45,0,0,1,80.0,HOSHIARPUR-II
27837,Baupur Jattan (39),GURDASPUR,32.1261253,75.33752,27837,1896.7887031031585,1896.4537353515625,0.5673956574506278,0.2248050679018759,1.6210884730502766,-0.538769378162259,-0.1454063055416012,1098.3971182661005,21.98535747649633,1.0,45.0,240,55,175,113.0,DORANGLA
28133,Daburi (198),GURDASPUR,32.1261253,75.33752,28133,1896.500102459507,1896.451904296875,0.5993876619401893,0.2647756002392344,1.72921464839921,-0.5637203801925221,-0.1781125643093274,1129.259580652942,21.94887067172812,1.0,300.0,120,91,166,218.0,DORANGLA
31500,Singhpur (351),HOSHIARPUR,31.5135136,75.91723,31500,1895.4834670194,1896.450927734375,0.4719306835176066,0.0770378035862774,1.2116192839624191,-0.4907659447038489,-0.0112055282782647,1029.7934654166595,21.975286113537663,1.0,39.67,36,36,100,88.0,HOSHIARPUR-II
27663,Sahu Chak (109),PATHANKOT,32.28829,75.45064,27663,1893.7679557922536,1896.4488525390625,0.5701565365860249,0.1845912749834471,1.6855451245337918,-0.5288098350975116,-0.1177325504756652,1074.1598047132914,22.019868043197945,1.0,17.0,15,18,80,47.0,NAROT JAIMAL SINGH
30870,Jia Sahota Kalan (21),HOSHIARPUR,31.6936932,75.78898,30870,1894.589748630489,1896.4468994140625,0.5036824032818153,0.1004204705870295,1.3937720156254094,-0.4995003852100925,-0.0405336875168211,962.2582843407768,22.41556316670649,0.9981552403544796,44.0,3,13,75,57.0,BHUNGA
31454,Bassi Umer Khan (402),HOSHIARPUR,31.7025013,75.86093,31454,1893.1409709577813,1896.443359375,0.4904556116466432,0.0840032537691837,1.2731827365263308,-0.501130294604621,-0.0235034710851269,935.5591627766984,22.469599437629142,0.8163945423614125,290.0,11,0,142,210.0,BHUNGA
31417,Khunda (395),HOSHIARPUR,31.53808,75.8922348,31417,1893.3294770016869,1896.441650390625,0.3654439524033355,0.0115072366679297,1.128263369466744,-0.4052098047262271,0.0462613847600797,935.5591627766984,22.469599437629142,0.8725011464852959,93.86,22,25,43,182.0,HOSHIARPUR-I
31053,Pandori (192),HOSHIARPUR,31.9639645,75.82007,31053,1897.3370270009573,1896.4407958984375,0.6139748166195874,0.225547091332246,1.9399266119155787,-0.5643963244598166,-0.1579458944483737,1232.1098824416997,22.033488089172963,1.0,351.0,32,82,532,448.0,MUKERIAN
31054,Bhagran (221),HOSHIARPUR,31.9763031,75.75106,31054,1895.3614045785705,1896.4381103515625,0.5561879182781242,0.1965573122542376,1.7553190102890406,-0.5180155948049718,-0.1255382678423436,1236.247518937816,22.029085885063463,1.0,135.0,50,50,77,163.0,HAJIPUR
28217,Zafarpur (332),GURDASPUR,32.041523,75.40224,28217,1895.8790842401445,1896.4326171875,0.5628215491940943,0.2060344130264118,1.5687799651582643,-0.5381405407447397,-0.1250375525512912,1098.068917076816,21.98574548872073,1.0,2.47,0,0,1,95.0,KAHNUWAN
31125,Trangalian (276),HOSHIARPUR,31.9459457,75.82643,31125,1896.6093495746888,1896.431640625,0.5843873572416126,0.2196050915766476,1.799403663825748,-0.5461468967013913,-0.1477766882155851,1173.066080636772,22.240387640719334,1.0,156.0,0,70,162,176.0,MUKERIAN
28501,Behrampur (CT),GURDASPUR,32.1261253,75.33752,28501,1895.2285140841984,1896.4302978515625,0.5368239930647134,0.1913662477924673,1.5673387625297484,-0.5103641121223185,-0.1178877131030437,1098.068917076816,21.98574548872073,1.0,352.0,2855,650,1224,0.0,DORANGLA
31154,Budhupur (269),HOSHIARPUR,0.0,0.0,31154,1897.9751613984577,1896.428955078125,0.6027393709908471,0.2087687386770455,1.82224045833423,-0.5539836445184925,-0.1423481609641556,1171.8278768470186,22.237171851380083,1.0,192.0,150,200,260,217.0,MUKERIAN
28142,Sadda (190),GURDASPUR,32.10811,75.30138,28142,1895.5514220633183,1896.4276123046875,0.5941601501966386,0.2605803161671443,1.6970990818114655,-0.5535710456988361,-0.1736662577525535,1098.068917076816,21.98574548872073,1.0,145.0,90,99,132,153.0,DORANGLA
38630,Shaho Majra (339),RUPNAGAR,30.8288288,76.54543,38630,1893.494736732924,1896.4237060546875,0.5748849473595047,0.1486500562905299,1.4874476981348363,-0.5645404705281423,-0.0796538325579812,819.4475713183778,22.333564912274483,0.9455111597425668,226.0,15,0,90,336.0,RUPNAGAR
31227,Chhani Nand Singh (402),HOSHIARPUR,31.9459457,75.6141,31227,1892.2735599303603,1896.4237060546875,0.5611623454662368,0.185361070739837,1.650085497579316,-0.5317656602689685,-0.1176529205288417,1119.5261984722451,22.14427250236632,1.0,42.0,100,80,135,48.0,MUKERIAN
27884,Lange (681),GURDASPUR,32.0360374,75.39083,27884,1894.1559425718133,1896.42236328125,0.6463026160562497,0.2285711029133846,1.9495904667021444,-0.5869539334514385,-0.1651794515613212,1116.34917014463,22.20461911355672,1.0,47.0,6,6,36,51.0,DINANAGAR
38449,Kumbewal (402),RUPNAGAR,31.1711712,76.3995743,38449,1895.5802377446123,1896.4222412109375,0.3944408253799796,0.0479645714316491,0.8919017493210605,-0.4482191782970852,0.0288970495556219,817.4521270205872,21.85415734445013,1.0,150.0,50,35,79,88.0,NURPUR BEDI
31201,Saroa (337),HOSHIARPUR,31.9819813,75.7499847,31201,1895.103373850316,1896.4173583984375,0.5462900766111283,0.1785510021603287,1.6057957778211929,-0.5251755352602735,-0.1063625216920382,1172.2107115190647,22.2381661268518,1.0,38.0,25,16,123,44.0,HAJIPUR
31132,Darapur (278),HOSHIARPUR,31.9459457,75.82643,31132,1896.4343694649049,1896.417236328125,0.6164124141082817,0.2479193760041594,1.884907363952188,-0.5688375887808789,-0.1722927851518583,1175.0938464194123,22.24565403356945,1.0,35.0,2,0,18,40.0,MUKERIAN
38356,Ghamirpur (294),RUPNAGAR,31.2774143,76.47601,38356,1894.1710180349835,1896.417236328125,0.5774123603217437,0.1415775629589471,1.6399154281001485,-0.5411633640532383,-0.0909254351896445,842.8240392530063,21.31332909105663,0.4356841244552081,39.0,145,145,162,444.0,ANANDPUR SAHIB
31415,Nur Talai (393),HOSHIARPUR,31.5380726,75.89222,31415,1893.343851308168,1896.414306640625,0.3388992438852221,-0.0169059941575224,0.8080191166589684,-0.3872849347846751,0.0710349688932909,935.5591627766984,22.469599437629142,0.853803079602407,185.25,32,32,57,136.0,HOSHIARPUR-I
31652,Dhada Bawa Mohar Singh (11),HOSHIARPUR,31.5379333,75.8925552,31652,1899.2096863475008,1896.4139404296875,0.487204480992349,0.1107280557231626,1.3570564957501057,-0.4875496652287194,-0.0446157200685635,846.6854783704179,22.501385909822545,0.9962090701061846,17.4,48,60,202,54.0,HOSHIARPUR-I
38487,Jatwahar (516),RUPNAGAR,31.0810814,76.55849,38487,1897.3093039582147,1896.4111328125,0.5850766898890893,0.1328507088615666,1.6457169028671113,-0.5627320316618406,-0.0772470502205657,803.830906969976,22.398611432108467,0.5889227071782492,1.0,75,25,75,852.0,NURPUR BEDI
30900,Sheikh (441),HOSHIARPUR,31.696064,75.78238,30900,1894.3507759549868,1896.4091796875,0.5230401625934026,0.1173896904039196,1.4317339037507115,-0.5225389331022708,-0.0568913668881715,1072.5391244281016,21.98595122040616,0.958573468166,148.0,80,0,190,171.0,BHUNGA
38444,Rauli (396),RUPNAGAR,31.3873882,76.384964,38444,1896.267227788141,1896.4090576171875,0.4538319106479762,0.0750637422723464,1.068124827096827,-0.486169269478319,-0.0010240820182036,817.4521270205872,21.85415734445013,1.0,150.0,20,20,171,198.0,NURPUR BEDI
27764,Tash (129),PATHANKOT,32.216217,75.5185547,27764,1898.0260767212665,1896.399658203125,0.5263153321872573,0.1740767961956854,1.347440768912451,-0.5350422297981575,-0.0915344742519588,1075.4182877948183,22.03002051327053,1.0,47.0,26,26,51,85.0,NAROT JAIMAL SINGH
27927,Malook Chak (45),GURDASPUR,32.10811,75.32265,27927,1895.949379762352,1896.3988037109375,0.5981168253347664,0.2219092103078766,1.8315060234118603,-0.5462728898691702,-0.1523610252671675,1129.259580652942,21.94887067172812,1.0,52.0,62,62,85,47.0,DORANGLA
31225,Tanda Churian (398),HOSHIARPUR,31.9466476,75.61599,31225,1890.9549589960773,1896.398681640625,0.6433790329844596,0.2137049642886369,1.884002367445672,-0.5910361082329039,-0.1502982067365739,1121.1506816556353,22.09689591121986,1.0,152.0,2,76,121,176.0,MUKERIAN
28146,Dhut ( 200),GURDASPUR,32.10811,75.30138,28146,1896.0800965807864,1896.3880615234375,0.5803242913312684,0.2454194697821436,1.6519725595593764,-0.5495308734657025,-0.1586435534016763,1118.3484250458075,21.961770264750147,1.0,105.0,32,45,70,113.0,DORANGLA
28215,Sherpur (330),GURDASPUR,32.0360374,75.39083,28215,1898.1470767689448,1896.3841552734375,0.5547933605934159,0.1824928127805657,1.6036466172720307,-0.5270351797551103,-0.1127438329931851,1098.068917076816,21.98574548872073,1.0,45.0,100,80,118,52.0,GURDASPUR
38590,Oustee Colony Block-B (OG),RUPNAGAR,31.1711712,76.44169,38590,1896.8896547186648,1896.3804931640625,0.5510239639438448,0.1041719505992715,1.4569722428923435,-0.5476818994007887,-0.0468003697571936,971.2861719539064,21.291691791985272,0.5703850628971674,1.0,0,0,1,0.0,NURPUR BEDI
31218,Kotli Khas (403),HOSHIARPUR,32.0,75.61614,31218,1892.920786611464,1896.3785400390625,0.5738041444806342,0.1936892257831182,1.682393367303757,-0.5416505926655713,-0.1249026430557531,1152.1439091225363,22.226970820574653,1.0,221.0,158,450,460,256.0,MUKERIAN
31491,Naru Nangal Pind (332),HOSHIARPUR,31.5135136,75.91723,31491,1898.2336632014528,1896.3668212890625,0.4349036465615578,0.0454484965571027,1.043907875135021,-0.4704465452893084,0.0186191389006555,1029.7934654166595,21.975286113537663,0.8968822629385176,90.0,0,32,55,114.0,HOSHIARPUR-II
31045,Sunderpur (227),HOSHIARPUR,31.9085732,75.68523,31045,1894.778342201631,1896.3660888671875,0.596519429430484,0.216919777237744,2.0932441710507934,-0.5516740075909589,-0.1475016012399553,1236.247518937816,22.029085885063463,1.0,131.0,70,70,91,153.0,HAJIPUR
38632,Bari Makori (341),RUPNAGAR,31.0810814,76.55849,38632,1894.6573738909133,1896.3626708984375,0.5853566012570157,0.1508798745513203,1.6112375585166132,-0.5612147385692076,-0.0876241432913298,819.4475713183778,22.333564912274483,1.0,100.0,20,50,105,229.0,RUPNAGAR
31122,Kharak Balrah (274),HOSHIARPUR,31.8643341,75.6418152,31122,1898.361842307701,1896.3599853515625,0.6144400222719107,0.2423097726359795,1.856216548463184,-0.5670379767263721,-0.1686850080048373,1182.5398931034867,22.13101144897988,1.0,68.0,52,70,322,75.0,MUKERIAN
31128,Malkowal (286),HOSHIARPUR,31.9088039,75.68529,31128,1897.1027528522943,1896.3553466796875,0.5687255290040412,0.1975224181764349,1.6892166465645453,-0.5401322230809901,-0.1268028438669387,1207.869449537029,22.3307768832658,1.0,66.0,65,65,123,80.0,HAJIPUR
27941,Dorangla (175),GURDASPUR,32.10811,75.32265,27941,1896.0539111884275,1896.353271484375,0.5892896724296893,0.2427331324356809,1.7409317444233383,-0.5487781118683902,-0.1612114183497206,1129.259580652942,21.94887067172812,1.0,170.0,28,380,780,168.0,DORANGLA
27934,Khagar (63),GURDASPUR,32.10811,75.30138,27934,1896.4999109960736,1896.3504638671875,0.6226802375237395,0.2496396280320624,1.8640135154656912,-0.5703335470139572,-0.1740396837965495,1129.259580652942,21.94887067172812,1.0,58.026,0,0,1,64.0,DORANGLA
38402,Jhajar (315),RUPNAGAR,31.2252254,76.50645,38402,1893.2713401611152,1896.3497314453125,0.6245007265426906,0.1589771013506159,1.8118721933389728,-0.5970908337199087,-0.1057364029392072,842.5593766381638,21.29262687155017,0.652651615744114,67.0,0,0,138,176.0,ANANDPUR SAHIB
27809,Siri Rampur (30),GURDASPUR,32.1261253,75.33752,27809,1895.9628626383085,1896.3472900390625,0.6543307113728045,0.261812410325589,2.032599441474805,-0.5842471112108587,-0.194335195494167,1123.9156149272524,21.96695234180721,1.0,85.0,40,20,81,93.0,DORANGLA
27923,Khushipur (177),GURDASPUR,32.1261253,75.33752,27923,1896.0207754087733,1896.34716796875,0.5778154255171067,0.2305793095031823,1.7651003000545598,-0.536110103077604,-0.153846475437713,1129.259580652942,21.94887067172812,1.0,1.85,30,12,64,53.0,DORANGLA
30986,Banial (157),HOSHIARPUR,31.8378372,75.73746,30986,1895.072627573471,1896.3363037109375,0.5335121659637054,0.14374864369457,1.5914524463093709,-0.5196856013698765,-0.0809554639271418,1121.782798506377,22.150487874471366,1.0,260.0,22,0,118,260.0,DASUYA
31056,Mehatpur (216),HOSHIARPUR,31.9459457,75.82643,31056,1896.20927176116,1896.332275390625,0.5701976728612219,0.2106064086726329,1.71426243823354,-0.539166225215029,-0.1366062502782116,1236.247518937816,22.029085885063463,1.0,120.0,50,70,142,191.0,MUKERIAN
27738,Firoza (54),PATHANKOT,32.216217,75.53985,27738,1894.6156082508744,1896.332275390625,0.5694114042941535,0.1686920301720874,1.667293459950013,-0.5343290803686171,-0.102926364799514,1075.4182877948183,22.03002051327053,1.0,100.0,2,5,24,150.0,NAROT JAIMAL SINGH
28216,Mirpur (331) (Part),GURDASPUR,32.0453033,75.31571,28216,1898.793328579032,1896.3310546875,0.5236014942487216,0.1495701953883391,1.5026742016426684,-0.5060989245323514,-0.0825887508069248,1098.068917076816,21.98574548872073,1.0,2.47,0,0,1,50.0,DINANAGAR
38398,Mianpur (319),RUPNAGAR,31.2432442,76.49996,38398,1895.3086929072049,1896.32958984375,0.5241199203349215,0.1242610181098984,1.355069961351927,-0.5074529312808278,-0.0675766539579186,825.0430340057239,21.684384643178426,0.7345804580907641,52.0,0,18,86,76.0,ANANDPUR SAHIB
30911,Garhdiwala (19),HOSHIARPUR,31.6961155,75.7823257,30911,1892.7546986061168,1896.326416015625,0.5550133717714317,0.1528331102484218,1.5359616899934725,-0.5439360900821181,-0.0872193401383811,1019.5819705215424,22.131228330427955,0.9990495210793408,469.0,85,0,192,712.0,BHUNGA
30985,Thiara (169),HOSHIARPUR,31.8378372,75.73746,30985,1893.3722615409467,1896.322998046875,0.5503575608455822,0.1657364692266101,1.6112811064104824,-0.5374951369178622,-0.0968667286851169,1121.7783483674425,22.15049259431709,1.0,101.0,18,0,69,102.0,DASUYA
27699,Danwal (9),PATHANKOT,32.31462,75.34723,27699,1897.6725080259816,1896.319580078125,0.4441112383313726,0.1294235675791021,1.059090239036592,-0.4664137121060465,-0.0442340378185487,989.7097640083792,21.66927445349212,1.0,84.0,62,42,90,91.0,BAMIAL
30994,Manak (141),HOSHIARPUR,31.8378372,75.71625,30994,1897.490653607737,1896.3143310546875,0.5478975044134371,0.1235229089122271,1.5792496711785269,-0.5289319193008828,-0.0661232951098641,1136.8299108491933,22.135189256292268,1.0,34.0,5,0,21,49.0,DASUYA
38971,Milak (346),S.A.S Nagar,30.35963,76.3640442,38971,1894.6346623866168,1896.3125,0.4437240193349475,0.0604119140472042,1.2515724916137545,-0.4547930517004544,0.0012738196258798,784.6876072940393,22.48385948559426,0.6713608603857,29.0,20,20,210,48.0,KHARAR
38450,Mussapur (403),RUPNAGAR,31.1711712,76.42063,38450,1894.7293108966376,1896.3077392578125,0.3824371639162607,0.0391212415091194,0.8167035437973733,-0.4461498916061326,0.042110702945383,817.4521270205872,21.85415734445013,1.0,250.0,200,100,200,106.0,NURPUR BEDI
38446,Majra (398),RUPNAGAR,31.3873882,76.36386,38446,1895.413472943812,1896.3070068359375,0.4867551497057517,0.0613208346284187,1.1824724460853655,-0.505538253101705,0.0009242457694188,817.4521270205872,21.85415734445013,1.0,1.0,45,45,202,81.0,NURPUR BEDI
31204,Rajpur (324),HOSHIARPUR,32.02358,75.6569,31204,1894.9384426026352,1896.2994384765625,0.5887866556288031,0.2159079307524947,1.7421490731998477,-0.548638032521445,-0.141363371467752,1171.8278768470186,22.237171851380083,1.0,110.0,12,36,72,123.0,MUKERIAN
31220,Harse Mansar (405),HOSHIARPUR,32.0,75.61614,31220,1893.3700447531828,1896.2960205078125,0.5884346267645392,0.2208331449900962,1.6830331902535192,-0.5542635535943696,-0.1454459089324291,1126.101411199,22.21347454140447,1.0,269.0,140,550,693,321.0,MUKERIAN
38364,Kalota (304),RUPNAGAR,31.2252254,76.50645,38364,1895.294585322437,1896.29443359375,0.4611858758142668,0.0504901084974153,1.0846620234077573,-0.4945739696416316,0.015254990383935,842.5593766381638,21.29262687155017,1.0,23.0,0,25,64,28.0,ANANDPUR SAHIB
31152,Chhanian Kalan (268),HOSHIARPUR,31.9459457,75.8476639,31152,1896.9801159425224,1896.286376953125,0.611152119360796,0.2221357257184507,1.8603997401197576,-0.5615080614382855,-0.1537792993969373,1171.8278768470186,22.237171851380083,1.0,26.0,30,30,60,61.0,MUKERIAN
27800,Pindi Rangran (270),GURDASPUR,32.0841866,75.41816,27800,1894.236463334573,1896.284912109375,0.5848171194035224,0.2247839837630653,1.6982877291779388,-0.5446515179077693,-0.1485572235914236,1098.068917076816,21.98574548872073,1.0,40.0,0,0,40,102.0,DINANAGAR
31427,Nadali (517),HOSHIARPUR,31.5198727,75.76193,31427,1892.8035423573435,1896.2830810546875,0.4778793166961392,0.1083469922677897,1.307042243333182,-0.4766411638894818,-0.0433027869976216,974.461455881113,22.245036859860203,1.0,70.0,0,0,1,134.0,BHUNGA
27916,Khuthi (184),GURDASPUR,32.10811,75.30138,27916,1896.293591975571,1896.28271484375,0.6073054141991181,0.2580411652173632,1.832385974621048,-0.5589524012720498,-0.1782298002482305,1098.068917076816,21.98574548872073,1.0,4.5,41,49,100,68.0,DORANGLA
38974,Togan (17),S.A.S Nagar,30.9009018,76.687,38974,1895.4858601232413,1896.278076171875,0.420970673611468,0.0421741422084106,1.0447574469949614,-0.4472436610441235,0.023457293751889,814.0134456565278,22.43804828433952,0.1448159205779316,125.0,22,32,521,209.0,MAJRI
38493,Khatana (519),RUPNAGAR,31.1531525,76.55348,38493,1895.2656655177225,1896.2694091796875,0.6182926202385247,0.1753911930999195,1.7693828529000497,-0.5852067298384022,-0.1155249930935535,804.2744459426114,22.438499158341656,0.6139428380873229,0.75,28,32,115,949.0,NURPUR BEDI
31179,Bhangala ( 322),HOSHIARPUR,31.9459457,75.6141,31179,1896.1939369406705,1896.2606201171875,0.6021604550666234,0.2150587148118304,1.854761921343577,-0.5509473317316382,-0.1486776010787841,1171.8278768470186,22.237171851380083,1.0,426.0,352,352,840,645.0,MUKERIAN
27830,Mansura (51),GURDASPUR,32.10811,75.32265,27830,1897.1827225856664,1896.26025390625,0.6217476716356541,0.2271571212176938,2.006003549371661,-0.558506112021746,-0.1649780837530059,1129.259580652942,21.94887067172812,1.0,1.0,12,21,31,72.0,DORANGLA
30964,Teli Chak (161),HOSHIARPUR,31.8018017,75.6655045,30964,1893.2180527093176,1896.2574462890625,0.5500414825872575,0.1418276013831611,1.5529031325129512,-0.5371469975330259,-0.0798135062407089,1121.7783483674425,22.15049259431709,1.0,48.0,2,0,1,54.0,DASUYA
31262,Gera (382),HOSHIARPUR,31.99285,75.7309,31262,1896.8808705193724,1896.2542724609375,0.597992778523327,0.2118884968817228,1.6845159032722634,-0.5648372895587295,-0.1391424548159236,1223.9943983962437,22.189141458361576,0.9997011136139689,200.0,125,65,71,384.0,HAJIPUR
31130,Pota (284),HOSHIARPUR,31.9819813,75.7499847,31130,1896.628132339731,1896.2518310546875,0.6051235321738957,0.2304195513650757,1.8401660808592868,-0.5622015869108337,-0.1591172003280134,1207.8641003952202,22.330762990792994,1.0,170.0,71,71,150,200.0,HAJIPUR
27902,Malian (275),GURDASPUR,32.0360374,75.39083,27902,1894.787371108025,1896.25,0.560690874229151,0.1994923178674937,1.5759276371787725,-0.5332836419816089,-0.1220838411767166,1098.068917076816,21.98574548872073,1.0,2.47,1,1,1,132.0,KAHNUWAN
31124,Budhewal (273),HOSHIARPUR,31.9459457,75.6141,31124,1898.241228158765,1896.2467041015625,0.6011755900771103,0.224116209300582,1.82132434314542,-0.5591249759552047,-0.1537649251984795,1171.8278768470186,22.237171851380083,1.0,50.0,41,30,64,54.0,MUKERIAN
31205,Ranga (323),HOSHIARPUR,32.0,75.61614,31205,1895.1524578807328,1896.2430419921875,0.5595998525120941,0.1815413060701722,1.6702939661925489,-0.524318738773633,-0.1147695847223605,1171.8278768470186,22.237171851380083,1.0,66.0,150,90,105,76.0,MUKERIAN
27842,Wahla (265),GURDASPUR,32.0360374,75.41209,27842,1895.2483297135807,1896.2418212890625,0.6145300463150101,0.2661686705111867,1.7746309749818785,-0.5684647807759277,-0.1825021931326308,1098.068917076816,21.98574548872073,1.0,85.2,28,27,49,72.0,DORANGLA
28134,Arjo Chak (199),GURDASPUR,32.10811,75.30138,28134,1895.9403575362428,1896.24169921875,0.5915896964446942,0.2717940713871546,1.65879674649398,-0.5654260671316093,-0.1801944118555207,1129.259580652942,21.94887067172812,1.0,49.0,10,10,15,53.0,DORANGLA
31600,Nangal Kalan (106),HOSHIARPUR,31.5379333,75.89249,31600,1898.3041802656653,1896.2391357421875,0.4589154771222983,0.0899207809757444,1.334043609745885,-0.460438170385028,-0.0301318847812974,846.6854783704179,22.501385909822545,1.0,23.88,34,30,105,70.0,HOSHIARPUR-I
27831,Shamsherpur (50),GURDASPUR,32.10811,75.32265,27831,1896.6820133109445,1896.23828125,0.6452736488126878,0.2409065016644382,2.072553956298662,-0.5766075456635957,-0.1790944983783216,1129.259580652942,21.94887067172812,1.0,251.8,25,25,101,94.0,DORANGLA
31267,Badala (373),HOSHIARPUR,31.8918915,75.9304352,31267,1895.719667117008,1896.2296142578125,0.6292487566587632,0.2364541557091748,1.782753986792643,-0.5848660653774501,-0.1620544285748009,1233.2170427687508,22.14839256472677,1.0,2.47,100,80,139,90.0,TALWARA
27753,Gande Pindi (141),PATHANKOT,32.1981964,75.4823,27753,1895.0594681676712,1896.2249755859375,0.5559891026991765,0.1580331986073403,1.5457637617723423,-0.5281051419507133,-0.08922578467703,1075.4182877948183,22.03002051327053,1.0,40.0,18,50,70,55.0,NAROT JAIMAL SINGH
31458,Chak Sawana (394),HOSHIARPUR,31.5380688,75.8922,31458,1893.6456461077803,1896.224609375,0.3280507572324493,-0.0168820190843022,0.801433310393287,-0.3709366329452908,0.0708388165348167,935.5591627766984,22.469599437629142,1.0,30.0,12,10,62,54.0,HOSHIARPUR-I
31133,Jalala (272),HOSHIARPUR,31.8918915,75.73944,31133,1897.102282917485,1896.2138671875,0.6251007644331265,0.2369792965142777,1.9324473905794315,-0.5729077125621739,-0.168698543202979,1171.8278768470186,22.237171851380083,1.0,112.0,80,80,130,132.0,MUKERIAN
28174,Chahia (246),GURDASPUR,32.0416946,75.29364,28174,1899.626448444312,1896.209716796875,0.5282243941353739,0.1336722881129622,1.4941638496640994,-0.5087713242051278,-0.0710637298272916,1098.068917076816,21.98574548872073,0.6325355480699613,31.0,150,50,150,57.0,GURDASPUR
27517,Abadgarh (287),PATHANKOT,32.10811,75.59918,27517,1893.6803626039905,1896.19775390625,0.5450273047273221,0.1634927872945323,1.4602395496105691,-0.5247320270979868,-0.0921743846806456,1117.235490958919,22.20887986177746,0.9386105910224548,115.0,60,60,90,242.0,PATHANKOT
31005,Ghogra (183),HOSHIARPUR,31.8378372,75.71625,31005,1895.7000056228649,1896.1942138671875,0.5652997740755368,0.1650449022306438,1.7017095743678794,-0.5361951992140602,-0.0999515161614397,1236.247518937816,22.029085885063463,1.0,572.0,60,0,510,573.0,DASUYA
28180,Bhola (251),GURDASPUR,32.08392,75.41807,28180,1895.169851625809,1896.1939697265625,0.6159818760423634,0.2449277207887901,1.7718627306303576,-0.5691223745169222,-0.1660363367008953,1098.068917076816,21.98574548872073,0.6454835715291569,114.0,70,50,430,127.0,DINANAGAR
31420,Bassi Kale Khan (407),HOSHIARPUR,31.60213,75.86018,31420,1893.4274536746025,1896.1849365234375,0.5687969575929587,0.1563980396044945,1.442674326923312,-0.5643421810240992,-0.08866169651705,935.5591627766984,22.469599437629142,1.0,251.0,22,0,71,93.0,BHUNGA
27932,Nangal Dala (61),GURDASPUR,32.0360374,75.41209,27932,1896.0631713600933,1896.1834716796875,0.6626283369358229,0.2743739675582889,2.077489521973322,-0.5961833077567712,-0.2048422656586436,1129.259580652942,21.94887067172812,1.0,80.0,18,15,75,89.0,DORANGLA
31134,Ghasitpur (271),HOSHIARPUR,31.7657585,75.64245,31134,1898.211848153475,1896.1785888671875,0.6082950370121873,0.2188626194399085,1.9199480792272767,-0.557603216281648,-0.1535752201269626,1171.8278768470186,22.237171851380083,1.0,100.0,10,72,168,111.0,MUKERIAN
30823,Khun Khun Khurd (86),HOSHIARPUR,31.81982,75.68027,30823,1898.946904160496,1896.1751708984375,0.5873651764371689,0.1993863148453558,1.8293370883927869,-0.5479062835127259,-0.1352444447832504,1121.4801400825122,22.151092589127565,0.999941171617458,69.0,69,6,117,78.0,DASUYA
31206,Jandwal (321),HOSHIARPUR,31.90991,75.73305,31206,1894.6034812470848,1896.174560546875,0.5984631993564707,0.2147992921498453,1.7054721416549157,-0.5615283799083084,-0.1412057465244902,1171.8278768470186,22.237171851380083,1.0,257.0,150,250,295,314.0,MUKERIAN
27931,Nadala (58),GURDASPUR,32.1261253,75.33752,27931,1896.7583553166112,1896.171142578125,0.6066261267613584,0.2344564300487074,1.7724663027444851,-0.5587661509544111,-0.1571114108653343,1129.259580652942,21.94887067172812,1.0,93.0,200,26,44,105.0,DORANGLA
27940,Tajpur (56),GURDASPUR,32.10811,75.32265,27940,1895.7357094647143,1896.169189453125,0.6216568228349215,0.2528065057308357,1.9299465748182352,-0.5614537622763857,-0.1821212880292531,1129.259580652942,21.94887067172812,1.0,36.0,31,12,56,43.0,DORANGLA
28172,Sadhu Chak (244),GURDASPUR,32.0360374,75.39083,28172,1895.9132122533035,1896.1668701171875,0.596741404078989,0.2116261772090719,1.8018852022389256,-0.5471226845407595,-0.1414731717353702,1098.068917076816,21.98574548872073,1.0,210.0,170,130,201,230.0,GURDASPUR
31001,Sagran (153),HOSHIARPUR,31.8378372,75.71625,31001,1895.8948218652151,1896.16455078125,0.541686294443322,0.1476766174032807,1.5757902319520796,-0.5295283401218442,-0.0818752191902202,1227.1886696116587,22.038693756605515,1.0,221.0,25,0,156,221.0,DASUYA
27755,Chela Chak (135),PATHANKOT,32.216217,75.5185547,27755,1895.3833683435548,1896.15380859375,0.5380402364515873,0.1693786142348929,1.4761680334775673,-0.5217539913933895,-0.0941117173506308,1075.4182877948183,22.03002051327053,1.0,75.0,0,67,95,87.0,NAROT JAIMAL SINGH
27828,Salach (26),GURDASPUR,32.10811,75.32265,27828,1897.8204769516176,1896.1441650390625,0.5729828347047625,0.2172324736609318,1.7451282262056818,-0.526410075374003,-0.143595972411373,1128.3183786533632,21.95205529245932,0.7779835741406617,33.0,2,16,50,127.0,DORANGLA
38366,Mangewal (306),RUPNAGAR,31.2418613,76.48771,38366,1896.391187236121,1896.1435546875,0.5258144860875639,0.1101850589184465,1.3755046407168168,-0.5275368957065466,-0.0455704484654704,842.5593766381638,21.29262687155017,1.0,80.0,0,150,200,118.0,ANANDPUR SAHIB
31488,Bassi Jamal Khan (337),HOSHIARPUR,31.5135136,75.91723,31488,1898.2013418806744,1896.142822265625,0.5183248312393582,0.0891318887557386,1.3140769953971043,-0.5222282092329674,-0.027924615383985,1041.331201003557,21.965680395525062,1.0,22.0,50,50,93,24.0,HOSHIARPUR-II
31121,Gahlarian (275),HOSHIARPUR,31.9639645,75.65017,31121,1897.6290948663093,1896.1358642578125,0.613218703533057,0.2487330102648549,1.924600594871735,-0.5617940715337509,-0.177906099716617,1219.278356663293,22.182331270327143,1.0,183.0,61,61,253,212.0,HAJIPUR
27922,Bains (178),GURDASPUR,32.10811,75.32265,27922,1896.2768234512769,1896.129150390625,0.5852270815958542,0.2397282861265901,1.786784196503177,-0.5402113730799943,-0.1601069757040474,1129.259580652942,21.94887067172812,1.0,98.0,450,98,155,97.0,DORANGLA
31099,Panjdhera Rahia (219),HOSHIARPUR,31.91595,75.6915359,31099,1895.6018667340209,1896.1195068359375,0.6505766662050408,0.2797554680236291,2.077084238515892,-0.5885229741968151,-0.2070458689635195,1236.247518937816,22.029085885063463,1.0,189.0,50,50,145,220.0,HAJIPUR
30971,Mundian (100),HOSHIARPUR,31.8018017,75.6655045,30971,1894.088715684882,1896.119140625,0.5536300630690097,0.168622779628691,1.6554135522501403,-0.5331223682736451,-0.102126763430225,1121.7783483674425,22.15049259431709,1.0,92.0,9,0,78,91.0,DASUYA
38486,Bhogipur (426),RUPNAGAR,31.1711712,76.42063,38486,1896.3644667338344,1896.1136474609375,0.4431020786279459,0.0612929113535033,1.0651874259941614,-0.4755248428832508,0.0069006009305021,802.2466841151612,22.41984541838633,1.0,200.0,25,60,113,113.0,NURPUR BEDI
27695,Dhinda (6),PATHANKOT,32.28419,75.65372,27695,1897.874198575994,1896.1134033203125,0.5177666213198858,0.1600218155709488,1.2331123422983947,-0.5312135915188976,-0.0708388710047233,1010.7982399871248,21.676627739595745,1.0,105.0,12,5,48,120.0,BAMIAL
30930,Daffer (1),HOSHIARPUR,31.69547,75.78191,30930,1895.043594485696,1896.111328125,0.5434124557308647,0.1492887054247146,1.5851411246629046,-0.5276475434296019,-0.0853489559455776,1122.7305546002656,22.13846259346762,1.0,80.0,610,0,513,580.0,BHUNGA
27901,Chuhar Chak (310),GURDASPUR,32.0,75.40368,27901,1895.151188050365,1896.1092529296875,0.5787167116540197,0.211195547032707,1.6613122286964592,-0.5446418278407998,-0.1351008488880777,1098.068917076816,21.98574548872073,0.999997795565118,2.47,45,0,112,70.0,DHARIWAL
38392,Majara (311),RUPNAGAR,31.2252254,76.50645,38392,1895.2344020922087,1896.1077880859375,0.5178492492462655,0.1142363496472037,1.5025901194557458,-0.5255343361031474,-0.0435814236870411,835.1597226364571,21.458122147783342,0.7720484021950913,134.0,0,50,111,170.0,ANANDPUR SAHIB
38559,Kalsera (236),RUPNAGAR,31.2432442,76.47889,38559,1894.681584117316,1896.1063232421875,0.5756415120000149,0.1066841833560975,1.5279736725152533,-0.5609541077180269,-0.0523249186547669,967.976266424884,21.70271385961024,0.95354224924963,300.0,333,333,363,118.0,ANANDPUR SAHIB
27657,Bhatoa (106),PATHANKOT,32.1981964,75.46101,27657,1893.1703048363029,1896.1038818359375,0.4449257884325109,0.0994819371506881,1.2724401348189422,-0.4411210254004279,-0.0375241517232805,1063.569212239017,21.93443131804776,1.0,93.0,45,192,291,121.0,NAROT JAIMAL SINGH
27750,Mukand Chak (139),PATHANKOT,32.216217,75.5185547,27750,1895.1725303557764,1896.0989990234375,0.5842394148523732,0.1898255872361905,1.6423664845748494,-0.5497304331224431,-0.1189639326738124,1075.4182877948183,22.03002051327053,1.0,25.0,0,65,102,42.0,NAROT JAIMAL SINGH
30822,Rajpur (85),HOSHIARPUR,31.8378372,75.71625,30822,1898.585648602071,1896.0953369140625,0.5679379363585791,0.1930003106961347,1.8245545469226183,-0.5286586335516581,-0.1310329786387591,1121.7783483674425,22.15049259431709,0.8873580493910508,352.0,14,0,329,105.0,DASUYA
27752,Sheikhu Chak (143),PATHANKOT,32.1981964,75.4823,27752,1895.179624203813,1896.0909423828125,0.5582520021843221,0.1960742986598433,1.5129598771219794,-0.5368620845104504,-0.1158864607663761,1075.4182877948183,22.03002051327053,1.0,65.0,14,35,101,66.0,NAROT JAIMAL SINGH
31216,Kaulpur Khurd (328),HOSHIARPUR,31.9459457,75.6141,31216,1893.369419320743,1896.0831298828125,0.6360924719854477,0.2474570375056092,1.914010050806548,-0.585672783135078,-0.1746441116704993,1171.8278768470186,22.237171851380083,1.0,2.47,20,20,35,39.0,MUKERIAN
27926,Chak Raja (46),GURDASPUR,32.10811,75.32265,27926,1895.8359200023644,1896.0804443359375,0.5675523405242202,0.2196487240283615,1.5423553971976318,-0.5383420020134267,-0.1341795170829501,1129.259580652942,21.94887067172812,1.0,50.0,500,25,68,49.0,DORANGLA
27827,Bahadurpur (25),GURDASPUR,32.10811,75.32265,27827,1897.254431964212,1896.0673828125,0.5997163217056543,0.2217437861759217,1.906291154601972,-0.5448561380441901,-0.1545325503179643,1123.2666414537764,21.96914818752168,0.3635574146866727,1.0,0,0,1,64.0,DORANGLA
31478,Nandan (364),HOSHIARPUR,31.54955,75.9888153,31478,1894.9226467370963,1896.06591796875,0.4085707066903366,0.0380563800793403,1.0137243682615416,-0.4436091254139943,0.0306580204816928,1029.7934654166595,21.975286113537663,0.6184858221013716,57.0,65,60,165,70.0,HOSHIARPUR-I
31127,Chahang Hamel (285),HOSHIARPUR,31.9639645,75.7351151,31127,1896.690476632207,1896.0648193359375,0.6513551756221645,0.2483013943626819,2.043336273375698,-0.590409298988682,-0.1816551988402376,1207.869449537029,22.3307768832658,1.0,81.0,80,150,204,93.0,HAJIPUR
38657,Fatehpur (363),RUPNAGAR,30.9729729,76.53469,38657,1897.073191645773,1896.064697265625,0.6038164950810931,0.1461608527489303,1.68178111588986,-0.5799161492802489,-0.0869604812159917,819.4475713183778,22.333564912274483,1.0,20.0,22,22,151,396.0,RUPNAGAR
31459,Jallalpur (390),HOSHIARPUR,31.6084747,75.8664551,31459,1894.7882735672647,1896.0572509765625,0.3352113911851309,-0.0141972771087693,0.882558608877626,-0.3737625603988779,0.065156184437705,935.5591627766984,22.469599437629142,0.6314708090414209,70.0,12,25,76,133.0,HOSHIARPUR-I
38400,Bacholi (316),RUPNAGAR,31.2432442,76.49996,38400,1892.5149394676284,1896.05517578125,0.6932430376833396,0.2137827183131384,2.052707356681328,-0.6351829978092725,-0.1645602331592019,842.5593766381638,21.29262687155017,0.7812885557512372,8.0,0,0,16,45.0,ANANDPUR SAHIB
27929,Jhungian (54),GURDASPUR,32.10811,75.32265,27929,1896.0940874762225,1896.052490234375,0.6278133094701065,0.2449312193943316,1.9781459831875128,-0.5678889234831043,-0.1779019973767932,1129.259580652942,21.94887067172812,1.0,1.0,0,0,1,32.0,DORANGLA
31105,Bharath (368),HOSHIARPUR,30.7114658,76.72305,31105,1895.589684695572,1896.0435791015625,0.4271402668828042,0.0168826771932691,0.9523777451967438,-0.4925102759811122,0.0510025884333304,1236.247518937816,22.029085885063463,1.0,54.0,170,170,247,73.0,HAJIPUR
31373,Ror (427),HOSHIARPUR,31.5304813,75.9044,31373,1893.7275946407144,1896.042236328125,0.5139355434460435,0.118836294330862,1.3344876760904851,-0.5258447298946606,-0.0535371322178423,990.9315730114132,22.20414330970864,1.0,186.0,74,74,179,236.0,HOSHIARPUR-II
31180,Naharpur (335),HOSHIARPUR,32.0,75.61614,31180,1896.3758052684173,1896.036376953125,0.6225278987419963,0.2303806372142555,1.926989164554179,-0.566265382532241,-0.1629953676511268,1171.8278768470186,22.237171851380083,1.0,113.0,65,60,112,125.0,MUKERIAN
31174,Ladpur (421),HOSHIARPUR,31.9459457,75.8476639,31174,1895.1100350092347,1896.0361328125,0.5991923912884034,0.2272798208627413,1.7648499220745115,-0.5550249833399742,-0.1544001004076302,1171.8278768470186,22.237171851380083,1.0,105.0,42,62,92,118.0,MUKERIAN
28182,Kharal (319),GURDASPUR,32.0360374,75.39083,28182,1896.026867116065,1896.034423828125,0.6007057733169903,0.2289827040157364,1.7328976870446595,-0.563366177928082,-0.1530707542838595,1098.068917076816,21.98574548872073,1.0,159.0,160,152,220,172.0,GURDASPUR
27843,Nijabatpur (272),GURDASPUR,32.0360374,75.41209,27843,1894.9264406406628,1896.02978515625,0.5799429535566566,0.2169650909695857,1.6636602831537428,-0.5459737386782588,-0.1381565366625766,1098.068917076816,21.98574548872073,1.0,74.0,0,0,1,78.0,DINANAGAR
27914,Behlolpur (186),GURDASPUR,32.10811,75.30138,27914,1896.055796115932,1896.028076171875,0.5641018658661031,0.241570836601879,1.5562303663331132,-0.5366723836779264,-0.1523934518637162,1098.068917076816,21.98574548872073,1.0,330.0,96,85,190,124.0,DORANGLA
27713,Kanshi Barwan (38),PATHANKOT,32.27027,75.4143448,27713,1896.922195288584,1896.02734375,0.434730345939363,0.0509060582387007,1.0455248222371036,-0.4685606170008193,0.0163739034453511,990.2394230941989,21.67191443567455,1.0,145.0,55,12,123,94.0,NAROT JAIMAL SINGH
27735,Koshalian (118),PATHANKOT,32.216217,75.53985,27735,1896.3245093645187,1896.02587890625,0.5975633259093138,0.1729904544011754,1.7513597927907405,-0.5570954891259822,-0.113511709166221,1075.4182877948183,22.03002051327053,1.0,44.0,0,1,1,156.0,NAROT JAIMAL SINGH
27938,Islampur (55),GURDASPUR,32.10811,75.32265,27938,1896.2758541288013,1896.0245361328125,0.59821770009697,0.2370247066847439,1.7839744658415984,-0.5501309936292317,-0.1592081002040166,1129.259580652942,21.94887067172812,1.0,55.0,230,110,128,88.0,DORANGLA
27919,Lodha (181),GURDASPUR,32.10811,75.30138,27919,1896.4312366816469,1896.0074462890625,0.5697278825879113,0.2291491672204043,1.646322318781371,-0.5373983933889903,-0.1456584997853081,1114.1968220427525,21.966678451476724,1.0,13.0,2,2,8,15.0,DORANGLA
31118,Zahidpur (289),HOSHIARPUR,31.9639645,75.6714,31118,1897.124190924828,1896.0052490234375,0.5561063116876441,0.1743010056594424,1.6938994366638538,-0.5281459108069296,-0.1075620328586381,1207.869449537029,22.3307768832658,1.0,81.0,40,40,160,100.0,HAJIPUR
27833,Miani Malahan (44),GURDASPUR,32.05776,75.40644,27833,1895.7940035619235,1896.0048828125,0.6601386080350663,0.2545245942259681,2.1395147027134285,-0.5853520516986687,-0.193871966048003,1129.259580652942,21.94887067172812,1.0,47.0,5,5,13,109.0,KAHNUWAN
31160,Salehrian Kalan (313),HOSHIARPUR,31.8918915,75.73944,31160,1896.1156183485168,1896.0040283203125,0.5711743347922772,0.1880747686131365,1.6751890141799248,-0.5319040275180833,-0.118874125635562,1171.8278768470186,22.237171851380083,1.0,175.0,170,200,255,189.0,MUKERIAN
38406,Dhanera (325),RUPNAGAR,31.2432442,76.49996,38406,1896.9424985388969,1896.0037841796875,0.6389038772273955,0.1698533282928779,1.7233855080760645,-0.615345460041199,-0.1135674666367567,832.7802112366709,21.396020025242244,0.990785852164463,13.6,15,15,20,84.0,ANANDPUR SAHIB
27708,Fatto Chak (29),PATHANKOT,32.25225,75.52721,27708,1896.172424129392,1896.0010986328125,0.533865799532425,0.1543501216166248,1.4695779783761007,-0.5100757262524632,-0.0847753124508219,989.6025898864168,21.66923708322446,1.0,94.0,55,55,99,129.0,NAROT JAIMAL SINGH
38358,Bikapur (297),RUPNAGAR,31.2432442,76.45782,38358,1894.686603647146,1896.0006103515625,0.5818532201677039,0.1436630315164245,1.6424631261732778,-0.5550038942207971,-0.0881031312237883,842.5593766381638,21.29262687155017,0.739207190493743,80.0,0,161,161,166.0,ANANDPUR SAHIB
38397,Sahota (320),RUPNAGAR,31.2432442,76.47889,38397,1895.7343653729424,1895.9974365234375,0.5109805294523728,0.1139737312729308,1.2762064889249969,-0.5168736365619658,-0.0487355505663616,817.4521270205872,21.85415734445013,0.4535920439136108,200.0,110,110,125,144.0,ANANDPUR SAHIB
31462,Bassi Maruf Siala (381),HOSHIARPUR,31.59955,75.89508,31462,1895.782738517224,1895.996337890625,0.4139310356730631,0.0478396483912616,1.1268998852343453,-0.4316713291453755,0.0107018019717684,935.5591627766984,22.469599437629142,0.7772615042156265,175.0,30,30,160,262.0,HOSHIARPUR-I
27754,Jogar (140),PATHANKOT,32.216217,75.5185547,27754,1895.1839682864984,1895.9957275390625,0.5472960946766283,0.1799714705182352,1.514767052553418,-0.5237707274234413,-0.1044764741182498,1075.4182877948183,22.03002051327053,1.0,56.0,0,45,91,69.0,NAROT JAIMAL SINGH
31490,Mochpur (339),HOSHIARPUR,31.5135136,75.91723,31490,1898.0271081552269,1895.9957275390625,0.4913090978758102,0.0969651148912598,1.2975931997190424,-0.4957724821701242,-0.0301121695744362,1029.7934654166595,21.975286113537663,1.0,34.0,12,40,99,41.0,HOSHIARPUR-II
31230,Jharing (393),HOSHIARPUR,32.0,75.61614,31230,1890.950370463387,1895.994140625,0.6106114634227295,0.2028597668397067,1.802164010536059,-0.5674649822163947,-0.1377935217634893,1121.1506816556353,22.09689591121986,1.0,142.0,26,49,61,158.0,MUKERIAN
28175,Barnala (247),GURDASPUR,31.9639645,75.3103561,28175,1898.044911485812,1895.9892578125,0.5944383638085236,0.2179759943212497,1.7006722557845844,-0.559822548731636,-0.1427715459170768,1098.068917076816,21.98574548872073,1.0,93.0,133,135,238,117.0,GURDASPUR
38391,Lang Majri (310),RUPNAGAR,31.2252254,76.50645,38391,1895.5614786021224,1895.987060546875,0.4412868494852984,0.0635696065694436,1.076390320024371,-0.4689712737117263,0.0054240037850424,842.5593766381638,21.29262687155017,1.0,34.0,0,30,121,53.0,ANANDPUR SAHIB
31142,Kale Bagh (254),HOSHIARPUR,31.9459457,75.8476639,31142,1899.45412803307,1895.97607421875,0.6176540278916504,0.2172812141200423,1.993807332941302,-0.556494119173129,-0.1537016317910254,1181.037439211462,22.145901373150128,1.0,72.0,28,36,87,78.0,MUKERIAN
38490,Abiana Khurd (432),RUPNAGAR,31.0990982,76.55196,38490,1895.7815049734768,1895.974365234375,0.4942649390343991,0.1008358603853588,1.1731806003132754,-0.5121317690742967,-0.0266745477841161,793.742839265282,22.113427505081145,1.0,225.0,52,55,307,234.0,NURPUR BEDI
31009,Bija Bhatoli (175),HOSHIARPUR,31.8378372,75.71625,31009,1893.960738864879,1895.974365234375,0.5223708208395049,0.1314615368400157,1.5624875311244175,-0.5141319033512771,-0.0714039185812429,1208.94390602928,22.058044265538065,1.0,40.0,5,0,11,56.0,DASUYA
31217,Hiyatpur (401),HOSHIARPUR,32.0,75.61614,31217,1893.2940187094773,1895.9722900390625,0.6176434342152884,0.2315277956678771,1.8574730879674568,-0.5728027120140552,-0.1608784664939686,1176.3007872806982,22.248790456770188,1.0,116.0,100,190,236,163.0,MUKERIAN
31178,Manjpur (317),HOSHIARPUR,32.0235863,75.65691,31178,1895.3411277300693,1895.9713134765625,0.5534565172806344,0.1784813317461957,1.6138004344179129,-0.5235847371739073,-0.1113366509630047,1171.8278768470186,22.237171851380083,1.0,300.0,200,200,401,136.0,MUKERIAN
27900,Daliya (309),GURDASPUR,32.0540543,75.42693,27900,1895.5323618851085,1895.9703369140625,0.5958300273252124,0.2252190061021715,1.6815173100423313,-0.5601541275573516,-0.1466729797443078,1098.068917076816,21.98574548872073,0.9631460132256592,64.0,20,30,63,70.0,DINANAGAR
38359,Sajmour (298),RUPNAGAR,31.2252254,76.50645,38359,1895.183748087268,1895.968994140625,0.4735273411499653,0.06973492360751,1.1891601546989463,-0.4936807368105385,-0.0080743417446355,842.5593766381638,21.29262687155017,1.0,92.0,0,140,252,116.0,ANANDPUR SAHIB
31158,Hoshiarpur Kalota (425),HOSHIARPUR,32.0,75.61614,31158,1896.703708748684,1895.96875,0.6244490282079581,0.2232566768406572,1.8918589492995248,-0.5717076451698211,-0.1550134416298628,1171.8278768470186,22.237171851380083,1.0,181.0,157,200,257,214.0,MUKERIAN
31176,Plaki (315),HOSHIARPUR,31.9459457,75.6141,31176,1895.71078267303,1895.9677734375,0.6031750599137221,0.2167146246081482,1.7935899569058376,-0.5583122574646591,-0.1459235681615634,1171.8278768470186,22.237171851380083,1.0,8.0,92,100,202,219.0,MUKERIAN
31471,Thathal (368),HOSHIARPUR,31.54955,75.90424,31471,1894.149433745032,1895.9661865234375,0.4362258515302705,0.0246258582840785,1.0923043850805516,-0.4620835076207459,0.0333569416853103,1090.1734474112886,21.98667078098537,0.94193607978724,43.3198,0,0,130,186.0,HOSHIARPUR-I
31117,Begpur Kamloh (292),HOSHIARPUR,31.9639645,75.6714,31117,1897.023056632376,1895.9617919921875,0.5753782719920513,0.183654564641243,1.7590916787090092,-0.542250934657282,-0.1182332969407595,1207.869449537029,22.3307768832658,1.0,119.0,71,71,156,141.0,HAJIPUR
38631,Chhoti Makori (340),RUPNAGAR,31.0810814,76.55849,38631,1894.627385242064,1895.9610595703125,0.5357082594280219,0.1109552348131191,1.3714273480624517,-0.5404253218319761,-0.0435531155167889,819.4475713183778,22.333564912274483,0.9740343756777112,60.0,10,10,100,194.0,RUPNAGAR
38417,Badhal (369),RUPNAGAR,31.2432442,76.47889,38417,1894.2487771158287,1895.9603271484375,0.601563320987075,0.1743619013515723,1.5580651705297952,-0.5658139889160735,-0.1142871241120613,817.4201847589267,21.84956613879756,1.0,200.0,91,90,100,291.0,ANANDPUR SAHIB
27736,Chak Koshalian (57),PATHANKOT,32.216217,75.5185547,27736,1895.771648209213,1895.9464111328125,0.5488315837830768,0.1077868901116889,1.5371666268071522,-0.5359765382369852,-0.0551081567888683,1075.4182877948183,22.03002051327053,0.9941737539937102,2.0,1,0,2,43.0,NAROT JAIMAL SINGH
31173,Jahanpur (420),HOSHIARPUR,31.6727848,75.64972,31173,1894.821276653783,1895.9444580078125,0.5913311382660379,0.2039150877192588,1.760181919056833,-0.5512123768362951,-0.1363602358063846,1171.8278768470186,22.237171851380083,1.0,127.0,50,70,298,156.0,MUKERIAN
31841,Kothi (335),HOSHIARPUR,31.3222122,75.9766846,31841,1895.7284681355004,1895.9334716796875,0.7268901429035252,0.2209527952995002,2.1615197534097192,-0.6410336489865246,-0.1744351968802395,951.2888136317628,21.84905820779653,0.0150366752541346,28.0,20,40,79,625.0,MAHILPUR
28213,Dharo Chak (328),GURDASPUR,32.0360374,75.39083,28213,1896.9048541916493,1895.9278564453125,0.5788918106664759,0.2175729822342873,1.6859132842507183,-0.5520192137196082,-0.1383523084187928,1098.068917076816,21.98574548872073,1.0,72.0,50,85,167,80.0,GURDASPUR
27649,Khiyala (151),PATHANKOT,32.25225,75.52721,27649,1894.285212440669,1895.9207763671875,0.595613712040452,0.2175527755069901,1.6330646191162508,-0.5589698923704305,-0.1387266377616428,1067.3892453238673,21.965248396273253,1.0,40.0,3,35,45,263.0,NAROT JAIMAL SINGH
38395,Banni (313),RUPNAGAR,31.2432442,76.49996,38395,1893.9826173062656,1895.920654296875,0.5487164723340762,0.1318991964310097,1.2656672049976272,-0.5134094367394132,-0.0824736811884125,842.5173951600988,21.29356579873762,0.74902793704117,97.0,0,50,153,154.0,ANANDPUR SAHIB
27681,Mastpur (20),PATHANKOT,32.3243256,75.3527145,27681,1894.8193782935923,1895.9193115234375,0.6371619081430545,0.2591933366159685,1.7367111339537804,-0.5868324076939109,-0.1809095576580411,989.6025898864168,21.66923708322446,1.0,100.0,52,25,132,108.0,NAROT JAIMAL SINGH
31168,Salhowal (412),HOSHIARPUR,32.0,75.61614,31168,1894.2827096855697,1895.9190673828125,0.5948868108601074,0.2012494493770194,1.7120445811727985,-0.5532597636320947,-0.1325474182558262,1146.814554373546,22.224208932690114,1.0,111.0,120,100,131,123.0,MUKERIAN
27591,Mari (162),PATHANKOT,31.6396389,75.44859,27591,1895.904401621616,1895.9176025390625,0.4794900511888539,0.1062608188114105,1.2512750192954492,-0.4885766917839027,-0.0380593286702238,1065.972219583963,21.947153986107843,1.0,160.0,23,26,120,119.0,GHAROTA
27823,Lalu Chak (22),GURDASPUR,30.9189186,75.9033356,27823,1895.9477843259044,1895.916748046875,0.6806563147296746,0.2537982763541557,2.218427755544216,-0.5958691793861243,-0.1953205913639121,1110.4655656030077,22.012461494917147,0.0,48.0,50,35,55,50.0,DORANGLA
27664,Gidri (110),PATHANKOT,32.27027,75.49958,27664,1895.637780715816,1895.9119873046875,0.6094764916027409,0.2021576758152042,1.791560717380525,-0.5614088456356905,-0.1379550423423751,1075.4182877948183,22.03002051327053,0.9227641402097424,2.0,0,1,4,83.0,NAROT JAIMAL SINGH
31112,Sabar (363),HOSHIARPUR,30.7114658,76.72305,31112,1896.4032281988257,1895.911865234375,0.5227412906859835,0.117570009787943,1.4170299040730454,-0.5223934877299138,-0.0543409977568248,1208.042153709276,22.32914163179402,1.0,18.0,170,170,249,200.0,HAJIPUR
28176,Gidar Windi (248),GURDASPUR,32.035183,75.39683,28176,1896.634458533823,1895.906494140625,0.5815514778522018,0.2175294118432992,1.643966932256268,-0.5526540996021013,-0.1387234150000434,1098.068917076816,21.98574548872073,1.0,63.0,120,100,152,72.0,GURDASPUR
31269,Chikarial (381),HOSHIARPUR,31.976347,75.7510757,31269,1896.3511977721992,1895.9063720703125,0.5882381851172461,0.2145907907853953,1.6789764975118342,-0.5575337207291517,-0.1393218359483009,1223.9943983962437,22.189141458361576,1.0,37.0,92,50,52,42.0,HAJIPUR
27839,Sultani (266),GURDASPUR,32.0360374,75.41209,27839,1895.8794671225403,1895.899169921875,0.599464819319595,0.2529063525415268,1.684396738496498,-0.5580204911973881,-0.1683523593586012,1098.068917076816,21.98574548872073,1.0,5.5,70,69,413,236.0,DORANGLA
27933,Chak Khagar (62),GURDASPUR,32.10811,75.30138,27933,1895.8608509309083,1895.8887939453125,0.6203470611902584,0.2324699828929327,1.898300082432307,-0.569968982684579,-0.165223891692118,1129.259580652942,21.94887067172812,0.8867688392660693,38.0,0,0,1,46.0,DORANGLA
31115,Daggan (290),HOSHIARPUR,31.9087257,75.68526,31115,1895.298462689652,1895.8851318359375,0.591608705964932,0.2215770435223227,1.786137088652325,-0.5522372696054877,-0.1491910071708461,1225.6526829728275,22.141720983418907,1.0,262.0,80,80,422,353.0,HAJIPUR
27712,Adam Barwan (39),PATHANKOT,32.3063049,75.35905,27712,1895.932617967439,1895.880615234375,0.52224254896595,0.1421061229145883,1.3341515557483512,-0.5163989627859978,-0.0654501216971683,989.6025898864168,21.66923708322446,1.0,145.0,52,25,120,163.0,NAROT JAIMAL SINGH
31477,Bassi Purani (363),HOSHIARPUR,31.54955,75.9888153,31477,1895.7188912324184,1895.8802490234375,0.4827566819307143,0.0822322274004793,1.2934495399945036,-0.4852747831489294,-0.0258078493202203,1029.7934654166595,21.975286113537663,0.575796202847448,80.0,15,17,200,233.0,HOSHIARPUR-I
31155,Talwandi Kalan (270),HOSHIARPUR,31.9459457,75.6141,31155,1898.5838418818144,1895.8792724609375,0.6055261451628535,0.1997324724243708,1.856192714151932,-0.5581124161252934,-0.1358030390129921,1171.8278768470186,22.237171851380083,1.0,242.0,170,180,203,187.0,MUKERIAN
31157,Chhanian Rai Ide Khan (314),HOSHIARPUR,32.0,75.61614,31157,1896.499520027823,1895.8790283203125,0.6076981508259847,0.2157496780842995,1.8408562036554013,-0.5562830644891218,-0.1475815324398665,1171.8278768470186,22.237171851380083,1.0,82.0,55,60,92,89.0,MUKERIAN
31149,Chhant (257),HOSHIARPUR,31.946949,75.61603,31149,1897.1421494610408,1895.87744140625,0.5980515158573472,0.2182889376904576,1.8186212847363672,-0.5577411272254125,-0.1471589980915951,1171.8278768470186,22.237171851380083,1.0,92.0,15,22,72,105.0,MUKERIAN
27847,Taruwal (277),GURDASPUR,32.0360374,75.41209,27847,1895.6549340827653,1895.867431640625,0.5798621209878244,0.2208376156470551,1.6037003908428982,-0.5457234115854114,-0.1385320530045684,1098.068917076816,21.98574548872073,1.0,16.0,30,0,40,18.0,DINANAGAR
38464,Bhauwal (422),RUPNAGAR,31.1711712,76.42063,38464,1893.6032616999005,1895.864013671875,0.5158735745568167,0.1679405851777568,1.2935018784551886,-0.5179056299422267,-0.0846776482279214,795.7834747177329,22.18695745161644,1.0,109.0,28,25,183,126.0,NURPUR BEDI
28177,Keshopur (249),GURDASPUR,32.04169,75.3021,28177,1895.3079756553816,1895.857666015625,0.6031364931529916,0.23196081417926,1.841713974940281,-0.5559822067767719,-0.1575353581413936,1098.068917076816,21.98574548872073,1.0,55.0,45,70,116,159.0,GURDASPUR
27646,Dholowal (154),PATHANKOT,31.6756763,74.88505,27646,1894.2959623894344,1895.856201171875,0.5093408981054723,0.1357483191513162,1.3791892408104582,-0.5004211814169586,-0.0643115637219639,1063.569212239017,21.93443131804776,1.0,50.0,50,50,165,212.0,GHAROTA
30974,Bangalipur (108),HOSHIARPUR,31.8378372,75.71625,30974,1895.342780062706,1895.84716796875,0.5753448445836171,0.1853002224279452,1.776794964425032,-0.541770553857472,-0.1199216584697873,1121.7783483674425,22.15049259431709,1.0,100.0,48,52,152,117.0,DASUYA
27701,Pindi Parolian (35),PATHANKOT,32.3063049,75.35905,27701,1894.4047677946985,1895.84228515625,0.4340464466171861,0.1254209644078715,1.063732274309363,-0.4599409166362084,-0.0340465703497503,989.6025898864168,21.66923708322446,1.0,60.0,5,2,15,131.0,BAMIAL
31110,Badhalian (360),HOSHIARPUR,31.97619,75.7509842,31110,1896.1031013421327,1895.8369140625,0.4623280951773155,0.055929854985198,1.134523312809053,-0.5031623200269594,0.0095500324877659,1231.718337249975,22.124441796995047,1.0,3.0,100,100,164,140.0,HAJIPUR
31456,Adamwal Gari (389),HOSHIARPUR,31.7025318,75.861,31456,1893.760310203644,1895.8316650390625,0.4879049960897477,0.0918081077036453,1.3250464660386394,-0.4935378962322886,-0.0333460005968784,932.959365720514,22.470529278418493,1.0,380.0,22,0,143,315.0,BHUNGA
27655,Begowal (147),PATHANKOT,32.216217,75.53985,27655,1893.440512371537,1895.8192138671875,0.533583583037733,0.1721806131636646,1.4596999308275649,-0.5146170518078051,-0.0966273395416967,1063.569212239017,21.93443131804776,1.0,33.0,150,155,505,54.0,NAROT JAIMAL SINGH
27723,Kolian (67),PATHANKOT,32.25225,75.52721,27723,1895.2944391941764,1895.81640625,0.5799662843240851,0.1815917650906366,1.677854416075408,-0.540577561400098,-0.1144035948873031,1075.4182877948183,22.03002051327053,1.0,56.0,0,30,110,62.0,NAROT JAIMAL SINGH
30830,Data (4),HOSHIARPUR,31.6936932,75.78898,30830,1897.4446717609803,1895.8096923828125,0.520396541542387,0.1272559622999613,1.510500027702448,-0.5165792750136518,-0.0631911211516425,1121.7783483674425,22.15049259431709,1.0,3.0,25,23,66,69.0,BHUNGA
31189,Bhalowal (364),HOSHIARPUR,31.9639645,75.6714,31189,1895.9257840223504,1895.80859375,0.5380604442975647,0.1327066898398456,1.6058614464601817,-0.5284666468133885,-0.0695003884168061,1207.869449537029,22.3307768832658,1.0,93.0,120,120,194,137.0,HAJIPUR
31259,Ajmer (384),HOSHIARPUR,31.9763641,75.75112,31259,1895.9635582465096,1895.80126953125,0.632725598796833,0.2469067947172545,1.790520135337293,-0.5894150305439881,-0.1715478977487485,1223.9943983962437,22.189141458361576,1.0,137.0,199,200,260,163.0,HAJIPUR
38958,Gochar (328),S.A.S Nagar,30.9729729,76.51368,38958,1895.653115033166,1895.779052734375,0.5585279714605659,0.1077937643114831,1.5481155879513184,-0.5367235049905269,-0.0498068899476064,824.157828371753,22.03374054833552,0.4855083105118671,95.0,38,40,91,420.0,MAJRI
27662,Chak Sahu (64),PATHANKOT,32.25225,75.52721,27662,1893.912127231623,1895.77685546875,0.689814509890764,0.2623073540041642,2.1751427781586976,-0.6080997087268204,-0.2032055091468421,1071.105738899374,21.995230197660348,1.0,10.0,5,0,14,56.0,NAROT JAIMAL SINGH
30886,Talwandi Jattan (46),HOSHIARPUR,31.6936932,75.78898,30886,1892.661560024952,1895.77587890625,0.521792680848948,0.1323822210521656,1.4685440467443929,-0.5176747274206746,-0.0686661244408009,987.988719623317,22.217897946298365,1.0,2.06,40,55,192,169.0,BHUNGA
38461,Lahrian (419),RUPNAGAR,31.1711712,76.42063,38461,1894.0664895557773,1895.7706298828125,0.5026217806934903,0.1394836438229399,1.1782210452208164,-0.5219247228933288,-0.053219967532871,800.6207547384784,22.3612585208621,1.0,99.0,25,25,156,121.0,NURPUR BEDI
31209,Ferozepur (333),HOSHIARPUR,32.0,75.61614,31209,1894.5407382242813,1895.7652587890625,0.612384871409129,0.224493137436845,1.8397122117543048,-0.5684357229218391,-0.1538570061539266,1187.6964123269297,22.2783846692102,1.0,157.0,45,90,110,174.0,MUKERIAN
31369,Kahlwan (426),HOSHIARPUR,31.7116833,75.88064,31369,1893.848137420704,1895.7650146484375,0.500616034799159,0.1167053175720349,1.3202037844455192,-0.5127725309216459,-0.0536223510942719,1037.2075002443137,21.987853716586383,0.9317406659536316,48.0,12,0,125,256.0,BHUNGA
38393,Sadhewal (312),RUPNAGAR,31.2252254,76.50645,38393,1894.940795296631,1895.7618408203125,0.5695755953099595,0.1222938757340095,1.476618034689022,-0.562905048081984,-0.0625000385275711,842.5593766381638,21.29262687155017,0.9332288588322902,65.0,0,50,212,100.0,ANANDPUR SAHIB
27829,Chauntra (52),GURDASPUR,32.0565948,75.38657,27829,1897.058455549139,1895.7598876953125,0.6399819871082513,0.2255036655221179,2.023436143446755,-0.5788852698198897,-0.1658072156102406,1129.259580652942,21.94887067172812,0.9995244465085752,2.47,30,40,65,135.0,DORANGLA
31597,Ludd (84),HOSHIARPUR,31.5201187,75.76135,31597,1896.7082862605428,1895.756591796875,0.4933605999281729,0.1135907421424809,1.3870290586362823,-0.4901056771785871,-0.047472567542133,846.6854783704179,22.501385909822545,1.0,108.0,50,0,128,121.0,BHUNGA
31584,Ghasipur (385),HOSHIARPUR,31.6084766,75.86645,31584,1895.6920442003727,1895.7530517578125,0.4129442875297383,0.0557034096137184,1.183012731486611,-0.4249919302103032,0.0020190261556074,935.5591627766984,22.469599437629142,0.9979944630083688,45.94,20,33,103,106.0,HOSHIARPUR-I
31463,Bhagowal (379),HOSHIARPUR,31.5855846,75.89128,31463,1895.130980363176,1895.7508544921875,0.4239580953102167,0.0587531548868424,1.1573569437585391,-0.4395952873660685,-0.0013023081304594,935.5591627766984,22.469599437629142,0.9235919949522958,48.9878,10,10,125,178.0,HOSHIARPUR-I
30899,Pandori Atwalan (440),HOSHIARPUR,31.6961231,75.78239,30899,1893.3123495795444,1895.7476806640625,0.5628243117348283,0.1488285757772169,1.5541003589022706,-0.5522414856530226,-0.0864679508738104,998.0896567129496,22.190188093319748,1.0,375.9,88,0,181,563.0,BHUNGA
27691,Palah (1),PATHANKOT,32.3173866,75.35306,27691,1895.0935344532068,1895.746826171875,0.6007055038461604,0.2347772946158746,1.5740655219307438,-0.5783390513961391,-0.1509672027692343,998.9514893647384,21.67249692678507,1.0,161.0,52,23,109,175.0,BAMIAL
31234,Jhareriana (390),HOSHIARPUR,32.0,75.61614,31234,1890.8867740750736,1895.7464599609375,0.6399028501125509,0.2556560956633873,1.809722121239389,-0.5979026409287799,-0.1784191927498422,1173.3982362752151,22.2378078402066,1.0,101.0,150,145,162,112.0,MUKERIAN
31190,Sandhwal (356),HOSHIARPUR,31.9586525,75.66817,31190,1896.879250704864,1895.74560546875,0.5036092802239519,0.092681828437177,1.354095510231587,-0.5135314945665894,-0.0314702849429827,1208.045138000407,22.329233702548112,0.997782197898964,30.0,150,180,275,810.0,HAJIPUR
31044,Dhirowal (232),HOSHIARPUR,31.9085655,75.68531,31044,1894.671855638571,1895.7437744140625,0.6071283305372749,0.226933261267748,1.8830151976674927,-0.5595390488489945,-0.1564397325538601,1236.247518937816,22.029085885063463,1.0,116.0,50,48,76,125.0,HAJIPUR
31493,Bahadarpur Bahian (342),HOSHIARPUR,31.5135136,75.91723,31493,1896.0294613886365,1895.7398681640625,0.5286540634587258,0.0980658777443139,1.3818721736862565,-0.5246107589132342,-0.0378202560084167,1029.7934654166595,21.975286113537663,1.0,14.0,0,80,150,20.0,HOSHIARPUR-II
30979,Chandidass (136),HOSHIARPUR,31.8378372,75.71625,30979,1895.8881072590543,1895.736083984375,0.544478564674129,0.1487923364124306,1.6161581584771063,-0.5271106567032945,-0.0841721960591747,1121.7783483674425,22.15049259431709,1.0,132.0,24,0,92,169.0,DASUYA
31232,Mehadpur (391),HOSHIARPUR,32.0,75.61614,31232,1889.342530081871,1895.735107421875,0.6216767671809912,0.2017931960120564,1.7626664474938891,-0.5811817764278693,-0.1383729374413921,1121.1506816556353,22.09689591121986,1.0,150.0,150,150,200,168.0,MUKERIAN
31186,Bariah (295),HOSHIARPUR,31.9639645,75.6714,31186,1896.1931276138548,1895.714599609375,0.5988359282537337,0.2257661928192887,1.756163254460049,-0.5652880107077378,-0.1487207851878882,1207.869449537029,22.3307768832658,1.0,149.0,30,30,130,169.0,HAJIPUR
31171,Gurdaspur (319),HOSHIARPUR,31.927927,75.59927,31171,1894.5941723575893,1895.70849609375,0.6058120920655453,0.2057201035293895,1.7825973344835104,-0.5611609258081478,-0.1381986828422072,1171.8278768470186,22.237171851380083,1.0,58.0,100,100,155,73.0,MUKERIAN
38394,Ganguwal (303),RUPNAGAR,31.2252254,76.50645,38394,1894.927296770415,1895.7064208984375,0.5260550688993877,0.118825234998441,1.4413003102763189,-0.4892836135317763,-0.0769022259102454,842.5593766381638,21.29262687155017,0.5122872266382077,84.0,0,40,182,220.0,ANANDPUR SAHIB
27679,Antore (26),PATHANKOT,32.28829,75.45064,27679,1895.5309108510444,1895.7017822265625,0.6341016573586512,0.2495725320198143,1.6903190078004915,-0.5844738806157816,-0.1689946126405062,989.6025898864168,21.66923708322446,1.0,73.0,111,111,245,116.0,NAROT JAIMAL SINGH
31170,Latifpur (320),HOSHIARPUR,31.9639645,75.60769,31170,1894.323807902699,1895.69921875,0.5596833888606776,0.1735073446011338,1.605379386362618,-0.5310288966649761,-0.1055310722638248,1171.8278768470186,22.237171851380083,1.0,200.0,42,42,125,87.0,MUKERIAN
27904,Niamta (255),GURDASPUR,32.0,75.40368,27904,1893.7590844365136,1895.6875,0.5757354223553836,0.2074919103701414,1.6065049241825438,-0.5435402639277134,-0.1284838091548819,1098.068917076816,21.98574548872073,1.0,55.0,24,24,104,61.0,DINANAGAR
27930,Admal (53),GURDASPUR,32.10811,75.32265,27930,1896.6689595768544,1895.6844482421875,0.6518319207625723,0.2495223982438039,2.064288257794715,-0.584973669827639,-0.1857994189717641,1129.259580652942,21.94887067172812,1.0,1.0,0,0,1,72.0,DORANGLA
31233,Pandori Musa (388),HOSHIARPUR,32.0,75.61614,31233,1889.9047537805773,1895.67822265625,0.5668402957206562,0.1891503188798081,1.5807838874357905,-0.5431289033826491,-0.1139790938304981,1169.3758714705225,22.226959501220165,1.0,50.0,28,25,35,50.0,MUKERIAN
31120,Kalo Chahang (287),HOSHIARPUR,31.9819813,75.7499847,31120,1897.013587645021,1895.6700439453125,0.6307492275829357,0.243608124497519,1.889957997274071,-0.5818223449346241,-0.1717795573625727,1215.2457326813126,22.252358644400942,1.0,126.0,170,170,205,132.0,HAJIPUR
31006,Saido Paji (635),HOSHIARPUR,31.8378372,75.71625,31006,1894.8239474641275,1895.662109375,0.5203771760184723,0.1451650310873077,1.518804250323046,-0.5113687631862124,-0.0790196340116144,1236.247518937816,22.029085885063463,1.0,6.0,1,0,1,19.0,DASUYA
31153,Man (267),HOSHIARPUR,32.0,75.61614,31153,1897.8976193430856,1895.661865234375,0.5980694698308816,0.1957149909197809,1.761402279396743,-0.5578090301935122,-0.1287772168643338,1171.8278768470186,22.237171851380083,1.0,150.0,140,130,151,168.0,MUKERIAN
38761,Harnampur (372),RUPNAGAR,30.9729729,76.53469,38761,1895.4981152757684,1895.6453857421875,0.5285723053981526,0.1362312729641132,1.3914764432633135,-0.5271797720841304,-0.0615125903979832,824.157828371753,22.03374054833552,0.9836304675768464,3.4,25,5,15,343.0,RUPNAGAR
31386,Chak Khelan (509),HOSHIARPUR,31.53602,75.7762451,31386,1895.398217955833,1895.642333984375,0.5295347596983981,0.1342585134993783,1.4819192090647275,-0.5148488826883234,-0.0724777944840139,987.988719623317,22.217897946298365,1.0,302.1,10,0,130,118.0,BHUNGA
31048,Kaulpur (189),HOSHIARPUR,31.9087257,75.68531,31048,1895.1477773570705,1895.631103515625,0.587996936136866,0.2258409186957621,1.7858677807556806,-0.5519143242629078,-0.1519983324228,1236.247518937816,22.029085885063463,1.0,140.0,30,30,150,156.0,HAJIPUR
38763,Nehon (CT),RUPNAGAR,31.0810814,76.55849,38763,1894.1883268563256,1895.6229248046875,0.502437860516433,0.0928888211674908,1.7973844928235698,-0.4639071788277945,-0.0609101904145646,819.4475713183778,22.333564912274483,0.000125115504115,28.0,10,30,320,0.0,RUPNAGAR
31236,Hardo Khondpur (389),HOSHIARPUR,32.0,75.61614,31236,1892.1428015170047,1895.616943359375,0.6258038074401797,0.2298385245890465,1.8231665721083832,-0.5845261729474681,-0.1584508395684766,1207.869449537029,22.3307768832658,1.0,253.0,150,200,320,282.0,MUKERIAN
27694,Kotli Jawahar (4),PATHANKOT,32.2908936,75.37794,27694,1896.354994168403,1895.6153564453125,0.5746629728000555,0.2164112840593867,1.4168061132208447,-0.5616606154885029,-0.1266261494563934,1001.203483691997,21.673282168857845,1.0,103.0,38,4,115,136.0,BAMIAL
30988,Mirpur (155),HOSHIARPUR,31.8378372,75.73746,30988,1895.2632876635296,1895.6129150390625,0.5248222224377135,0.1384304143758883,1.5756297394615804,-0.5111437108170054,-0.0750690462394836,1159.4055789546494,22.11058492117496,1.0,136.0,12,0,320,136.0,DASUYA
31051,Jhigla Pind (191),HOSHIARPUR,31.9585838,75.66824,31051,1896.4939698478915,1895.607666015625,0.5978765526123467,0.2101423787728699,1.920517579770004,-0.5480460494907322,-0.1466808975330296,1236.247518937816,22.029085885063463,1.0,61.0,51,51,71,75.0,HAJIPUR
27903,Lodha Veran (254),GURDASPUR,32.1261253,75.46517,27903,1894.2917727485687,1895.6053466796875,0.5899379657461818,0.2197570756567617,1.6901147621685988,-0.5506253216045165,-0.1442073973241895,1098.068917076816,21.98574548872073,1.0,37.0,0,0,50,39.0,DINANAGAR
31448,Tejpur Kalan (75),HOSHIARPUR,31.5203285,75.76257,31448,1893.790794547704,1895.59814453125,0.472238245992774,0.100870827744471,1.3138252351320228,-0.4791960447398709,-0.0360164959068423,846.6854783704179,22.501385909822545,1.0,16.18,50,0,120,305.0,BHUNGA
27838,Rasulpur (40),GURDASPUR,32.1261253,75.33752,27838,1896.7404307397449,1895.595947265625,0.5535408786415469,0.1630373567272529,1.5572484383295788,-0.5263623946009042,-0.0945444494239211,1103.6085331434342,21.979196338903925,1.0,7.0,0,3,5,9.0,DORANGLA
38362,Basowal (302),RUPNAGAR,31.2252254,76.50645,38362,1894.2528133211367,1895.5909423828125,0.5089444028671724,0.0778143637009062,1.2489917245884945,-0.5233385856395879,-0.0154669830529623,842.5593766381638,21.29262687155017,1.0,91.0,0,0,252,146.0,ANANDPUR SAHIB
31119,Patial (288),HOSHIARPUR,31.9639645,75.6714,31119,1897.570666884103,1895.5845947265625,0.6304140663101249,0.2317817008412769,1.9504340627242776,-0.5764414489087678,-0.1647754762853974,1207.869449537029,22.3307768832658,1.0,61.0,80,80,128,74.0,HAJIPUR
38496,Tibba Tapprian (520),RUPNAGAR,31.1531525,76.5324249,38496,1894.015747805385,1895.581787109375,0.4501447079878035,0.1638882579465178,1.3373427638415798,-0.428942089158646,-0.0860663022170441,804.3066907355219,22.416090841293684,0.8887507552020011,300.0,300,200,400,649.0,NURPUR BEDI
30980,Kallowal (158),HOSHIARPUR,31.8378372,75.73746,30980,1894.755766040041,1895.5743408203125,0.5468519535324284,0.172124696172315,1.6302331459560329,-0.5288198896400783,-0.1038503424338117,1121.7783483674425,22.15049259431709,1.0,202.0,23,0,180,224.0,DASUYA
38653,Mansali (343),RUPNAGAR,31.0810814,76.55849,38653,1893.190033096616,1895.5628662109375,0.5789278633067574,0.1315167799654207,1.5518474352399487,-0.5593516079934996,-0.0693868079747316,819.4475713183778,22.333564912274483,0.6537678652943999,110.0,20,60,123,497.0,RUPNAGAR
31184,Singo Katrala (282),HOSHIARPUR,31.9819813,75.6225357,31184,1895.580451695453,1895.55322265625,0.6200407412112358,0.2335075254740841,1.850892779382212,-0.5758705112077944,-0.1622359136110465,1197.8677639521509,22.30480109951916,1.0,200.0,190,200,250,129.0,MUKERIAN
31837,Bachhohi (331),HOSHIARPUR,31.4070034,76.03585,31837,1897.47379106942,1895.54931640625,0.6588870936528202,0.2045013455753973,1.9209268611607808,-0.61424986121466,-0.1500967359454777,1102.3466117779335,21.902755354122515,0.3529859412542271,379.0,172,123,328,3312.0,MAHILPUR
31241,Liddar (304),HOSHIARPUR,31.9947872,75.66113,31241,1894.3914344398024,1895.54638671875,0.5619072176644735,0.1743617304506419,1.6235047920662091,-0.5378765102683836,-0.108189290795966,1207.869449537029,22.3307768832658,1.0,42.0,15,15,34,49.0,HAJIPUR
28196,Chechian Chhaurian (700),GURDASPUR,32.144146,75.4588,28196,1893.9169732175465,1895.5462646484375,0.5663676078401484,0.1924700226393149,1.689575082467405,-0.5170424501705057,-0.1193507497493968,1119.1918498765729,22.195785595248548,1.0,393.0,70,35,225,565.0,DINANAGAR
31016,Gag Jallo (627),HOSHIARPUR,31.81982,75.8074951,31016,1893.1529814353,1895.5428466796875,0.5193612232488658,0.1487370714532674,1.4322130570614515,-0.5198029384571071,-0.0737951301339893,1236.247518937816,22.029085885063463,1.0,72.0,60,10,160,168.0,DASUYA
27846,Bathanwala (278),GURDASPUR,32.0838432,75.41798,27846,1895.5592139396576,1895.50390625,0.5563305895352046,0.202401424557462,1.5569202376792808,-0.5316817010244386,-0.1223678305899894,1098.068917076816,21.98574548872073,1.0,2.0,0,60,190,133.0,DINANAGAR
27521,Nalunga (289),PATHANKOT,32.144146,75.65032,27521,1893.9687359575528,1895.49365234375,0.5808080283453324,0.202340739076106,1.5663563717594629,-0.5482577093950044,-0.1302204901064008,1117.235490958919,22.20887986177746,1.0,1.7,600,125,245,185.0,PATHANKOT
27692,Dhalatar (2),PATHANKOT,32.3145752,75.44959,27692,1896.4628701747888,1895.4859619140625,0.5911362698381097,0.2292644787427366,1.5166880229605428,-0.5751455414864433,-0.1421723128443378,1010.7962754659468,21.67662705459132,1.0,50.0,3,2,5,28.0,BAMIAL
31172,Har Chand (318),HOSHIARPUR,31.90991,75.73305,31172,1895.0772413294603,1895.482421875,0.6138147569161313,0.2318589614502718,1.773811109275167,-0.5712139234220457,-0.1556502581829247,1171.8278768470186,22.237171851380083,1.0,101.0,50,50,59,55.0,MUKERIAN
31289,Rauli (597),HOSHIARPUR,31.9459457,75.8052,31289,1895.2386017609228,1895.47802734375,0.6233954772384412,0.1648020015150582,1.7616425596317509,-0.5833556446434893,-0.1103206502612109,1249.316308076351,22.07726033593144,0.8455353893476625,70.0,36,90,220,102.0,TALWARA
27911,Shamsherpur (261),GURDASPUR,32.1261253,75.33752,27911,1894.584070581432,1895.4716796875,0.5664106903404232,0.2868485976128165,1.4777137364668536,-0.5175381345545531,-0.1848845026628753,1098.068917076816,21.98574548872073,1.0,95.0,47,50,71,88.0,DORANGLA
38460,Asalatpur (418),RUPNAGAR,31.1711712,76.42063,38460,1894.745113394951,1895.46728515625,0.5136165008190685,0.118210149239778,1.275224428840256,-0.5261741435170795,-0.04588327223409,804.882802570148,22.321773906709144,1.0,51.0,56,25,134,61.0,NURPUR BEDI
27906,Theh Mundian (257),GURDASPUR,32.08392,75.41807,27906,1894.0731501302128,1895.4617919921875,0.5958673871680991,0.2290807214832219,1.588798547873835,-0.5640356366553778,-0.1449917018954309,1098.068917076816,21.98574548872073,1.0,38.0,0,2,2,41.0,DINANAGAR
31000,Gag Sultan (182),HOSHIARPUR,31.8738747,75.74585,31000,1896.6272111529383,1895.46142578125,0.4902278572979736,0.125379087948381,1.3729918793446143,-0.4955262563738718,-0.0554042007382199,1236.247518937816,22.029085885063463,1.0,100.0,12,0,148,139.0,DASUYA
27802,Bala Pindi (280),GURDASPUR,32.0540543,75.42693,27802,1894.9256604987863,1895.4599609375,0.5924995285780564,0.2260002404790468,1.666418606276041,-0.5562818338791389,-0.1460456784014611,1075.4182877948183,22.03002051327053,1.0,201.0,90,5,350,219.0,DINANAGAR
27588,Shahidpur (166),PATHANKOT,32.3243256,75.60858,27588,1893.6657549688305,1895.45703125,0.5575241449754609,0.1830504383449705,2.078661421221128,-0.5308377334573884,-0.1097527916359397,1063.569212239017,21.93443131804776,1.0,111.0,25,25,54,126.0,PATHANKOT
31223,Pandori (399),HOSHIARPUR,31.90991,75.73305,31223,1891.705343593956,1895.4544677734375,0.5744427630286321,0.182020830987271,1.6682094611562237,-0.5410334509911914,-0.1131067154290493,1118.4349242425724,22.17457316053788,1.0,80.0,50,70,104,115.0,MUKERIAN
27705,Ratarwan (32),PATHANKOT,32.3063049,75.35905,27705,1895.2504059225928,1895.452880859375,0.5622929014535467,0.189100704399949,1.5505884357494062,-0.532806635908938,-0.1154618181410157,989.6025898864168,21.66923708322446,1.0,120.0,22,23,142,142.0,NAROT JAIMAL SINGH
27844,Raipur (273),GURDASPUR,32.0360374,75.41209,27844,1894.586541522228,1895.4522705078125,0.5916038551980972,0.2340304010888384,1.6808588723056808,-0.5583249342479121,-0.1541488421844815,1098.068917076816,21.98574548872073,1.0,202.0,0,50,400,227.0,DINANAGAR
27845,Isapur (274),GURDASPUR,32.0841866,75.41816,27845,1894.9302557880508,1895.4483642578125,0.5951493935043122,0.2335542574565781,1.687430410592667,-0.5590520792244809,-0.1548481033574789,1098.068917076816,21.98574548872073,1.0,84.0,25,0,134,93.0,DINANAGAR
31202,Kajla (334),HOSHIARPUR,31.9459457,75.6141,31202,1894.7974376206344,1895.4439697265625,0.599896799234358,0.2100836601938355,1.7763673352570517,-0.5589690959606164,-0.1385776694775639,1171.8278768470186,22.237171851380083,1.0,50.0,30,40,40,54.0,MUKERIAN
31499,Bassi Bahian (352),HOSHIARPUR,31.5135136,75.91723,31499,1894.637336394847,1895.442626953125,0.4860063471460156,0.0702869133176192,1.362275106066007,-0.4915190817939018,-0.0140212955484635,1029.7934654166595,21.975286113537663,0.9278357089410576,16.59,22,20,52,46.0,HOSHIARPUR-II
27693,Bhopal Pur (3),PATHANKOT,32.2777252,75.65392,27693,1896.833612652341,1895.439208984375,0.5699676184547904,0.2119177078009062,1.455474879392208,-0.5516257966113826,-0.1249533463815849,1007.986856873807,21.67564744569424,1.0,95.0,16,5,25,65.0,BAMIAL
31515,Nasran (328),HOSHIARPUR,31.5135136,75.91723,31515,1897.109268874687,1895.438720703125,0.4905282177358198,0.1110590059559891,1.300492572898457,-0.5013583971497859,-0.0394968476557146,1029.7934654166595,21.975286113537663,1.0,56.0,0,20,45,65.0,HOSHIARPUR-II
31043,Ittian (229),HOSHIARPUR,31.9087772,75.68532,31043,1893.94900476076,1895.4320068359375,0.5609177143956806,0.1804049906811488,1.6280908808409766,-0.538537523216133,-0.1094881689516819,1236.247518937816,22.029085885063463,1.0,239.0,50,50,120,317.0,HAJIPUR
31395,Dallewal (411),HOSHIARPUR,31.5315323,75.9107361,31395,1892.6641865387685,1895.430908203125,0.5656017851988309,0.173585567576913,1.6359262261261187,-0.5441731676442463,-0.1079725023494058,987.988719623317,22.217897946298365,1.0,47.29,110,105,142,136.0,HOSHIARPUR-II
31238,Biggowal (342),HOSHIARPUR,31.958374,75.66815,31238,1893.684650421084,1895.4259033203125,0.5884562489729492,0.2110773735742333,1.7263699689984338,-0.5572368235486045,-0.1363095606021934,1207.869449537029,22.3307768832658,1.0,151.0,80,80,152,170.0,HAJIPUR
27707,Ram Kalwan (30),PATHANKOT,32.3063049,75.33773,27707,1895.815027316836,1895.4228515625,0.5551057328483813,0.1830661128444662,1.5376552570406723,-0.5284573907222317,-0.107155207202133,989.6025898864168,21.66923708322446,1.0,52.0,120,0,119,94.0,NAROT JAIMAL SINGH
27909,Passiyal (259),GURDASPUR,32.10811,75.30138,27909,1894.081742816856,1895.4176025390625,0.5986871120146923,0.2512625998958982,1.6928629043531205,-0.5601650371415373,-0.1690454141555344,1098.068917076816,21.98574548872073,1.0,53.0,30,45,80,62.0,DORANGLA
31208,Alo Bhatti (327),HOSHIARPUR,31.9468479,75.6160355,31208,1894.4578171098783,1895.416748046875,0.573796874804815,0.2159628360692964,1.6434164479325652,-0.5488986178622133,-0.1369176595402171,1171.8278768470186,22.237171851380083,1.0,73.0,60,60,112,81.0,MUKERIAN
31010,Rai Chak (172),HOSHIARPUR,31.8378372,75.73746,31010,1893.0502741245216,1895.4129638671875,0.4976093013619853,0.1101544332602272,1.399886227581628,-0.5012883138282753,-0.0465724579407075,1195.4819300161994,22.07232212043684,1.0,51.0,22,0,75,60.0,DASUYA
31595,Sherpur Pukhta (82),HOSHIARPUR,31.5203285,75.76257,31595,1895.9968659025928,1895.411376953125,0.5092819728387539,0.1211584170994042,1.424335932424709,-0.5020776864227063,-0.0564026551080667,846.6854783704179,22.501385909822545,1.0,36.4,20,0,205,214.0,BHUNGA
38452,Barwa (405),RUPNAGAR,31.1711712,76.42063,38452,1893.574972302993,1895.40478515625,0.4574015622861516,0.0807766545856469,1.0722282403643946,-0.4877959499399393,-0.0049093888573586,817.4149678013165,21.855539778840885,0.83798867989122,232.0,25,25,532,266.0,NURPUR BEDI
27515,Gurah Kalan (291),PATHANKOT,32.144146,75.65032,27515,1892.6433729978653,1895.4039306640625,0.5437395852891337,0.1455193671249094,1.4737863254668315,-0.5263148163427945,-0.0788255236120906,1117.235490958919,22.20887986177746,1.0,272.0,68,168,550,463.0,PATHANKOT
27593,Parmanand (163),PATHANKOT,32.1261253,75.529,27593,1895.5947787173293,1895.39990234375,0.543378328117089,0.1684122831911456,1.5376791456660794,-0.5208664810305553,-0.1001203068952014,1067.3523563039291,21.954461088769257,1.0,250.0,160,160,428,385.0,GHAROTA
31116,Dalowal (291),HOSHIARPUR,31.9639645,75.7351151,31116,1895.7268102148128,1895.3990478515625,0.5820725974960578,0.1914804332925029,1.8184246713867167,-0.5439535944761178,-0.1260984704898677,1207.869449537029,22.3307768832658,1.0,47.0,60,60,151,57.0,HAJIPUR
30989,Kotli (154),HOSHIARPUR,31.8738747,75.59733,30989,1895.4728078034072,1895.3973388671875,0.4864719942332657,0.1179063353051706,1.434425858966093,-0.4877151962848395,-0.0534451192253563,1147.0308073766953,22.12370968033533,1.0,68.0,0,1,4,74.0,DASUYA
31175,Chak Bhaian (422),HOSHIARPUR,31.90991,75.73305,31175,1895.3459418201423,1895.397216796875,0.5747198305233522,0.189891459328672,1.711181556676745,-0.5408436621986931,-0.1215452085783489,1171.8278768470186,22.237171851380083,1.0,120.0,40,30,64,145.0,MUKERIAN
31835,Tajewal (329),HOSHIARPUR,31.4070759,76.0359039,31835,1899.3102491235293,1895.3958740234375,0.4743760121987801,0.0795157966110737,1.194458797025886,-0.4967058487903704,-0.0142291074362998,1055.0664437218004,21.88037673295003,0.8216552582720673,187.0,32,45,126,213.0,MAHILPUR
31047,Singhpur (223),HOSHIARPUR,31.9087257,75.68526,31047,1895.3822015267376,1895.3736572265625,0.5707635696118767,0.2060453439725492,1.7347040020763194,-0.5409277342775302,-0.1346993464967461,1236.247518937816,22.029085885063463,1.0,67.0,77,77,176,76.0,HAJIPUR
30966,Sajjan (104),HOSHIARPUR,31.9819813,75.68626,30966,1893.6533954557417,1895.372314453125,0.5041377369161717,0.141051324079052,1.3541279529277497,-0.5113412265253365,-0.0664032870157194,1121.7783483674425,22.15049259431709,1.0,32.0,25,5,117,43.0,DASUYA
27523,Dhaki Shada (295),PATHANKOT,32.18018,75.65896,27523,1894.227085882584,1895.3660888671875,0.5880976411109335,0.1998358298693669,1.5822978225389652,-0.5574752538092372,-0.1246378460426791,1117.235490958919,22.20887986177746,0.986933731857298,427.0,62,62,176,272.0,PATHANKOT
31257,Noshera Shimli (354),HOSHIARPUR,31.97619,75.7509842,31257,1896.0365903659133,1895.359375,0.5032669169954125,0.0899914934136524,1.296636054421647,-0.5188460632860131,-0.0249573636909248,1210.4387925623362,22.308208750226928,1.0,317.0,85,85,135,356.0,HAJIPUR
31250,Bhamnal (344),HOSHIARPUR,31.9087257,75.68526,31250,1891.9012046872945,1895.356201171875,0.5562492226944293,0.1551425374773546,1.5101100847752205,-0.5475429855110197,-0.085455280326145,1207.869449537029,22.3307768832658,1.0,75.0,70,70,125,359.0,HAJIPUR
31283,Adampur Mahotian (600),HOSHIARPUR,31.9459457,75.8476639,31283,1895.815127629942,1895.3538818359375,0.6040788370089849,0.1518897009560544,1.775099141640083,-0.5588152957888355,-0.0998492455803612,1228.8008855810592,22.167904703789173,0.5703285539332632,2.47,48,60,76,114.0,TALWARA
31191,Waziran (352),HOSHIARPUR,31.9763279,75.75105,31191,1895.7461148886275,1895.3519287109375,0.4662578909560088,0.0722930779489381,1.2266088072427723,-0.4905770226838277,-0.0074435032974777,1207.869449537029,22.3307768832658,1.0,138.0,95,53,105,161.0,HAJIPUR
31007,Toe Makhowal (634),HOSHIARPUR,31.8378372,75.71625,31007,1893.7114988350968,1895.3494873046875,0.5444301077062883,0.1623990351943103,1.60659960316757,-0.5295127401579611,-0.0945514484664066,1236.247518937816,22.029085885063463,1.0,133.0,25,0,135,181.0,DASUYA
31235,Dhal (394),HOSHIARPUR,32.02984,75.6363144,31235,1891.292992807858,1895.3450927734375,0.6134895760457271,0.2209460268682721,1.834835314501608,-0.5671817288872031,-0.153001521251067,1151.0203753512471,22.17745463186341,1.0,78.0,10,40,90,86.0,MUKERIAN
31375,Chak Ladian (435),HOSHIARPUR,0.0,0.0,31375,1891.945289277226,1895.3406982421875,0.4966734612311835,0.0921871879298653,1.3108472629868304,-0.5097641714558367,-0.032598853415251,1005.6057587106402,22.13555746293923,0.7791653058542601,200.0,80,0,215,547.0,BHUNGA
27697,Khojki Chak (5),PATHANKOT,32.3063049,75.35905,27697,1896.5583150877185,1895.3387451171875,0.5882212100618653,0.2151624048667177,1.5073751078448587,-0.5697566437108776,-0.1312429070887251,994.3634756424556,21.67089714415636,1.0,175.0,50,5,187,204.0,BAMIAL
31185,Nansota (296),HOSHIARPUR,31.9819813,75.7499847,31185,1896.235540081176,1895.333984375,0.6142553611069852,0.224143706791985,1.8410693986257256,-0.5701821315365085,-0.1550372241246173,1207.869449537029,22.3307768832658,1.0,83.0,31,36,73,99.0,HAJIPUR
31264,Gagar (374),HOSHIARPUR,31.9585075,75.66806,31264,1896.9421133760973,1895.3248291015625,0.5741516205119161,0.1843454789605018,1.710489262299031,-0.544314325935124,-0.1179826828253923,1223.1447241619596,22.193270237419085,1.0,51.0,25,100,137,110.0,HAJIPUR
31019,Jio Chak (187),HOSHIARPUR,31.81982,75.8074951,31019,1895.5942689485933,1895.3155517578125,0.5366423734715028,0.1716354133550532,1.554160576397751,-0.5281937130243837,-0.0971257802597888,1236.247518937816,22.029085885063463,1.0,66.0,11,3,36,81.0,DASUYA
31272,Lalota (377),HOSHIARPUR,31.9639645,75.84131,31272,1896.20698424065,1895.3155517578125,0.5452506962551843,0.1426227293910905,1.458827932350079,-0.5295841736961714,-0.0786952554702302,1223.9943983962437,22.189141458361576,1.0,2.47,32,46,76,68.0,TALWARA
31199,Chak Sarwani (309),HOSHIARPUR,31.9639645,75.6714,31199,1895.096279111554,1895.30078125,0.6304663242778412,0.2388351523778575,1.8893429887854905,-0.5824431263341708,-0.1678409733301645,1205.613156925465,22.324916974108536,1.0,72.0,30,31,54,77.0,HAJIPUR
31187,Dhamian (294),HOSHIARPUR,31.67683,74.8370361,31187,1896.3630009837216,1895.29931640625,0.5765092398637798,0.1699780994647038,1.7176022879909718,-0.5456888794330585,-0.1074772168149587,1207.869449537029,22.3307768832658,1.0,150.0,175,175,220,194.0,HAJIPUR
27686,Sarota (34),PATHANKOT,32.2908936,75.37794,27686,1893.2416182572915,1895.296630859375,0.5256265850761811,0.1854415964024689,1.346387619571764,-0.5228112462329408,-0.1000190067373287,989.6025898864168,21.66923708322446,1.0,131.0,25,25,45,156.0,BAMIAL
31111,Parelian (362),HOSHIARPUR,31.9639645,75.6714,31111,1895.509504062294,1895.29296875,0.434368166534423,0.0402742302885897,1.0262814726235596,-0.4872181335424622,0.0292896095087274,1220.653587057051,22.19486703136269,1.0,35.0,35,35,46,50.0,HAJIPUR
31271,Handwal (378),HOSHIARPUR,31.97619,75.7509842,31271,1895.678375545186,1895.29150390625,0.5604627311728957,0.1597368713155519,1.5998021519922505,-0.5360880485854443,-0.0922333961626985,1223.9943983962437,22.189141458361576,1.0,196.0,158,201,247,252.0,HAJIPUR
38396,Chak (361),RUPNAGAR,31.2432442,76.47889,38396,1896.03346517423,1895.2908935546875,0.5184605240205139,0.1342812084144502,1.36016497807714,-0.5173744422856129,-0.0639059253220387,817.4521270205872,21.85415734445013,0.1430416489197181,80.0,60,60,72,77.0,ANANDPUR SAHIB
27647,Behdo Chack (153),PATHANKOT,32.1261253,75.529,27647,1894.557649347812,1895.28857421875,0.549477676880075,0.1795726472486369,1.4738688607466266,-0.5298326755694182,-0.1027101751750282,1064.5609857753186,21.942432181383552,1.0,175.0,57,57,107,72.0,GHAROTA
31210,Dugri Awana (338),HOSHIARPUR,32.02356,75.65682,31210,1895.4058372670188,1895.2860107421875,0.5958305970925342,0.2104460623825459,1.7752750972034792,-0.560436466129105,-0.1392615547926636,1202.032225828705,22.315616792555147,1.0,112.0,26,70,153,123.0,MUKERIAN
31214,Khush Nagar(330),HOSHIARPUR,31.9459457,75.6141,31214,1893.4073192443664,1895.279541015625,0.6242208785224223,0.2472448251216875,1.8081421144565435,-0.5829668911517639,-0.1711541264622225,1207.869449537029,22.3307768832658,1.0,90.0,51,70,107,99.0,MUKERIAN
38456,Shahpur (409),RUPNAGAR,31.1711712,76.3995743,38456,1890.374910508896,1895.2781982421875,0.5100259625291941,0.1419646542871742,1.5270463231924891,-0.4648739514178518,-0.0899771550269431,813.4147534963511,21.27384739849642,0.9970435225471272,900.0,31,31,35,327.0,NURPUR BEDI
30885,Birampur (48),HOSHIARPUR,31.6756763,75.81661,30885,1893.327746976614,1895.27734375,0.551004541038595,0.1533529162643213,1.5305827309699134,-0.5376125385769798,-0.0883904996728818,987.988719623317,22.217897946298365,1.0,108.0,151,51,168,133.0,BHUNGA
31002,Sahu Ka Pind (179),HOSHIARPUR,31.8378372,75.73746,31002,1894.464076740808,1895.2587890625,0.6267832962798473,0.2127370054467865,2.003841278130733,-0.5753549416850074,-0.1517792302132102,1236.247518937816,22.029085885063463,1.0,119.0,20,0,97,119.0,DASUYA
27636,Salowal (157),PATHANKOT,32.27027,75.584816,27636,1894.9585547546496,1895.2550048828125,0.569853713638867,0.1933470268874617,1.5849855502849817,-0.5405546717723894,-0.1186605776050692,1063.569212239017,21.93443131804776,1.0,94.0,12,12,128,108.0,GHAROTA
30969,Garjeli (107),HOSHIARPUR,31.81982,75.6590652,30969,1893.6335256796624,1895.2540283203125,0.521715923612428,0.1275660571712942,1.4335150289690517,-0.5243318899998812,-0.0616466579574078,1121.7783483674425,22.15049259431709,1.0,47.0,9,0,26,60.0,DASUYA
38365,Paili Kalan (305),RUPNAGAR,31.2432442,76.49996,38365,1895.732263656116,1895.2528076171875,0.5134788868530947,0.0884518755432861,1.2925217102184907,-0.52757029910839,-0.0251674122534616,842.5593766381638,21.29262687155017,1.0,19.0,0,0,4,21.0,ANANDPUR SAHIB
31194,Ghalloowal (297),HOSHIARPUR,31.9819813,75.7499847,31194,1895.164250492231,1895.2515869140625,0.6177139108394313,0.2227233598614132,1.884596062283132,-0.5713167781684427,-0.1537005419183151,1207.869449537029,22.3307768832658,1.0,66.0,27,27,97,86.0,HAJIPUR
31162,Halerdal Pat (417),HOSHIARPUR,31.90991,75.73305,31162,1894.840204263096,1895.2467041015625,0.5427678760839675,0.1607222014976636,1.5624653816857688,-0.5092350669237301,-0.0942900302243378,1171.8278768470186,22.237171851380083,1.0,112.0,20,0,60,189.0,MUKERIAN
31101,Singowal (231),HOSHIARPUR,31.9087086,75.68535,31101,1895.322180950349,1895.235595703125,0.6206240074046608,0.2490790734293833,1.8329131910883016,-0.570641969617018,-0.1791010563748311,1236.247518937816,22.029085885063463,1.0,206.0,60,60,293,251.0,HAJIPUR
38407,Lakher (326),RUPNAGAR,31.2432442,76.49996,38407,1896.1489517494424,1895.2327880859375,0.5423287561038905,0.1047021640372117,1.3451404424451852,-0.5593939000564373,-0.0396596673542921,817.2331850422144,21.16841003827001,1.0,500.0,120,110,130,222.0,ANANDPUR SAHIB
27659,Darsopur (107),PATHANKOT,32.25225,75.52721,27659,1893.3926590207109,1895.2308349609375,0.5756552707467182,0.1971410476940047,1.6838380003124442,-0.5383865769443507,-0.126895702368581,1067.6784206756422,21.96758123979532,1.0,69.0,50,0,225,82.0,NAROT JAIMAL SINGH
27690,Gohla (13),PATHANKOT,32.3157845,75.35516,27690,1894.6761483825169,1895.22998046875,0.6203455158362531,0.2389672152638123,1.625366427369338,-0.5903117007990967,-0.1582105731970679,989.6025898864168,21.66923708322446,1.0,130.0,56,5,62,154.0,BAMIAL
27514,Chak Chimna (296),PATHANKOT,32.144146,75.65032,27514,1893.748048089818,1895.2286376953125,0.488751932465407,0.1015348616656538,1.259023119146594,-0.491309099588896,-0.0332308407212219,1117.235490958919,22.20887986177746,0.815976084574848,90.0,26,26,90,155.0,PATHANKOT
31113,Raili (365),HOSHIARPUR,31.976305,75.75097,31113,1894.522600743323,1895.2276611328125,0.5075975423651049,0.1247658358915264,1.48221756095165,-0.5037331813924503,-0.0595346888619227,1214.638931194221,22.25880963103297,1.0,122.0,90,90,410,216.0,HAJIPUR
27583,Jangal (276),PATHANKOT,32.1261253,75.529,27583,1895.258589986036,1895.218017578125,0.5772398070235873,0.1944836401114407,1.568312113647936,-0.543215589060883,-0.12505884758197,1070.2586072184397,21.969848168530586,1.0,500.0,55,55,314,312.0,GHAROTA
31046,Barnala (222),HOSHIARPUR,31.9947872,75.66113,31046,1894.6330063728687,1895.2171630859375,0.6142881603839554,0.234559687399513,1.960384389023418,-0.5607217645652488,-0.1664026338001266,1236.247518937816,22.029085885063463,1.0,104.0,30,30,163,133.0,HAJIPUR
31221,Chak Kalan (407),HOSHIARPUR,31.9459457,75.6141,31221,1893.080193544524,1895.2108154296875,0.574390917202684,0.175435785722453,1.6896129215171822,-0.5328618269722076,-0.1118279867493972,1117.235490958919,22.20887986177746,0.9695302820285232,300.0,130,140,168,184.0,MUKERIAN
31203,Sahota (325),HOSHIARPUR,32.0235329,75.6568756,31203,1894.953676331661,1895.19775390625,0.6014085306099721,0.2139862212768527,1.7998712412547664,-0.5599447566112031,-0.1440524696229875,1171.8278768470186,22.237171851380083,1.0,64.0,16,62,117,72.0,MUKERIAN
31167,Sanial (410),HOSHIARPUR,31.9459457,75.6141,31167,1893.774829318535,1895.19482421875,0.5770442970437576,0.1862679457760819,1.684646203695161,-0.5372024001447503,-0.1199264297432843,1134.5074158310597,22.217830874101555,1.0,80.0,40,40,60,185.0,MUKERIAN
31165,Halerjanardhan (413),HOSHIARPUR,31.9459457,75.6141,31165,1893.90476169282,1895.194091796875,0.5539085477592425,0.1731854435313288,1.5973180687905295,-0.5137281237463623,-0.1047792708656647,1118.2656848358724,22.209413750047,1.0,304.0,80,80,130,420.0,MUKERIAN
30965,Mand (105),HOSHIARPUR,31.8018017,75.6655045,30965,1893.421442874076,1895.1917724609375,0.4845040110984781,0.1109136015296261,1.333417557894767,-0.4927402552504839,-0.0464496628414196,1121.7783483674425,22.15049259431709,1.0,83.0,24,25,115,117.0,DASUYA
31213,Mehmudpur (331),HOSHIARPUR,31.9459457,75.6141,31213,1893.8720752825163,1895.1878662109375,0.5578260631940346,0.2093679980728901,1.6003175551175173,-0.5398242593449732,-0.1263520131946928,1207.869449537029,22.3307768832658,1.0,10.0,50,50,105,138.0,MUKERIAN
31169,Pandori Baghel Singh (411),HOSHIARPUR,31.9576683,75.3195343,31169,1894.7457006724385,1895.18359375,0.5908547015138569,0.2018432563166419,1.6681630269207652,-0.5562038228750844,-0.1301588467038053,1171.4352997769831,22.23696840201229,1.0,116.0,62,100,161,130.0,MUKERIAN
27644,Alikhan (159),PATHANKOT,31.6756763,74.88505,27644,1895.50488780634,1895.181884765625,0.53735663191831,0.1540535980167932,1.4382231180404208,-0.5207053338603835,-0.0809800047437746,1063.569212239017,21.93443131804776,1.0,2.2,50,0,165,122.0,GHAROTA
31304,Tohlu (607),HOSHIARPUR,31.9459457,75.89014,31304,1896.610954639456,1895.1739501953125,0.5602819890483068,0.0803689098337255,1.4323255825852226,-0.5579528580819897,-0.0274041570129573,1282.3017927815813,21.51076827236278,0.069142202976415,3.0,210,210,345,295.0,TALWARA
27668,Gol (61),PATHANKOT,32.25225,75.52721,27668,1894.4959540668835,1895.1710205078125,0.5674562614470464,0.164245650661656,1.7932653854365592,-0.5266697977009693,-0.1064565488194594,1075.4182877948183,22.03002051327053,0.6333332942422326,87.0,0,97,133,184.0,NAROT JAIMAL SINGH
31591,Mithewal (388),HOSHIARPUR,31.603508,75.85124,31591,1893.609421232832,1895.1683349609375,0.5095788398077631,0.1199927876829169,1.3830351923631112,-0.5082654761838202,-0.0546206701383849,930.5285097897356,22.471398695895434,1.0,29.55,38,38,105,91.0,HOSHIARPUR-I
27667,Raipur (65),PATHANKOT,32.25225,75.52721,27667,1893.23825595812,1895.1640625,0.6517868451275464,0.2281419363001051,2.016141722603034,-0.5838284743134549,-0.1698566603526418,1069.9512982458084,21.98591706158568,0.9999341315877472,200.0,67,67,200,357.0,NAROT JAIMAL SINGH
27605,Bharyal (184),PATHANKOT,32.1261253,75.529,27605,1894.1999851930336,1895.1605224609375,0.6319834081325869,0.2665481398957894,1.8177318266326588,-0.5837445735801479,-0.1882079707026215,1063.569212239017,21.93443131804776,1.0,160.0,75,56,320,177.0,GHAROTA
27706,Mirzapur (28),PATHANKOT,31.8918915,75.90922,27706,1895.3015997278444,1895.1578369140625,0.6162946110989255,0.2434211633033788,1.6914020615646623,-0.5725340501469015,-0.163369824006807,989.6025898864168,21.66923708322446,1.0,102.0,114,90,199,125.0,SUJANPUR
31020,Behbowal (224),HOSHIARPUR,31.81982,75.8074951,31020,1894.8627016897208,1895.156982421875,0.5539162155040538,0.1895740098306515,1.5984789892524018,-0.5394928263897977,-0.1133348948844611,1236.247518937816,22.029085885063463,1.0,321.0,106,89,350,653.0,DASUYA
30922,Manga (12),HOSHIARPUR,31.5180855,75.92179,30922,1894.480776127795,1895.155517578125,0.554403215353007,0.1586134107180803,1.5409978154887345,-0.5461882520362681,-0.0920588754125493,1129.503726079338,22.05289157341188,1.0,138.0,100,0,170,181.0,BHUNGA
27687,Kot Bhattian (14),PATHANKOT,32.28419,75.65372,27687,1892.6821177569511,1895.146240234375,0.5900031288421227,0.2274207853622881,1.4960324780252363,-0.5746921316439866,-0.1407856172642692,989.6025898864168,21.66923708322446,0.9895866460167236,149.0,58,32,110,164.0,BAMIAL
31192,Bariana (300),HOSHIARPUR,31.9947872,75.66113,31192,1895.292211401107,1895.1436767578125,0.5427693934724342,0.1417293108972902,1.542101360943439,-0.5297706729416403,-0.0763114584128224,1207.869449537029,22.3307768832658,1.0,67.0,55,55,127,77.0,HAJIPUR
31261,Ladhari (383),HOSHIARPUR,31.949234,75.7520447,31261,1896.3139298236968,1895.1351318359375,0.6224617680857658,0.2254940901682008,1.6924315712450655,-0.5909027563663417,-0.1506423568106173,1223.9943983962437,22.189141458361576,1.0,106.0,85,80,95,128.0,HAJIPUR
31586,Daulowal (386),HOSHIARPUR,31.5199127,75.76194,31586,1895.341892771862,1895.1336669921875,0.4474176230434816,0.06360045563571,1.2138410066690082,-0.4639375213696282,-0.0040904877050794,935.5591627766984,22.469599437629142,1.0,3.57,5,0,46,158.0,BHUNGA
27700,Dostpur (10),PATHANKOT,32.3157845,75.35516,27700,1896.5709795558537,1895.1326904296875,0.4656347425341333,0.1209054908649158,1.150988792558693,-0.4847154313846355,-0.0396105211026628,989.6025898864168,21.66923708322446,1.0,80.0,12,8,22,36.0,BAMIAL
31588,Mahndipur (140),HOSHIARPUR,31.6004181,75.85412,31588,1894.630064144223,1895.124755859375,0.4700796265699205,0.0775889938210297,1.248621796814633,-0.4833679050592273,-0.0173936923512527,935.5591627766984,22.469599437629142,0.9474877758505093,25.1,12,20,96,73.0,HOSHIARPUR-I
27661,Jhela Amda Shakargarh (99),PATHANKOT,32.25225,75.5059,27661,1894.611231436396,1895.123046875,0.6611897916939526,0.2479711408321343,2.0830835009580864,-0.5875656843296584,-0.1871487351065788,1063.569212239017,21.93443131804776,1.0,324.0,55,150,350,352.0,NAROT JAIMAL SINGH
31004,Haler (181),HOSHIARPUR,31.8378372,75.71625,31004,1896.0736325052696,1895.113525390625,0.5624803335478461,0.1724418588107061,1.7315207936308037,-0.5337493543309828,-0.1089335014466405,1236.247518937816,22.029085885063463,1.0,152.0,14,0,210,153.0,DASUYA
31279,Namoli (593),HOSHIARPUR,31.90991,75.90285,31279,1896.7334819572493,1895.1126708984375,0.5985869569409066,0.1509478132751209,1.7006719750007069,-0.5708988814668526,-0.0915401229209836,1232.8377827661952,22.150068269100355,1.0,2.47,180,80,170,327.0,TALWARA
31392,Kang (71),HOSHIARPUR,31.7116833,75.88064,31392,1892.481408167001,1895.1109619140625,0.5166154234402177,0.1307139696055035,1.477015058244619,-0.5035735153567041,-0.0696703176510832,987.988719623317,22.217897946298365,1.0,500.0,15,0,316,296.0,BHUNGA
31249,Bariowal (343),HOSHIARPUR,31.9947872,75.66113,31249,1892.926385515424,1895.1099853515625,0.5647319794131866,0.1601807099037276,1.5691342253114755,-0.5473928758913488,-0.0925685899069076,1207.869449537029,22.3307768832658,1.0,95.0,40,50,127,110.0,HAJIPUR
31376,Nangal Ghorewaha (437),HOSHIARPUR,31.6961231,75.78239,31376,1892.9122144496632,1895.1036376953125,0.5146946150663375,0.1146897141294761,1.3728002799074503,-0.5197161540856065,-0.0514756582789968,987.988719623317,22.217897946298365,1.0,75.0,80,0,106,187.0,BHUNGA
27689,Dulo Bhalial (12),PATHANKOT,32.2836647,75.6551743,27689,1893.3190722550069,1895.098876953125,0.6063058812277637,0.2470056341137129,1.5670743433519678,-0.5842531009256122,-0.1594141542944381,989.6025898864168,21.66923708322446,1.0,45.0,1,1,1,85.0,BAMIAL
31188,Mohri Chak (293),HOSHIARPUR,31.9819813,75.7499847,31188,1896.8539551624008,1895.0982666015625,0.5947642904406183,0.1872483738508572,1.7649098393615446,-0.5584863523049153,-0.121775167427651,1207.869449537029,22.3307768832658,1.0,121.0,33,42,128,144.0,HAJIPUR
31619,Chadial (182),HOSHIARPUR,31.6084843,75.86643,31619,1897.3213449945413,1895.0931396484375,0.4555936771289716,0.0644793070780928,1.2276589729497962,-0.4661398054987832,-0.006402668132128,935.5591627766984,22.469599437629142,0.8391076662052773,46.75,30,30,134,129.0,HOSHIARPUR-I
31212,Batala (332),HOSHIARPUR,31.9468517,75.61596,31212,1894.2889149346936,1895.0888671875,0.5798658535889096,0.1962318908725679,1.7418381793956894,-0.5439469215305204,-0.1278897719050555,1207.869449537029,22.3307768832658,1.0,5.0,46,45,112,111.0,MUKERIAN
27722,Charak (68),PATHANKOT,32.18018,75.46736,27722,1896.018483915144,1895.085205078125,0.5904187082657786,0.1816656730034676,1.7130882527211146,-0.5419685783988295,-0.1168040805964187,1035.645273364472,21.862808162626862,1.0,32.0,5,80,123,42.0,NAROT JAIMAL SINGH
31049,Daulowal (188),HOSHIARPUR,31.9333038,75.72897,31049,1895.2055454607937,1895.0841064453125,0.5214845228753267,0.1845210924439836,1.406682725634497,-0.5229636774855692,-0.099592309035724,1236.247518937816,22.029085885063463,1.0,88.0,80,80,175,101.0,HAJIPUR
27562,Pathan Chak (189),PATHANKOT,32.2752,75.65894,27562,1893.0318094222137,1895.0833740234375,0.610483292499275,0.2561345604105756,1.719566406256149,-0.5680998008270939,-0.1757217218922176,1063.569212239017,21.93443131804776,1.0,2.47,0,0,176,115.0,GHAROTA
31390,Bhunga (521),HOSHIARPUR,31.6290226,75.8526154,31390,1893.1061476810744,1895.0743408203125,0.5139359020528388,0.1146062126953886,1.406950626215007,-0.5137597824457498,-0.0527592193087133,987.988719623317,22.217897946298365,1.0,522.0,25,0,489,304.0,BHUNGA
38561,Swamipur (232),RUPNAGAR,31.2432442,76.49996,38561,1896.1807481160763,1895.0701904296875,0.6277181603105337,0.1500107265375213,1.8202209181943088,-0.5876262185818543,-0.1004344727784499,971.2861719539064,21.291691791985272,0.4663798111392815,99.0,190,190,215,252.0,ANANDPUR SAHIB
31131,Dhido Katrala (280),HOSHIARPUR,31.90991,75.73305,31131,1896.3615415353229,1895.06640625,0.5988153814268781,0.2474748624167865,1.7570571160189596,-0.5660640496177182,-0.1657238971993405,1194.098205543224,22.29501102631417,1.0,200.0,25,25,36,37.0,MUKERIAN
27620,Taloor (22),PATHANKOT,32.25225,75.4846,27620,1893.0037774234045,1895.0655517578125,0.5858855283521519,0.211290432932361,1.6087928567646146,-0.5504011457195859,-0.1345313383523727,1010.10278851257,21.441021527141864,1.0,180.0,131,131,301,260.0,NAROT JAIMAL SINGH
30996,Chak Kasim (150),HOSHIARPUR,31.8738747,75.59733,30996,1897.979313920372,1895.0634765625,0.5894578391058739,0.1125196291560457,1.7243504044746512,-0.550621168833633,-0.0639700167213797,1223.0824771622251,22.043640812817845,1.0,71.0,65,75,102,172.0,DASUYA
31003,Sundia (180),HOSHIARPUR,31.8378372,75.73746,31003,1895.1332256282235,1895.0599365234375,0.4967223774776012,0.1253353086357027,1.4680229068052577,-0.489609801003718,-0.0630927775169778,1236.247518937816,22.029085885063463,1.0,69.0,13,0,71,70.0,DASUYA
27592,Dalla Balim (161),PATHANKOT,32.18018,75.59509,27592,1895.629110914463,1895.05224609375,0.5227658976431645,0.1430945715137498,1.3982724654264715,-0.5151570202357356,-0.0707871583552347,1063.569212239017,21.93443131804776,1.0,400.0,55,48,160,297.0,GHAROTA
30967,Pandher (106),HOSHIARPUR,31.8018017,75.6655045,30967,1893.0188699965383,1895.051025390625,0.524796634238535,0.1089127061999967,1.413517765029822,-0.526515064385282,-0.0470918246657082,1121.7783483674425,22.15049259431709,1.0,82.0,25,30,125,104.0,DASUYA
27671,Polla (69),PATHANKOT,32.25225,75.52721,27671,1896.0552828589016,1895.0487060546875,0.5482124994711673,0.1483205878514626,1.5864828916081757,-0.5115405716144594,-0.0867635993560015,989.6025898864168,21.66923708322446,1.0,16.1,0,30,128,92.0,NAROT JAIMAL SINGH
27905,Khuda Dadpur (253),GURDASPUR,32.08392,75.41807,27905,1894.4344175749427,1895.0477294921875,0.6099201037455388,0.2304919861773585,1.7408199075834132,-0.5650770343900526,-0.1543539071649914,1098.068917076816,21.98574548872073,1.0,51.0,37,37,75,48.0,DINANAGAR
31102,Bambowal (230),HOSHIARPUR,31.9087334,75.68538,31102,1894.470952938059,1895.0350341796875,0.5762415340181097,0.1927545568741705,1.6432675535836347,-0.5526303405391619,-0.120365007888135,1236.247518937816,22.029085885063463,1.0,65.0,100,106,256,84.0,HAJIPUR
38419,Mindhwan (342),RUPNAGAR,31.2252254,76.50645,38419,1895.16118681208,1895.0311279296875,0.5936185869981406,0.1739814293932175,1.7124619463189286,-0.5544044707389998,-0.1168119028275823,817.1787920775434,21.81486967758355,1.0,100.0,80,100,144,346.0,ANANDPUR SAHIB
27641,Lahri Gujran (171),PATHANKOT,32.27027,75.584816,27641,1894.7108867249528,1895.0247802734375,0.584998939575893,0.1979784163720201,1.6155391329018147,-0.5529605970266573,-0.1249338935767582,1063.569212239017,21.93443131804776,1.0,2.47,0,12,230,167.0,GHAROTA
31240,Sudhari (306),HOSHIARPUR,31.9459457,75.65656,31240,1895.321706503384,1895.023681640625,0.6147703895815223,0.2106170111443327,1.8198614223927945,-0.5740564114307662,-0.1433888104572653,1207.869449537029,22.3307768832658,1.0,35.0,30,30,90,41.0,HAJIPUR
38454,Bhatauli (407),RUPNAGAR,31.18919,76.4773,38454,1892.2426337915203,1895.01708984375,0.5172332485140992,0.0986813600432877,1.3583663723559276,-0.5149573087255656,-0.0372750465183521,817.429631914114,21.850924021114924,1.0,60.0,30,45,55,65.0,NURPUR BEDI
27603,Gurdaspur Bhaian (176),PATHANKOT,32.28829,75.64246,27603,1894.100201762719,1895.013916015625,0.5992663892555952,0.2184681249664697,1.6374113539893431,-0.5629603285017125,-0.1407130021182744,1063.569212239017,21.93443131804776,1.0,2.55,0,55,240,201.0,GHAROTA
27684,Samrala (15),PATHANKOT,32.3063049,75.35905,27684,1893.232577194068,1895.0079345703125,0.4084321008827722,0.0899351268412672,0.9834388011854072,-0.440912230741968,-0.0112890121747671,989.6025898864168,21.66923708322446,0.9436387759860916,110.0,10,0,111,187.0,BAMIAL
38401,Rampur (314),RUPNAGAR,31.2252254,76.50645,38401,1892.2747135334384,1895.0052490234375,0.5920844813231328,0.1436491022634194,1.6193981486116673,-0.5806840753094229,-0.0863544207367804,842.5593766381638,21.29262687155017,0.9571242924525086,52.0,0,50,112,102.0,ANANDPUR SAHIB
27680,Aima Saidan (19),PATHANKOT,32.27027,75.4143448,27680,1895.1456209173136,1894.9986572265625,0.5905611829747954,0.2183354285123758,1.632611914374645,-0.5529660997621233,-0.1411453947733262,989.6025898864168,21.66923708322446,1.0,80.0,30,25,100,79.0,NAROT JAIMAL SINGH
27513,Napwal (297),PATHANKOT,32.1621628,75.62271,27513,1893.82662147816,1894.998046875,0.4617190206712959,0.0893400514630446,1.1933618206957124,-0.4693503995899945,-0.0214456899640449,1117.0633127458468,22.204908966798264,0.7334020525073843,80.0,14,15,60,187.0,PATHANKOT
27635,Nangal Farida (103),PATHANKOT,32.1981964,75.4823,27635,1894.4395400979129,1894.9979248046875,0.5675033239796409,0.2047109723845198,1.5991870142656512,-0.5389710315688984,-0.1299935200692356,1063.569212239017,21.93443131804776,1.0,2.89,88,26,122,126.0,NAROT JAIMAL SINGH
27748,Majra (137),PATHANKOT,32.1981964,75.4823,27748,1895.639018723456,1894.9852294921875,0.5947540303107807,0.1961286963690895,1.6631976128961805,-0.5597887303430595,-0.1263789981620062,1075.4182877948183,22.03002051327053,1.0,99.0,0,85,200,188.0,NAROT JAIMAL SINGH
38399,Lamlehri (317),RUPNAGAR,31.2432442,76.49996,38399,1893.7773488194823,1894.984619140625,0.5632341673222228,0.1545837287839072,1.5139974860105256,-0.517314899039202,-0.1075493409503232,842.5593766381638,21.29262687155017,1.0,75.0,0,50,92,161.0,ANANDPUR SAHIB
31166,Motla (409),HOSHIARPUR,32.0,75.61614,31166,1893.56352527978,1894.983154296875,0.5777231436437136,0.1899880229609757,1.672557374527757,-0.5293035654441592,-0.1223515977454778,1117.235490958919,22.20887986177746,1.0,12.0,30,32,43,361.0,MUKERIAN
31114,Khizarpur (366),HOSHIARPUR,31.908699,75.68534,31114,1894.345173802689,1894.9808349609375,0.5413655876771012,0.1418169958391562,1.480836761430879,-0.5333937849657671,-0.0737653681706977,1236.247518937816,22.029085885063463,1.0,50.0,202,250,352,68.0,HAJIPUR
31039,Kaulian (225),HOSHIARPUR,31.9085732,75.68523,31039,1895.1486801547817,1894.97412109375,0.53705540604923,0.1793482472231267,1.5295360872010824,-0.5329036453839426,-0.1010621711850166,1236.247518937816,22.029085885063463,1.0,29.0,40,40,43,33.0,HAJIPUR
27650,Saidipur (155),PATHANKOT,31.8558559,74.96737,27650,1894.593592135728,1894.964599609375,0.5354683278230034,0.1608342948616465,1.462203504384155,-0.517982873012808,-0.0881236831384224,1063.569212239017,21.93443131804776,1.0,60.0,40,60,156,198.0,GHAROTA
31052,Jamalpur Kalan (193),HOSHIARPUR,31.93609,75.61949,31052,1897.890471621076,1894.9605712890625,0.6114442382769832,0.1913837792994611,2.0675249818370087,-0.5575850579834727,-0.1361236001312604,1236.247518937816,22.029085885063463,1.0,251.0,10,10,68,322.0,HAJIPUR
31042,Ransota (288),HOSHIARPUR,31.934309,75.68259,31042,1893.8640897018693,1894.96044921875,0.4835767936153128,0.1012104938641546,1.283118320822494,-0.4955739198109029,-0.0341849368806728,1236.247518937816,22.029085885063463,1.0,81.0,50,50,182,106.0,HAJIPUR
27509,Lahri Brahmanan (294),PATHANKOT,32.144146,75.62904,27509,1891.506786394622,1894.9588623046875,0.6030656938454156,0.1923748293294793,1.665069744017075,-0.5639040381237866,-0.1237183477929032,1110.1871277391654,22.046325554780385,1.0,200.0,40,40,125,186.0,PATHANKOT
31256,Godho (353),HOSHIARPUR,31.9763432,75.7510757,31256,1895.0256890295727,1894.9581298828125,0.4850816533548597,0.0664396599144173,1.2334164265596064,-0.510511022947876,-0.0045898676262472,1207.9093732564004,22.33042620848264,1.0,71.0,99,99,129,79.0,HAJIPUR
31381,Daulatpur (510),HOSHIARPUR,0.0,0.0,31381,1892.320260862852,1894.9312744140625,0.4800101123233851,0.0884624829199256,1.2707703411754725,-0.4886864963526806,-0.0276328042683554,987.988719623317,22.217897946298365,1.0,63.0,80,0,155,76.0,BHUNGA
30921,Badial (11),HOSHIARPUR,31.5178719,75.9206543,30921,1895.2836029659568,1894.9306640625,0.5430794770668161,0.1463399749199193,1.540744748431942,-0.5300030329254254,-0.0814475515877114,1121.7783483674425,22.15049259431709,1.0,45.0,25,0,90,46.0,BHUNGA
31018,Jalal Chak (184),HOSHIARPUR,31.90991,75.71182,31018,1894.8925241310264,1894.9296875,0.5264606140385732,0.163119488279824,1.5134447296111029,-0.5185634395283373,-0.0888785966133368,1236.247518937816,22.029085885063463,1.0,58.0,21,0,115,74.0,DASUYA
31393,Ghagial (412),HOSHIARPUR,31.6290226,75.8526154,31393,1892.7570311179977,1894.928955078125,0.5264497035859949,0.1361710467285129,1.509791172741043,-0.5127377951796852,-0.0733657854062897,987.988719623317,22.217897946298365,1.0,300.2,15,0,82,115.0,BHUNGA
38510,Kheri (399),RUPNAGAR,31.1531525,76.5324249,38510,1892.778507554544,1894.9267578125,0.4699606589193955,0.0660455287876991,1.151469488241584,-0.4823060379779805,-0.0057579734576525,817.2358757692782,21.82307457461976,1.0,125.0,150,126,252,122.0,NURPUR BEDI
31382,Pandori Sumla (431),HOSHIARPUR,0.0,0.0,31382,1892.0542185391469,1894.925537109375,0.4885582312546791,0.0979339946596378,1.278442861763444,-0.5001821338807829,-0.0328057075096811,987.988719623317,22.217897946298365,1.0,100.0,65,39,219,88.0,BHUNGA
27616,Gugran (84),PATHANKOT,32.27027,75.49958,27616,1892.1160689512133,1894.92138671875,0.4637146947309208,0.1215079245801684,1.2621640099626508,-0.456326029168583,-0.0537820786299236,1026.875072996845,21.254306446952512,0.7306996141594463,6.0,3,15,65,196.0,NAROT JAIMAL SINGH
31252,Jhang (345),HOSHIARPUR,31.9079056,75.69089,31252,1892.000723328116,1894.9150390625,0.5862225585348881,0.173113132490894,1.6602806162978467,-0.5553739070778893,-0.1072179879112971,1212.967908986518,22.28599395236921,1.0,149.0,50,70,124,169.0,HAJIPUR
31274,Kathigarh (591),HOSHIARPUR,31.8918915,75.90922,31274,1895.1449104811209,1894.914794921875,0.5845266754325871,0.157514829244934,1.722367025074244,-0.5604008344825293,-0.0995536000721358,1258.7299034987952,22.035667753252163,0.9159973974280464,2.47,80,85,135,70.0,TALWARA
27673,Udipur Aima (71),PATHANKOT,32.28829,75.45064,27673,1895.130083327026,1894.9085693359375,0.5713764281882313,0.165886449029957,1.6329009938984833,-0.5330562387332424,-0.0999756366005726,989.6025898864168,21.66923708322446,0.9592708302900768,97.1,0,87,124,133.0,NAROT JAIMAL SINGH
30999,Fatehgarh (151),HOSHIARPUR,31.8378372,75.71625,30999,1897.264523766821,1894.9083251953125,0.589119700232812,0.1343355561455951,1.7481470154601069,-0.55092351867702,-0.080711301977767,1236.247518937816,22.029085885063463,1.0,115.0,15,82,180,232.0,DASUYA
38723,Haripur (371),RUPNAGAR,30.9909916,76.50711,38723,1893.539373990388,1894.9017333984375,0.5912878337737739,0.1375286476928422,1.7272034267682987,-0.5609346032713799,-0.0790874465432616,823.8047389908934,22.02148567383482,0.4999977128226676,20.0,10,15,125,343.0,RUPNAGAR
31576,Sajjan (181),HOSHIARPUR,31.6083431,75.86649,31576,1897.7372937874904,1894.8426513671875,0.3769668773249824,0.0108854697353864,1.012755734255522,-0.4046252780919888,0.0411300285542695,935.5591627766984,22.469599437629142,0.281207469831934,205.0,23,25,70,124.0,HOSHIARPUR-I
31286,Dohar (602),HOSHIARPUR,31.9459457,75.89014,31286,1898.0183440632047,1894.840576171875,0.5837705029670276,0.1193351313733046,1.7743875784435563,-0.5533814972702595,-0.0738011844358351,1276.2413148054836,21.54771968773832,0.5494721671173989,2.47,28,25,286,185.0,TALWARA
27557,Chak Bhoia (94),PATHANKOT,32.28829,75.64246,27557,1893.029177892437,1894.837158203125,0.644251908174935,0.2309367023074511,1.9692533024537544,-0.5800404607106323,-0.1686220360733724,1063.569212239017,21.93443131804776,1.0,89.0,0,3,5,98.0,NAROT JAIMAL SINGH
27506,Chak Bharain (301),PATHANKOT,32.144146,75.62904,27506,1890.004823170353,1894.8333740234375,0.4990088546631084,0.1031775430084289,1.342996320387754,-0.4894907106806441,-0.0406197957347969,1121.1506816556353,22.09689591121986,1.0,50.0,36,36,83,54.0,PATHANKOT
30941,Mokh (455),HOSHIARPUR,31.6936932,75.78898,30941,1894.2551369627947,1894.8201904296875,0.5392599911399995,0.1358396640957372,1.4903287773828275,-0.5349300043811178,-0.0715564832793786,1131.6990900043545,22.025155743743525,1.0,80.0,6,13,38,117.0,BHUNGA
31455,Kailon (399),HOSHIARPUR,31.51992,75.7619858,31455,1893.8143329131544,1894.8173828125,0.4265524033125291,0.0602803687722577,1.1240486859262997,-0.4464113388873995,0.000389564073171,935.5591627766984,22.469599437629142,1.0,412.0,20,0,87,188.0,BHUNGA
27631,Akhrota (185),PATHANKOT,32.275135,75.65889,27631,1894.615303053988,1894.812255859375,0.6472774634128049,0.2865715762997951,1.798071702846055,-0.5932648372292161,-0.2026717479633079,1063.569212239017,21.93443131804776,1.0,118.0,0,32,252,132.0,GHAROTA
27683,Chak Amir (18),PATHANKOT,32.2908936,75.37794,27683,1894.306248884567,1894.8115234375,0.5284361180451171,0.1642871377576205,1.416746599878428,-0.5126815885522333,-0.0884600998473855,989.6025898864168,21.66923708322446,1.0,105.0,58,25,85,124.0,BAMIAL
31239,Kasrawan (240),HOSHIARPUR,31.9586525,75.66817,31239,1894.751729933436,1894.8017578125,0.593588299997357,0.2136035950796517,1.744388710034446,-0.5625632273496618,-0.1417612046314701,1207.869449537029,22.3307768832658,1.0,67.0,30,30,54,82.0,HAJIPUR
27645,Paharo Chak (160),PATHANKOT,31.8918915,75.0179138,27645,1895.3554091547903,1894.80029296875,0.5151885985648315,0.1479474441867431,1.4414797976472555,-0.499555413736673,-0.0760390190673281,1063.569212239017,21.93443131804776,1.0,85.0,30,30,210,53.0,GHAROTA
27590,Chhani Tola (275),PATHANKOT,31.6576576,75.4420547,27590,1895.476312723512,1894.787353515625,0.5258422094255989,0.1484046193860921,1.4129492087114273,-0.5193446002429064,-0.0756831779211569,1066.7099242809056,21.95105974694755,1.0,94.0,45,60,190,122.0,GHAROTA
31011,Raghowal (469),HOSHIARPUR,31.72973,75.8608,31011,1892.4570671423112,1894.78369140625,0.5554415537598303,0.1566525785140169,1.5925778372824273,-0.542253503828816,-0.0919353452947219,1171.2640141415727,22.09671970790168,1.0,1.0,16,13,69,180.0,BHUNGA
31211,Behbal Manj (339),HOSHIARPUR,31.67683,74.8370361,31211,1895.22776962227,1894.7811279296875,0.6008318641989779,0.2128225763959768,1.8123065907338065,-0.5624416174457211,-0.1452046937940642,1207.869449537029,22.3307768832658,1.0,235.0,110,110,248,281.0,HAJIPUR
31479,Bassi Kikran (365),HOSHIARPUR,31.54955,76.00996,31479,1893.957013385854,1894.744873046875,0.490983091344742,0.0941448091459841,1.2514171940010244,-0.501515141175633,-0.0272434235403725,1029.7934654166595,21.975286113537663,0.9572756513137638,130.0,40,15,224,296.0,HOSHIARPUR-I
31470,Bassi Gulam Hussain (352),HOSHIARPUR,31.5855846,75.89128,31470,1895.2839273631453,1894.7425537109375,0.3954134812285236,0.0183972220195421,1.0032831730462863,-0.4174236038426034,0.0364079350160842,1080.6104895819196,21.984867681826923,0.1667224488641,0.01083,15,15,96,634.0,HOSHIARPUR-I
27643,Tango Shah (158),PATHANKOT,32.25225,75.59112,27643,1895.1872206271703,1894.7412109375,0.5326097062450245,0.1651729006606755,1.4495227798109265,-0.5187318636588026,-0.0911088481983604,1063.569212239017,21.93443131804776,1.0,275.0,150,150,275,189.0,GHAROTA
27907,Machhrala (256),GURDASPUR,32.10811,75.47155,27907,1894.029936736712,1894.7403564453125,0.5556729058952726,0.1893394119700235,1.5347487882528732,-0.528045168246163,-0.1139747217246201,1098.068917076816,21.98574548872073,1.0,59.0,35,35,80,67.0,DINANAGAR
31589,Gobindpur Khun Khun (142),HOSHIARPUR,31.5855846,75.89128,31589,1895.7247192602424,1894.7353515625,0.4948567112466276,0.1119294762152388,1.4081160241726531,-0.4882894370558908,-0.0502301686117524,934.6638753816252,22.46991964521487,0.9825613291532874,0.01764,15,15,280,240.0,HOSHIARPUR-I
31197,Balo Chohan (308),HOSHIARPUR,31.9947872,75.66113,31197,1895.8374414187545,1894.7342529296875,0.6071110172848846,0.2031706471238352,1.79436290530185,-0.5663444045616189,-0.1369840608093586,1207.869449537029,22.3307768832658,1.0,31.0,30,30,68,47.0,HAJIPUR
31247,Serakwal (341),HOSHIARPUR,32.0207176,75.3847046,31247,1893.756889514276,1894.7227783203125,0.5593222422558287,0.1472081543617186,1.5172881745723792,-0.5504008686739433,-0.0796572251153046,1207.869449537029,22.3307768832658,1.0,123.0,40,40,160,144.0,HAJIPUR
38457,Bassi (410),RUPNAGAR,31.1711712,76.42063,38457,1891.5868551965707,1894.722412109375,0.5109521701600223,0.1459022699501167,1.5475976901816155,-0.487060732366221,-0.0819968603179575,810.4314516005935,21.575599829471983,1.0,141.0,48,25,200,167.0,NURPUR BEDI
31017,Dhaddar (185),HOSHIARPUR,31.81982,75.78629,31017,1894.0068965386693,1894.7158203125,0.5198924598437903,0.1657757604561076,1.4608223235917244,-0.5156429465343276,-0.0881027509001751,1236.247518937816,22.029085885063463,1.0,34.0,27,6,126,41.0,DASUYA
27633,Sharaf Chak (101),PATHANKOT,32.216217,75.49725,27633,1894.825092281965,1894.7108154296875,0.6421871247209362,0.2480076966018599,1.91522458073794,-0.5860094586512942,-0.1797087793155102,1063.569212239017,21.93443131804776,1.0,101.0,25,35,56,129.0,NAROT JAIMAL SINGH
27642,Thakarpur (169),PATHANKOT,32.28829,75.64246,27642,1895.4244355414264,1894.7022705078125,0.613364229183413,0.2194930885369623,1.6843895225026,-0.5720502755150593,-0.1454496887448766,1063.569212239017,21.93443131804776,1.0,150.0,87,90,165,106.0,GHAROTA
31760,Chohal (CT),HOSHIARPUR,31.36937,75.82165,31760,1892.059288413708,1894.700439453125,0.5597418880118075,0.1105650397202333,1.5001113455144282,-0.5390780869098918,-0.0567703016082084,1090.1734474112886,21.98667078098537,0.2154363907066782,4.0,3,3,3,0.0,HOSHIARPUR-II
31370,Bhatolian (523),HOSHIARPUR,31.6290226,75.8526154,31370,1893.6780222037005,1894.6983642578125,0.4648442065789126,0.0717901743312715,1.2099043467323831,-0.4865838442893904,-0.0110772530650077,987.988719623317,22.217897946298365,1.0,2.8,25,0,185,168.0,BHUNGA
31196,Sohali (307),HOSHIARPUR,31.9819813,75.7499847,31196,1895.605302873941,1894.6947021484375,0.5846999784420891,0.1859483354790816,1.719690201840968,-0.5533715467992892,-0.1194686427522348,1207.869449537029,22.3307768832658,1.0,84.0,50,61,123,103.0,HAJIPUR
27825,Sandalpur (28),GURDASPUR,32.10811,75.32265,27825,1895.781851060092,1894.6824951171875,0.670979313683004,0.2667262396532711,2.209785757805093,-0.5918054738769429,-0.2062159262793546,1127.5242821642676,21.954742171728675,0.3084525250521349,58.0,18,11,82,62.0,DORANGLA
31251,Jamalpur (346),HOSHIARPUR,31.9606857,75.67164,31251,1892.0454148854428,1894.682373046875,0.6068480860426703,0.2032735980512532,1.7491034540500252,-0.5701426265569828,-0.1339236066725294,1207.869449537029,22.3307768832658,1.0,81.0,40,40,59,92.0,HAJIPUR
27597,Ladpalwan (178),PATHANKOT,32.18018,75.59509,27597,1892.4605223507203,1894.675048828125,0.5469946567783245,0.18781578453232,1.452941599196,-0.5270582134652435,-0.1087313508523956,1063.569212239017,21.93443131804776,1.0,500.0,96,56,174,235.0,GHAROTA
27675,Chak Man Singhpur (27),PATHANKOT,32.25225,75.52721,27675,1893.853983300492,1894.6744384765625,0.5783563642088707,0.1905930361263502,1.5139077681095745,-0.541688019004369,-0.1133126957849268,989.6025898864168,21.66923708322446,1.0,39.0,0,4,10,42.0,NAROT JAIMAL SINGH
31260,Dhande Katwal (385),HOSHIARPUR,31.9763412,75.7510452,31260,1894.8835596901667,1894.66455078125,0.5978883455633301,0.2040616504712902,1.6402946040525357,-0.5697993220281562,-0.1313992927310608,1223.9943983962437,22.189141458361576,1.0,180.0,225,235,320,213.0,HAJIPUR
27512,Kaunterpur (298),PATHANKOT,32.28829,75.53589,27512,1892.635171557828,1894.6630859375,0.4565410092137878,0.0795901368107077,1.1805911003835472,-0.4681442350636626,-0.0118632806478062,1090.6801718973377,21.59644242736442,0.7330767141823645,2.47,80,80,275,567.0,PATHANKOT
31040,Nangal Bihalan (226),HOSHIARPUR,31.9085732,75.68523,31040,1893.973312182367,1894.659912109375,0.5465568092399399,0.1606142007193506,1.532651697970696,-0.5355759288374817,-0.0911487660383874,1236.247518937816,22.029085885063463,1.0,337.0,500,350,825,397.0,HAJIPUR
38413,Mehndali Khurd (327),RUPNAGAR,31.2432442,76.49996,38413,1896.10054748127,1894.6595458984375,0.6533462020792135,0.1838745523828638,1.7588603444813304,-0.6226190709335402,-0.1286170675553602,812.7926639900262,21.184431661847,1.0,90.0,80,100,110,223.0,ANANDPUR SAHIB
27621,Man Singhpur (23),PATHANKOT,32.25225,75.52721,27621,1892.4106623648663,1894.6536865234375,0.565832018455474,0.183894514918774,1.537406540927174,-0.5346580005609449,-0.1092598498148281,997.820168654088,21.577756052123327,1.0,98.0,0,50,356,176.0,NAROT JAIMAL SINGH
38455,Chanauli (408),RUPNAGAR,31.18919,76.4773,38455,1892.0306428876224,1894.6510009765625,0.4846523403239683,0.1057674293476103,1.3018627705880068,-0.4843770189684918,-0.0405922277636594,816.8369099121288,21.765729408612508,1.0,202.0,250,250,400,263.0,NURPUR BEDI
31497,Jahan Khelan (354),HOSHIARPUR,31.5135136,75.91723,31497,1893.888869460504,1894.6505126953125,0.5398114426364318,0.1022768347036431,1.4233500282165157,-0.5309384103897173,-0.0447896068953189,1029.7934654166595,21.975286113537663,0.8845933123346625,40.89,90,90,100,777.0,HOSHIARPUR-II
30981,Passi Kandi (159),HOSHIARPUR,31.8378372,75.71625,30981,1893.332455841375,1894.6439208984375,0.5375115631018137,0.1454901783460295,1.5370103037081773,-0.5317286260997487,-0.0795595139586972,1121.7783483674425,22.15049259431709,1.0,279.0,44,0,295,276.0,DASUYA
27703,Manwal Mangwal (31),PATHANKOT,32.2777252,75.65392,27703,1895.3479910419728,1894.6395263671875,0.5194720347472314,0.1321266036390466,1.3685003942028937,-0.5122581301999041,-0.0611925290105246,989.6025898864168,21.66923708322446,1.0,145.0,42,22,170,276.0,BAMIAL
31193,Bachhowali (298),HOSHIARPUR,31.9819813,75.7499847,31193,1894.644656145532,1894.638671875,0.5710093861351913,0.1774859241963814,1.6836304326268745,-0.5418772738767537,-0.1131813949650302,1207.869449537029,22.3307768832658,1.0,58.0,16,16,36,64.0,HAJIPUR
31254,Bela Sariana (386),HOSHIARPUR,31.97619,75.7509842,31254,1893.5749233936872,1894.632568359375,0.5694070023342576,0.1703984053047629,1.53684969616388,-0.5510027819468286,-0.0986507925480153,1223.8606172807372,22.19031654085739,1.0,165.0,41,42,45,1431.0,HAJIPUR
27682,Janial (17),PATHANKOT,32.31462,75.34723,27682,1893.8547183511264,1894.630126953125,0.5524096065178864,0.1724790946295084,1.48839288329279,-0.5290461578417536,-0.1006634131282993,989.6025898864168,21.66923708322446,1.0,151.0,230,23,525,264.0,BAMIAL
27602,Jagatpur (177),PATHANKOT,32.1621628,75.58014,27602,1893.772579444446,1894.629150390625,0.5701716637455604,0.191660053942053,1.5240828485501143,-0.5457768729316803,-0.1143730249153762,1063.569212239017,21.93443131804776,1.0,126.0,84,84,155,152.0,GHAROTA
27658,Rattangarh (105),PATHANKOT,32.1981964,75.4823,27658,1894.1020070810337,1894.6197509765625,0.5814740317636723,0.2025227871802368,1.6606783013209392,-0.5458985183036145,-0.1307059393144403,1063.569212239017,21.93443131804776,1.0,61.0,10,150,378,97.0,NAROT JAIMAL SINGH
27596,Kanwan (167),PATHANKOT,32.27027,75.584816,27596,1894.1493977241723,1894.613037109375,0.5569300181968534,0.2043744869808358,1.512363876094746,-0.5343870323383372,-0.1244767722714408,1063.569212239017,21.93443131804776,1.0,12.0,8,6,178,131.0,GHAROTA
27677,Fatehpur (21),PATHANKOT,32.25225,75.5059,27677,1893.0705984558035,1894.6055908203125,0.5783126047526219,0.2073726056166473,1.552283892900142,-0.5468666704801317,-0.1287725124372183,989.6025898864168,21.66923708322446,1.0,94.0,0,117,207,118.0,NAROT JAIMAL SINGH
31255,Saido (351),HOSHIARPUR,31.97619,75.7509842,31255,1894.9854440870029,1894.584716796875,0.5887280330664312,0.1954709911350179,1.6566601348602956,-0.5616769597567346,-0.1239507788947805,1214.2187827577072,22.27500675237007,1.0,164.0,145,155,160,180.0,HAJIPUR
31273,Repur (589),HOSHIARPUR,31.90991,75.92407,31273,1895.20908349805,1894.584228515625,0.6221310755354569,0.1868123866411641,1.746565169638885,-0.5871094226921517,-0.1247662480292522,1257.6753236171578,22.040327258887515,1.0,2.47,70,70,251,229.0,TALWARA
31246,Sariana (349),HOSHIARPUR,31.9763985,75.7511,31246,1893.526208901528,1894.5826416015625,0.5657395464714703,0.1393839479102439,1.5438393313708083,-0.5536218184958327,-0.0758769880174413,1208.615484659035,22.32422399417388,1.0,60.0,60,60,73,642.0,HAJIPUR
31229,Sibochak (395),HOSHIARPUR,32.0235519,75.65683,31229,1891.617144873885,1894.570068359375,0.6137779970108296,0.2271875369236175,1.80252270069011,-0.5704781772564147,-0.1561416086533994,1158.9327358065532,22.19879430953261,1.0,65.0,22,82,109,84.0,MUKERIAN
31380,Gill (429),HOSHIARPUR,0.0,0.0,31380,1893.0648510899453,1894.5677490234375,0.4996464193415389,0.1111729305156608,1.3200950395390192,-0.5061230094898168,-0.0482215029870797,987.988719623317,22.217897946298365,1.0,101.0,60,0,62,116.0,BHUNGA
27528,Pawar (283),PATHANKOT,32.18018,75.61638,27528,1892.932039095815,1894.565185546875,0.6216848157604216,0.2643086980775917,1.725730469467056,-0.5853474973768248,-0.1804713249979716,1087.7837928941149,21.529644098878293,1.0,325.0,85,56,68,100.0,GHAROTA
31389,Kotli (504),HOSHIARPUR,31.6290226,75.8526154,31389,1893.27389451528,1894.560546875,0.4003790242771472,0.0334856713179162,1.0106637570873065,-0.4352467471224835,0.0265766139762357,987.988719623317,22.217897946298365,1.0,402.0,11,0,88,78.0,BHUNGA
27678,Alyal (25),PATHANKOT,32.28829,75.45064,27678,1894.5251536165708,1894.5513916015625,0.557164395537162,0.1923119783915624,1.48092837496324,-0.5312950754696826,-0.1147641915614974,989.6025898864168,21.66923708322446,1.0,76.0,0,38,61,84.0,NAROT JAIMAL SINGH
31258,Maraula (355),HOSHIARPUR,31.9970474,75.74303,31258,1896.66551755102,1894.54736328125,0.5347214708282103,0.1229676754961217,1.4353839069417942,-0.5335103622914373,-0.0598166068344332,1213.074155683165,22.28506072174922,1.0,28.0,125,127,175,33.0,HAJIPUR
27580,Haibo (271),PATHANKOT,32.0,75.3399353,27580,1893.894934442415,1894.54345703125,0.4822579890389706,0.132393547242801,1.2194903257590088,-0.4995072740685142,-0.0530470793664063,1063.569212239017,21.93443131804776,1.0,160.0,30,30,70,62.0,GHAROTA
31575,Brahmjit (373),HOSHIARPUR,31.6084633,75.8664246,31575,1897.8869160749784,1894.541259765625,0.4367419244746259,0.0647513265498765,1.2415986598664408,-0.4443147385184955,-0.0091427998717045,935.5591627766984,22.469599437629142,0.1993460933351055,32.0,26,30,132,93.0,HOSHIARPUR-I
27585,Kunda (273),PATHANKOT,31.90991,75.4995651,27585,1894.319066517836,1894.539306640625,0.4635184912883353,0.0990494262140876,1.2224750271616764,-0.4720927319617376,-0.0306596522343043,1063.569212239017,21.93443131804776,1.0,36.0,48,48,181,44.0,GHAROTA
31498,Bassi Mustapha (353),HOSHIARPUR,31.5135136,75.91723,31498,1894.1027812060831,1894.53369140625,0.6131712733888302,0.1637194402346943,1.6173266988421782,-0.589148847510686,-0.1020882969640672,1029.7934654166595,21.975286113537663,0.8013865792169433,36.84,100,100,181,117.0,HOSHIARPUR-II
27704,Muthi (33),PATHANKOT,32.25725,75.65357,27704,1894.61400663638,1894.523193359375,0.534824390895973,0.1508664635871397,1.3287351539881198,-0.5282989355979189,-0.0723170288621491,989.6025898864168,21.66923708322446,1.0,778.0,50,20,261,271.0,BAMIAL
31253,Puro Chak (348),HOSHIARPUR,31.97619,75.7509842,31253,1892.818922825332,1894.505126953125,0.560714269806976,0.1585663037054434,1.5336184203176424,-0.5444089907442177,-0.0894564435092524,1219.151054967582,22.23168354705141,1.0,99.0,99,100,104,117.0,HAJIPUR
27604,Lahri (183),PATHANKOT,32.18018,75.61638,27604,1894.425803630392,1894.4896240234375,0.5984145016901328,0.2281446279680881,1.6293332701084593,-0.5638953572715361,-0.1480887889976694,1063.569212239017,21.93443131804776,1.0,250.0,56,45,57,161.0,GHAROTA
30970,Khun Khun Sarki (103),HOSHIARPUR,31.8738747,75.7034149,30970,1893.41168469662,1894.48388671875,0.4867068283651804,0.1065689133185198,1.3755298717670743,-0.4890297972669078,-0.0455184715302129,1121.7783483674425,22.15049259431709,1.0,58.0,33,7,149,70.0,DASUYA
31410,Baroti (493),HOSHIARPUR,31.54955,75.9888153,31410,1892.514491607204,1894.4788818359375,0.5924285848033346,0.1467668082047693,1.6725789242472584,-0.554560182501146,-0.0921818728534479,1046.6764366465384,22.122531144898748,0.4501333456562569,162.0,60,70,220,780.0,HOSHIARPUR-I
38415,Gajjpur (374),RUPNAGAR,31.2432442,76.47889,38415,1892.3487279357107,1894.4776611328125,0.5174987374273504,0.1197599219411541,1.3618316485606443,-0.5151171953044431,-0.052106766288891,817.2142872711905,21.81997156220601,1.0,800.0,240,240,250,334.0,ANANDPUR SAHIB
31215,Kaulpur Kalan (329),HOSHIARPUR,31.9459457,75.6141,31215,1893.847392652669,1894.460205078125,0.6185348527914667,0.2332229691405981,1.8208807982212856,-0.5763956001084831,-0.1613109541391056,1194.0012337119508,22.294759176833384,1.0,67.0,45,50,98,72.0,MUKERIAN
27711,Anial (36),PATHANKOT,32.3063049,75.33773,27711,1895.617277994662,1894.458251953125,0.5480134386775978,0.1422475871985137,1.3951793126356358,-0.5345828206127506,-0.0700612934620958,989.6025898864168,21.66923708322446,1.0,126.0,128,56,270,163.0,BAMIAL
31282,Siri Pandain (376),HOSHIARPUR,31.9459457,75.89014,31282,1898.0137888251952,1894.4532470703125,0.5796668731562028,0.1463370265947188,1.637108377118312,-0.5458226224349333,-0.0918309709147658,1245.610361466649,21.87354136818717,0.7833701604478979,2.47,42,30,325,231.0,TALWARA
31008,Kaluwal (156),HOSHIARPUR,31.8378372,75.71625,31008,1894.0859745265388,1894.4354248046875,0.6170665447653164,0.2066551881504576,1.9588960242349327,-0.569074069454961,-0.1461276661883891,1236.247518937816,22.029085885063463,1.0,87.0,9,0,92,88.0,DASUYA
38360,Barari (299),RUPNAGAR,31.2252254,76.50645,38360,1893.0796387199475,1894.4273681640625,0.7024294582606259,0.2214071222012135,2.0791908398825867,-0.6197298578790384,-0.1778361974852249,842.5593766381638,21.29262687155017,0.7011177507415846,40.0,0,20,49,58.0,ANANDPUR SAHIB
27632,Man Mangal (100),PATHANKOT,32.216217,75.5185547,27632,1894.693134416772,1894.4212646484375,0.6239345138843595,0.2461035226432579,1.7704415902203685,-0.576462603674633,-0.170240628978286,1063.569212239017,21.93443131804776,1.0,53.0,8,30,104,61.0,NAROT JAIMAL SINGH
27586,Ferozepur Khurd (272),PATHANKOT,31.90991,75.4995651,27586,1893.629159697164,1894.417724609375,0.510407634610058,0.1552147358049115,1.4065298470904704,-0.4984330798716216,-0.0804083367520837,1063.569212239017,21.93443131804776,1.0,56.0,28,28,109,64.0,GHAROTA
27607,Naushehra (187),PATHANKOT,32.2236176,75.50896,27607,1894.6446076794152,1894.4158935546875,0.6519232547637746,0.2615390355754274,1.8899513278871365,-0.5944039497900728,-0.1885855818189565,1063.569212239017,21.93443131804776,1.0,2.47,0,4,78,90.0,GHAROTA
27685,Bhakhari (16),PATHANKOT,32.3157845,75.3551559,27685,1893.6155688405647,1894.410400390625,0.5355589116883726,0.1663939626093688,1.3416921712197654,-0.527521474224987,-0.0863287657416748,989.6025898864168,21.66923708322446,0.9617610536311424,68.0,26,22,70,76.0,BAMIAL
27584,Bhawani (274),PATHANKOT,32.1261253,75.529,27584,1894.512285608044,1894.4073486328125,0.5476621317600121,0.1459366793812428,1.5098994100358762,-0.5254488400309811,-0.0793498073181501,1063.569212239017,21.93443131804776,1.0,107.0,25,35,326,79.0,GHAROTA
31377,Nangal Thathal (436),HOSHIARPUR,31.6960316,75.78238,31377,1892.741335347,1894.40478515625,0.4845143225203218,0.0975304137872545,1.2370708914517643,-0.5034261042101121,-0.0314488306027659,987.988719623317,22.217897946298365,1.0,80.0,70,0,134,195.0,BHUNGA
27640,Danour (172),PATHANKOT,32.27508,75.65885,27640,1894.504645789184,1894.3790283203125,0.5540302322864943,0.1800261848044223,1.5010718237687015,-0.5323040033086986,-0.1060091028904373,1063.569212239017,21.93443131804776,1.0,2.47,0,0,166,133.0,GHAROTA
27559,Targarh (193),PATHANKOT,32.27027,75.64874,27559,1893.6503069251803,1894.377685546875,0.6280924771801043,0.2501114535197116,1.751527316372308,-0.5820821566696004,-0.1726100675503918,1063.569212239017,21.93443131804776,1.0,200.0,15,15,232,102.0,PATHANKOT
38502,Chonta (430),RUPNAGAR,31.1711712,76.42063,38502,1893.2265642361344,1894.3607177734375,0.4296576519796612,0.1366405822055813,1.3738705277810916,-0.3845602519168221,-0.0812045358727342,789.9736556222337,21.977613010914524,1.0,102.0,70,80,125,142.0,NURPUR BEDI
27624,Jaswan (77),PATHANKOT,32.25225,75.52721,27624,1893.574172967198,1894.3594970703125,0.6427737472933083,0.1892199899887971,1.9802581200390128,-0.5943340391251245,-0.1370883200574346,1009.0451373386138,21.45279567895432,0.4305966665975173,12.0,15,15,80,454.0,NAROT JAIMAL SINGH
31414,Kantian (392),HOSHIARPUR,31.5380535,75.8922043,31414,1893.285852065669,1894.3563232421875,0.3951152427673129,0.032990820888403,0.9860146582007424,-0.4270127692937335,0.0258533661281228,935.5591627766984,22.469599437629142,0.6888642402147273,404.0,38,42,257,527.0,HOSHIARPUR-I
27601,Dhobra (182),PATHANKOT,32.18018,75.59509,27601,1892.950979837215,1894.356201171875,0.6022435580700182,0.2326054513055603,1.6477043722847404,-0.5630886363892752,-0.1533255703835776,1063.569212239017,21.93443131804776,1.0,450.0,120,98,230,182.0,GHAROTA
31461,Bassi Maruf Hussainpur (380),HOSHIARPUR,31.6084175,75.86644,31461,1894.470411000568,1894.349365234375,0.451146678812959,0.0568477262371488,1.1243134633147085,-0.4741786425405361,0.0032272660939744,935.5591627766984,22.469599437629142,0.7076282445195444,10.0,9,5,20,552.0,HOSHIARPUR-I
31041,Sahaura Kandi (623),HOSHIARPUR,31.9639645,75.6714,31041,1892.8880085896376,1894.343017578125,0.598547030841413,0.1578670786204761,1.7067517287715674,-0.5735928754203418,-0.100390759511806,1237.851895481664,22.025711421262184,0.8740810048661085,139.0,170,170,235,379.0,HAJIPUR
27652,Pakho Chak (148),PATHANKOT,32.216217,75.5185547,27652,1893.7620674688228,1894.34228515625,0.5856388551261557,0.2063871552951038,1.6085400926006508,-0.5544040841992983,-0.1292443163210763,1063.569212239017,21.93443131804776,1.0,81.0,0,106,213,96.0,NAROT JAIMAL SINGH
27581,Milwan (270),PATHANKOT,31.9819813,75.34638,27581,1894.0522029775364,1894.3345947265625,0.4760860523390209,0.1190520317537668,1.219539870913686,-0.4911469714006327,-0.0443795245067779,1063.569212239017,21.93443131804776,1.0,122.0,31,40,125,68.0,GHAROTA
27660,Jhela Amda Gurdaspur (104),PATHANKOT,32.25225,75.4846,27660,1894.608696275397,1894.3341064453125,0.629269423918318,0.2314564427292529,1.896187303548384,-0.5754962187216649,-0.1657178282508451,1063.569212239017,21.93443131804776,1.0,164.0,0,189,269,182.0,NAROT JAIMAL SINGH
30897,Rana (43),HOSHIARPUR,31.6936932,75.78898,30897,1892.574711483676,1894.322509765625,0.556779405265052,0.1509432106071936,1.5504712119251929,-0.5444068821528958,-0.0863530124430015,988.1991081337457,22.217320788491747,1.0,7.1,91,95,112,119.0,BHUNGA
31265,Passi Karoro (371),HOSHIARPUR,31.9459457,75.89014,31265,1895.612883021997,1894.296142578125,0.6198461653809073,0.2007678309776402,1.782608527044789,-0.5830918046628145,-0.1356923825612244,1259.759785926786,22.03111736967208,0.9597943997695936,2.0,82,80,122,159.0,TALWARA
31243,Badhan (301),HOSHIARPUR,31.96107,75.69436,31243,1894.0253611412493,1894.28369140625,0.6031800017299643,0.1895174991617685,1.7765200245240154,-0.5648918270275889,-0.1250031407960483,1207.869449537029,22.3307768832658,1.0,64.0,40,40,103,79.0,HAJIPUR
38414,Kotla (370),RUPNAGAR,31.2252254,76.4853745,38414,1893.755002790708,1894.279296875,0.5818779228742664,0.170690401086175,1.858195326173557,-0.5226365813600747,-0.1281807842374935,815.2765427883799,21.541450788903933,1.0,280.0,400,400,550,486.0,ANANDPUR SAHIB
30898,Gondpur (42),HOSHIARPUR,31.6936932,75.78898,30898,1893.0590674174289,1894.27734375,0.5649482633063224,0.1603361100448364,1.6273576936532668,-0.5442216209467307,-0.0967980918387657,990.7326417314556,22.210370557747627,1.0,9.3,285,16,335,358.0,BHUNGA
27629,Khush Nagar (98),PATHANKOT,32.27027,75.47827,27629,1894.6641991711915,1894.2694091796875,0.6575597031602081,0.2486093348436339,2.046191006928757,-0.5873185613444344,-0.1878231629922408,1063.569212239017,21.93443131804776,1.0,2.47,80,50,230,246.0,NAROT JAIMAL SINGH
31015,Makhowal (176),HOSHIARPUR,31.8378372,75.71625,31015,1893.5474636854683,1894.268310546875,0.5741634879527233,0.1593775697959034,1.7879032108846142,-0.5439194816524566,-0.1015574386590517,1236.247518937816,22.029085885063463,1.0,40.0,5,0,18,68.0,DASUYA
31453,Kabirpur (400),HOSHIARPUR,31.7357788,75.86839,31453,1893.486153118757,1894.2581787109375,0.477748358231731,0.0749994311377493,1.2615546230435395,-0.4887762746563971,-0.0167832675908398,935.5591627766984,22.469599437629142,1.0,300.1,14,14,148,53.0,BHUNGA
30893,Pakhowal (432),HOSHIARPUR,31.696846,75.85391,30893,1892.1652892607783,1894.2508544921875,0.5781783399507076,0.1771649916279368,1.7190258748277794,-0.551908164230434,-0.1130803839230774,987.988719623317,22.217897946298365,1.0,150.4,12,0,70,55.0,BHUNGA
27651,Rahimpur (156),PATHANKOT,32.27027,75.584816,27651,1894.9624538346084,1894.239013671875,0.5939724322896268,0.2132082636428218,1.576056246722216,-0.5652629671860337,-0.1329255600057457,1063.569212239017,21.93443131804776,1.0,94.0,0,6,42,40.0,GHAROTA
31403,Maker Soli (403),HOSHIARPUR,31.7025318,75.861,31403,1892.9833398847643,1894.2373046875,0.5059268156438899,0.081446433035062,1.2857964172562335,-0.5181645174367029,-0.0225863298812379,935.5591627766984,22.469599437629142,0.7138676635445036,50.0,12,0,33,67.0,BHUNGA
27606,Gotran Lahri (188),PATHANKOT,32.2751,75.65887,27606,1893.8758751251644,1894.2276611328125,0.5957062154597568,0.2435321747579004,1.6915544248879464,-0.5533037302938721,-0.1641173174774472,1063.569212239017,21.93443131804776,1.0,0.47,0,0,123,88.0,GHAROTA
31402,Dhakki (405),HOSHIARPUR,31.7097569,75.877594,31402,1892.960488823036,1894.21728515625,0.4807333123149643,0.0944539261827956,1.245344459157613,-0.500306809553096,-0.0311627061189647,1009.6477204173552,22.12001882397789,0.9977255156432596,98.0,19,0,121,123.0,BHUNGA
27688,Bhalotar (11),PATHANKOT,32.3157845,75.35516,27688,1892.8676822509628,1894.2099609375,0.5688141566778123,0.2007566886906699,1.4478894632050243,-0.5566709652493105,-0.1190341035850663,989.6025898864168,21.66923708322446,1.0,95.0,30,25,59,108.0,BAMIAL
31195,Saroya (302),HOSHIARPUR,31.90991,75.73305,31195,1894.2888001457989,1894.205322265625,0.580482088204078,0.1867544873378312,1.688450612352271,-0.5528271279488558,-0.1196785658201625,1207.869449537029,22.3307768832658,1.0,62.0,15,60,82,72.0,MUKERIAN
31270,Ulaha (380),HOSHIARPUR,31.99285,75.7309,31270,1895.53456769236,1894.1982421875,0.5905436864009704,0.1914246049442606,1.635555416397583,-0.5615432884520488,-0.1199474903460252,1223.9943983962437,22.189141458361576,1.0,50.0,77,79,98,74.0,HAJIPUR
27561,Kotli Mughlan (254),PATHANKOT,32.1261253,75.529,27561,1891.750930612578,1894.1812744140625,0.5524193653116107,0.1739132975396294,1.4960359823471627,-0.5232628622298302,-0.1050679294452199,1069.5994215405276,21.833626282894954,1.0,176.0,145,155,461,252.0,GHAROTA
30892,Khurd (45),HOSHIARPUR,31.6868687,75.83762,30892,1892.2510002105537,1894.1788330078125,0.5046380991008249,0.1221279323527793,1.3732423665018467,-0.5121513026282257,-0.0547597061131125,987.988719623317,22.217897946298365,1.0,300.0,14,0,221,101.0,BHUNGA
31104,Jugial (369),HOSHIARPUR,30.7114658,76.72305,31104,1894.3515541629067,1894.1749267578125,0.5582351127363658,0.1007137475160994,1.4862980598044295,-0.5637439301142212,-0.0437231636584398,1236.247518937816,22.029085885063463,0.9805406578771502,200.0,180,150,252,417.0,HAJIPUR
27587,Saidowal (165),PATHANKOT,32.1261253,75.529,27587,1893.092656174841,1894.1678466796875,0.5911744868117272,0.2062050726393363,1.6550544753339729,-0.551466751047754,-0.1317805334896924,1063.569212239017,21.93443131804776,1.0,100.0,46,55,117,118.0,GHAROTA
27613,Maira Kalan (87),PATHANKOT,32.27027,75.47827,27613,1892.355386754149,1894.15966796875,0.4418175175623849,0.0826309595506955,1.174923233019416,-0.4406247045708078,-0.0211890652189215,1026.875072996845,21.254306446952512,0.624288928314802,68.0,10,0,57,539.0,NAROT JAIMAL SINGH
31383,Pandori (524),HOSHIARPUR,0.0,0.0,31383,1892.2796030862164,1894.1575927734375,0.5279116108141241,0.1357898923192999,1.3823415253026303,-0.5294256300260313,-0.0662933210494636,987.988719623317,22.217897946298365,1.0,4.0,9,20,28,62.0,BHUNGA
38967,Chhoti Bari Parachh (349),S.A.S Nagar,30.35963,76.3640442,38967,1891.852818383496,1894.15576171875,0.6157790033391155,0.1448703424499681,1.796701454111041,-0.5652592406390784,-0.0892363069242376,756.0142221858399,22.52865146049311,0.2774498194720322,60.0,55,23,340,899.0,KHARAR
27563,Balsua (190),PATHANKOT,32.18018,75.59509,27563,1892.5075048749227,1894.1497802734375,0.5981776331122659,0.2316897165371829,1.661273316206162,-0.5602984173352085,-0.1535515709468978,1063.569212239017,21.93443131804776,1.0,2.47,60,40,450,153.0,GHAROTA
27594,Lahri Sarmon (168),PATHANKOT,32.1261253,75.529,27594,1894.9498836206608,1894.144775390625,0.6027369558879635,0.2355341363552925,1.6356099064474203,-0.5659196035449535,-0.1532005875454309,1063.569212239017,21.93443131804776,1.0,200.0,35,35,121,109.0,GHAROTA
31245,Dewal (350),HOSHIARPUR,31.976326,75.75116,31245,1894.3027483884,1894.125,0.5476137366563614,0.1403762165326658,1.5506128042071412,-0.5391802948097967,-0.0752605920133149,1207.869449537029,22.3307768832658,1.0,85.0,20,50,68,97.0,HAJIPUR
31244,Jiwanwal (299),HOSHIARPUR,32.0207176,75.3847046,31244,1894.525320655017,1894.123046875,0.524237909219613,0.1234102007376854,1.4787602217480815,-0.5247743181726088,-0.0589731864525189,1207.869449537029,22.3307768832658,1.0,72.0,25,25,96,84.0,HAJIPUR
31596,Raowal (83),HOSHIARPUR,31.5456676,75.78318,31596,1895.274931031616,1894.115478515625,0.4730050623123782,0.1071672057227129,1.3088098215100818,-0.4769160804948982,-0.0408937842756779,846.6854783704179,22.501385909822545,1.0,5.0,20,0,120,136.0,BHUNGA
38471,Sandhoa (508),RUPNAGAR,31.1531525,76.55348,38471,1895.6195976844983,1894.10302734375,0.4370357018583447,0.0572369099556697,1.021253001191198,-0.4769553789108063,0.0141025266780446,815.9560350321963,21.909816452877777,1.0,0.75,35,35,100,95.0,NURPUR BEDI
31228,Badial (396),HOSHIARPUR,31.9459457,75.6141,31228,1892.4245375663209,1894.1025390625,0.5767473116118296,0.1858507674779951,1.6568615347562925,-0.5493156524899072,-0.118530830867295,1203.7976047186037,22.31979509642302,1.0,97.0,25,50,65,106.0,MUKERIAN
31021,Kattowal (186),HOSHIARPUR,31.81982,75.8074951,31021,1894.5372384813272,1894.1002197265625,0.5432712289040073,0.1890195033632566,1.570098135870689,-0.5301789763466579,-0.1114153776216966,1236.247518937816,22.029085885063463,1.0,65.0,36,5,95,76.0,DASUYA
30968,Kakoa (160),HOSHIARPUR,31.9459457,75.89014,30968,1892.8435431062992,1894.0980224609375,0.5576366668432617,0.1380137931651971,1.549463327215484,-0.5503641132655792,-0.0760654531989284,1121.7783483674425,22.15049259431709,1.0,64.0,26,6,127,64.0,DASUYA
31012,Biru Chak (173),HOSHIARPUR,31.8378372,75.71625,31012,1892.05970582709,1894.0672607421875,0.519350928221853,0.1343084607877106,1.4328290505528374,-0.5233949622390895,-0.0651207658971476,1236.247518937816,22.029085885063463,1.0,89.0,6,0,20,59.0,DASUYA
31452,Sherpur Kham (77),HOSHIARPUR,31.5378914,75.89255,31452,1893.9347068352656,1894.053466796875,0.4903869120321311,0.0981829462129469,1.326826376553626,-0.492232656349128,-0.0377740241737954,935.5591627766984,22.469599437629142,1.0,25.1,10,30,130,100.0,HOSHIARPUR-I
27670,Kathlaur (73),PATHANKOT,32.25225,75.52721,27670,1893.811257429808,1894.05126953125,0.5739483079737836,0.1498516118467971,1.6365977732731454,-0.536356802552805,-0.0954029263692818,1045.4758190586535,21.861642167841964,0.8951466312747548,61.0,0,103,125,1021.0,NAROT JAIMAL SINGH
27639,Sherpur Giddarpur (175),PATHANKOT,32.28829,75.64246,27639,1894.7989425846583,1894.0423583984375,0.5930611875007561,0.2205420747875698,1.5972831729373085,-0.5618506974142057,-0.1402675714766841,1063.569212239017,21.93443131804776,1.0,101.0,25,85,127,115.0,GHAROTA
31472,Sherpur Bahtian (367),HOSHIARPUR,31.6084785,75.86645,31472,1893.982290534701,1894.0350341796875,0.5603472419741028,0.109755861858272,1.5654956025019011,-0.5319548300895374,-0.0583859564811485,1090.1734474112886,21.98667078098537,0.3623650141395035,90.0,50,20,153,193.0,HOSHIARPUR-I
27564,Phangarian (191),PATHANKOT,32.2349968,75.52276,27564,1892.2728616492684,1894.0302734375,0.5600423095369131,0.1808177791645061,1.5495444621878582,-0.5291409226698911,-0.1087412728621286,1063.569212239017,21.93443131804776,1.0,2.47,0,5,113,62.0,GHAROTA
31248,Fatehpur (347),HOSHIARPUR,31.93609,75.61949,31248,1893.0834985765305,1894.02294921875,0.5427077637496558,0.1203242766211527,1.490969544861903,-0.5388447049258688,-0.0576422159962209,1207.869449537029,22.3307768832658,1.0,148.0,91,91,191,171.0,HAJIPUR
31280,Sathwan (596),HOSHIARPUR,31.9459457,75.89014,31280,1896.059409160968,1894.0201416015625,0.5962549818890297,0.1583565381668343,1.6047678912423473,-0.5663254996637168,-0.0964695885143804,1225.3640900158707,22.1830896779978,1.0,236.0,28,78,221,402.0,TALWARA
31198,Dhesian (305),HOSHIARPUR,31.9819813,75.7499847,31198,1895.0991148400776,1894.01513671875,0.6199446854286264,0.2177243672880994,1.7958669255280033,-0.5813438640340782,-0.1481713491631802,1207.869449537029,22.3307768832658,1.0,28.0,25,25,60,33.0,HAJIPUR
27555,Bhagwansar (196),PATHANKOT,32.27027,75.62743,27555,1891.6213655635368,1894.0123291015625,0.5753353870604979,0.1916005943453529,1.626818100971992,-0.5386365976250826,-0.122722503559202,1058.1859242615308,21.83465222205544,1.0,160.0,86,86,170,141.0,PATHANKOT
31379,Gajj (430),HOSHIARPUR,0.0,0.0,31379,1892.5062631727376,1894.01123046875,0.5450506831301724,0.1199485409721399,1.444814090827231,-0.5429810434147688,-0.0617419934964843,987.988719623317,22.217897946298365,1.0,52.0,68,0,135,133.0,BHUNGA
27560,Gobindsar (192),PATHANKOT,32.27027,75.64874,27560,1892.260432007108,1894.001708984375,0.6103144442172125,0.2273733934810238,1.669723984829941,-0.572042936172111,-0.1517734735907263,1063.569212239017,21.93443131804776,1.0,137.0,32,20,200,143.0,PATHANKOT
38606,Diwari (334),RUPNAGAR,31.09916,76.5470047,38606,1891.2645357411468,1894.0010986328125,0.4739839739744417,0.1226770107193854,1.1691545231351956,-0.4915263842260163,-0.0401809390180757,796.0528753228205,22.051030802886743,0.8892498061258088,170.0,20,20,50,281.0,RUPNAGAR
38451,Chahar Majra (404),RUPNAGAR,31.3873882,76.384964,38451,1894.074584886608,1893.9979248046875,0.4038078390017211,0.0428058061433149,0.983327288438666,-0.4437112001695755,0.0238328240603148,815.7373538055538,21.91795205028755,1.0,65.0,28,25,138,123.0,NURPUR BEDI
27609,Sohaura Khurd (96),PATHANKOT,32.25225,75.52721,27609,1893.8854364740369,1893.9976806640625,0.6214373837033795,0.2185381319603795,1.839562987456742,-0.5693010889305345,-0.1525500396044324,1063.569212239017,21.93443131804776,1.0,101.0,30,30,80,428.0,NAROT JAIMAL SINGH
31038,Jakhrawal (625),HOSHIARPUR,31.9085732,75.68523,31038,1892.7925102964296,1893.957275390625,0.5867404284747475,0.1810740269856271,1.6779223324822143,-0.5634929054472946,-0.1145899525984444,1236.247518937816,22.029085885063463,1.0,79.0,70,70,114,88.0,HAJIPUR
27530,Chhawla (281),PATHANKOT,32.18018,75.61638,27530,1893.267236749571,1893.9521484375,0.4715520609478429,0.1025760464685989,1.2108959553628589,-0.4799858008696315,-0.0334373183159345,1087.7837928941149,21.529644098878293,1.0,250.0,522,39,108,115.0,GHAROTA
31242,Arthewal (303),HOSHIARPUR,31.9947872,75.66113,31242,1893.8784599216324,1893.9505615234375,0.602406173433441,0.1782088835971824,1.7442992978870682,-0.5697217009190703,-0.1144595458587049,1207.869449537029,22.3307768832658,1.0,46.0,25,25,126,56.0,HAJIPUR
27637,Malkana (174),PATHANKOT,32.25952,75.54665,27637,1894.939910886552,1893.943603515625,0.5715139057710458,0.1885065879995968,1.5865381355540764,-0.543011118539789,-0.1150729891938862,1063.569212239017,21.93443131804776,1.0,16.194,0,60,84,74.0,GHAROTA
31302,Rajwal (605),HOSHIARPUR,31.9459457,75.8476639,31302,1895.418195138124,1893.9400634765625,0.6260530738817365,0.1867960779681113,1.7875923457729266,-0.584158863667968,-0.1297310248897048,1280.9821449189983,21.518814313699604,0.2053725923920276,2.47,47,75,390,813.0,TALWARA
31103,Siparian (367),HOSHIARPUR,31.9087257,75.68526,31103,1893.439453105659,1893.9287109375,0.5899448389601599,0.1558192267483442,1.6806276786478862,-0.5679513465033007,-0.0996599383159897,1236.247518937816,22.029085885063463,0.98169923071498,234.0,400,400,650,318.0,HAJIPUR
31013,Gazi Bhatoli (178),HOSHIARPUR,31.81982,75.8074951,31013,1892.786073937515,1893.9195556640625,0.5611572717498166,0.1541455807994511,1.6733813391315575,-0.5372579918910643,-0.0928263368770977,1236.247518937816,22.029085885063463,1.0,40.0,5,0,11,97.0,DASUYA
31496,Kilan Berun (350),HOSHIARPUR,31.36937,75.82165,31496,1893.513480959224,1893.89892578125,0.6864136282923056,0.188660831937451,1.8071147181308111,-0.6370428156382902,-0.1365573427132213,1029.7934654166595,21.975286113537663,0.9204591737667616,32.0,131,152,350,128.0,HOSHIARPUR-II
31023,Sehrak (628),HOSHIARPUR,31.81982,75.8074951,31023,1891.7328537100216,1893.8892822265625,0.5215494864656263,0.0926592855825639,1.3779784925720335,-0.5298108538875819,-0.031014504185646,1238.3409040861673,22.024682895981886,1.0,129.0,18,0,158,156.0,DASUYA
27527,Nala (280),PATHANKOT,32.1981964,75.52489,27527,1893.8589933433743,1893.8887939453125,0.5303179306393325,0.1609439913811217,1.5246816633274178,-0.5133477935648116,-0.091665716447023,1087.7837928941149,21.529644098878293,1.0,400.0,30,0,180,167.0,GHAROTA
31372,Phambra (527),HOSHIARPUR,31.7097569,75.877594,31372,1893.0610225138068,1893.8848876953125,0.509005294220117,0.1004240121042899,1.3571001270355971,-0.5164925713246127,-0.0390517509222776,987.988719623317,22.217897946298365,1.0,227.1,32,0,169,268.0,BHUNGA
31237,Budha Bar (387),HOSHIARPUR,31.9819813,75.6225357,31237,1890.848877294041,1893.8753662109375,0.5866329744440327,0.1930925615987793,1.6517567070731871,-0.5605125042558572,-0.12232080813636,1196.9708228301554,22.30138322984491,1.0,1400.0,1020,1150,1201,997.0,MUKERIAN
31263,Nikoo Chak (358),HOSHIARPUR,30.7114658,76.72305,31263,1897.0784336825309,1893.8720703125,0.5566106404027323,0.1589531624389796,1.5400295148592715,-0.5326619991827765,-0.0939032967499998,1221.7730582379593,22.20865286642453,1.0,110.0,200,200,334,143.0,HAJIPUR
31476,Satlal (366),HOSHIARPUR,31.5315323,75.889595,31476,1894.4399816891928,1893.865966796875,0.5235417210971669,0.0923094816595718,1.457740807532858,-0.5087307319709045,-0.041581297253446,1043.4668314115604,21.97786423164154,0.4174479177695275,21.0,8,5,102,139.0,HOSHIARPUR-I
27628,Sohaura Kalan (97),PATHANKOT,32.28829,75.64246,27628,1893.840060646953,1893.8587646484375,0.6667936741709498,0.2493873087432089,2.0667870871255185,-0.5938595245161271,-0.1880791861328958,1063.569212239017,21.93443131804776,1.0,274.0,0,235,459,345.0,NAROT JAIMAL SINGH
27608,Sultanpur (194),PATHANKOT,32.28829,75.66377,27608,1894.34680423168,1893.8514404296875,0.6144112112861223,0.2341164032195945,1.8004002941844588,-0.5626618933074706,-0.1621456298226253,1063.569212239017,21.93443131804776,1.0,262.0,37,55,264,108.0,PATHANKOT
31222,Chak Sheru (406),HOSHIARPUR,31.9459457,75.6141,31222,1891.9594962817328,1893.8431396484375,0.5903423030363049,0.1975935460407863,1.7322868425531972,-0.54943007706747,-0.1304954104330646,1117.235490958919,22.20887986177746,0.9825653973642712,80.0,40,40,54,73.0,MUKERIAN
27572,Bassi Afgana (262),PATHANKOT,32.18018,75.59509,27572,1893.5099328097635,1893.840087890625,0.6061213232665706,0.2405573570421486,1.618860774829709,-0.5687948961515028,-0.1560614731907872,1077.375135927805,21.70364221054055,1.0,60.0,55,40,65,82.0,GHAROTA
31164,Simbli (419),HOSHIARPUR,31.90991,75.73305,31164,1894.7107671362835,1893.83544921875,0.5846692655209845,0.1727977423183966,1.6717881909053254,-0.545237826020109,-0.1081619016628526,1168.87648559365,22.23564232067159,1.0,2.0,30,32,54,80.0,MUKERIAN
27676,Bhagwanpur (24),PATHANKOT,32.25225,75.52721,27676,1893.9441772496464,1893.8280029296875,0.5947876483867506,0.2157123806911724,1.573260724877359,-0.5601273895570705,-0.1350693064438997,989.6025898864168,21.66923708322446,1.0,41.0,0,80,147,48.0,NAROT JAIMAL SINGH
27579,Behladpur (263),PATHANKOT,32.18018,75.61638,27579,1893.096886466356,1893.80810546875,0.5597862759253777,0.1933641222188979,1.5055554443185737,-0.5427201017689901,-0.1147395715677946,1063.569212239017,21.93443131804776,1.0,350.0,65,63,135,123.0,GHAROTA
27625,Mangial (76),PATHANKOT,32.25225,75.52721,27625,1892.398387837412,1893.8016357421875,0.554717845175344,0.1661674901963937,1.5827238032072397,-0.5176541826382053,-0.0986812769743303,1026.875072996845,21.254306446952512,1.0,130.0,55,0,207,95.0,NAROT JAIMAL SINGH
30955,Sanghwal (644),HOSHIARPUR,32.0180168,75.63101,30955,1895.6864342876752,1893.7955322265625,0.7281628785042454,0.2575348565019966,2.3023124492466374,-0.6473707918744026,-0.2095469563843492,1152.9930150765074,21.76893971877076,0.2118549668511314,415.0,23,8,78,320.0,DASUYA
31371,Kabirpur (526),HOSHIARPUR,31.7027416,75.86085,31371,1893.0890603135367,1893.7900390625,0.5269380530596058,0.1403946041738646,1.4270231007511385,-0.5192082114630823,-0.072926494574833,987.988719623317,22.217897946298365,1.0,300.1,15,0,98,86.0,BHUNGA
27595,Najowal (170),PATHANKOT,32.27027,75.584816,27595,1894.568882735516,1893.7882080078125,0.5404812631189277,0.183175377874371,1.411421246528006,-0.5256332958952523,-0.1028176829582939,1063.569212239017,21.93443131804776,1.0,400.0,20,25,120,66.0,GHAROTA
27533,Najo Chak (317),PATHANKOT,32.18018,75.59509,27533,1891.6074226113544,1893.762451171875,0.5994247565008417,0.2312435037845347,1.5948831897818088,-0.5716990364536877,-0.1493526119677623,1087.7837928941149,21.529644098878293,1.0,2.47,80,68,240,205.0,GHAROTA
27618,Naroli (82),PATHANKOT,32.28829,75.64246,27618,1893.301707667504,1893.76171875,0.5650319170644023,0.1841316801198313,1.5338208517968248,-0.5361203981211476,-0.1087652313094745,1026.875072996845,21.254306446952512,1.0,127.0,50,20,150,151.0,NAROT JAIMAL SINGH
38501,Nangal (431),RUPNAGAR,31.1711712,76.44169,38501,1893.273407422174,1893.7568359375,0.4250854624762046,0.1391390852977171,1.3111173026469485,-0.3855363601719298,-0.0753103674622391,789.9736556222337,21.977613010914524,1.0,0.5,100,76,150,331.0,NURPUR BEDI
31384,Dhut Kalan (522),HOSHIARPUR,0.0,0.0,31384,1893.0680972922853,1893.7261962890625,0.5700811881609817,0.1622484700708475,1.6003755804763533,-0.5534243437939453,-0.097274657401643,987.988719623317,22.217897946298365,1.0,54.0,300,0,640,492.0,BHUNGA
38459,Lalpur (412),RUPNAGAR,31.1711712,76.4838,38459,1893.72450040848,1893.7254638671875,0.4426225553706857,0.0739599663759463,1.0682346618633174,-0.4704873854053332,-0.0010411171827733,814.0971656479842,21.978971968320497,0.7861786381413075,169.0,200,50,310,196.0,NURPUR BEDI
27612,Kiri Khurd (88),PATHANKOT,32.28829,75.45064,27612,1892.206292550464,1893.7159423828125,0.527452756640708,0.1386121435515135,1.4642387516720583,-0.5058168700575826,-0.0727231572394517,1026.875072996845,21.254306446952512,1.0,81.0,60,60,330,348.0,NAROT JAIMAL SINGH
38462,Taprian Chak Chal Alias Kujal (420),RUPNAGAR,31.1711712,76.42063,38462,1891.9079083227807,1893.712646484375,0.4262049501949873,0.1616779970108669,1.5133814487117565,-0.3551474633113182,-0.1174298134162775,790.4296644427845,21.960846130833545,0.8552050782514742,1.0,0,0,1,24.0,NURPUR BEDI
38966,SIUNK (344),S.A.S Nagar,30.35963,76.3640442,38966,1893.409358873129,1893.69384765625,0.5797915488958977,0.1380144308442881,1.6740735054807463,-0.5387612383701702,-0.078691530349995,756.0142221858399,22.52865146049311,0.317647551976524,155.0,56,38,250,843.0,KHARAR
30926,Bhanowal (451),HOSHIARPUR,31.5180435,75.92134,30926,1894.724824771384,1893.693359375,0.5038180572296226,0.0993990171807033,1.3260543660840418,-0.5177796456337762,-0.0354316672902902,1152.0719024350542,21.76776932639285,0.9784444962461692,80.0,159,0,311,246.0,BHUNGA
27634,Baironpur (102),PATHANKOT,32.216217,75.5185547,27634,1894.8586852546853,1893.6925048828125,0.5442172116222467,0.1778607829741317,1.593762735114314,-0.5182754584465351,-0.1121924686674481,1063.569212239017,21.93443131804776,1.0,45.0,4,25,75,56.0,NAROT JAIMAL SINGH
30959,Aglaur (641),HOSHIARPUR,31.8378372,75.71625,30959,1895.6289902351884,1893.6851806640625,0.5767568223059848,0.1423516646335688,1.5418924826808982,-0.5731717174223651,-0.0790392354001719,1152.0719024350542,21.76776932639285,0.9658930581549704,144.0,33,0,235,273.0,DASUYA
30951,Barohi (463),HOSHIARPUR,31.6936932,75.81015,30951,1894.6439991850248,1893.678466796875,0.6254637954752816,0.1699069078084342,1.8328952889695969,-0.5845054431222976,-0.117701341543314,1152.0719024350542,21.76776932639285,0.5356286137648401,9.99,0,0,239,510.0,BHUNGA
31388,Abhowal (520),HOSHIARPUR,31.53602,75.7762451,31388,1893.6448778657264,1893.666259765625,0.5631747371730588,0.1487136893629612,1.6314669031377005,-0.538166169111414,-0.0906339731252107,987.988719623317,22.217897946298365,1.0,280.8,0,0,183,171.0,BHUNGA
27494,Simbli Gujjran (313),PATHANKOT,32.28829,75.53589,27494,1891.475401132201,1893.661865234375,0.4688311049301695,0.112975378320928,1.205162953434885,-0.4774920594728101,-0.0382675206750298,1087.7837928941149,21.529644098878293,0.6855534089086581,2.47,80,80,140,182.0,PATHANKOT
31106,Shekha Matta (361),HOSHIARPUR,31.9639645,75.6714,31106,1894.8941689182816,1893.6573486328125,0.571347993733174,0.1219566800203839,1.5280279056218151,-0.5631604947351032,-0.0655128316291063,1258.1101605965598,21.98310248224561,1.0,60.0,100,100,135,90.0,HAJIPUR
31364,Bhaliala (421),HOSHIARPUR,31.702549,75.86099,31364,1893.2556180159947,1893.64794921875,0.4702059508268165,0.0789910501944687,1.2472670092726263,-0.4816381587236369,-0.0200314661338217,1084.9920752456087,21.764512837158577,1.0,560.0,14,15,82,314.0,BHUNGA
27599,Jhako Lahri (181),PATHANKOT,32.18018,75.59509,27599,1892.296462572712,1893.6455078125,0.5638043179937368,0.1963236796310167,1.4712143737160082,-0.5376612603885278,-0.1166575318003908,1063.569212239017,21.93443131804776,1.0,195.0,28,52,94,70.0,GHAROTA
27600,Dhalorian (180),PATHANKOT,32.21589,75.55093,27600,1892.1573180867103,1893.6439208984375,0.5534658257464359,0.1862383529854421,1.504851107366274,-0.5292723705068413,-0.110225986101768,1063.569212239017,21.93443131804776,1.0,94.0,36,83,200,121.0,GHAROTA
31385,Sotla (525),HOSHIARPUR,31.53602,75.7762451,31385,1893.9398947530303,1893.6434326171875,0.5915127326898413,0.184826215059434,1.7193841351995447,-0.5606710928195869,-0.1183591792196179,987.988719623317,22.217897946298365,1.0,300.4,25,0,351,158.0,BHUNGA
27619,Kharkhara Thuthowala (83),PATHANKOT,32.28829,75.45064,27619,1893.9428231295635,1893.641357421875,0.592796903899226,0.2002262317772317,1.6648499073124017,-0.5481444242909792,-0.1283085983442516,1026.875072996845,21.254306446952512,1.0,110.0,136,136,336,126.0,NAROT JAIMAL SINGH
27638,Hayati Chak (173),PATHANKOT,32.2752037,75.65894,27638,1895.111744813616,1893.629638671875,0.5904588635868807,0.2009637023491978,1.5960051564939182,-0.5572240534613189,-0.125129646051131,1063.569212239017,21.93443131804776,1.0,84.0,0,25,135,77.0,GHAROTA
31413,Mustfapur (490),HOSHIARPUR,30.8468475,75.65738,31413,1891.3161697684927,1893.6212158203125,0.5943563577035296,0.1357002012877833,1.619248162831144,-0.5710055057934547,-0.0797699935669064,1004.0799312786608,22.25557883298058,0.3684193024323028,100.0,16,28,153,183.0,BHUNGA
27630,Chhani (186),PATHANKOT,32.2239571,75.5091248,27630,1894.692701273567,1893.5938720703125,0.6630223347551898,0.2594108634896381,1.9780059785096853,-0.6000909481204062,-0.191685617721695,1063.569212239017,21.93443131804776,1.0,2.47,0,0,62,62.0,GHAROTA
38361,Dheru (300),RUPNAGAR,31.2252254,76.50645,38361,1892.9043965358208,1893.5859375,0.5630532483506101,0.1354330760303517,-0.0503204628349355,-0.5176468613758056,-0.0937343125073953,842.5593766381638,21.29262687155017,1.0,46.0,0,10,31,73.0,ANANDPUR SAHIB
27551,Bani Lodhi (209),PATHANKOT,0.0,0.0,27551,1892.6011060501048,1893.579833984375,0.580524718724729,0.1854427515897105,1.606207955683755,-0.5446985355491467,-0.1152080877866635,1026.875072996845,21.254306446952512,1.0,160.0,227,250,552,196.0,SUJANPUR
30952,Koi (462),HOSHIARPUR,31.72973,75.8608,30952,1894.516682053181,1893.5679931640625,0.6521963293551034,0.2045751924076345,1.943970425201673,-0.6046475043213574,-0.1510188725235916,1152.0719024350542,21.76776932639285,0.4387861097907006,1399.4,18,26,413,902.0,BHUNGA
30927,Bhatalu (452),HOSHIARPUR,31.6936932,75.78898,30927,1894.97930670728,1893.56005859375,0.5221484022834024,0.1024125386962431,1.3849014723085282,-0.5301395524192565,-0.0406038413476083,1152.0719024350542,21.76776932639285,1.0,250.0,13,16,167,161.0,BHUNGA
31037,Sahaura Dadial (624),HOSHIARPUR,31.9087257,75.68526,31037,1893.162301586312,1893.5560302734375,0.7468519729977952,0.2663293742659754,2.319520236124564,-0.6649041063179486,-0.2195037923462475,1241.542693429484,22.01794861512903,0.4449194780424658,203.0,150,150,223,382.0,HAJIPUR
30891,Machhian (44),HOSHIARPUR,31.6936932,75.78898,30891,1892.8670071078127,1893.554443359375,0.5416522097901008,0.1442684315727933,1.4939076913271492,-0.537695724850321,-0.078112545962683,987.988719623317,22.217897946298365,1.0,3.4,27,26,124,83.0,BHUNGA
30956,Sansarpur (646),HOSHIARPUR,31.81982,75.6590652,30956,1893.9707585698145,1893.55224609375,0.5597373709799967,0.1167803230729076,1.5340797902597263,-0.5506213759423032,-0.0588119030043285,1152.0719024350542,21.76776932639285,0.989365695517436,136.0,62,10,150,440.0,DASUYA
30890,Sarhala (41),HOSHIARPUR,31.54955,75.9888153,30890,1893.4395960154432,1893.509521484375,0.5298995231313356,0.1358778923180522,1.513043874866675,-0.5195934549050963,-0.0734638018615115,987.988719623317,22.217897946298365,1.0,48.0,30,30,195,137.0,HOSHIARPUR-I
30950,Makoowal (649),HOSHIARPUR,31.81982,75.68027,30950,1894.193698668026,1893.4989013671875,0.5690759890187789,0.1434997389705561,1.5944529604257438,-0.5592061542384128,-0.0838824192875391,1152.0719024350542,21.76776932639285,0.8763589283941917,125.0,60,102,270,281.0,DASUYA
31361,Nila Naloya (419),HOSHIARPUR,31.6868687,75.83762,31361,1892.782453632607,1893.4945068359375,0.4670426146470794,0.0785855862661029,1.1874992716419706,-0.4913043507835378,-0.0132004113252919,1084.9920752456087,21.764512837158577,0.9835428105663712,200.0,18,0,212,222.0,BHUNGA
31014,Mehar Bhatoli (177),HOSHIARPUR,31.8378372,75.71625,31014,1891.1827030445213,1893.477294921875,0.5817194938118386,0.1733562700029979,1.6630074782182431,-0.5610416030709062,-0.1068647734924582,1256.1501859573798,21.98722487078196,1.0,109.0,32,6,98,158.0,DASUYA
30945,Litt (458),HOSHIARPUR,31.6936932,75.78898,30945,1892.6403910246256,1893.476318359375,0.5402126820993549,0.1359423627997112,1.4914473306783087,-0.5370244136812609,-0.0710549775286647,1152.0719024350542,21.76776932639285,1.0,328.0,94,120,132,246.0,BHUNGA
27571,Chashma (260),PATHANKOT,32.1261253,75.529,27571,1892.1227497608909,1893.4569091796875,0.5622274924569445,0.1983054320910516,1.487428724155245,-0.5385534484599663,-0.1187394053132844,1066.9250548641985,21.878332795280176,1.0,150.0,28,25,185,202.0,GHAROTA
30947,Chahang Basoya (459),HOSHIARPUR,31.6936932,75.78898,30947,1892.984757090177,1893.433837890625,0.4616815494227952,0.0698445775752369,1.2518274598818626,-0.4789135782528609,-0.0110944244571845,1152.0719024350542,21.76776932639285,1.0,324.0,12,24,224,64.0,BHUNGA
38608,Kot Bala (10),RUPNAGAR,31.09916,76.5470047,38608,1893.0434755411047,1893.4134521484375,0.4981138820981955,0.1294396941648217,1.3225814551385433,-0.495717806973425,-0.0610323703373447,794.2828677918989,22.02965469689121,0.9332143602320556,50.0,1,25,125,96.0,RUPNAGAR
31109,Asafpur (359),HOSHIARPUR,31.9639645,75.6714,31109,1896.2056783525056,1893.413330078125,0.5882414016826977,0.1503932287356575,1.6618455860355683,-0.5642315808304003,-0.0913731915328528,1274.5572963563643,21.965736752769548,1.0,28.0,40,40,60,202.0,HAJIPUR
27497,Nangal Bhor (310),PATHANKOT,32.18018,75.65896,27497,1891.1451305945443,1893.3895263671875,0.5401875357137911,0.1352616493034758,1.3908919778069346,-0.5333138750867037,-0.0654634679787957,1087.7837928941149,21.529644098878293,0.7004435182299378,350.0,245,15,650,355.0,PATHANKOT
27529,Naurangpur (282),PATHANKOT,32.28829,75.45064,27529,1892.3354121509408,1893.3858642578125,0.5517044432147322,0.2013494354810103,1.4426579578210106,-0.5409184851219875,-0.1161442716715841,1087.7837928941149,21.529644098878293,0.9963545140757708,1.0,0,1,1,115.0,NAROT JAIMAL SINGH
30928,Jamsher Chathial (453),HOSHIARPUR,31.6936932,75.78898,30928,1893.596475790731,1893.37451171875,0.5312882929505612,0.1297169194771908,1.4350556229006652,-0.5322377264245994,-0.0654799171108102,1152.0719024350542,21.76776932639285,1.0,500.8,3,16,321,383.0,BHUNGA
27589,Namala (164),PATHANKOT,31.927927,75.51435,27589,1894.7257666799576,1893.3721923828125,0.5858192844398763,0.1724142526282549,1.6538355641850466,-0.549777825242485,-0.1094394420396267,1063.569212239017,21.93443131804776,1.0,300.0,80,80,202,161.0,GHAROTA
30896,Musa (439),HOSHIARPUR,0.0,0.0,30896,1892.0390907599087,1893.36083984375,0.4872797933865409,0.1073437607365569,1.3642088284637832,-0.4952004186886912,-0.0451098812840546,987.988719623317,22.217897946298365,1.0,90.0,58,0,77,94.0,BHUNGA
31022,Ambuwara (632),HOSHIARPUR,31.8018017,75.6655045,31022,1891.5717130719715,1893.33544921875,0.5607203170203022,0.1478200113168268,1.5564432307445308,-0.5544345346430494,-0.0817099292719671,1237.6819663023082,22.026068831040387,0.9898011532925676,27.0,5,0,3,30.0,DASUYA
27578,Wadala (269),PATHANKOT,31.9819813,75.34638,27578,1894.182724202564,1893.3328857421875,0.5448370245375543,0.1682082960268033,1.4235353343155834,-0.5341573644737118,-0.0904916283666708,1068.5965733925134,21.8547556667378,1.0,100.0,72,20,125,125.0,GHAROTA
27474,Jhandpur (210),PATHANKOT,31.8918915,75.9304352,27474,1892.8796303068048,1893.32666015625,0.541196857921676,0.1529584075393595,1.5018705500936866,-0.5171349074328825,-0.0869495522870367,1026.875072996845,21.254306446952512,1.0,90.0,21,45,95,100.0,SUJANPUR
27611,Sharif Chak (93),PATHANKOT,32.25225,75.5059,27611,1892.676273452221,1893.325927734375,0.6133382315935344,0.2066938831695648,1.7884209314252564,-0.5657037016570806,-0.1415440240961881,1042.0437541226615,21.535457538336125,1.0,99.0,0,127,227,331.0,NAROT JAIMAL SINGH
30983,Rattre (167),HOSHIARPUR,31.8378372,75.71625,30983,1891.959962968188,1893.3232421875,0.5529420896734439,0.1591147234895596,1.5907425571095355,-0.5437259339172704,-0.0922370559950465,1138.820999769487,21.93517882743001,1.0,72.0,24,0,69,72.0,DASUYA
27492,Naushenra Nalbandan (319),PATHANKOT,32.27027,75.64874,27492,1890.6664514751185,1893.3172607421875,0.5708060627963636,0.1536205098476395,1.5092925323987771,-0.5506611602567586,-0.0870078917782679,1087.7837928941149,21.529644098878293,0.9899603746065448,2.47,80,80,374,675.0,PATHANKOT
31107,Ghagwal (370),HOSHIARPUR,31.9087257,75.68526,31107,1894.216145604202,1893.3140869140625,0.7416464147258682,0.260477674156042,2.255219613242519,-0.6634145149249546,-0.212707134354583,1277.824380425285,21.941637826428465,0.7928324295845769,114.0,322,343,543,280.0,HAJIPUR
30949,Kalowal (648),HOSHIARPUR,31.8018017,75.6655045,30949,1894.0278865200269,1893.2984619140625,0.5929276000726267,0.1499622285333094,1.6564021190111815,-0.5724725362833835,-0.090614981623484,1152.0719024350542,21.76776932639285,0.9961679491337432,57.0,22,5,81,78.0,DASUYA
31378,Tentpal (434),HOSHIARPUR,0.0,0.0,31378,1892.438310016512,1893.287109375,0.5135053380916186,0.1008188862296849,1.3162899211808166,-0.5258855736862265,-0.038626265234594,987.988719623317,22.217897946298365,1.0,190.0,68,0,148,173.0,BHUNGA
30929,Rajpur (449),HOSHIARPUR,31.81982,75.61665,30929,1893.7530495449453,1893.26220703125,0.5327493130439376,0.1396881087741441,1.4496343831128953,-0.5296430923079211,-0.0733575262600459,1152.0719024350542,21.76776932639285,1.0,74.0,36,5,56,96.0,DASUYA
27531,Azizpur Khurd (314),PATHANKOT,32.18018,75.59509,27531,1892.493277160824,1893.2373046875,0.5243341881112686,0.1644482883879776,1.4442199922413002,-0.5003132355419037,-0.0956984534696453,1087.7837928941149,21.529644098878293,1.0,2.5,10,80,146,116.0,GHAROTA
38499,Madhopur (434),RUPNAGAR,31.0810814,76.51641,38499,1893.7846285085425,1893.2362060546875,0.4758859354545904,0.1202798600765137,1.3106232153855135,-0.4679622681113963,-0.0514666985093231,790.1964096347465,21.98563947669509,1.0,184.0,150,150,181,222.0,NURPUR BEDI
27610,Nangal (95),PATHANKOT,32.28829,75.4719543,27610,1892.96593004086,1893.2149658203125,0.5933050083235861,0.1983058599048918,1.7646790141453226,-0.5481315612335819,-0.1340142205832431,1063.569212239017,21.93443131804776,1.0,378.0,60,378,426,444.0,NAROT JAIMAL SINGH
30915,Jande (18),HOSHIARPUR,31.5182018,75.9216461,30915,1892.078117337196,1893.1849365234375,0.5267268845918234,0.1363794693530662,1.495978671713459,-0.517680057568239,-0.0735401676171629,1152.0719024350542,21.76776932639285,1.0,25.9,58,0,62,38.0,BHUNGA
31399,Bassi Ballo (417),HOSHIARPUR,31.7026272,75.8609848,31399,1893.482560594238,1893.1785888671875,0.4544601921506174,0.0874705049420393,1.1617601402296376,-0.4736928214281491,-0.0200353976290494,1082.4750163984602,21.776389367144105,1.0,355.3,12,0,221,75.0,BHUNGA
27505,Chak Narainian (302),PATHANKOT,32.1621628,75.6652756,27505,1890.008624877688,1893.1669921875,0.5040626057328959,0.1114235594115518,1.3379623543293424,-0.4938760345888776,-0.0457073667396815,1085.2445236241497,21.5240384436546,0.996604792503114,40.0,78,78,109,114.0,PATHANKOT
38609,Asspur (9),RUPNAGAR,31.09916,76.5470047,38609,1893.7483333595487,1893.14111328125,0.5311176708394244,0.1616728932646417,1.3292705951815886,-0.52299102406878,-0.0841191458079045,795.0149916709236,22.03849644324846,0.8293658065711629,238.0,120,20,125,337.0,RUPNAGAR
31484,Kharkan (502),HOSHIARPUR,31.5304813,75.9044,31484,1894.8161635814831,1893.1409912109375,0.6644362954845735,0.2061642237427763,1.8931236628237127,-0.6138432925069531,-0.1517581954482827,1087.6544885914702,21.9271140378006,0.3314165292558443,20.0,54,58,93,1152.0,HOSHIARPUR-II
27615,Chak Hari Rai (85),PATHANKOT,32.25225,75.52721,27615,1892.2436016298475,1893.137451171875,0.1498479765792052,-0.0337435586934207,0.4043165653350518,-0.1863369937192409,0.0857486055844533,1026.875072996845,21.254306446952512,0.0148395860416243,34.0,0,0,2,101.0,NAROT JAIMAL SINGH
27547,Barth (199),PATHANKOT,32.28829,75.64246,27547,1890.5879763797736,1893.13330078125,0.5536047631295844,0.1833346432325155,1.4657840021739736,-0.5253333659461563,-0.1099672521043126,1072.1755401755297,21.79056215085889,1.0,91.0,4,63,251,106.0,GHAROTA
38610,Taraf (8),RUPNAGAR,31.09916,76.5470047,38610,1893.751562747008,1893.097900390625,0.4726414322432722,0.1508631194550447,1.1367216378583291,-0.4830696569376779,-0.062016108656678,790.0032940778445,21.97797094993815,0.9989944174409447,90.0,1,1,2,133.0,RUPNAGAR
30923,Bahtiwala (448),HOSHIARPUR,31.5180588,75.92131,30923,1893.9429257819088,1893.096923828125,0.5852289049557167,0.1799536333529396,1.699252354010775,-0.5591128790632609,-0.1149558361180801,1151.8801776070402,21.770191543098875,1.0,105.0,55,0,119,105.0,BHUNGA
31487,Dhirowal (338),HOSHIARPUR,31.5135136,75.91723,31487,1897.677546218677,1893.088623046875,0.6381131959349112,0.1535625515424444,1.7148894407448476,-0.5932395799567146,-0.1006161199921742,1059.163036675109,21.95083453744386,1.0,56.68,25,25,54,181.0,HOSHIARPUR-II
30962,Rachh Palwan (163),HOSHIARPUR,31.8018017,75.6655045,30962,1892.1663648318445,1893.0845947265625,0.5386211136815591,0.1395741595532156,1.5085848208519597,-0.5324263049616531,-0.076115605611555,1151.8238120742622,21.77090365501698,1.0,111.0,65,60,145,181.0,DASUYA
30895,Shehjowal (438),HOSHIARPUR,31.5315323,75.80504,30895,1892.4775674432483,1893.0810546875,0.5345581011546618,0.1338092691413157,1.446364938519963,-0.5373154646750926,-0.0687557443724519,987.988719623317,22.217897946298365,1.0,46.55,50,50,125,182.0,HOSHIARPUR-I
30910,Mastiwal (442),HOSHIARPUR,31.6961231,75.78239,30910,1893.4927241670368,1893.074951171875,0.5079432324684757,0.1091304271908407,1.372037382248397,-0.5145737009936597,-0.0473239888903588,1140.748034732267,21.798834039142225,1.0,162.9,91,0,216,241.0,BHUNGA
30953,San Chak (647),HOSHIARPUR,31.8018017,75.6443,30953,1895.186936835484,1893.073486328125,0.7102612622248342,0.2500809914402105,2.283245710496608,-0.6322135707722962,-0.2005705150434392,1152.0719024350542,21.76776932639285,0.241076341695487,89.0,82,0,190,135.0,DASUYA
31481,Tharoli (499),HOSHIARPUR,31.5304813,75.9044,31481,1892.8861337876288,1893.0684814453125,0.7291912639751033,0.2379699874818402,2.1646402672850504,-0.6514036424143548,-0.1891118814452645,1043.3138622634162,21.95621220813341,0.2122103688918147,16.19,60,58,137,633.0,HOSHIARPUR-II
27546,Khoba (200),PATHANKOT,32.2751579,75.658905,27546,1890.9064360112864,1893.05908203125,0.5469203299261001,0.1421860508692194,1.5551376584120888,-0.5081288014021481,-0.0870414543810948,1074.3053053367769,21.75495956374896,1.0,71.1,0,48,210,83.0,GHAROTA
31407,Takhni (487),HOSHIARPUR,31.783783,75.9687042,31407,1891.612376116148,1893.0458984375,0.6011531439103572,0.1494106545096678,1.64766536252223,-0.5774175171587485,-0.0957416134190957,1030.5500665992915,22.02139286556004,0.275232485928179,458.5,6,18,133,911.0,BHUNGA
27569,Papial (315),PATHANKOT,32.2751427,75.6589,27569,1892.5214027321008,1893.045166015625,0.6458826792139131,0.2493219464577936,1.980436307299568,-0.5761434984126065,-0.186735562545516,1087.7837928941149,21.529644098878293,1.0,82.2,0,0,80,110.0,GHAROTA
27626,Malpur (75),PATHANKOT,32.25225,75.52721,27626,1892.971989872128,1893.029541015625,0.6217503172952674,0.2034883103472703,1.8617289969402824,-0.56714571433911,-0.141811203895499,1038.5460699850937,21.470628058143483,1.0,166.0,50,0,174,185.0,NAROT JAIMAL SINGH
31365,Bassi Bazid (422),HOSHIARPUR,31.6756763,75.79544,31365,1893.9473928089808,1893.0029296875,0.521179883351562,0.1171227393431417,1.3953563839514156,-0.5177347135381676,-0.0575078607203838,1084.9920752456087,21.764512837158577,1.0,17.12,0,0,374,86.0,BHUNGA
31284,Chingar Wan (601),HOSHIARPUR,31.9639645,75.86255,31284,1899.7145070729275,1892.99072265625,0.530374923046728,0.1082229052828322,1.4810291483838165,-0.506876186398487,-0.0523940671530085,1256.4563992431065,21.66835054160788,0.3924791892509244,219.0,68,205,410,496.0,TALWARA
30982,Dulminwal (166),HOSHIARPUR,31.8018017,75.79271,30982,1891.748374510957,1892.9901123046875,0.5838956727545563,0.1601753202959667,1.6981051380026049,-0.5589222909122752,-0.0996163261063188,1142.5855808981803,21.887617792211227,1.0,82.0,23,6,95,141.0,DASUYA
31485,Chak Harnoli (503),HOSHIARPUR,31.5304813,75.9044,31485,1895.9706579879207,1892.98974609375,0.7051338599923943,0.2362656585964368,2.14388701057667,-0.6418749580517918,-0.1851269127107219,1111.256738820561,21.90746403295817,0.2038159167427866,18.21,75,73,183,1584.0,HOSHIARPUR-II
31024,Tundial (630),HOSHIARPUR,31.90991,75.71182,31024,1890.9219677772296,1892.9791259765625,0.5652291977894719,0.1676121212258257,1.5669418618881257,-0.5565857834011855,-0.0972341417172552,1252.592554236306,21.99470759016508,1.0,28.0,3,0,14,76.0,DASUYA
38458,Seikhpur (411),RUPNAGAR,31.1711712,76.42063,38458,1892.8173509820963,1892.95947265625,0.4586053025545392,0.0860611502432128,1.1270260331460096,-0.4830146132834643,-0.0138652415986872,815.6652466755521,21.92063465175626,1.0,63.0,25,25,80,74.0,NURPUR BEDI
27556,Chak Bhagwansar (92),PATHANKOT,32.28829,75.64246,27556,1892.472878861782,1892.95751953125,0.6152082663740355,0.2065472901320333,1.8671375578841023,-0.5552103769926301,-0.144134222983398,1063.3093381344263,21.929614558599365,1.0,42.0,0,1,2,44.0,NAROT JAIMAL SINGH
31032,Dadial (640),HOSHIARPUR,31.8558559,75.73104,31032,1892.9249169235625,1892.9539794921875,0.6202449409473852,0.1836483738022111,1.8224338134289213,-0.5865537673659951,-0.1278936131719144,1208.6388986403736,21.83964498875276,0.6568563710192522,546.0,120,25,356,1381.0,DASUYA
30963,Nagre (162),HOSHIARPUR,31.8018017,75.6655045,30963,1892.8524642833352,1892.9315185546875,0.5760215402999065,0.1690046779297976,1.668084265938305,-0.5577554227087749,-0.1058710572624119,1134.822564924343,21.985694328091192,1.0,47.0,22,26,46,70.0,DASUYA
30946,Granthpur (460),HOSHIARPUR,31.6936932,75.78898,30946,1893.500847060737,1892.915283203125,0.5319140080847847,0.1279623385431863,1.537971114191633,-0.5225416134865893,-0.0671395057392446,1152.0719024350542,21.76776932639285,1.0,33.0,17,13,45,38.0,BHUNGA
31025,Bisso Chak (171),HOSHIARPUR,31.81982,75.6590652,31025,1890.9044471882496,1892.9111328125,0.560644642048658,0.1712877531193853,1.5856585724752847,-0.5484348482364105,-0.1010368865838259,1259.180276789582,21.98085172111924,1.0,112.0,360,2,163,168.0,DASUYA
30914,Mirzapur (17),HOSHIARPUR,31.5182018,75.9216461,30914,1891.9727648681744,1892.868896484375,0.5084967339920163,0.1090011177081133,1.3572203227473936,-0.5169379260165172,-0.0436659355400608,1152.0719024350542,21.76776932639285,1.0,146.0,105,0,155,163.0,BHUNGA
27548,Lehri Bawian (198),PATHANKOT,32.27512,75.6588745,27548,1891.0191862344209,1892.85302734375,0.5824879758086384,0.2144312504495562,1.5531072804267867,-0.5479166620453378,-0.1359837607355787,1057.91220918152,21.6715682126536,1.0,2.47,0,0,172,101.0,GHAROTA
30958,Jagal (642),HOSHIARPUR,31.8018017,75.6655045,30958,1894.9406954555832,1892.841796875,0.5568528832067939,0.1180206016737431,1.45903088453007,-0.557859306458131,-0.0554968412700173,1152.0719024350542,21.76776932639285,1.0,153.0,26,0,102,206.0,DASUYA
27570,Jakrawar (261),PATHANKOT,32.1261253,75.529,27570,1892.807848206356,1892.8388671875,0.5835666171839387,0.2006212626650394,1.533520589217149,-0.5593187323833734,-0.1217718519549351,1084.6480483636476,21.58206331383765,1.0,220.0,75,75,210,163.0,GHAROTA
31412,Kapahat (489),HOSHIARPUR,31.72973,75.8608,31412,1890.5696358077591,1892.83251953125,0.611662575837402,0.1408943364923847,1.631429177968425,-0.5910373804966799,-0.0846999193066171,1034.0495460638783,22.11613339337262,0.1349867689502728,359.0,7,114,294,877.0,BHUNGA
30944,Gujar Basoya (457),HOSHIARPUR,31.6936932,75.78898,30944,1893.2012712351936,1892.82373046875,0.5378860642364275,0.1190185824887685,1.4531376530748277,-0.5426629989717724,-0.0560057410953617,1152.0719024350542,21.76776932639285,1.0,41.0,14,12,28,44.0,BHUNGA
31290,Fatehpur (598),HOSHIARPUR,31.8918915,75.97288,31290,1892.692442640185,1892.8121337890625,0.6289197242721551,0.168526794313707,1.7776390173952514,-0.5902339246878743,-0.1132628240484972,1280.7576216025425,21.938341530342264,0.5847646210147508,2.47,155,80,198,148.0,TALWARA
27617,Malharwan (81),PATHANKOT,32.28829,75.64246,27617,1892.4715547184903,1892.8095703125,0.5401318953456858,0.165802381669038,1.488450976604121,-0.5115201523725827,-0.0935670129725977,1026.875072996845,21.254306446952512,1.0,60.7,0,33,115,163.0,NAROT JAIMAL SINGH
27553,Lahri Mahantan (90),PATHANKOT,32.28829,75.64246,27553,1892.6677434702008,1892.808837890625,0.6011734037342864,0.2004149622221621,1.7633373316044811,-0.5486016158478884,-0.1342916032147189,1027.8235236222176,21.271885953450745,1.0,96.0,0,7,11,111.0,NAROT JAIMAL SINGH
27552,Chakral (89),PATHANKOT,32.25225,75.5059,27552,1892.5087938583165,1892.8011474609375,0.5733827878400559,0.1906279814862223,1.619304991152798,-0.5367677700875061,-0.1206508462138944,1026.875072996845,21.254306446952512,1.0,65.0,0,91,155,77.0,NAROT JAIMAL SINGH
27573,Gujrat (264),PATHANKOT,32.21589,75.55093,27573,1893.2930774625952,1892.7811279296875,0.5583858757607204,0.196447846790988,1.4166899800278523,-0.5453994650087675,-0.1104025438498437,1087.7837928941149,21.529644098878293,1.0,2.47,16,20,40,121.0,GHAROTA
30912,Bhambowal (445),HOSHIARPUR,31.51804,75.9212952,30912,1892.83649851501,1892.779541015625,0.5585391257436586,0.1463263080697907,1.5608370732401755,-0.5481582218139452,-0.0862947694389002,1152.0719024350542,21.76776932639285,1.0,24.0,70,2,105,55.0,BHUNGA
31398,Shehzadpur (416),HOSHIARPUR,31.60213,75.86018,31398,1893.1832333343364,1892.775146484375,0.5040017356726795,0.1057407630081068,1.3384413439278535,-0.5109747906077399,-0.0442196438282638,1049.935354978718,21.92992501649793,0.7774810752816358,351.0,15,0,35,60.0,BHUNGA
27568,Kataru Chak (259),PATHANKOT,32.1261253,75.529,27568,1891.743472672074,1892.772216796875,0.5743976675671755,0.2029792504429782,1.4916133290718396,-0.5505055556973165,-0.121427817589063,1084.6134831899917,21.582641128532185,1.0,292.0,125,125,345,324.0,GHAROTA
27491,Maira Mahantan (327),PATHANKOT,32.144146,75.5652,27491,1889.640533836315,1892.764892578125,0.5910721356616745,0.2433397990585513,1.5707162881063697,-0.5652527123337301,-0.159488240421027,1087.7837928941149,21.529644098878293,1.0,0.2,3,2,5,165.0,PATHANKOT
27473,Basroop (215),PATHANKOT,31.8918915,75.90922,27473,1892.388797406411,1892.75830078125,0.5661420930928858,0.1825111571078488,1.5137345760072771,-0.5345374550398607,-0.1062045494351537,1034.056611282777,21.19598952378848,1.0,130.0,155,150,420,205.0,SUJANPUR
27496,Beli Chahngan (309),PATHANKOT,32.18402,75.6639938,27496,1891.2758444786373,1892.7320556640625,0.3496393700488058,0.0346567303896341,0.8574590858089137,-0.3884989547062024,0.0388834977407497,1087.7837928941149,21.529644098878293,0.2031857144031358,20.0,40,45,71,132.0,PATHANKOT
30916,Kan Dhalian (16),HOSHIARPUR,31.5182018,75.9216461,30916,1892.6071851030115,1892.731201171875,0.5101336645941222,0.1300304368344908,1.4423792751943092,-0.5073692909180775,-0.0655817137623833,1147.394117939875,21.78060187048988,1.0,25.0,89,0,158,34.0,BHUNGA
27576,Bhimpur (267),PATHANKOT,31.6756763,74.88505,27576,1894.494176717429,1892.7178955078125,0.5182579202759072,0.1281967980268507,1.351639236781231,-0.5188704601333868,-0.0596238038718335,1087.7837928941149,21.529644098878293,1.0,100.0,60,0,120,73.0,GHAROTA
30913,Malhewal (446),HOSHIARPUR,31.5182018,75.9216461,30913,1892.6364010775617,1892.7080078125,0.5076425391196663,0.1072741411908875,1.3773184334963309,-0.5124844315874608,-0.0446175238147434,1152.0719024350542,21.76776932639285,1.0,105.05,70,0,135,122.0,BHUNGA
30943,Shink Chathial (454),HOSHIARPUR,31.6936932,75.78898,30943,1893.8562130343664,1892.7044677734375,0.5778237750797441,0.1727904607416505,1.6257193462380823,-0.560637096821333,-0.1066616905760839,1152.0719024350542,21.76776932639285,1.0,331.0,14,19,160,135.0,BHUNGA
27558,Bhoa (195),PATHANKOT,32.27027,75.62743,27558,1891.965034373972,1892.703125,0.6139095772824834,0.216823571621899,1.7084353759445094,-0.5726032282506299,-0.1459243266552277,1063.5372428260423,21.93383876584842,1.0,260.0,115,118,1009,447.0,PATHANKOT
27554,Chak Sundar (91),PATHANKOT,32.28829,75.64246,27554,1891.9583694810883,1892.68701171875,0.5595443648302187,0.1554856892322915,1.5910071811713968,-0.5251073715778407,-0.0907041124732253,1027.0557334198204,21.257654982969576,1.0,27.0,0,1,3,29.0,NAROT JAIMAL SINGH
27574,Bagial (265),PATHANKOT,32.18018,75.59509,27574,1893.3350792307583,1892.652587890625,0.5425424491457993,0.1716490995503498,1.436958487238802,-0.5215654134840444,-0.1027007621607355,1087.7837928941149,21.529644098878293,1.0,156.0,56,75,105,202.0,GHAROTA
30917,Keshopur (15),HOSHIARPUR,31.5179558,75.92135,30917,1892.797534980465,1892.6427001953125,0.5575902618353701,0.1462351571548094,1.5878184717644042,-0.5414166818695934,-0.0851683042763458,1144.0092018513492,21.78988769479793,1.0,50.0,80,0,68,74.0,BHUNGA
31475,Manjhi (497),HOSHIARPUR,31.36937,75.82165,31475,1891.4932731785984,1892.6387939453125,0.6808030927966027,0.2172967282513355,2.056015378745726,-0.6228028067900536,-0.1643132236250292,1099.8414117783493,21.90758206733249,0.2120568524552533,106.0,165,155,250,1611.0,HOSHIARPUR-II
38463,Sarai (421),RUPNAGAR,31.1711712,76.42063,38463,1892.836109903492,1892.61767578125,0.3530811574130221,0.1704433524692261,0.947596622212834,-0.271263369994801,-0.1134474937750889,789.9736556222337,21.977613010914524,1.0,207.0,25,0,128,321.0,NURPUR BEDI
30908,Bhatoli (444),HOSHIARPUR,31.81982,75.78629,30908,1893.987369799195,1892.6156005859375,0.5014546818944181,0.1196673279127395,1.400045784728796,-0.505174711166602,-0.054888157376283,1152.0719024350542,21.76776932639285,0.1853332043506802,130.0,26,30,80,136.0,DASUYA
38720,Bari (367),RUPNAGAR,30.9549541,76.4992447,38720,1892.5149821560044,1892.57958984375,0.6592626742840437,0.1842723366841251,1.9740246950905145,-0.5980276010764621,-0.1303804492041232,814.6698267660292,21.98312260968077,0.4024367087022469,5.0,52,50,72,897.0,RUPNAGAR
27498,Bhoor (308),PATHANKOT,32.1857,75.6635361,27498,1891.2768918249624,1892.57373046875,0.5037744219195064,0.0987397542870666,1.305775885573707,-0.502447044580371,-0.0359616069340069,1080.0806314770396,21.421820288193032,0.6468856901946287,42.0,306,90,340,114.0,PATHANKOT
31368,Dehra (425),HOSHIARPUR,31.7026272,75.86086,31368,1892.981581896467,1892.5687255859375,0.4836866235641729,0.0881196862287498,1.225920806564908,-0.5029771943856086,-0.023717148693222,1084.9920752456087,21.764512837158577,0.994188170371522,2.47,0,10,61,153.0,BHUNGA
27493,Lahri (318),PATHANKOT,32.1261253,75.529,27493,1891.4773037993448,1892.5567626953125,0.554362536225502,0.1901300580453415,1.4495273495954502,-0.5421876721312769,-0.110152631741043,1087.7837928941149,21.529644098878293,1.0,156.0,100,100,154,90.0,GHAROTA
31303,Bhambotar (606),HOSHIARPUR,31.9459457,75.8476639,31303,1894.1597882112887,1892.556640625,0.6453066350536838,0.1803169909471487,1.7426151734879023,-0.6131514410256683,-0.1263594564475658,1282.3017927815813,21.51076827236278,0.0,3.73,32,120,326,671.0,TALWARA
30894,Chak Nurali (433),HOSHIARPUR,0.0,0.0,30894,1892.0279075904623,1892.5528564453125,0.5215560584609522,0.1187826577533653,1.3647991898051284,-0.5278310363971979,-0.0533758081143392,987.988719623317,22.217897946298365,1.0,70.0,38,0,82,171.0,BHUNGA
27476,Sherpur (208),PATHANKOT,32.216217,75.5185547,27476,1891.7666963548163,1892.5286865234375,0.6028958081496006,0.2250338023504335,1.6367912275075214,-0.5576164483083045,-0.1459111565434213,1097.1153913723158,20.683927360105,1.0,140.0,4,1,1,162.0,NAROT JAIMAL SINGH
30961,Bhatoli (164),HOSHIARPUR,31.702301,75.861,30961,1892.0422415178307,1892.5174560546875,0.5351300477651564,0.1201217827131981,1.4520511683644168,-0.5341520281818444,-0.0587427284645958,1150.6905512154158,21.78522106717456,1.0,9.47,5,0,27,125.0,BHUNGA
38654,Naurangpur (366),RUPNAGAR,30.9549541,76.52025,38654,1890.531777098374,1892.5047607421875,0.7278904089911422,0.2102699149296204,2.3486675532427914,-0.6431687782929707,-0.169268458752605,816.7447727360752,22.13533136304989,0.0767296051205016,10.0,1,1,1,430.0,RUPNAGAR
30984,Morian (168),HOSHIARPUR,31.8378372,75.71625,30984,1891.1688850875207,1892.5035400390625,0.5592683707445661,0.1515740138464794,1.5780789262512491,-0.5480242830725051,-0.0862716348135713,1141.2305787277974,21.904736643882405,1.0,132.0,9,0,115,133.0,DASUYA
31036,Mawa (559),HOSHIARPUR,31.9087257,75.68531,31036,1891.4296589536752,1892.48388671875,0.7207146758838863,0.2713437256262682,2.21496945499782,-0.6511069290707175,-0.2175794837721294,1261.3855110544523,21.976213481281043,0.4789299269537471,142.0,70,70,122,331.0,HAJIPUR
31344,Talwara (CT),HOSHIARPUR,31.8738747,75.91559,31344,1894.5274664252304,1892.4761962890625,0.6178461776500355,0.1549845580088169,1.7470002470516772,-0.5842855162137572,-0.1044578032563476,1282.3017927815813,21.51076827236278,0.1332984151425129,1.5,110,139,562,0.0,TALWARA
30942,Jhojhar Chathial (456),HOSHIARPUR,31.6936932,75.78898,30942,1893.279976985669,1892.467529296875,0.5473811844630728,0.1402072149881882,1.5529721099542708,-0.5379349874219844,-0.0776882173874998,1152.0719024350542,21.76776932639285,1.0,304.8,18,16,126,136.0,BHUNGA
27566,Samrala (249),PATHANKOT,32.2752037,75.65894,27566,1890.404396138076,1892.4659423828125,0.5454200997157764,0.1576631641311637,1.5475706386637842,-0.5129940743755131,-0.0903599931515091,1087.7837928941149,21.529644098878293,1.0,283.0,0,50,124,115.0,GHAROTA
38957,Tarapur (325),S.A.S Nagar,30.8288288,76.67133,38957,1892.1773120619189,1892.464111328125,0.6109889555639705,0.1297452971557447,1.7949866625415596,-0.5650705203876282,-0.0779394428013394,824.157828371753,22.03374054833552,0.2003742896446581,40.0,10,100,150,1140.0,MAJRI
27577,Khani Khui (268),PATHANKOT,32.1981964,75.52489,27577,1894.522863608863,1892.449951171875,0.5717727690948506,0.1909123837224881,1.5301760844163028,-0.549720335096085,-0.1179357395630444,1087.7837928941149,21.529644098878293,1.0,68.0,35,55,73,76.0,GHAROTA
27598,Dibku (179),PATHANKOT,32.1504631,75.57938,27598,1891.938975097508,1892.442626953125,0.6017913483469516,0.2120820155048899,1.6769539708452537,-0.5607090532462451,-0.1378146552635414,1073.3090414906108,21.771613780380264,1.0,156.0,26,40,102,146.0,GHAROTA
27472,Bhadrali (216),PATHANKOT,31.8918915,75.90922,27472,1893.502858148821,1892.41650390625,0.4708705661135424,0.1191533073094954,1.2386641737934967,-0.4564724980205059,-0.051637112768444,1071.972554212269,20.884997165975275,0.640647900247213,125.02,155,150,452,246.0,SUJANPUR
30925,Fatehpur (450),HOSHIARPUR,31.6936932,75.78898,30925,1893.2085515243484,1892.41552734375,0.5081097295293319,0.0968131582761379,1.3705794886574303,-0.5148371203610825,-0.036999603319107,1152.0719024350542,21.76776932639285,1.0,174.8,13,16,135,217.0,BHUNGA
30960,Kolian (165),HOSHIARPUR,31.8018017,75.6655045,30960,1892.775855650537,1892.4132080078125,0.5555783673131208,0.1291844987484428,1.5185253891143953,-0.548641200840887,-0.0686431994256114,1152.0719024350542,21.76776932639285,1.0,32.0,46,0,53,44.0,DASUYA
30909,Kakrali (443),HOSHIARPUR,31.7026234,75.8610153,30909,1894.0904660849635,1892.412353515625,0.529486510080619,0.1188679043292856,1.4385072961757304,-0.5282641864984517,-0.0573284728456697,1152.0719024350542,21.76776932639285,0.820203726968695,191.0,8,0,90,191.0,BHUNGA
27550,Sundar Chak (197),PATHANKOT,32.27027,75.64874,27550,1891.8118405320893,1892.4111328125,0.5729905812440232,0.1844894504973959,1.5423558570235334,-0.5458340634797453,-0.1115993561961854,1027.3872598246255,21.263799815848643,1.0,250.0,40,40,445,166.0,PATHANKOT
30919,Tund (14),HOSHIARPUR,31.51817,75.9212952,30919,1893.231355823752,1892.40966796875,0.5549094491157165,0.1487238612967626,1.548865536069871,-0.5429799866096052,-0.0849265538320812,1152.0719024350542,21.76776932639285,1.0,96.0,62,0,140,116.0,BHUNGA
27539,Chhani Maqimpur(257),PATHANKOT,32.144146,75.5652,27539,1889.99047082358,1892.3822021484375,0.526247800406622,0.1425998892078167,1.3647671780109332,-0.5158444272254811,-0.0728829604614376,1087.7837928941149,21.529644098878293,1.0,300.0,40,40,120,302.0,PATHANKOT
30948,Munak (461),HOSHIARPUR,31.6936932,75.78898,30948,1894.689326712608,1892.3616943359375,0.5183692550727694,0.1020244135966171,1.3386453531503966,-0.5331410719487305,-0.0386425789316886,1152.0719024350542,21.76776932639285,0.6333792903562044,36.0,9,14,24,43.0,BHUNGA
30957,Ado Chak (643),HOSHIARPUR,31.81982,75.8074951,30957,1894.5133537791417,1892.35986328125,0.5547221845628887,0.1191793001607018,1.4886003438325213,-0.551640087858837,-0.0592882345021252,1152.0719024350542,21.76776932639285,0.9972010518330976,24.0,27,0,62,56.0,DASUYA
31411,Arniala Shahpur (491),HOSHIARPUR,31.783783,75.9687042,31411,1890.749308328086,1892.354248046875,0.6620415976158461,0.165249401279063,1.876348974141772,-0.6126687081807866,-0.115209210236648,1046.848126206115,22.121994882621493,0.1296923149968422,145.0,4,7,56,661.0,BHUNGA
30920,Kalra (13),HOSHIARPUR,31.5179558,75.92135,30920,1894.4425421430367,1892.34521484375,0.552839110213951,0.1556991495414196,1.59641286114076,-0.535552751660092,-0.0910236764796976,1138.931114589347,21.933787656767585,1.0,24.0,52,0,148,118.0,BHUNGA
27504,Ghiala (300),PATHANKOT,32.27027,75.584816,27504,1890.5661999781485,1892.3104248046875,0.5993323724187901,0.1833000302622228,1.6718914739244666,-0.5632798626468037,-0.1179379435665233,1105.788727671336,21.860826684678948,1.0,193.0,86,100,326,250.0,PATHANKOT
27565,Sokalgarh (255),PATHANKOT,32.27517,75.65892,27565,1891.746192745027,1892.306396484375,0.5997842414443297,0.2030354521603971,1.673509432839949,-0.5530824932596569,-0.1314459038669019,1079.2692970671249,21.671978138750028,1.0,425.0,0,0,312,129.0,GHAROTA
27535,Mirzapur (320),PATHANKOT,32.144146,75.5652,27535,1890.7422803492293,1892.265380859375,0.6163587676775292,0.2422882669974609,1.6511730711012536,-0.5839943713660433,-0.1629818819876387,1087.7837928941149,21.529644098878293,1.0,247.0,45,43,125,151.0,PATHANKOT
27526,Garhmal (279),PATHANKOT,32.1261253,75.529,27526,1893.9351958385143,1892.25634765625,0.5105147803509698,0.1143302336209894,1.2891815440494507,-0.5156526980097834,-0.0454102055032088,1087.7837928941149,21.529644098878293,1.0,90.0,25,55,110,122.0,GHAROTA
27627,Katani (74),PATHANKOT,32.28829,75.64246,27627,1892.92035653486,1892.2435302734375,0.634595617389794,0.201716559165917,1.8881252584461263,-0.5772437221198146,-0.1435281342360225,1061.2826962125846,21.892050805794764,1.0,93.0,0,25,54,97.0,NAROT JAIMAL SINGH
38410,Balauli (330),RUPNAGAR,31.1711712,76.44169,38410,1896.2555727340675,1892.2330322265625,0.6443879504173682,0.1715058442637482,1.7244556190218718,-0.6210651745943592,-0.1157788631267263,812.5386777331727,21.147925069111864,1.0,200.0,70,30,235,304.0,ANANDPUR SAHIB
38412,Raipur Sani (343),RUPNAGAR,31.2432442,76.49996,38412,1892.5466145272544,1892.1993408203125,0.601822314015803,0.1751458833611348,1.7256372539227922,-0.5576482698383066,-0.1254175180352498,812.5386777331727,21.147925069111864,1.0,100.0,130,130,140,486.0,ANANDPUR SAHIB
31367,Lalpur (424),HOSHIARPUR,31.7026939,75.86094,31367,1893.630119042816,1892.1966552734375,0.4642605583953451,0.0517779254076742,1.184180976438631,-0.4899314773927283,0.0061767398966415,1084.9920752456087,21.764512837158577,0.8289531248817337,440.0,14,0,114,136.0,BHUNGA
31483,Patiari (501),HOSHIARPUR,31.5302734,75.9033356,31483,1893.434761550762,1892.1815185546875,0.6734811417322093,0.2099337247137957,2.0129056248533,-0.6168313547014985,-0.1585197119646199,1091.207701930545,21.91981889847341,0.1327580560866454,801.0,72,70,104,1027.0,HOSHIARPUR-II
27543,Aiman Gujran (251),PATHANKOT,32.2751579,75.658905,27543,1889.515328693809,1892.1697998046875,0.5561883884978338,0.188608460860241,1.4496523437027111,-0.5389652119171323,-0.1097930562769856,1087.7837928941149,21.529644098878293,1.0,300.0,0,45,12000,130.0,GHAROTA
31288,Bhatoli (594),HOSHIARPUR,31.9459457,75.9538345,31288,1893.3130542960405,1892.1650390625,0.601490551099057,0.1518921321780907,1.689881180385684,-0.5739613988248348,-0.0968394626253695,1281.9986882617372,21.932858060390743,0.8333970819581111,2.47,35,75,125,166.0,TALWARA
27495,Talwara Jattan (312),PATHANKOT,32.18018,75.65896,27495,1891.2378498032144,1892.153076171875,0.5228559695208833,0.1050747094596303,1.3399104078066686,-0.5224744983201757,-0.0410229049644283,1087.7837928941149,21.529644098878293,0.6781219166881367,55.0,68,52,78,100.0,PATHANKOT
31287,Ram Nangal (599),HOSHIARPUR,31.9459457,75.89014,31287,1894.5039892077104,1892.133544921875,0.6971443940022068,0.2231179129050339,2.143814726533668,-0.6362767851680219,-0.1769465682511646,1282.1421501413245,21.73307946805279,0.4268707599127357,2.47,38,35,198,90.0,TALWARA
38524,Dehni (338),RUPNAGAR,31.2432442,76.47889,38524,1887.955435021025,1892.119140625,0.4846853500156604,0.0730575170316983,1.1771342583904136,-0.5175136865676129,-0.0046740574537779,812.5386777331727,21.147925069111864,0.941516371682875,119.0,120,120,125,221.0,ANANDPUR SAHIB
27477,Kalesar (211),PATHANKOT,31.8918915,75.9304352,27477,1891.5327189736804,1892.117919921875,0.5724823129008224,0.1867947205697817,1.5846784201383006,-0.5345870494287216,-0.1180634258722432,1053.921620439936,21.03467781499609,1.0,125.0,154,145,384,112.0,SUJANPUR
31305,Bhatehar (608),HOSHIARPUR,31.90991,75.9453049,31305,1894.4937552857305,1892.1094970703125,0.5930388414689033,0.130252556018802,1.595040470916371,-0.5769966978927912,-0.0779463322752115,1282.3017927815813,21.51076827236278,0.0059642780913305,2.0,135,135,230,163.0,TALWARA
27449,Bhanwal (227),PATHANKOT,32.3063049,75.593544,27449,1891.055444566097,1892.108642578125,0.4843128198997972,0.0874495110147326,1.3469983749752257,-0.4730409623720057,-0.0338010346139449,1106.5130176951784,20.607614928091834,0.7050803331491796,136.0,160,160,460,173.0,SUJANPUR
31329,Basantpur (613),HOSHIARPUR,31.8918915,75.90922,31329,1889.9586925861213,1892.0794677734375,0.4735629672789841,0.0272805843863803,1.096659766526337,-0.5121377136349942,0.0314137508885121,1282.3017927815813,21.51076827236278,0.0,2.47,27,25,60,47.0,TALWARA
31277,Beh Jagan (553),HOSHIARPUR,31.90991,75.92407,31277,1889.293932363424,1892.0518798828125,0.5765187423938286,0.1298075146276229,1.5822380607916766,-0.5610858704714998,-0.0710415667225587,1281.9986882617372,21.932858060390743,0.7203699802410071,2.47,80,80,110,206.0,TALWARA
38762,Bardar (370),RUPNAGAR,30.9549541,76.52025,38762,1890.454340405293,1892.0267333984375,0.6217249507071171,0.1365627537418614,1.870813231998904,-0.5695674467038445,-0.0861248415695452,820.8446941911516,21.91874971093085,0.1483318097558617,43.0,50,100,180,1767.0,RUPNAGAR
31401,Dhanowal (406),HOSHIARPUR,31.6290226,75.8526154,31401,1893.2388184260808,1892.0240478515625,0.5923668127056522,0.1657699504517451,1.5831351310645878,-0.5783733923055614,-0.1034251724909441,1068.602134588756,21.841847390495506,0.9907470524550316,110.0,10,0,18,124.0,BHUNGA
27567,Simbli (256),PATHANKOT,32.2751465,75.658905,27567,1890.9291323682453,1892.015869140625,0.5460896307352955,0.1600549721684988,1.3821651180254284,-0.5151508104852801,-0.0938623228919783,1087.7837928941149,21.529644098878293,1.0,70.0,0,0,117,95.0,GHAROTA
30907,Narur (464),HOSHIARPUR,31.2972965,75.616,30907,1893.644957270241,1892.01416015625,0.6619279108906647,0.2010528428970307,1.981817370351812,-0.6099224268170864,-0.1507686035929049,1208.270029229788,21.395299103882103,0.3232426176161648,50.0,12,32,202,1149.0,BHUNGA
31278,Gawal Chak Shangaru (595),HOSHIARPUR,31.9639645,75.84131,31278,1895.3336404255167,1892.0025634765625,0.5781626641834985,0.1359996937377067,1.6013533493094474,-0.5606697990447911,-0.0798786549828083,1281.9986882617372,21.932858060390743,0.9788486522179424,28.0,28,55,70,48.0,TALWARA
30918,Balala (20),HOSHIARPUR,31.6961155,75.7823257,30918,1893.718606126392,1891.9935302734375,0.6017181557812473,0.1700189636339637,1.7152970578224849,-0.5749394381727766,-0.1084338852234025,1128.425291682555,21.832638961909986,1.0,630.0,20,0,80,76.0,BHUNGA
31108,Kando Karora (372),HOSHIARPUR,31.8918915,75.97288,31108,1895.118430531429,1891.979736328125,0.6436331170545007,0.1769165336981218,1.9162860586357024,-0.5997588712970954,-0.1290424974113458,1281.9986882617372,21.932858060390743,1.0,73.0,3,3,33,96.0,TALWARA
27575,Mamial (266),PATHANKOT,32.1981964,75.52489,27575,1894.316423300243,1891.91943359375,0.5195212563720518,0.1390160272683588,1.2861277639496158,-0.5238667975159066,-0.0632458742614508,1088.7576461156243,21.55210378640934,1.0,2.48,6,0,55,99.0,GHAROTA
31482,Dalewal (411),HOSHIARPUR,31.6795025,75.81032,31482,1892.75441594488,1891.9141845703125,0.6939194260420649,0.2244673045041708,2.216542475965363,-0.6295096793928386,-0.1735128069945534,1114.778885249542,21.79357939214649,0.1566654946104245,7.9,72,0,76,827.0,BHUNGA
30902,Raghwal (469),HOSHIARPUR,31.8378372,75.71625,30902,1892.5192863909724,1891.8809814453125,0.6171620478755125,0.1871112026932994,1.813094350985572,-0.5804825829054797,-0.1300766048309546,1205.2589434429767,21.415255993141084,0.6399074722438657,280.0,14,0,115,483.0,DASUYA
31480,Nara (498),HOSHIARPUR,31.36937,75.82165,31480,1891.672341310316,1891.8746337890625,0.6956573910847272,0.2290488831342817,2.1821077034830103,-0.625984644548807,-0.1792108508427352,1122.2159745036363,21.77905332088109,0.16228479967077,36.0,141,130,235,1561.0,HOSHIARPUR-II
27534,Farida Nagar (258),PATHANKOT,32.2751,75.65887,27534,1891.359019246815,1891.8677978515625,0.5872182055097667,0.199736472877205,1.656112394841975,-0.543234531269404,-0.1311671202820533,1087.7837928941149,21.529644098878293,1.0,2.47,0,0,132,322.0,GHAROTA
27510,Barwan (299),PATHANKOT,32.1621628,75.6652756,27510,1891.7806408687784,1891.8533935546875,0.6013665171484113,0.178148981187373,1.6708084029536918,-0.5620927987649094,-0.1127239768926012,1095.852424573629,21.715728554255847,1.0,25.0,9,9,13,59.0,PATHANKOT
27545,Raj Parura (252),PATHANKOT,32.2752037,75.65894,27545,1889.5508082867448,1891.8507080078125,0.5490665778961036,0.1706485272910551,1.4508325591065272,-0.5287494558619467,-0.0984816749098129,1087.7837928941149,21.529644098878293,1.0,1000.0,0,0,427,265.0,GHAROTA
27490,Beli Akalian (326),PATHANKOT,32.144146,75.5652,27490,1890.8597003520208,1891.8170166015625,0.5361248258116872,0.087326250787996,1.395386851023645,-0.5355850366791612,-0.0352540146119802,1087.7837928941149,21.529644098878293,0.8750374351613015,1.0,25,30,41,110.0,PATHANKOT
27451,Mirzapur (219),PATHANKOT,0.0,0.0,27451,1894.490817789,1891.8046875,0.4099159131724031,0.0712896396867816,0.8517929905259372,-0.4055063973918685,-0.0129973830922056,1077.0773979833025,20.6863604823547,0.5857085437608625,87.0,30,20,152,106.0,NAROT JAIMAL SINGH
27450,Bheri Bazurg (217),PATHANKOT,31.8918915,75.9304352,27450,1893.533840008332,1891.772705078125,0.4300446604331169,0.0866528603329003,1.048775827379233,-0.4313533580843909,-0.0212516080231937,1089.3060754701494,20.653646580081485,0.5807762645519896,245.0,85,31,162,563.0,SUJANPUR
30924,Baranda (447),HOSHIARPUR,31.6936932,75.78898,30924,1893.134447964316,1891.7666015625,0.5605803932552135,0.148347730679441,1.5139383966233608,-0.5538244569277118,-0.0848201439284058,1152.0719024350542,21.76776932639285,1.0,25.5,10,2,114,106.0,BHUNGA
27538,Fatehgarh (322),PATHANKOT,32.1621628,75.55885,27538,1889.6590525137008,1891.759765625,0.5815202827414826,0.2100474615324666,1.4829867373319254,-0.5651196775438857,-0.1271316783477521,1087.7837928941149,21.529644098878293,1.0,74.0,38,36,134,106.0,PATHANKOT
31028,Dholia (633),HOSHIARPUR,31.8018017,75.6655045,31028,1891.3547248232803,1891.6861572265625,0.7345910298980003,0.2819177366549952,2.2416134160416643,-0.663542512286705,-0.2309801730077247,1280.4837542646817,21.936044400875883,0.3738150763189658,51.0,36,17,97,37.0,DASUYA
27511,Talwara Gujjran (311),PATHANKOT,32.18018,75.65896,27511,1891.3495836718323,1891.6551513671875,0.6008568770266477,0.1558696633493687,1.594678841887802,-0.5739354911114608,-0.0929050315249645,1087.7837928941149,21.529644098878293,1.0,55.0,68,52,78,95.0,PATHANKOT
31362,Nangal Pind (418),HOSHIARPUR,31.6290226,75.8526154,31362,1892.8142836421464,1891.650146484375,0.5148564880689175,0.1162941953290995,1.3216544992828625,-0.5258282653236133,-0.0503572587922128,1084.9920752456087,21.764512837158577,0.9956424890714825,76.0,10,0,41,83.0,BHUNGA
38504,Bal (4),RUPNAGAR,30.9729729,76.51368,38504,1891.3399565534137,1891.639892578125,0.514095167108275,0.182581788391177,1.3222107917218249,-0.5014889910526041,-0.1044979901522161,789.9736556222337,21.977613010914524,1.0,114.0,25,20,25,142.0,RUPNAGAR
38604,Naggal (335),RUPNAGAR,31.0900249,76.54442,38604,1891.970933789573,1891.6314697265625,0.5887390521856591,0.1626188394956759,1.613816934399235,-0.5620038958756487,-0.0997958070453219,792.8710038536849,22.01260383542893,0.9683176682311572,186.0,50,1,210,490.0,RUPNAGAR
27407,Sadhauri (361),PATHANKOT,43.3153152,46.3581924,27407,1892.0318907987555,1891.62353515625,0.4106344580716365,0.0409680617528857,1.0201917579394315,-0.4252868064180223,0.0159737948338262,1077.0773979833025,20.6863604823547,0.7309150655405259,112.0,240,110,221,180.0,SUJANPUR
31360,Khepar (420),HOSHIARPUR,31.7027321,75.86085,31360,1893.0457485541133,1891.5799560546875,0.5068297439903998,0.1096281394842538,1.2913209840475866,-0.517309524907439,-0.0428370500360977,1084.9920752456087,21.764512837158577,1.0,425.0,16,0,105,68.0,BHUNGA
38411,Daulowal (344),RUPNAGAR,31.2252254,76.50645,38411,1890.9267951336385,1891.5491943359375,0.6276821035584421,0.1697593736869127,1.7113286228079616,-0.6046669950307202,-0.1123014650689588,812.5386777331727,21.147925069111864,1.0,238.0,120,120,160,441.0,ANANDPUR SAHIB
31363,Bassi Bahadar (415),HOSHIARPUR,31.7026272,75.8609848,31363,1893.0256569146743,1891.5413818359375,0.5341735604518831,0.1191940203124608,1.432979719181395,-0.5320735465070977,-0.0581532277481955,1084.9920752456087,21.764512837158577,1.0,44.0,4,0,6,26.0,BHUNGA
31474,Dada (496),HOSHIARPUR,31.36937,75.82165,31474,1891.2655317552485,1891.53271484375,0.6786948033306264,0.1988386305724851,1.965002389725276,-0.6235140127588562,-0.1467174717699504,1090.1734474112886,21.98667078098537,0.1669328840761064,72.46,103,151,395,2459.0,HOSHIARPUR-II
38503,Chhaja (429),RUPNAGAR,31.1711712,76.42063,38503,1892.2202168372,1891.5135498046875,0.5641411524680464,0.1856406882999658,1.3790440348997095,-0.5592721569641577,-0.1023136429146822,789.9736556222337,21.977613010914524,1.0,61.0,50,50,115,130.0,NURPUR BEDI
31397,Bassi Babu Khan (414),HOSHIARPUR,31.7025642,75.86092,31397,1893.526774354929,1891.5103759765625,0.5955183399327432,0.1771907755696308,1.614814335406176,-0.5823474652606453,-0.1151767016465253,1063.2122697130965,21.86727901355199,1.0,46.8,22,0,117,76.0,BHUNGA
31266,Narnaul (375),HOSHIARPUR,31.927927,75.93895,31266,1894.170177248532,1891.5047607421875,0.6444059500648837,0.1830520105457474,1.876192182557609,-0.5992993523922433,-0.1298453022013616,1281.9986882617372,21.932858060390743,0.8985752003776162,60.0,46,35,74,80.0,TALWARA
27455,Ferozepur Kalan (224),PATHANKOT,31.8918915,75.9304352,27455,1891.5979238402856,1891.4996337890625,0.5272614152352811,0.1323321395419115,1.4904078201506543,-0.501430783339612,-0.0762551401875898,1106.5130176951784,20.607614928091834,0.9366820531512802,100.0,172,100,811,130.0,SUJANPUR
27488,Darsopur (325),PATHANKOT,32.27027,75.584816,27488,1889.034803035016,1891.4949951171875,0.5399756149014494,0.1352303984174354,1.3812980565719408,-0.5346432788600068,-0.0660370073888714,1087.7837928941149,21.529644098878293,1.0,80.0,80,80,200,70.0,PATHANKOT
31351,Dhol Baha (476),HOSHIARPUR,31.783783,75.9687042,31351,1890.1055099303708,1891.4886474609375,0.6099832426957008,0.1787122590739141,1.757364498310355,-0.5715504494743417,-0.1239835786423326,1107.638385866093,21.673400654430303,0.3321410273841534,23.4,0,0,426,2216.0,BHUNGA
27408,Madhopur (358),PATHANKOT,31.8918915,75.90922,27408,1893.9102219367064,1891.4404296875,0.4645805324149319,0.0896181134399898,1.2983555152110142,-0.4308550060446636,-0.0421533597349052,1077.0773979833025,20.6863604823547,0.3992649159240727,50.9,19,12,507,56.0,SUJANPUR
27454,Hajipur (220),PATHANKOT,0.0,0.0,27454,1892.2789983934017,1891.3994140625,0.5361768892609127,0.1243230599683228,1.3898321201636927,-0.5246450755389592,-0.0635035798015196,1106.5130176951784,20.607614928091834,1.0,56.0,12,12,16,121.0,SUJANPUR
31029,Badla (626),HOSHIARPUR,31.81982,75.8074951,31029,1890.210371102148,1891.3856201171875,0.665444500357559,0.2291076192660005,1.984596925007918,-0.6183191529307839,-0.1728116106944097,1270.3351700586325,21.957389782777444,0.542624044517093,218.0,72,6,461,1353.0,DASUYA
31285,Bhera (603),HOSHIARPUR,31.9639645,75.84131,31285,1896.734252903964,1891.3338623046875,0.5306133296040756,0.1308636705321955,1.5255611784619778,-0.4980049195451821,-0.0753332918359222,1269.8520186811477,21.58667594432107,0.0868655191187701,2.47,38,80,207,135.0,TALWARA
31275,Gawal Chak Jassu (590),HOSHIARPUR,31.8918915,75.97288,31275,1893.0188853890224,1891.3189697265625,0.6584893191597314,0.1954090690707157,1.9518485255624665,-0.609227925991298,-0.1465179421923556,1281.9986882617372,21.932858060390743,0.7771657921223166,9.0,1,1,2,13.0,TALWARA
31027,Chak Phala (629),HOSHIARPUR,31.8018017,75.6655045,31027,1891.2679109292048,1891.2991943359375,0.588664286564594,0.1437498611852143,1.6470541636446847,-0.5716346130042028,-0.0866929190719372,1281.4767714966797,21.933955800966665,0.9775988734556358,80.0,23,0,71,121.0,DASUYA
38505,Pirthipur (321),RUPNAGAR,30.9549541,76.52025,38505,1890.5934109207765,1891.2606201171875,0.532424396553426,0.1724817013401684,1.3563262577546236,-0.5189896831393247,-0.0964860889080511,789.9736556222337,21.977613010914524,1.0,170.0,100,100,176,170.0,RUPNAGAR
31405,Hussainpur (484),HOSHIARPUR,31.6756763,75.77427,31405,1892.0400641323463,1891.2513427734375,0.6052740052104489,0.1544062072404738,1.6260256224659029,-0.5898799908594298,-0.0964823923209459,1084.9920752456087,21.764512837158577,0.5188991451872663,115.0,79,72,187,225.0,BHUNGA
27409,Madhopur Chhauni (359),PATHANKOT,0.0,0.0,27409,1893.898448739693,1891.2462158203125,0.4596116356349284,0.0572872093918225,1.1985934638386035,-0.4668306170342031,-0.0020403060224205,1077.144803514913,20.68618016048606,0.7411664046855451,50.0,46,45,195,209.0,SUJANPUR
27540,Gulpur (248),PATHANKOT,32.27512,75.65888,27540,1889.5959552014167,1891.2359619140625,0.6031067471476169,0.2019830517236429,1.6337648302866807,-0.574607281071247,-0.1306757840267178,1087.7837928941149,21.529644098878293,1.0,2.47,0,0,73,97.0,GHAROTA
27542,Chak Paswala(250),PATHANKOT,32.275116,75.6588745,27542,1889.452557498924,1891.2188720703125,0.5833571070989382,0.1700194611674487,1.553870021891392,-0.5549865591005445,-0.1015153388096409,1087.7837928941149,21.529644098878293,1.0,40.485,0,30,70,51.0,GHAROTA
38596,Beli (6),RUPNAGAR,31.09916,76.5470047,38596,1891.4175414827444,1891.1990966796875,0.506202032410695,0.1579020368186093,1.333979791327579,-0.4948661390082537,-0.0829748935019477,789.9736556222337,21.977613010914524,1.0,425.0,600,1,242,522.0,RUPNAGAR
27503,Jindri (304),PATHANKOT,32.1621628,75.64399,27503,1891.5867987078705,1891.1802978515625,0.5808079964181663,0.1707954874204993,1.6226751903876386,-0.5513903936520512,-0.1060207959732946,1084.0006147387098,21.49550536973429,1.0,85.0,22,22,70,57.0,PATHANKOT
27487,Aiman Changan (324),PATHANKOT,32.144146,75.5652,27487,1889.444737848687,1891.1279296875,0.6187897033960884,0.1638955357857532,1.6940169773122575,-0.5794224597189646,-0.1066171312310673,1087.7837928941149,21.529644098878293,1.0,100.0,75,36,70,31.0,PATHANKOT
31031,Hardo Neknama (637),HOSHIARPUR,31.8018017,75.6655045,31031,1890.0709975428688,1891.1221923828125,0.6328032754036601,0.1952962045096898,1.8260723939776544,-0.600456412898172,-0.1373337145483052,1277.466525471581,21.92828787913656,0.7560208045230384,449.0,36,11,167,650.0,DASUYA
27537,Panjupur (323),PATHANKOT,32.144146,75.5652,27537,1889.527545630932,1891.1165771484375,0.6276870809525764,0.2012481909832917,1.689556110990403,-0.5948406149092667,-0.1346694172606902,1087.7837928941149,21.529644098878293,1.0,95.0,80,70,297,122.0,PATHANKOT
27544,Jaswan Lahri (253),PATHANKOT,32.27514,75.65889,27544,1890.507367829994,1891.06689453125,0.5886789154391812,0.1931070127108617,1.668750534458978,-0.5480319178760208,-0.1278127599992234,1087.7837928941149,21.529644098878293,1.0,2.47,0,0,370,149.0,GHAROTA
27536,Bias Lahri (321),PATHANKOT,32.1621628,75.55885,27536,1890.549130818128,1891.02099609375,0.5955382075742959,0.2019521491715885,1.5705758511828596,-0.5706614811517671,-0.1262062368016469,1087.7837928941149,21.529644098878293,1.0,44.0,16,12,79,36.0,PATHANKOT
30901,Ramtatwali (470),HOSHIARPUR,31.696846,75.85391,30901,1890.173153425334,1891.010009765625,0.6692832997545056,0.2169551850260716,2.017126021977765,-0.6123213005109929,-0.1646379573706287,1174.888977391224,21.43334198652717,0.3507048818418025,323.0,18,0,176,1170.0,BHUNGA
27502,Ghebe (305),PATHANKOT,32.18018,75.63767,27502,1891.054979003359,1891.0062255859375,0.558736809816057,0.1402191358017294,1.5500030385787231,-0.5380755266818821,-0.0803510402358765,1078.9966266444349,21.406647098186166,1.0,58.0,0,38,70,72.0,PATHANKOT
27500,Phulra (306),PATHANKOT,32.27027,75.64874,27500,1890.436104364348,1890.9970703125,0.6097310925969014,0.1867981281245172,1.6574389150307949,-0.5718490505002354,-0.1193807496090644,1085.8729016597254,21.50289669433292,1.0,224.0,68,68,235,149.0,PATHANKOT
31316,Pohari (577),HOSHIARPUR,31.9459457,75.89014,31316,1893.0984891497544,1890.9635009765625,0.710007010785964,0.2550410302392095,2.127003734953026,-0.6421752876112727,-0.2016609558386588,1152.0719024350542,21.76776932639285,0.0617207404932931,35.0,15,35,76,214.0,TALWARA
27781,Tharial (CT),PATHANKOT,43.3153152,46.3581924,27781,1891.3285847913053,1890.9376220703125,0.4730875483819403,0.0459826924672877,1.1585284039017207,-0.496222016895993,0.0147242984961066,1100.2365731997284,20.62553686115311,1.0,125.0,55,109,481,0.0,SUJANPUR
38511,Abadi Kiratpur Sahib (373),RUPNAGAR,31.2252254,76.50645,38511,1890.0214330929043,1890.9329833984375,0.4803413243417729,0.1423646432116981,1.1873977076065922,-0.4610486068503943,-0.0775600430388998,812.5386777331727,21.147925069111864,0.8351441479584581,327.0,0,50,152,612.0,ANANDPUR SAHIB
27459,Bhajura (234),PATHANKOT,0.0,0.0,27459,1889.2319414512256,1890.899658203125,0.5667283116365484,0.1723664871999876,1.4887986983644512,-0.5374592449135109,-0.098840453178165,1106.5130176951784,20.607614928091834,1.0,108.0,51,50,152,134.0,SUJANPUR
38592,Chhoti Jhakhian (5),RUPNAGAR,30.9549541,76.4992447,38592,1890.415513218864,1890.8873291015625,0.5927181973910606,0.1863748743761892,1.525544715583716,-0.5769525853766808,-0.1122236773951272,789.9736556222337,21.977613010914524,1.0,122.0,120,100,130,155.0,RUPNAGAR
31359,Dandoh (479),HOSHIARPUR,31.6756763,75.79544,31359,1889.730664645552,1890.884765625,0.682657383437934,0.2072294284683343,1.969321735611636,-0.6346199281122661,-0.1552268370831559,1084.9920752456087,21.764512837158577,0.2464554530564259,587.4,0,0,197,634.0,BHUNGA
31326,Bringli (610),HOSHIARPUR,31.9459457,75.89014,31326,1890.490354995324,1890.875244140625,0.6001731846866083,0.1528188765461505,1.6277625550975214,-0.5789129318200865,-0.0987992587938748,1282.3017927815813,21.51076827236278,0.0636149754915581,2.47,20,20,82,686.0,TALWARA
27444,Kahanpur (349),PATHANKOT,0.0,0.0,27444,1888.8238278980923,1890.86376953125,0.5518188219841033,0.1188668365812703,1.4547435942239637,-0.5369895686075482,-0.0582887561406867,1123.9295070561236,20.587406861425585,1.0,223.0,85,120,552,278.0,SUJANPUR
31473,Sleran (495),HOSHIARPUR,31.36937,75.82165,31473,1890.3849814692903,1890.8575439453125,0.6414025344441994,0.1730820179634452,1.770562213378843,-0.5962597764403028,-0.1169682250658209,1090.1734474112886,21.98667078098537,0.1204666738429968,121.0,85,103,285,1511.0,HOSHIARPUR-II
31026,Basa (636),HOSHIARPUR,31.8018017,75.6655045,31026,1890.7246330337016,1890.8486328125,0.6352738356062696,0.1943671446512029,1.7935794719834006,-0.6083730679593009,-0.1343656583619496,1281.9986882617372,21.932858060390743,0.9145997231805586,94.0,21,0,30,172.0,DASUYA
27453,Attehpur (222),PATHANKOT,32.3063049,75.55091,27453,1891.962655173095,1890.848388671875,0.5813477461183879,0.1790356892706653,1.5375458875785082,-0.5473181121597277,-0.1064561252112126,1106.5130176951784,20.607614928091834,1.0,200.0,75,50,150,254.0,SUJANPUR
31352,Phaphial (477),HOSHIARPUR,31.702301,75.861,31352,1890.0465884173773,1890.8465576171875,0.6018416374233604,0.2431917481430175,1.893352477673416,-0.5174714476522307,-0.1842549799655085,1084.9920752456087,21.764512837158577,0.0835316646986485,41.14,8,5,58,156.0,BHUNGA
38507,Tirak Karman (3),RUPNAGAR,31.0903625,76.55214,38507,1890.649445115956,1890.83740234375,0.4760876803709455,0.1100780491071389,1.1995256157495002,-0.4831937309651138,-0.0404899210281395,796.1665571548609,21.749907684452005,0.8601777034397813,81.0,25,25,48,87.0,RUPNAGAR
27406,Khala (362),PATHANKOT,32.3063049,75.593544,27406,1890.3340700647973,1890.8358154296875,0.4429531605055651,0.0356257723720211,1.058066489982505,-0.4619666909234122,0.0233956037493311,1077.1134303450538,20.68624952962721,0.7214493272694099,30.0,15,10,25,143.0,SUJANPUR
38602,Kimatpur (330),RUPNAGAR,31.09916,76.5470047,38602,1891.4838059510207,1890.8109130859375,0.5663766366349551,0.1714219773902397,1.506012864598716,-0.5422064210258307,-0.1030582965866536,789.9736556222337,21.977613010914524,0.8230550731136755,280.0,25,1,20,284.0,RUPNAGAR
38529,Hardo Haripur (319),RUPNAGAR,30.9549541,76.52025,38529,1889.3268518678249,1890.8028564453125,0.4812139185139236,0.0905699561411159,1.157706227632158,-0.511023399069597,-0.0176570685909906,802.5185569770956,21.51635251074437,1.0,97.6,60,50,95,146.0,RUPNAGAR
27443,Gosainpur (345),PATHANKOT,31.8918915,75.9304352,27443,1889.7044331389093,1890.7984619140625,0.4722202548981354,0.0627376648008431,1.247527218423111,-0.474007596179775,-0.0098491220724973,1107.7034563552627,20.60623368165918,0.3023930543159783,208.0,151,114,707,112.0,SUJANPUR
27447,Gandran Lahri (348),PATHANKOT,32.216217,75.47596,27447,1890.0175262435505,1890.7850341796875,0.5415840539473479,0.127734433454756,1.508827101088796,-0.5231833175357871,-0.070754382569929,1106.5130176951784,20.607614928091834,0.617714129364342,152.0,142,52,181,137.0,SUJANPUR
27414,Dadwan (370),PATHANKOT,31.8918915,75.90922,27414,1891.2870533370665,1890.7701416015625,0.5046745815798046,0.0664764283024728,1.1604228897000397,-0.5267436661710951,-0.0012944875210224,1152.2505077531237,20.554546469282343,1.0,115.0,153,245,304,275.0,SUJANPUR
27456,Bhol Chak (223),PATHANKOT,31.8918915,75.90922,27456,1891.1168718201216,1890.766357421875,0.5764325848212005,0.1908312889587581,1.4679075986813583,-0.5444645877176492,-0.1147006656851432,1106.5130176951784,20.607614928091834,1.0,136.0,155,160,460,115.0,SUJANPUR
27469,Phool Piara (212),PATHANKOT,31.8918915,75.90922,27469,1890.4398369103576,1890.7418212890625,0.5728967369469522,0.1785086744476443,1.565446237587388,-0.5324350473826686,-0.1115379021409662,1106.5130176951784,20.607614928091834,1.0,125.0,152,24,260,243.0,SUJANPUR
38605,Manguwal (333),RUPNAGAR,31.09916,76.5470047,38605,1890.5227745522648,1890.720947265625,0.4215826787753007,0.0760562066289215,1.0093609635236804,-0.4530244876297757,0.0025756486918423,789.9736556222337,21.977613010914524,0.9066458193310466,90.0,25,40,80,135.0,RUPNAGAR
27452,Chhan (221),PATHANKOT,43.3153152,46.3581924,27452,1891.780894228592,1890.7125244140625,0.5424813231019419,0.1188823142603796,1.3897329216534935,-0.532278135922375,-0.0544936126606492,1106.5130176951784,20.607614928091834,1.0,120.0,160,102,360,162.0,SUJANPUR
27489,Tajpur (328),PATHANKOT,32.27027,75.64874,27489,1889.311929318343,1890.6912841796875,0.5794939017056737,0.1440666948374451,1.520901259502003,-0.563347787369875,-0.0821411834757409,1087.7837928941149,21.529644098878293,1.0,400.0,40,35,248,201.0,PATHANKOT
31327,Bhol Kalota (611),HOSHIARPUR,31.8738747,75.91559,31327,1890.8934372119345,1890.687744140625,0.5620685291863255,0.1000485054749076,1.4296435234051577,-0.5589822166321777,-0.0474539929765121,1282.3017927815813,21.51076827236278,0.1615673956997927,2.47,80,80,165,204.0,TALWARA
27441,Chak Madho Singh (344),PATHANKOT,32.28829,75.51458,27441,1890.091067128972,1890.682373046875,0.4900009815865898,0.0710910775056996,1.2590167504300385,-0.4948693078596573,-0.0139126141998416,1147.0564418844635,20.56057305863608,0.6090119446347348,420.0,65,65,215,273.0,PATHANKOT
38969,Karoran (352),S.A.S Nagar,30.1261253,76.18241,38969,1889.922177905832,1890.6658935546875,0.5368437457159633,0.1021306288760377,1.592755554421344,-0.5090775777195732,-0.0548142572781431,756.0142221858399,22.52865146049311,0.1775416869817938,1000.0,0,0,170,1480.0,KHARAR
38516,Baruwala (339),RUPNAGAR,31.2432442,76.49996,38516,1889.126790139181,1890.6533203125,0.5209730232645111,0.0952934606577167,1.2839697449144591,-0.546836149079655,-0.0296158389310027,812.5386777331727,21.147925069111864,1.0,127.0,70,70,80,214.0,ANANDPUR SAHIB
38601,Himatpur (329),RUPNAGAR,31.09916,76.5470047,38601,1890.365247095328,1890.6387939453125,0.5803633023389142,0.1769365745789859,1.845358650976177,-0.549313752615544,-0.1131799883389073,789.9736556222337,21.977613010914524,0.9684138224432444,59.0,50,1,30,189.0,RUPNAGAR
27411,Ranipur (356),PATHANKOT,31.8918915,75.9304352,27411,1890.578373028236,1890.6241455078125,0.4983913649955985,0.0691337673394915,1.2156702276235778,-0.512844982527593,-0.0076357120630553,1130.0249388291625,20.580006094684304,1.0,552.0,355,210,1210,635.0,SUJANPUR
30906,Khangwari (465),HOSHIARPUR,31.72973,75.8608,30906,1892.3634612675785,1890.6024169921875,0.6701737671141795,0.214663742080042,2.0179289053024787,-0.6161047687454192,-0.1631666362579293,1223.8419454648244,21.29209148050008,0.1574895170854653,1.11,0,6,226,957.0,BHUNGA
31328,Palahar (612),HOSHIARPUR,31.9459457,75.89014,31328,1890.3883327596952,1890.5968017578125,0.6282708368289829,0.1407058574380373,1.6159772776139072,-0.6143810834159441,-0.0873037594122601,1282.3017927815813,21.51076827236278,0.18837577127382,2.47,155,122,203,274.0,TALWARA
38506,Fatehpur Bunga (320),RUPNAGAR,30.9549541,76.52025,38506,1889.8204302660365,1890.58349609375,0.4831598930559772,0.1059311361856831,1.1692754191227095,-0.5060311298321543,-0.0319505687948529,793.9173516477769,21.832608187855307,1.0,104.0,100,68,168,136.0,RUPNAGAR
27457,Khadawar (225),PATHANKOT,32.3063049,75.593544,27457,1889.7783441378724,1890.5693359375,0.5637408619819151,0.1675536790547913,1.5193887698079591,-0.5310662860412095,-0.1006345088409111,1106.5130176951784,20.607614928091834,0.937344551766848,2.47,75,50,450,332.0,SUJANPUR
31336,Amroh (617),HOSHIARPUR,31.8558559,75.94318,31336,1889.2753437850683,1890.5589599609375,0.570869022939791,0.091999253774502,1.4146913530161078,-0.5800139285199876,-0.0391563047783572,1270.267689053671,21.47029265492728,0.2039034955263351,162.0,102,199,264,208.0,TALWARA
27412,Mutfaroa (355),PATHANKOT,31.8918915,75.9304352,27412,1890.923609948468,1890.5426025390625,0.5267815755627214,0.0989124599826169,1.384649365241748,-0.5170360963968276,-0.0412593211963607,1106.5130176951784,20.607614928091834,0.9711753275295364,30.0,60,55,455,372.0,SUJANPUR
27475,Lahri Samanchan (214),PATHANKOT,0.0,0.0,27475,1891.990686197944,1890.5260009765625,0.5727000169696289,0.1892487266494837,1.5431048710036033,-0.5382394756186084,-0.1135186954733422,1084.8482591765437,20.78354131149176,1.0,60.0,16,15,50,69.0,SUJANPUR
27481,Muradpur (203),PATHANKOT,32.27027,75.64874,27481,1890.115366906662,1890.5037841796875,0.5581647652180103,0.1725833337153608,1.468778581106446,-0.5335299541879306,-0.1001759001674479,1084.544733508043,20.78600605962595,1.0,620.0,42,60,180,161.0,GHAROTA
27467,Itti (233),PATHANKOT,31.8918915,75.9304352,27467,1888.6730352303448,1890.5001220703125,0.5522880129409469,0.1573432390903614,1.8341731902594032,-0.5130640082008698,-0.0937076010227284,1106.5130176951784,20.607614928091834,1.0,40.0,55,55,255,97.0,SUJANPUR
31353,Janauri (478),HOSHIARPUR,31.72973,75.8608,31353,1889.5569080210191,1890.4913330078125,0.6528839588012133,0.2000541810502967,1.8722438891523483,-0.6105716873315139,-0.1460127061610129,1084.9920752456087,21.764512837158577,0.367710574279358,6.18,0,0,45,2131.0,BHUNGA
38963,Siswan (338),S.A.S Nagar,31.0990982,76.55196,38963,1889.449498359264,1890.48583984375,0.585908532636628,0.1230296480690869,1.8807888717522625,-0.5258260941416529,-0.0753296389047921,782.2654445203074,21.932914910969963,0.1025597393240146,55.0,120,13,150,1678.0,MAJRI
38521,Maura (335),RUPNAGAR,31.2432442,76.45782,38521,1890.633706090873,1890.475830078125,0.4899104439624715,0.0955659436126823,1.246268673395882,-0.5074518530994638,-0.027844323039312,812.5386777331727,21.147925069111864,0.5331012105302537,90.0,0,180,200,90.0,ANANDPUR SAHIB
38603,Alowal (331),RUPNAGAR,31.09916,76.5470047,38603,1892.4166788222385,1890.46630859375,0.5251725390346625,0.1514329146563632,1.4160757595938351,-0.5061042530046888,-0.0818790458802289,789.9736556222337,21.977613010914524,0.8531750485479952,179.0,50,1,80,335.0,RUPNAGAR
27458,Azizpur Kalan (226),PATHANKOT,0.0,0.0,27458,1889.163574193328,1890.460205078125,0.5703807589259624,0.1704559944898753,1.5722506303037354,-0.5384902262419027,-0.1024210719781753,1106.5130176951784,20.607614928091834,1.0,85.0,112,150,336,402.0,SUJANPUR
27499,Chak Bhatian (307),PATHANKOT,32.18018,75.65896,27499,1890.71109166982,1890.4425048828125,0.5866759139479074,0.1729631820749078,1.6118477667484723,-0.5534272163828757,-0.1076432041435416,1076.6038808310957,21.373155008687693,0.9222243271783224,18.51,17,17,47,46.0,PATHANKOT
31314,Kothi (575),HOSHIARPUR,31.9639645,75.86255,31314,1890.487413509088,1890.43701171875,0.5789030723378588,0.1241110993715401,1.5358873132718514,-0.5729377970639178,-0.0661911368356845,1222.0713874056437,21.75595235463425,0.0,2.0,68,70,132,265.0,TALWARA
38965,BHAGHINDI (343),S.A.S Nagar,30.81081,76.57304,38965,1890.2932177017024,1890.4306640625,0.624949951869468,0.1443068949441556,1.8536812175898905,-0.5730816951263867,-0.093862337201458,755.7956586659293,22.32649669667296,0.1824081084152043,61.0,62,60,75,1661.0,MAJRI
38519,Nard (333),RUPNAGAR,31.2432442,76.45782,38519,1886.9788128378384,1890.42236328125,0.4725366702484545,0.0693538327948301,1.0959211129167652,-0.5225734927874595,0.004954027248507,812.5386777331727,21.147925069111864,1.0,100.0,0,80,87,103.0,ANANDPUR SAHIB
38594,Bari Jhakhian (324),RUPNAGAR,31.0903625,76.55214,38594,1889.129437393144,1890.4102783203125,0.5345997194848351,0.151814539307685,1.3970000446861393,-0.5238616255394487,-0.0817612885348444,789.9736556222337,21.977613010914524,0.9990302164007184,108.0,100,1,180,303.0,RUPNAGAR
31315,Bariyan (576),HOSHIARPUR,31.9639645,75.86255,31315,1891.5886492494285,1890.399169921875,0.7602099608994994,0.2977554725059551,2.417523776050308,-0.6755015257158952,-0.2480029302416609,1184.5603240721607,21.80905005510108,0.0,2.47,18,70,140,172.0,TALWARA
38508,Tirak Gandhi (2),RUPNAGAR,31.0903625,76.55214,38508,1889.4479142935584,1890.3935546875,0.4533278781761251,0.1361863238033131,1.04137695966014,-0.465299575960538,-0.0542688859757073,812.5386777331727,21.147925069111864,1.0,73.0,100,10,25,86.0,RUPNAGAR
27778,Manwal (CT),PATHANKOT,32.27027,75.62743,27778,1890.7163368988265,1890.3895263671875,0.488854883277355,0.0648876966275556,1.1796002400555607,-0.5046204760121812,-0.0026279908040902,1152.2505077531237,20.554546469282343,0.8468318588693471,348.0,62,62,918,0.0,PATHANKOT
31330,Batwara (615),HOSHIARPUR,31.8738747,75.9368057,31330,1889.2546436712853,1890.370361328125,0.5755768682406599,0.1164401601642371,1.5062302845693831,-0.5705580275082494,-0.0642340156582836,1282.2713106824665,21.51066574858301,0.0741979214904681,2.5,180,180,256,231.0,TALWARA
27479,Aiman Mughlan (207),PATHANKOT,0.0,0.0,27479,1890.5935260485105,1890.350341796875,0.5930544891315795,0.1980212197303879,1.5908906847378907,-0.5557537015714914,-0.1248910042506946,1080.1439405319368,20.821742234192747,1.0,50.0,199,75,132,59.0,SUJANPUR
27478,Panjor (206),PATHANKOT,31.8918915,75.9304352,27478,1890.714852247285,1890.341796875,0.622697972337721,0.2096237466416884,1.7366311269672638,-0.5805957470725115,-0.144385708241764,1106.2713124769814,20.609577669788656,1.0,130.0,160,84,286,163.0,SUJANPUR
27425,Jandwal (383),PATHANKOT,32.3063049,75.76409,27425,1888.8493496546528,1890.3372802734375,0.4922153162311573,0.0715713647719493,1.2208554728226402,-0.506646056257324,-0.0097595537865252,1136.4521029403109,20.616559086724862,0.6585776690713463,60.0,25,25,615,248.0,DHARKALAN
27405,Kamwal (363),PATHANKOT,31.8918915,75.9304352,27405,1890.0231132515648,1890.3343505859375,0.4272653416791275,0.0256729353482246,1.0103118835787397,-0.4518444751717242,0.0309695181037781,1123.910358044899,20.542149989554613,0.68922192048211,79.0,35,25,45,134.0,SUJANPUR
27437,Siyonti (376),PATHANKOT,32.27027,75.64874,27437,1890.757722242948,1890.331787109375,0.5379984381241487,0.0799545197544155,1.333132332365588,-0.5437907526494806,-0.0214037077012763,1152.2505077531237,20.554546469282343,0.8897173587750491,247.0,55,26,700,190.0,PATHANKOT
27471,Shahar (218),PATHANKOT,31.8918915,75.9304352,27471,1890.2596405969184,1890.2882080078125,0.588630324239059,0.199356866876758,1.566034967840377,-0.5476939827179558,-0.1241329145726868,1106.5130176951784,20.607614928091834,1.0,40.0,78,86,211,81.0,SUJANPUR
30954,Chhangial (645),HOSHIARPUR,31.9459457,75.89014,30954,1896.04670058446,1890.20361328125,0.7447916649422649,0.2728674464358255,2.4052671239403023,-0.6521747690059901,-0.2252982308087617,1152.0719024350542,21.76776932639285,0.0021425983828201,41.0,23,0,88,161.0,DASUYA
27470,Phaloura (213),PATHANKOT,0.0,0.0,27470,1890.740086063657,1890.17236328125,0.5792542375448022,0.1834632212848858,1.567416167740587,-0.5468914744797301,-0.1126755882026294,1106.5130176951784,20.607614928091834,1.0,80.0,16,20,60,127.0,SUJANPUR
27549,Jakhbar (202),PATHANKOT,32.27027,75.64874,27549,1890.468950325191,1890.148193359375,0.5784013776597747,0.2114804525949691,1.5146085289922733,-0.5509155910306555,-0.1315085165895203,1067.5187174313487,20.924264024952173,1.0,250.0,7,12,72,54.0,GHAROTA
27419,Kother (375),PATHANKOT,32.27027,75.62743,27419,1890.9544047582144,1890.144287109375,0.5429811951943967,0.0831772299252856,1.3268334836512965,-0.5481443455607297,-0.0227215826500494,1152.2505077531237,20.554546469282343,1.0,165.0,59,59,335,185.0,PATHANKOT
38964,Chhoti Bari Nangal (339),S.A.S Nagar,30.8288288,76.67133,38964,1889.3372576908064,1890.130615234375,0.6240120228482698,0.1305908663966762,1.838627227801736,-0.567958440690784,-0.0814964625087706,756.8134594650589,21.99000717670432,0.0606264548955521,85.0,51,32,95,1178.0,MAJRI
27445,Paddian Lahri (346),PATHANKOT,31.8918915,75.9304352,27445,1889.5586204113945,1890.1275634765625,0.5842686071013644,0.1411240775647966,1.555913752292267,-0.5530680435603161,-0.0794102976886673,1106.5130176951784,20.607614928091834,0.660779427502888,136.0,65,61,204,104.0,SUJANPUR
27442,Kingarian (337),PATHANKOT,32.3243256,75.58726,27442,1890.3398483178687,1890.105224609375,0.346363315429037,0.002427582771014,0.943598651060964,-0.3727200187988917,0.0398983268688304,1114.3642986055656,20.59850521575165,0.0,24.0,2,2,4,51.0,SUJANPUR
27410,Gurah Khurd (360),PATHANKOT,0.0,0.0,27410,1891.5585573792969,1890.104248046875,0.4255613805492786,0.0207363097781983,0.9823072854860934,-0.4733123098421621,0.043178502863403,1077.0773979833025,20.6863604823547,1.0,1.7,31,20,137,123.0,SUJANPUR
38959,Mirzapur (326),S.A.S Nagar,30.8288288,76.5874,38959,1890.890171015348,1890.0653076171875,0.5834336169590273,0.1298900128685066,1.6882966970024689,-0.5384258440787905,-0.07100243020394,803.1169707249068,21.97354907241714,0.0036719819615263,57.0,30,30,86,1541.0,MAJRI
27427,Chatwal (381),PATHANKOT,32.2629242,75.58497,27427,1889.3460200832249,1890.063720703125,0.4707330630828122,0.0487816783911322,1.115746189198159,-0.5003085383323608,0.0159082970298508,1152.0897094088157,20.555177642261786,0.7331625311118751,15.0,40,40,450,359.0,DHARKALAN
31301,Dhar (550),HOSHIARPUR,31.8918915,75.90922,31301,1890.9775838225944,1890.0540771484375,0.7348365572187086,0.2618714649824047,2.240880922998353,-0.6663427386392964,-0.2131592467301541,1282.3017927815813,21.51076827236278,0.0,98.0,45,55,215,165.0,TALWARA
27466,Asa Bano (205),PATHANKOT,31.8918915,75.9304352,27466,1888.6179362946343,1890.0380859375,0.5725776328023068,0.1563947878748255,1.5296177823999133,-0.5433109492780989,-0.0926926363656288,1106.5130176951784,20.607614928091834,0.995146578444776,85.0,70,95,190,110.0,SUJANPUR
38530,Attari (322),RUPNAGAR,30.9729729,76.51368,38530,1888.97559921616,1890.0284423828125,0.4939894898384403,0.1039885604060667,1.2098670954498003,-0.5151004515193008,-0.0324189124333515,790.6152567221127,21.95402213236909,1.0,134.0,60,50,283,134.0,RUPNAGAR
38600,Kharota (328),RUPNAGAR,31.09916,76.5470047,38600,1889.8075500804664,1890.0263671875,0.5200536694550567,0.1578741075916342,1.3768514128378948,-0.5147881793688187,-0.0862765105270455,789.9736556222337,21.977613010914524,1.0,59.0,20,1,60,175.0,RUPNAGAR
31325,Dholal (609),HOSHIARPUR,31.9459457,75.8689041,31325,1891.927953568516,1890.0250244140625,0.6325171779328894,0.1479287710449835,1.6798269660353569,-0.6112968906741604,-0.0950254095006915,1282.3017927815813,21.51076827236278,0.0448072848520992,2.0,155,72,184,159.0,TALWARA
27426,Tahra (382),PATHANKOT,32.3063049,75.78541,27426,1889.406710640189,1889.978759765625,0.4363645626579645,0.0350317841881753,1.0226331722790225,-0.4683861949356965,0.0314643478645379,1137.3524378345323,20.61302505122996,0.5583827366272035,36.0,21,15,252,96.0,DHARKALAN
27440,Phangoli (351),PATHANKOT,31.8918915,75.9304352,27440,1889.8614650325023,1889.976806640625,0.4838392855142627,0.0475038665760036,1.0208127516597214,-0.5035260177712106,0.0118471384222,1152.2505077531237,20.554546469282343,0.6801320328139684,230.0,72,50,301,416.0,SUJANPUR
27480,Gatora (204),PATHANKOT,0.0,0.0,27480,1889.5643829665648,1889.969970703125,0.5534228848568133,0.1489142440863697,1.5384141338900013,-0.5229724015527959,-0.0926136283633327,1106.5130176951784,20.607614928091834,1.0,80.0,10,58,158,118.0,SUJANPUR
27468,Sujanpur ( Rural ) (229),PATHANKOT,0.0,0.0,27468,1888.474863924792,1889.9676513671875,0.596456235646218,0.208707077991879,1.5118013703444158,-0.5620038511327805,-0.1267448691941651,1106.5130176951784,20.607614928091834,1.0,190.0,47,20,190,473.0,SUJANPUR
38509,Naulakha (1),RUPNAGAR,31.0903625,76.55214,38509,1889.615765838354,1889.9388427734375,0.4286355163214389,0.1081523836241641,1.0797331411976938,-0.4397578049036475,-0.0350830976094908,812.5386777331727,21.147925069111864,1.0,55.0,20,1,20,70.0,RUPNAGAR
38526,Dadhi (316),RUPNAGAR,31.0903625,76.55214,38526,1889.2281123831303,1889.8992919921875,0.5857049666866382,0.1807227034249658,1.6949325186425384,-0.5525727724143409,-0.1220538431604489,812.5386777331727,21.147925069111864,0.7834608816362303,50.0,50,1,105,101.0,RUPNAGAR
27782,Narot Mehra (CT),PATHANKOT,32.2750931,75.65887,27782,1889.6590932132965,1889.8812255859375,0.522800574956732,0.1481889305566177,1.349080689957477,-0.5029454244992382,-0.0833415854408665,1099.3606731585896,20.95972081460589,1.0,2.47,0,0,1200,0.0,GHAROTA
38599,Bharatgarh (327),RUPNAGAR,31.08999,76.55141,38599,1887.837805311996,1889.8563232421875,0.5698708366241573,0.1564183649036101,1.5828988781333049,-0.5466675903450671,-0.0951954516039822,789.9736556222337,21.977613010914524,1.0,425.0,55,100,590,425.0,RUPNAGAR
27773,Ghoh (CT),PATHANKOT,32.3063049,75.593544,27773,1889.7928927352984,1889.8543701171875,0.5226198925350556,0.0752816975050712,1.2549375562151472,-0.5323773838304465,-0.0127158213224399,1139.370269624314,20.569491198120105,1.0,490.0,92,54,455,0.0,SUJANPUR
38722,Majri (369),RUPNAGAR,30.9549541,76.52025,38722,1889.7149166848087,1889.8533935546875,0.6549637694823418,0.1533808960822567,1.969870721470179,-0.5918761019424178,-0.1058038835758316,809.7585408067408,21.53308761184684,0.179608525049332,85.0,10,20,40,1046.0,RUPNAGAR
30903,Katohar (468),HOSHIARPUR,31.702301,75.861,30903,1891.573233139652,1889.8408203125,0.6830807785796204,0.239905539035935,2.0784648188506494,-0.627630953101435,-0.1858693629101632,1230.4644632013767,21.2481987247162,0.2813784033614891,128.4,11,11,106,444.0,BHUNGA
38517,Majher (331),RUPNAGAR,31.2774143,76.47601,38517,1889.9808896976224,1889.8262939453125,0.6163156922111669,0.1497311848488012,1.6388898029075742,-0.6017980703796544,-0.0929572962368553,812.5386777331727,21.147925069111864,1.0,50.0,0,150,177,123.0,ANANDPUR SAHIB
27439,Kairi (350),PATHANKOT,32.3063049,75.593544,27439,1890.3738976395805,1889.825439453125,0.4660795984628904,0.0433140196146207,1.1390060347312678,-0.4850492825780143,0.0152484836138402,1152.2505077531237,20.554546469282343,0.5633251408852809,6.0,2,5,18,64.0,SUJANPUR
31357,Patiari (483),HOSHIARPUR,31.3153152,75.56719,31357,1889.3769304689963,1889.7598876953125,0.7305321505701584,0.2350507651611519,2.149739614713485,-0.6655140443277441,-0.1876782972833807,1084.9920752456087,21.764512837158577,0.1247528768977279,21.0,25,9,193,765.0,BHUNGA
27777,Dhaki (CT),PATHANKOT,32.27027,75.64874,27777,1888.4678052528911,1889.6243896484375,0.5964913913865476,0.1921721138696585,1.63629007671768,-0.5633619832685292,-0.1244151433207138,1102.082726645461,20.82571565710553,0.9984231160483844,80.0,42,43,85,0.0,PATHANKOT
31306,Palli (566),HOSHIARPUR,31.8738747,75.91559,31306,1889.914461032065,1889.6002197265625,0.7596587570348654,0.2777079472363701,2.268894763496505,-0.6949689362404856,-0.2301291005549465,1282.3017927815813,21.51076827236278,0.0,2.5,40,40,167,199.0,TALWARA
38528,Hardo Namoh (318),RUPNAGAR,30.9729729,76.51368,38528,1889.129470079863,1889.59619140625,0.507911319627035,0.1175446419631707,1.2640094429968047,-0.5246428891636156,-0.045731519347992,809.2282435999939,21.2696456359672,1.0,142.0,120,100,180,173.0,RUPNAGAR
30904,Manhota (466),HOSHIARPUR,30.9009018,75.84705,30904,1891.712116448984,1889.5950927734375,0.590448997874223,0.1541413151366804,1.7367011616303485,-0.5598053465382994,-0.100900365573773,1224.9409427888256,21.284807540604408,0.0329865529347995,80.1,13,21,116,318.0,BHUNGA
27461,Jhakhian Lahri (236),PATHANKOT,0.0,0.0,27461,1890.513205175445,1889.5738525390625,0.5634088723135714,0.1114445326809847,1.4892395985984397,-0.5540101442186124,-0.055157459776245,1106.5130176951784,20.607614928091834,0.8185210940319971,30.0,51,40,260,75.0,SUJANPUR
31406,Rahmanpur (485),HOSHIARPUR,31.6756763,75.79544,31406,1890.4013979449653,1889.56591796875,0.7277935527422937,0.2168396127679167,2.130160901795777,-0.6575345167996627,-0.1715926508919865,1084.9920752456087,21.764512837158577,0.0009794467090171,86.0,0,0,96,390.0,BHUNGA
27415,Baroi (369),PATHANKOT,0.0,0.0,27415,1889.6107726025127,1889.563232421875,0.5715356054941473,0.1055183335167113,1.3236398302591998,-0.5808086019098854,-0.0401182222565444,1159.1818351314023,20.501539984169625,1.0,220.0,448,180,450,275.0,SUJANPUR
38520,Ghanaur (334),RUPNAGAR,31.2432442,76.45782,38520,1890.4044610783767,1889.510498046875,0.5463960797677573,0.1163902319823486,1.3396400603258891,-0.5636836994967498,-0.0474816237150787,812.5386777331727,21.147925069111864,0.7403697719750388,50.0,0,30,40,64.0,ANANDPUR SAHIB
27428,Barsoon (380),PATHANKOT,32.2629242,75.5850143,27428,1889.223589101851,1889.5029296875,0.4832209201842807,0.0666779796256908,1.189653897001011,-0.505443898071847,-0.006058828362016,1152.2505077531237,20.554546469282343,0.7090630681197966,10.0,5,5,20,139.0,DHARKALAN
27465,Dadwal (238),PATHANKOT,0.0,0.0,27465,1889.2218267551264,1889.443115234375,0.5674425297682537,0.1682795027742961,1.534769193550473,-0.5431305948733747,-0.1042219531773527,1106.5130176951784,20.607614928091834,0.9526449752549282,34.0,4,14,62,51.0,SUJANPUR
38522,Chamrauli (336),RUPNAGAR,31.2432442,76.45782,38522,1889.968352614848,1889.4400634765625,0.5371006311673499,0.1223912694603423,1.4015037958451542,-0.5394039187570304,-0.0581366204627566,812.5386777331727,21.147925069111864,0.7297083383753102,10.0,0,0,20,101.0,ANANDPUR SAHIB
27448,Nihalpur (353),PATHANKOT,0.0,0.0,27448,1889.2463550626217,1889.41845703125,0.5358234892284996,0.1200363809388368,1.3104485867513656,-0.5098264752458656,-0.0641491933991042,1106.5130176951784,20.607614928091834,1.0,39.0,115,23,66,50.0,SUJANPUR
27413,Jhanjeli (354),PATHANKOT,0.0,0.0,27413,1889.6376766510343,1889.39111328125,0.592084925483993,0.1676367426012041,1.5669904061724886,-0.5560357322137658,-0.1076675753542926,1106.5130176951784,20.607614928091834,0.9329413183158594,75.0,558,95,211,93.0,SUJANPUR
38523,Massewal (337),RUPNAGAR,31.2432442,76.45782,38523,1887.643582299403,1889.3487548828125,0.4285080502517255,0.039185184667002,0.9642021255675336,-0.4858178656267237,0.0330201260681221,812.5386777331727,21.147925069111864,0.9972830509469892,200.0,0,100,120,114.0,ANANDPUR SAHIB
27501,Chak Manhasan (303),PATHANKOT,32.18018,75.65896,27501,1890.5467239532115,1889.3438720703125,0.6079003549194051,0.1803203893787478,1.6892287762977214,-0.5708530076914727,-0.1160941536775816,1069.9640463975727,21.28021495301938,0.964495143870601,60.7,60,60,125,88.0,PATHANKOT
31030,Salohar (631),HOSHIARPUR,31.8018017,75.6655045,31030,1888.130369347604,1889.3372802734375,0.7106222609634361,0.2568115826220523,2.162537951201079,-0.6441565199923269,-0.2055875687441585,1281.9986882617372,21.932858060390743,0.2975378914496473,38.0,11,0,25,54.0,DASUYA
27460,Islampur (237),PATHANKOT,0.0,0.0,27460,1890.35857609094,1889.2574462890625,0.5854878784426288,0.1637634235456778,1.650305361057142,-0.5546497193730426,-0.1038406962790095,1106.5130176951784,20.607614928091834,1.0,42.0,58,110,211,76.0,SUJANPUR
27431,Halahar (386),PATHANKOT,0.0,0.0,27431,1889.1072092374184,1889.230712890625,0.5311316328162541,0.0880176240572742,1.351387724423925,-0.535017407687468,-0.0360918132897543,1152.2505077531237,20.554546469282343,0.7115691664170624,45.0,348,96,176,66.0,SUJANPUR
38525,Dhabur (340),RUPNAGAR,31.2432442,76.47889,38525,1887.9021987930785,1889.2174072265625,0.5188366095499799,0.0935263939193963,1.274163361943467,-0.5414732411696532,-0.0268643676918729,812.5386777331727,21.147925069111864,0.8935685324966003,250.0,0,0,70,351.0,ANANDPUR SAHIB
31311,Beh Nangal (573),HOSHIARPUR,31.9459457,75.89014,31311,1889.9121675386705,1889.21630859375,0.668369265549933,0.2059390913054592,1.94324088612107,-0.6250457602084094,-0.1541805307039292,1251.03688559491,21.893517097924217,0.0,3.0,74,50,250,293.0,TALWARA
31345,Rakri (CT),HOSHIARPUR,31.90991,75.90285,31345,1888.4383368295407,1889.2076416015625,0.7222405098938408,0.246143203646469,2.17817563894714,-0.6525576933404871,-0.1969973154711624,1281.9986882617372,21.932858060390743,0.2665882024503677,2.47,75,80,205,0.0,TALWARA
27430,Jharoli (387),PATHANKOT,32.25225,75.42068,27430,1889.3232604946843,1889.2076416015625,0.6150701482577415,0.1496127393469734,1.585496366152506,-0.5982178718262822,-0.0961527711451727,1152.2505077531237,20.554546469282343,0.7979629090577512,75.0,75,25,110,67.0,NAROT JAIMAL SINGH
38597,Bara Pind (326),RUPNAGAR,31.0903625,76.55214,38597,1887.3439793526013,1889.2060546875,0.5970889765799796,0.162828886442658,1.5918760316409837,-0.5669247371183468,-0.1035717205670923,789.9736556222337,21.977613010914524,0.9768440885601412,0.75,1,1,85,605.0,RUPNAGAR
38518,Chikna (332),RUPNAGAR,31.24414,76.48649,38518,1887.261456502144,1889.204345703125,0.4598191709463581,0.0599716381126842,1.0630730767730605,-0.5135445134569663,0.014516305378069,812.5386777331727,21.147925069111864,1.0,35.0,170,0,202,75.0,ANANDPUR SAHIB
38527,Mianpur Handur (317),RUPNAGAR,30.9549541,76.4992447,38527,1889.0536823260989,1889.155517578125,0.4928263222630206,0.1082792338036518,1.2193598754852892,-0.5243855461026515,-0.0343128117183675,812.5386777331727,21.147925069111864,0.982218133577156,94.0,60,50,151,108.0,RUPNAGAR
27784,Lamin (OG),PATHANKOT,32.28829,75.53589,27784,1890.9955401056527,1889.1424560546875,0.6222554873272258,0.1097024968107607,1.6102341020888835,-0.5980284842168067,-0.0594896817160868,1152.2505077531237,20.554546469282343,1.0,10.0,9,9,15,0.0,PATHANKOT
38593,Haler (323),RUPNAGAR,30.9549541,76.52025,38593,1888.91182282044,1889.1412353515625,0.617000698566587,0.1876854371873641,1.7383059742540303,-0.5765159816992175,-0.127826770029532,789.9736556222337,21.977613010914524,1.0,65.0,5,10,23,130.0,RUPNAGAR
27402,Rajpura(366),PATHANKOT,31.8918915,75.90922,27402,1888.2192378675245,1889.1219482421875,0.5377373906849908,0.0951982737587743,1.3566742217805237,-0.5345158845136067,-0.0387607025689925,1174.067536275615,20.387703390822423,0.7533185687310561,286.0,110,111,202,279.0,SUJANPUR
27420,Karoli (374),PATHANKOT,32.3963966,75.7969055,27420,1889.330885199396,1889.109130859375,0.5963726342872712,0.1256909315931113,1.502545593817555,-0.5877654683928991,-0.0695567148775005,1152.2505077531237,20.554546469282343,1.0,876.0,5,30,1800,1255.0,DHARKALAN
31409,Nari (492),HOSHIARPUR,31.36937,75.82165,31409,1887.954749535284,1889.0595703125,0.6737468921908206,0.167243304356272,1.820080890120462,-0.6301632532531121,-0.1148193345427197,1109.5328696576012,21.825294435364786,0.0,37.0,25,25,75,1226.0,HOSHIARPUR-II
31317,Labbar (578 ),HOSHIARPUR,31.9819813,75.89868,31317,1892.2817861753924,1889.0565185546875,0.7074829380024714,0.2438154002120492,2.0722543462003946,-0.6483086463162699,-0.1903522320484683,1232.6789407901658,21.233521599209265,0.0313288639086585,220.0,23,60,142,712.0,TALWARA
38598,Kakrala (332),RUPNAGAR,31.0900249,76.54442,38598,1886.5492258889751,1889.0450439453125,0.5103750808290843,0.1293085335023485,1.247131463287922,-0.5284193282103111,-0.0502957987751366,789.9736556222337,21.977613010914524,1.0,123.0,25,30,96,190.0,RUPNAGAR
31331,Mangu Mera (614),HOSHIARPUR,31.9459457,75.89014,31331,1889.2363293663768,1889.021240234375,0.6682584005996199,0.1878667365545609,1.7727189068938614,-0.6395094130841282,-0.1328961982685998,1282.3017927815813,21.51076827236278,0.0122219419153309,2.47,40,40,120,59.0,TALWARA
27772,Jugial (CT),PATHANKOT,43.3333321,46.3719444,27772,1889.1572615281,1888.9564208984375,0.5425693391003447,0.1054722249319033,1.2991325496850907,-0.5448930624965692,-0.0443153879849234,1169.576499946677,20.40588728344482,0.9141950512487832,5.0,53,47,751,0.0,SUJANPUR
27416,Jindrai (368),PATHANKOT,0.0,0.0,27416,1889.819046761566,1888.898681640625,0.5967943505551621,0.1312309203390167,1.4233782905750754,-0.5930412949118503,-0.0696885001244296,1174.067536275615,20.387703390822423,1.0,200.0,81,25,300,248.0,SUJANPUR
27438,Lamin (342) (Part),PATHANKOT,32.28829,75.51458,27438,1890.76081205827,1888.8804931640625,0.5530866620113387,0.0846495013668386,1.3763156877150575,-0.5532491385477936,-0.0282670992393496,1152.2505077531237,20.554546469282343,0.8113144465909681,50.0,20,28,220,278.0,PATHANKOT
38595,Bhaowal (325),RUPNAGAR,31.1736984,76.47126,38595,1887.946398077832,1888.8790283203125,0.5897427758245893,0.1582857833028725,1.6190368793888028,-0.5602482676129463,-0.0996604950241074,789.9736556222337,21.977613010914524,0.8485064639643458,164.0,50,100,158,294.0,RUPNAGAR
27403,Barula (365),PATHANKOT,32.3063049,75.593544,27403,1887.781527794604,1888.8460693359375,0.4678454546545666,0.0788499109314853,1.184814019404034,-0.471014395382512,-0.0205408585379808,1174.067536275615,20.387703390822423,0.6452473142644766,29.0,4,3,6,79.0,SUJANPUR
31034,Neknama Sanso (638),HOSHIARPUR,31.8018017,75.6655045,31034,1883.626487430878,1888.812255859375,0.7510038488801773,0.278891836906887,2.379781368736302,-0.6606167089112716,-0.2308196588474055,1281.9986882617372,21.932858060390743,0.0,111.0,39,0,135,232.0,DASUYA
31291,Beh Mawa (552),HOSHIARPUR,31.9459457,75.8689041,31291,1886.719958318368,1888.7608642578125,0.6216040906537531,0.1631122335790658,1.7685159472005516,-0.601331105832424,-0.1078644624965824,1281.9986882617372,21.932858060390743,0.1687975487867299,2.5,35,35,212,279.0,TALWARA
31309,Bhati Shakar Kaur (571),HOSHIARPUR,31.9459457,75.89014,31309,1886.387225046224,1888.739013671875,0.6317301954886582,0.1718860078453023,1.7811175696533768,-0.6068967501366627,-0.1168543844660367,1282.0857562091542,21.811611133835463,0.0,36.0,15,15,140,36.0,TALWARA
31033,Rampur 639),HOSHIARPUR,31.8018017,75.81391,31033,1889.5967749118768,1888.730224609375,0.7315837607819369,0.2770740751504533,2.2733433931336715,-0.6541652491453912,-0.2255135269870132,1281.9986882617372,21.932858060390743,0.1353866856386636,73.0,56,6,299,641.0,DASUYA
31322,Tung (582),HOSHIARPUR,31.9459457,75.89014,31322,1887.3068919947448,1888.7099609375,0.7359285255453205,0.2617589911498581,2.1346596085623544,-0.6748297022166889,-0.2104867042233857,1282.3017927815813,21.51076827236278,0.0,84.0,25,40,85,170.0,TALWARA
31320,Naurangpur (580),HOSHIARPUR,31.9459457,75.89014,31320,1889.9090224621464,1888.6767578125,0.7009758817664425,0.2245663035658633,2.007919109763724,-0.6471825283409933,-0.1716909351234969,1239.331754062645,21.211944005893045,0.0,80.0,45,40,350,150.0,TALWARA
31276,Banbindra Ban (557),HOSHIARPUR,31.8918915,75.90922,31276,1888.043857477037,1888.6409912109375,0.7806418070157539,0.2940517602985261,2.4424892211829814,-0.6981419013873822,-0.249297025488836,1281.9986882617372,21.932858060390743,0.0013968528080332,2.0,0,0,1,1314.0,TALWARA
27418,Nagrota (372),PATHANKOT,32.3963966,75.7969055,27418,1888.2237187192763,1888.586181640625,0.6789862189099476,0.1962277587068613,1.743363461954824,-0.6441108130044728,-0.144283319788998,1152.2505077531237,20.554546469282343,0.9477548318129304,83.0,48,48,78,328.0,DHARKALAN
27446,Chhotepur (347),PATHANKOT,32.3243256,75.58726,27446,1890.162645803474,1888.5755615234375,0.5408601111514239,0.1026089111433486,1.4699658682735095,-0.5315702322669789,-0.0472980013612877,1106.5130176951784,20.607614928091834,0.0485258437624294,142.0,26,69,369,111.0,SUJANPUR
31332,Sukhchainpur (584),HOSHIARPUR,31.8918915,75.9304352,31332,1887.361637082106,1888.501708984375,0.6716341917336374,0.1994891345154506,1.89054883632962,-0.6280949961793114,-0.1470873409494542,1282.3017927815813,21.51076827236278,0.0,2.47,50,50,78,250.0,TALWARA
27417,Jungath (371),PATHANKOT,32.3423424,75.6876144,27417,1888.2418017841576,1888.4644775390625,0.6138089523568802,0.1378051885862503,1.5101085186142666,-0.5970194795273652,-0.0786285838617617,1152.2505077531237,20.554546469282343,1.0,30.0,75,0,156,83.0,DHARKALAN
31324,Dugral (567),HOSHIARPUR,31.8918915,75.90922,31324,1890.2287593538108,1888.4110107421875,0.7005624249354054,0.2226719753539932,1.9920541013017696,-0.6551299709042804,-0.1710362395133838,1282.3017927815813,21.51076827236278,0.0,3.5,25,25,86,95.0,TALWARA
27423,Haryal (392),PATHANKOT,32.28829,75.77034,27423,1884.2602761778105,1888.33935546875,0.5425556357797972,0.0949524736463552,1.3425655594211012,-0.5477036051380811,-0.0454452987818525,1136.4521029403109,20.616559086724862,0.3362232398512243,86.0,32,36,850,189.0,DHARKALAN
31358,Atbarapur (482),HOSHIARPUR,31.6756763,75.81661,31358,1888.531727377076,1888.316162109375,0.7554601825867284,0.2490192762650821,2.2097820712535343,-0.6814737066267834,-0.2028601764990182,1084.9920752456087,21.764512837158577,0.0446143270331759,371.12,0,0,120,665.0,BHUNGA
31300,Ban Karnpur (551),HOSHIARPUR,31.8918915,75.90922,31300,1888.5476484220053,1888.3021240234375,0.7678794748425957,0.2744371181800419,2.456326734761645,-0.6816036700669885,-0.2314780459374234,1282.2093862599995,21.63944945855072,0.0,3.5,80,80,179,1975.0,TALWARA
31321,Latholi (582),HOSHIARPUR,31.9459457,75.89014,31321,1889.08822762511,1888.2742919921875,0.6620132376235862,0.1997720986909608,1.7995285675654753,-0.6326605025797353,-0.1431113236648079,1281.0476175481904,21.487919419722395,0.0,2.0,25,36,125,29.0,TALWARA
31310,Beh Atta (572),HOSHIARPUR,31.9459457,75.89014,31310,1885.020101332712,1888.2586669921875,0.6891477065441715,0.225014650630741,2.0263800605854,-0.6423456278720953,-0.1740709521091508,1281.9986882617372,21.932858060390743,0.1211806599866953,2.5,40,30,80,137.0,TALWARA
31307,Bari (565),HOSHIARPUR,31.8918915,75.9304352,31307,1888.928232679508,1888.2186279296875,0.7306704273856028,0.2627143631254556,2.1572654809769416,-0.670938522742019,-0.210957937635658,1282.3017927815813,21.51076827236278,0.0,2.47,80,80,130,386.0,TALWARA
31312,Beh Chuhar (570),HOSHIARPUR,31.9459457,75.89014,31312,1887.6599576112471,1888.1920166015625,0.6540558675073496,0.1903158567961781,1.8187384013115584,-0.6242784463256877,-0.1359859577876266,1282.1911441687366,21.66485257834512,0.0,3.5,25,40,80,307.0,TALWARA
31323,Bering (568),HOSHIARPUR,31.8918915,75.9304352,31323,1888.164930248476,1888.1910400390625,0.7208336912199959,0.2411856609834573,2.116192224295556,-0.6669227955662762,-0.1913767590413484,1282.3017927815813,21.51076827236278,0.0,2.47,85,85,255,550.0,TALWARA
30905,Thana (467),HOSHIARPUR,31.6576576,75.75957,30905,1888.2580264956564,1888.146240234375,0.7017850543071783,0.2426012531814211,2.1141991006834764,-0.6306248490176495,-0.1923145482884346,1256.4516473464062,21.07596073720672,0.0130431142619493,328.0,0,0,102,1082.0,BHUNGA
31035,Ban Anawdpir (558),HOSHIARPUR,31.8018017,75.6655045,31035,1886.7996604182608,1888.0308837890625,0.7690528696675116,0.2992379546693023,2.3955325067322795,-0.6869239886746579,-0.2505267020717781,1281.9986882617372,21.932858060390743,0.0106893081182931,76.0,2,0,5,734.0,DASUYA
31408,Mehngarwal (488),HOSHIARPUR,31.72973,75.8608,31408,1887.7922495017008,1887.8153076171875,0.694093567920694,0.2036961174791803,1.9357295659008595,-0.6432088191586482,-0.1522052052536143,1158.776089550964,21.29535511938665,0.0066897813252124,115.2,0,0,270,2650.0,BHUNGA
31350,Bharoom (475),HOSHIARPUR,31.6756763,75.81661,31350,1886.0987874369664,1887.760986328125,0.7545757973970021,0.2623670315359905,2.16136837827847,-0.6839030550085681,-0.2147081104854477,1135.1951098439913,21.56180314822116,0.0,2.47,0,0,1,111.0,BHUNGA
31313,Behdarya (574),HOSHIARPUR,31.9459457,75.8476639,31313,1888.7018430184744,1887.699462890625,0.6626270895149609,0.1951915547365751,1.857418788590825,-0.6262039604246281,-0.1426747569853911,1282.1943722804965,21.66035725439554,0.0,2.0,18,70,140,71.0,TALWARA
31308,Beh Khushala (569),HOSHIARPUR,31.8918915,75.84555,31308,1887.799141866396,1887.6702880859375,0.7490749442664288,0.2744910414636396,2.193811859727497,-0.6866245891769128,-0.2235979192495846,1282.3017927815813,21.51076827236278,0.0,2.47,80,80,185,329.0,TALWARA
31335,Alera (616),HOSHIARPUR,31.9459457,75.8052,31335,1886.4361528118488,1887.6671142578125,0.656071478709569,0.1757847025979971,1.822911568780924,-0.6237568349347516,-0.1260460253405393,1278.0327834805507,21.43299447980472,0.0,3.5,80,80,163,300.0,TALWARA
31293,Nathuwal (555),HOSHIARPUR,32.0235634,75.65683,31293,1885.8653064948844,1887.5579833984375,0.737565853642313,0.2502974102506701,2.284056662207995,-0.6611610026181296,-0.2050361054152441,1281.9986882617372,21.932858060390743,0.071556082611499,72.0,25,30,43,280.0,MUKERIAN
31292,Beh Kito (554),HOSHIARPUR,31.8918915,75.9304352,31292,1885.3166342918053,1887.522216796875,0.6052668778850464,0.1540187218362521,1.745153422742706,-0.5788283912703251,-0.0989525765509219,1281.9986882617372,21.932858060390743,0.0,2.47,120,80,145,60.0,TALWARA
27404,Harur (364),PATHANKOT,32.3063049,75.593544,27404,1889.9112260740671,1887.3555908203125,0.4982860917150986,0.0651970540342926,1.1560932532521553,-0.5214637573853234,-0.0005738140964719,1174.067536275615,20.387703390822423,0.7694215280499395,36.0,8,8,15,192.0,SUJANPUR
31318,Chattarpur (579),HOSHIARPUR,31.9459457,75.89014,31318,1888.83090487664,1887.32080078125,0.7435729162827428,0.2772100609609569,2.1696752610149304,-0.6743562188691118,-0.2232455019968945,1257.9060587098495,21.06632118238264,0.0,395.0,18,40,80,609.0,TALWARA
31297,Beh Ranga (564),HOSHIARPUR,31.9459457,75.89014,31297,1884.7949113484813,1887.2847900390625,0.7045459389270463,0.2312442817521109,2.090983336060731,-0.6504141490620731,-0.1803565807114652,1282.1464180606758,21.727136154525,0.0,2.5,75,75,140,288.0,TALWARA
31337,Nangal Khanauran (618),HOSHIARPUR,31.9459457,75.8476639,31337,1885.3974605233348,1887.2242431640625,0.5596313201848956,0.11359005756747,1.421304419576486,-0.5681612049497516,-0.0583860754183876,1242.5812649425066,21.26777454538219,0.1440233681862598,2.47,43,65,250,330.0,TALWARA
31298,Hirbeh (562),HOSHIARPUR,31.90991,75.92407,31298,1883.206850270616,1886.8050537109375,0.7189540557450154,0.2477289582151187,2.1940818007479024,-0.6614933358098493,-0.19885482693566,1282.0940360498944,21.80008099828118,0.0,2.47,50,45,75,344.0,TALWARA
31319,Chamuhi (583),HOSHIARPUR,31.9459457,75.89014,31319,1887.354714854313,1886.705078125,0.7308088897635866,0.2600568852934281,2.093899845393248,-0.6683418249348544,-0.2065275744521638,1260.659682510851,21.11648733363018,0.0,132.0,82,80,135,144.0,TALWARA
31333,Bhol Badmanian (585),HOSHIARPUR,31.9459457,75.8476639,31333,1886.0249007187765,1886.6815185546875,0.7351391082641499,0.2572910351993257,2.018748711964088,-0.6748819847019665,-0.2021979324147068,1271.7758108515352,21.319003514463347,0.0,2.47,16,28,107,591.0,TALWARA
27774,Bungal (CT),PATHANKOT,32.3243256,75.7151947,27774,1885.891017752788,1886.593017578125,0.6758673649883001,0.1871850361112599,1.7119452410360887,-0.6523946893311469,-0.1346828855133578,1142.145363874342,20.593329240994404,0.9230451117010208,100.0,200,250,1300,0.0,DHARKALAN
27400,Tureti (397),PATHANKOT,32.2929878,75.65469,27400,1884.36458638898,1886.5028076171875,0.7163834144838548,0.2278804145346806,1.847163498388099,-0.668002812877272,-0.1771782994717259,1174.067536275615,20.387703390822423,0.6360798539583162,70.0,150,150,300,335.0,DHARKALAN
31294,Beh Dulo (560),HOSHIARPUR,31.9459457,75.89014,31294,1883.332313274812,1886.4024658203125,0.6324740505839863,0.1776926086351594,1.86639852653658,-0.6039782428853913,-0.1263274320169552,1281.9986882617372,21.932858060390743,0.0,3.5,38,79,189,197.0,TALWARA
27424,Baghar (391),PATHANKOT,32.29942,75.767395,27424,1886.154227619487,1886.290771484375,0.6096257344682929,0.1455014945400223,1.5343766812537054,-0.6010522706602108,-0.0922843953092296,1136.4521029403109,20.616559086724862,0.5534465370329911,40.0,15,15,250,313.0,DHARKALAN
31295,Beh Bidhia (561),HOSHIARPUR,31.9459457,75.8689041,31295,1881.57026251465,1886.0037841796875,0.7081766709060757,0.2340486300928203,2.145722407851677,-0.6508624944132205,-0.1867144183606151,1281.9986882617372,21.932858060390743,0.0,2.47,80,65,152,140.0,TALWARA
31296,Beh Fattu (563),HOSHIARPUR,31.9459457,75.89014,31296,1882.1098626015769,1885.97900390625,0.6783038714162029,0.2137213201098147,2.0082789728878248,-0.6331692870483046,-0.1635924200138921,1281.9986882617372,21.932858060390743,0.0,2.0,32,25,193,232.0,TALWARA
31299,Beh Lakhan (556),HOSHIARPUR,31.90991,75.92407,31299,1882.2581688076536,1885.383056640625,0.7156570683766948,0.2409923041875003,2.1558887465090084,-0.6587230268621894,-0.1911023373051615,1282.0016270547424,21.928765628874302,0.0,2.47,485,100,164,378.0,TALWARA
31355,Patial (481),HOSHIARPUR,31.702301,75.861,31355,1884.059411004008,1885.2540283203125,0.7514395684814976,0.2642390048060939,2.213198886535781,-0.6760781788574781,-0.2155195066280214,1167.1719513073383,21.265436346491835,0.0,21.13,8,0,159,1479.0,BHUNGA
31356,Malot (486),HOSHIARPUR,31.72973,75.8608,31356,1885.319094179496,1885.16455078125,0.717037455475535,0.2381225946877967,2.0819646762498016,-0.6511199092935881,-0.1869076704374776,1166.2152554523002,21.271246338339537,0.0,280.0,0,0,108,1359.0,BHUNGA
27422,Turehti (393),PATHANKOT,32.3063049,75.78541,27422,1882.274426125082,1885.0921630859375,0.7854049891032976,0.2904248953931831,2.039269443255594,-0.7320686068744112,-0.242945471462998,1136.4521029403109,20.616559086724862,0.4483100250111468,194.0,5,0,292,338.0,DHARKALAN
31338,Sikri Uraf Ramgarh (620),HOSHIARPUR,31.9819813,75.8562,31338,1882.9333680816144,1885.0565185546875,0.5341678175789641,0.0843701547500749,1.329615026937147,-0.552665211260048,-0.0298597221162893,1244.539822085741,20.82864853577426,0.1013632058639975,1.22,32,32,65,193.0,TALWARA
31334,Dharampur (586),HOSHIARPUR,31.8918915,75.90922,31334,1884.4681937429289,1884.994140625,0.6943187935887783,0.2201683292286215,1.950528448343621,-0.6529059055917266,-0.1684924940669032,1258.1227487994663,21.07026889223447,0.0,3.0,135,125,223,560.0,TALWARA
31354,Korat (480),HOSHIARPUR,31.72973,75.8608,31354,1884.1511490603853,1884.886474609375,0.7474738836444996,0.271582433851196,2.1875034151865504,-0.6689850642927196,-0.2201495322729811,1153.4487923954237,21.340883667366928,0.0,1.0,0,0,99,554.0,BHUNGA
31339,Kartoli (619),HOSHIARPUR,31.9459457,75.89014,31339,1883.5944814450536,1884.3443603515625,0.7106777292503839,0.2342176264935772,1.95130423532866,-0.6735230096976457,-0.1811561717229801,1257.8519364331255,21.042693855347192,0.0,2.47,35,76,236,230.0,TALWARA
31342,Bhabnaur (621),HOSHIARPUR,31.9639645,75.84131,31342,1882.346920998832,1884.2330322265625,0.6123142012679164,0.1453433750310322,1.5941293528063183,-0.6018234047277837,-0.0920192142265381,1257.203561114812,20.759642649931447,0.1459643908496801,2.47,46,80,130,858.0,TALWARA
31340,Jharera (587),HOSHIARPUR,31.9639645,75.86255,31340,1883.9808185081088,1884.20849609375,0.6949259045246188,0.227178882456415,1.9132044346633457,-0.65347728012507,-0.1711688808857572,1257.9060587098495,21.06632118238264,0.0,1.55,133,35,220,229.0,TALWARA
31346,Dherian (471),HOSHIARPUR,31.6756763,75.79544,31346,1884.2041149591869,1884.178955078125,0.7379054944628685,0.2583745586721713,2.102836582726945,-0.6706437657869676,-0.2058903779778973,1257.9060587098495,21.06632118238264,0.0,7.18,0,0,112,1626.0,BHUNGA
31348,Bari Khad (473),HOSHIARPUR,31.7657661,75.9751053,31348,1883.7150305955504,1883.779541015625,0.755120335137164,0.2706436905970741,2.2326602769701904,-0.6755439808851327,-0.2221179827361049,1254.104852988458,21.0400315754619,0.0,228.13,0,0,172,899.0,BHUNGA
31347,Kukanet (472),HOSHIARPUR,31.72973,75.8608,31347,1884.152973325409,1883.7222900390625,0.7476124875719673,0.2512972711484462,2.19164654616711,-0.6746842277473225,-0.2042646503615764,1257.9025460277726,21.06478770494284,0.0,1.0,0,0,330,1552.0,BHUNGA
27401,Kot (CT),PATHANKOT,32.36036,75.74535,27401,1882.2952736400064,1883.55517578125,0.6181809932591902,0.149330716848912,1.501310038808047,-0.6009176933407523,-0.0918939672214547,1175.098066005912,20.38487790470952,0.6792595243457648,200.0,130,150,300,0.0,DHARKALAN
31349,Bhera (474),HOSHIARPUR,31.6756763,75.81661,31349,1883.82296452446,1883.357177734375,0.7351779782843257,0.252049513614644,2.1598818426314046,-0.664193663248911,-0.2018012400950695,1220.891532579012,20.95441131659481,0.0,1.0,0,0,112,936.0,BHUNGA
31341,Bhatoli (622),HOSHIARPUR,31.9639645,75.86255,31341,1881.562494010276,1882.316650390625,0.7548520242407275,0.2674092581520367,2.1123070372932897,-0.6974535532011147,-0.2165441036707538,1257.0302095588374,20.68396523672773,0.0,2.47,25,40,87,73.0,TALWARA
27399,Tarhari (396),PATHANKOT,32.3963966,75.7755661,27399,1880.6573649229576,1880.307861328125,0.7513863550103514,0.2524099652766909,1.925743753922319,-0.6993141674624872,-0.2010337402651124,1199.689592497198,20.320712447176888,0.4919027697114919,1558.0,25,90,4308,2821.0,DHARKALAN
27396,Thara Jhikla (399/1),PATHANKOT,32.27027,75.62743,27396,1873.947503574249,1878.0052490234375,0.549204094052747,0.1524673195606169,1.534554569439579,-0.4714029764080609,-0.1434231404343825,1217.3477338342277,20.269038597811587,0.0407154000066629,2.47,25,20,155,2041.0,DHARKALAN
27398,Hara (394),PATHANKOT,32.25225,75.65504,27398,1877.8345318121287,1878.0025634765625,0.731182202873729,0.2364683320610543,1.852792738558936,-0.6857559682002045,-0.1840543477772256,1211.8412797394246,20.305430910853254,0.2790399188210975,2.47,40,40,135,3722.0,DHARKALAN
27392,Dhar Kalan (400),PATHANKOT,32.4125671,75.8626556,27392,1875.117985501225,1876.1907958984375,0.472312167957685,0.1168110170637452,1.4131529636854512,-0.3892612037406434,-0.0991720071169005,1266.238332151116,19.984545068140143,0.0228009883524108,500.0,100,140,200,803.0,DHARKALAN
27397,Narianpur (395),PATHANKOT,32.27027,75.56351,27397,1875.983151702617,1875.50048828125,0.7437767470244242,0.2466415186253008,1.8939372193627009,-0.6901561626180132,-0.1970633701976085,1228.7881585167256,20.23771213731662,0.0840675003464312,2.47,40,40,208,786.0,DHARKALAN
27391,Jalahar (414),PATHANKOT,32.25006,75.52031,27391,1874.586661309016,1874.4984130859375,0.7380180946572261,0.2246184254957232,1.8538259539356696,-0.6927284335565819,-0.1737525395974713,1228.9766699479803,20.234663131105822,0.0,2.47,40,50,110,157.0,DHARKALAN
27384,Dhar Khurd (412),PATHANKOT,32.2500153,75.52036,27384,1873.8971543439584,1873.71435546875,0.6126743923685558,0.1665369450030722,1.6805229179168186,-0.5648142436298277,-0.1202337126344109,1265.7507096453776,19.96773663772752,0.0,125.0,100,100,141,403.0,DHARKALAN
27390,Bhanguri (415),PATHANKOT,32.398922,75.91017,27390,1872.964270640756,1873.0894775390625,0.7022087740034038,0.195782329468577,1.720638335663928,-0.6632224098967453,-0.14438472988869,1280.2845818632318,19.28814234299423,0.0278628301093275,27.0,38,38,45,808.0,DHARKALAN
27393,Hardo Saran (401),PATHANKOT,32.2783661,75.62411,27393,1872.9051735825808,1870.7794189453125,0.6004060794259418,0.1498301399045415,1.5652804485839946,-0.5853947775718069,-0.088383522598299,1362.5292205931837,19.333404341407068,0.1293174769913219,500.0,75,75,100,281.0,DHARKALAN
27394,Chamrour (402),PATHANKOT,32.4037857,75.81796,27394,1869.9066864035967,1870.5498046875,0.4447076353890319,0.1489900277408304,1.2375943791279715,-0.367846878330594,-0.0917488450690599,1376.0477988715768,19.24198866306995,0.3033145878348878,500.0,50,60,100,169.0,DHARKALAN
27395,Thara Uparla (399/2),PATHANKOT,32.33083,75.65808,27395,1867.0225492529823,1868.0787353515625,0.246074969504521,0.1406304863310253,0.8907499192379692,-0.1052583260580032,-0.1075516442616556,1289.463697409512,19.80153971671277,0.05041175081208,200.0,50,500,805,1897.0,DHARKALAN
27383,Phangota (403),PATHANKOT,32.4144135,75.7906952,27383,1869.345034425399,1867.6043701171875,0.4687819223722636,0.2046685030777648,1.3386076758402388,-0.3671950702056652,-0.1447680331923998,1376.4276447703735,19.239420059345832,0.0039696883916769,2.47,60,60,155,1040.0,DHARKALAN
27389,Rohg (416),PATHANKOT,32.3878555,75.92291,27389,1869.2500717305643,1866.764892578125,0.7102709177077344,0.2146127762056661,1.7345302666228173,-0.6737163165471836,-0.1602998823721585,1296.6033312489883,18.987096462287923,0.0,50.0,50,50,167,397.0,DHARKALAN
27386,Lanjera (417),PATHANKOT,32.399044,75.9144058,27386,1865.776125258673,1865.2818603515625,0.7006292294028059,0.2048647690805066,1.6659849579072217,-0.6693693545888725,-0.1469749944146486,1296.6033312489883,18.987096462287923,0.0,140.0,112,112,197,670.0,DHARKALAN
27388,Bakhatpur (420),PATHANKOT,32.4399643,75.8577,27388,1864.4687844652287,1865.1632080078125,0.6899859757044121,0.2067658432126654,1.6343362534954171,-0.660985990788081,-0.1466013780370375,1296.6033312489883,18.987096462287923,0.1026962292282917,15.0,25,5,23,59.0,DHARKALAN
27382,Nalloh (411),PATHANKOT,32.3878555,75.92291,27382,1867.2363951243287,1860.8424072265625,0.7031117011699202,0.2158419750733354,1.8776798361493208,-0.6588074156756784,-0.1609871017806809,1358.8432704441157,18.672494437989304,0.0,100.0,100,100,170,1014.0,DHARKALAN
27385,Faugli Mawa (413),PATHANKOT,32.3990021,75.91425,27385,1859.672134067494,1860.6749267578125,0.7020709186732729,0.2022120085125548,1.711873971682367,-0.6688539601821434,-0.144530226021269,1297.259262635674,19.002809525891987,0.0,50.0,30,20,94,540.0,DHARKALAN
27376,Sarti(404),PATHANKOT,32.45045,75.88505,27376,1860.145982450692,1860.6070556640625,0.5230585280846328,0.2049892455602764,1.4913290526148713,-0.4342317162203765,-0.1565124685944116,1376.4276447703735,19.239420059345832,0.0,2.47,40,20,79,1295.0,DHARKALAN
27387,Lohrun (Lehroon) (419),PATHANKOT,32.4268646,75.8464,27387,1868.777989590613,1856.046630859375,0.7638162151015042,0.266558718950783,1.8638447089263672,-0.7093037822313977,-0.213098504331102,1296.6033312489883,18.987096462287923,0.0,509.0,50,50,418,984.0,DHARKALAN
27374,Darbahn (406),PATHANKOT,32.4684677,75.8148041,27374,1846.628653660112,1854.126953125,0.6986229591537547,0.2792801281497526,2.0572430690896164,-0.6088278649234593,-0.230580881697727,1378.672016604423,19.06670356584838,0.0,2.47,25,30,105,543.0,DHARKALAN
27375,Darkua Bangla (405),PATHANKOT,32.45045,75.88505,27375,1851.226348949272,1853.25830078125,0.3526311466003018,0.2252563269979594,1.3344927247343523,-0.2033151477245583,-0.1899957116947901,1376.4276447703735,19.239420059345832,0.0,2.47,30,40,80,449.0,DHARKALAN
27379,Barsudhal (409),PATHANKOT,32.4684677,75.8148041,27379,1848.6309043069136,1848.7547607421875,0.6303881055245528,0.1702440390108235,1.627536203754243,-0.6101428657198165,-0.1069106783285657,1394.225506501103,17.86977879789941,0.0,2.47,40,20,167,647.0,DHARKALAN
27381,Bhamlada (410),PATHANKOT,32.3989677,75.91398,27381,1847.2717203372883,1846.4908447265625,0.7108113721558275,0.2317160000632563,1.933302961111928,-0.6639867483904074,-0.1765742521921438,1401.9640046260547,17.27408162663584,0.0,350.0,120,120,295,765.0,DHARKALAN
27378,Ghar (408),PATHANKOT,32.399044,75.9144058,27378,1841.097446071915,1838.93310546875,0.776419046868198,0.2903383347939632,2.2511735091177747,-0.7023912929677463,-0.2420570481680346,1401.9669386556047,17.27403392348367,0.0,95.0,102,102,213,400.0,DHARKALAN
27377,Dukhan Iyali (407),PATHANKOT,32.4684677,75.8148041,27377,1833.685455641414,1836.008544921875,0.7462622817825489,0.2666022520075911,2.077420245856104,-0.6876368367956416,-0.214311584038418,1401.6307373965708,17.299906420055375,0.0,94.0,105,102,155,416.0,DHARKALAN
27380,Dunera (418),PATHANKOT,32.3989677,75.91398,27380,1828.451269920121,1835.6239013671875,0.7581780789392358,0.2746171194299716,2.0622732405625466,-0.6948530925535115,-0.2224620141360226,1347.2272714483438,18.16402312931676,0.0,72.0,45,45,285,849.0,DHARKALAN
